    1     0.0001   0.0014  -0.15259E-04  -0.75069E-06   0.11490E+00   0.13866E+02   0.28855E+00
    2     0.0088   0.1221  -0.10241E-02   0.12943E-04   0.11491E+00   0.13779E+02   0.22685E+00
    3     0.0176   0.2423  -0.21453E-02   0.67821E-05   0.11491E+00   0.13693E+02   0.24056E+00
    4     0.0264   0.3621  -0.33082E-02  -0.16567E-05   0.11490E+00   0.13608E+02   0.24952E+00
    5     0.0353   0.4814  -0.45259E-02  -0.15739E-04   0.11489E+00   0.13523E+02   0.25864E+00
    6     0.0443   0.6003  -0.57786E-02  -0.30909E-04   0.11487E+00   0.13439E+02   0.26658E+00
    7     0.0534   0.7188  -0.70645E-02  -0.46597E-04   0.11485E+00   0.13355E+02   0.27381E+00
    8     0.0626   0.8368  -0.83821E-02  -0.62467E-04   0.11484E+00   0.13271E+02   0.28076E+00
    9     0.0718   0.9543  -0.97307E-02  -0.78338E-04   0.11482E+00   0.13188E+02   0.28766E+00
   10     0.0811   1.0713  -0.11109E-01  -0.94390E-04   0.11481E+00   0.13105E+02   0.29431E+00
   11     0.0905   1.1879  -0.12517E-01  -0.11024E-03   0.11479E+00   0.13023E+02   0.30093E+00
   12     0.1000   1.3039  -0.13954E-01  -0.12575E-03   0.11478E+00   0.12940E+02   0.30735E+00
   13     0.1096   1.4195  -0.15421E-01  -0.14162E-03   0.11476E+00   0.12858E+02   0.31387E+00
   14     0.1192   1.5346  -0.16916E-01  -0.15697E-03   0.11474E+00   0.12777E+02   0.32038E+00
   15     0.1290   1.6491  -0.18448E-01  -0.17430E-03   0.11473E+00   0.12695E+02   0.32692E+00
   16     0.1388   1.7632  -0.19999E-01  -0.18919E-03   0.11471E+00   0.12614E+02   0.33343E+00
   17     0.1487   1.8767  -0.21579E-01  -0.20406E-03   0.11470E+00   0.12534E+02   0.33983E+00
   18     0.1587   1.9897  -0.23187E-01  -0.21923E-03   0.11468E+00   0.12454E+02   0.34639E+00
   19     0.1687   2.1021  -0.24825E-01  -0.23469E-03   0.11467E+00   0.12373E+02   0.35295E+00
   20     0.1789   2.2140  -0.26491E-01  -0.25021E-03   0.11465E+00   0.12294E+02   0.35947E+00
   21     0.1891   2.3254  -0.28186E-01  -0.26585E-03   0.11464E+00   0.12214E+02   0.36615E+00
   22     0.1995   2.4362  -0.29909E-01  -0.28220E-03   0.11462E+00   0.12135E+02   0.37281E+00
   23     0.2099   2.5465  -0.31661E-01  -0.29828E-03   0.11460E+00   0.12057E+02   0.37954E+00
   24     0.2204   2.6562  -0.33441E-01  -0.31497E-03   0.11459E+00   0.11978E+02   0.38633E+00
   25     0.2310   2.7653  -0.35251E-01  -0.33237E-03   0.11457E+00   0.11900E+02   0.39319E+00
   26     0.2417   2.8738  -0.37090E-01  -0.35048E-03   0.11455E+00   0.11823E+02   0.40014E+00
   27     0.2525   2.9818  -0.38958E-01  -0.36952E-03   0.11453E+00   0.11745E+02   0.40708E+00
   28     0.2634   3.0892  -0.40857E-01  -0.38960E-03   0.11451E+00   0.11668E+02   0.41415E+00
   29     0.2744   3.1959  -0.42786E-01  -0.41095E-03   0.11449E+00   0.11592E+02   0.42130E+00
   30     0.2855   3.3021  -0.44747E-01  -0.43344E-03   0.11447E+00   0.11515E+02   0.42852E+00
   31     0.2967   3.4077  -0.46737E-01  -0.45700E-03   0.11444E+00   0.11440E+02   0.43577E+00
   32     0.3079   3.5127  -0.48758E-01  -0.48213E-03   0.11442E+00   0.11364E+02   0.44311E+00
   33     0.3193   3.6170  -0.50800E-01  -0.50626E-03   0.11440E+00   0.11289E+02   0.45055E+00
   34     0.3308   3.7207  -0.52883E-01  -0.53462E-03   0.11437E+00   0.11214E+02   0.45802E+00
   35     0.3423   3.8238  -0.54998E-01  -0.56463E-03   0.11434E+00   0.11139E+02   0.46545E+00
   36     0.3540   3.9263  -0.57145E-01  -0.59674E-03   0.11430E+00   0.11065E+02   0.47307E+00
   37     0.3658   4.0281  -0.59322E-01  -0.63052E-03   0.11427E+00   0.10992E+02   0.48071E+00
   38     0.3777   4.1293  -0.61531E-01  -0.66635E-03   0.11424E+00   0.10918E+02   0.48843E+00
   39     0.3896   4.2299  -0.63772E-01  -0.70418E-03   0.11420E+00   0.10845E+02   0.49624E+00
   40     0.4017   4.3298  -0.66045E-01  -0.74434E-03   0.11416E+00   0.10773E+02   0.50414E+00
   41     0.4139   4.4291  -0.68350E-01  -0.78684E-03   0.11411E+00   0.10701E+02   0.51215E+00
   42     0.4262   4.5276  -0.70689E-01  -0.83192E-03   0.11407E+00   0.10629E+02   0.52025E+00
   43     0.4386   4.6256  -0.73061E-01  -0.87930E-03   0.11402E+00   0.10557E+02   0.52836E+00
   44     0.4511   4.7229  -0.75467E-01  -0.93007E-03   0.11397E+00   0.10486E+02   0.53657E+00
   45     0.4637   4.8195  -0.77907E-01  -0.98343E-03   0.11392E+00   0.10416E+02   0.54490E+00
   46     0.4764   4.9154  -0.80382E-01  -0.10402E-02   0.11386E+00   0.10345E+02   0.55328E+00
   47     0.4893   5.0106  -0.82891E-01  -0.11001E-02   0.11380E+00   0.10275E+02   0.56173E+00
   48     0.5022   5.1052  -0.85434E-01  -0.11628E-02   0.11374E+00   0.10206E+02   0.57024E+00
   49     0.5153   5.1991  -0.88010E-01  -0.12284E-02   0.11367E+00   0.10137E+02   0.57880E+00
   50     0.5285   5.2923  -0.90620E-01  -0.12970E-02   0.11360E+00   0.10068E+02   0.58754E+00
   51     0.5417   5.3849  -0.93262E-01  -0.13685E-02   0.11353E+00   0.10000E+02   0.59624E+00
   52     0.5552   5.4767  -0.95941E-01  -0.14439E-02   0.11346E+00   0.99322E+01   0.60508E+00
   53     0.5687   5.5679  -0.98654E-01  -0.15228E-02   0.11338E+00   0.98648E+01   0.61406E+00
   54     0.5823   5.6583  -0.10140E+00  -0.16057E-02   0.11330E+00   0.97977E+01   0.62298E+00
   55     0.5961   5.7481  -0.10419E+00  -0.16927E-02   0.11321E+00   0.97311E+01   0.63205E+00
   56     0.6099   5.8371  -0.10702E+00  -0.17849E-02   0.11312E+00   0.96649E+01   0.64122E+00
   57     0.6239   5.9255  -0.10989E+00  -0.18818E-02   0.11302E+00   0.95992E+01   0.65041E+00
   58     0.6381   6.0132  -0.11279E+00  -0.19844E-02   0.11292E+00   0.95339E+01   0.65971E+00
   59     0.6523   6.1001  -0.11574E+00  -0.20913E-02   0.11281E+00   0.94691E+01   0.66906E+00
   60     0.6667   6.1864  -0.11872E+00  -0.22019E-02   0.11270E+00   0.94047E+01   0.67845E+00
   61     0.6812   6.2719  -0.12174E+00  -0.23158E-02   0.11259E+00   0.93406E+01   0.68796E+00
   62     0.6958   6.3568  -0.12478E+00  -0.24318E-02   0.11247E+00   0.92769E+01   0.69752E+00
   63     0.7105   6.4409  -0.12785E+00  -0.25513E-02   0.11235E+00   0.92136E+01   0.70724E+00
   64     0.7254   6.5244  -0.13096E+00  -0.26751E-02   0.11223E+00   0.91507E+01   0.71693E+00
   65     0.7404   6.6071  -0.13411E+00  -0.28048E-02   0.11210E+00   0.90882E+01   0.72675E+00
   66     0.7555   6.6891  -0.13731E+00  -0.29410E-02   0.11196E+00   0.90262E+01   0.73659E+00
   67     0.7708   6.7704  -0.14055E+00  -0.30837E-02   0.11182E+00   0.89646E+01   0.74650E+00
   68     0.7862   6.8511  -0.14383E+00  -0.32309E-02   0.11167E+00   0.89036E+01   0.75647E+00
   69     0.8017   6.9310  -0.14715E+00  -0.33836E-02   0.11152E+00   0.88430E+01   0.76648E+00
   70     0.8174   7.0102  -0.15051E+00  -0.35412E-02   0.11136E+00   0.87828E+01   0.77657E+00
   71     0.8332   7.0886  -0.15390E+00  -0.37042E-02   0.11120E+00   0.87230E+01   0.78677E+00
   72     0.8491   7.1664  -0.15734E+00  -0.38728E-02   0.11103E+00   0.86636E+01   0.79699E+00
   73     0.8652   7.2435  -0.16081E+00  -0.40471E-02   0.11085E+00   0.86046E+01   0.80733E+00
   74     0.8814   7.3199  -0.16433E+00  -0.42271E-02   0.11067E+00   0.85461E+01   0.81768E+00
   75     0.8977   7.3956  -0.16789E+00  -0.44131E-02   0.11049E+00   0.84880E+01   0.82801E+00
   76     0.9142   7.4705  -0.17148E+00  -0.46051E-02   0.11030E+00   0.84304E+01   0.83837E+00
   77     0.9309   7.5448  -0.17512E+00  -0.48029E-02   0.11010E+00   0.83731E+01   0.84871E+00
   78     0.9477   7.6184  -0.17880E+00  -0.50075E-02   0.10989E+00   0.83163E+01   0.85912E+00
   79     0.9646   7.6913  -0.18252E+00  -0.52183E-02   0.10968E+00   0.82599E+01   0.86963E+00
   80     0.9817   7.7635  -0.18628E+00  -0.54348E-02   0.10947E+00   0.82040E+01   0.88029E+00
   81     0.9989   7.8350  -0.19009E+00  -0.56574E-02   0.10924E+00   0.81486E+01   0.89113E+00
   82     1.0163   7.9058  -0.19394E+00  -0.58867E-02   0.10901E+00   0.80936E+01   0.90195E+00
   83     1.0338   7.9759  -0.19782E+00  -0.61230E-02   0.10878E+00   0.80390E+01   0.91272E+00
   84     1.0515   8.0453  -0.20176E+00  -0.63670E-02   0.10853E+00   0.79848E+01   0.92345E+00
   85     1.0693   8.1141  -0.20573E+00  -0.66183E-02   0.10828E+00   0.79309E+01   0.93423E+00
   86     1.0873   8.1821  -0.20975E+00  -0.68766E-02   0.10802E+00   0.78775E+01   0.94498E+00
   87     1.1055   8.2495  -0.21381E+00  -0.71411E-02   0.10776E+00   0.78246E+01   0.95585E+00
   88     1.1238   8.3162  -0.21791E+00  -0.74114E-02   0.10749E+00   0.77721E+01   0.96671E+00
   89     1.1423   8.3823  -0.22206E+00  -0.76888E-02   0.10721E+00   0.77201E+01   0.97763E+00
   90     1.1609   8.4477  -0.22625E+00  -0.79747E-02   0.10693E+00   0.76684E+01   0.98861E+00
   91     1.1797   8.5124  -0.23048E+00  -0.82682E-02   0.10663E+00   0.76173E+01   0.99956E+00
   92     1.1986   8.5764  -0.23476E+00  -0.85693E-02   0.10633E+00   0.75665E+01   0.10105E+01
   93     1.2177   8.6398  -0.23908E+00  -0.88771E-02   0.10602E+00   0.75161E+01   0.10215E+01
   94     1.2370   8.7025  -0.24345E+00  -0.91918E-02   0.10571E+00   0.74662E+01   0.10325E+01
   95     1.2565   8.7646  -0.24785E+00  -0.95141E-02   0.10539E+00   0.74166E+01   0.10435E+01
   96     1.2761   8.8260  -0.25231E+00  -0.98456E-02   0.10506E+00   0.73675E+01   0.10545E+01
   97     1.2959   8.8868  -0.25681E+00  -0.10186E-01   0.10472E+00   0.73188E+01   0.10655E+01
   98     1.3158   8.9469  -0.26137E+00  -0.10536E-01   0.10437E+00   0.72706E+01   0.10765E+01
   99     1.3360   9.0065  -0.26597E+00  -0.10895E-01   0.10401E+00   0.72227E+01   0.10874E+01
  100     1.3563   9.0653  -0.27061E+00  -0.11262E-01   0.10364E+00   0.71753E+01   0.10984E+01
  101     1.3767   9.1236  -0.27529E+00  -0.11634E-01   0.10327E+00   0.71283E+01   0.11094E+01
  102     1.3974   9.1812  -0.28002E+00  -0.12014E-01   0.10289E+00   0.70818E+01   0.11204E+01
  103     1.4183   9.2382  -0.28480E+00  -0.12403E-01   0.10250E+00   0.70356E+01   0.11313E+01
  104     1.4393   9.2945  -0.28963E+00  -0.12803E-01   0.10210E+00   0.69899E+01   0.11422E+01
  105     1.4605   9.3503  -0.29450E+00  -0.13212E-01   0.10169E+00   0.69446E+01   0.11530E+01
  106     1.4819   9.4054  -0.29942E+00  -0.13630E-01   0.10127E+00   0.68997E+01   0.11639E+01
  107     1.5035   9.4600  -0.30439E+00  -0.14056E-01   0.10084E+00   0.68551E+01   0.11748E+01
  108     1.5252   9.5139  -0.30941E+00  -0.14492E-01   0.10041E+00   0.68110E+01   0.11855E+01
  109     1.5472   9.5673  -0.31447E+00  -0.14937E-01   0.99964E-01   0.67673E+01   0.11962E+01
  110     1.5693   9.6200  -0.31958E+00  -0.15392E-01   0.99510E-01   0.67240E+01   0.12070E+01
  111     1.5917   9.6722  -0.32474E+00  -0.15856E-01   0.99046E-01   0.66811E+01   0.12176E+01
  112     1.6142   9.7238  -0.32996E+00  -0.16330E-01   0.98571E-01   0.66386E+01   0.12282E+01
  113     1.6369   9.7748  -0.33522E+00  -0.16814E-01   0.98087E-01   0.65966E+01   0.12388E+01
  114     1.6598   9.8252  -0.34053E+00  -0.17308E-01   0.97593E-01   0.65550E+01   0.12493E+01
  115     1.6830   9.8751  -0.34589E+00  -0.17812E-01   0.97089E-01   0.65137E+01   0.12598E+01
  116     1.7063   9.9244  -0.35130E+00  -0.18325E-01   0.96576E-01   0.64729E+01   0.12701E+01
  117     1.7298   9.9731  -0.35675E+00  -0.18849E-01   0.96053E-01   0.64324E+01   0.12804E+01
  118     1.7536  10.0213  -0.36226E+00  -0.19383E-01   0.95519E-01   0.63922E+01   0.12905E+01
  119     1.7775  10.0689  -0.36781E+00  -0.19927E-01   0.94974E-01   0.63525E+01   0.13006E+01
  120     1.8016  10.1160  -0.37342E+00  -0.20481E-01   0.94420E-01   0.63132E+01   0.13106E+01
  121     1.8260  10.1626  -0.37907E+00  -0.21045E-01   0.93856E-01   0.62743E+01   0.13206E+01
  122     1.8506  10.2086  -0.38477E+00  -0.21620E-01   0.93282E-01   0.62357E+01   0.13305E+01
  123     1.8753  10.2541  -0.39054E+00  -0.22208E-01   0.92693E-01   0.61976E+01   0.13403E+01
  124     1.9003  10.2990  -0.39636E+00  -0.22809E-01   0.92092E-01   0.61599E+01   0.13499E+01
  125     1.9256  10.3434  -0.40222E+00  -0.23419E-01   0.91483E-01   0.61226E+01   0.13594E+01
  126     1.9510  10.3873  -0.40814E+00  -0.24038E-01   0.90864E-01   0.60856E+01   0.13688E+01
  127     1.9766  10.4307  -0.41410E+00  -0.24670E-01   0.90232E-01   0.60490E+01   0.13782E+01
  128     2.0025  10.4736  -0.42013E+00  -0.25314E-01   0.89588E-01   0.60128E+01   0.13875E+01
  129     2.0286  10.5160  -0.42620E+00  -0.25968E-01   0.88934E-01   0.59770E+01   0.13967E+01
  130     2.0550  10.5579  -0.43232E+00  -0.26631E-01   0.88270E-01   0.59416E+01   0.14058E+01
  131     2.0815  10.5993  -0.43849E+00  -0.27307E-01   0.87594E-01   0.59065E+01   0.14147E+01
  132     2.1083  10.6402  -0.44472E+00  -0.27996E-01   0.86906E-01   0.58719E+01   0.14236E+01
  133     2.1353  10.6806  -0.45101E+00  -0.28697E-01   0.86204E-01   0.58376E+01   0.14322E+01
  134     2.1626  10.7205  -0.45735E+00  -0.29411E-01   0.85490E-01   0.58037E+01   0.14405E+01
  135     2.1901  10.7600  -0.46374E+00  -0.30137E-01   0.84765E-01   0.57701E+01   0.14488E+01
  136     2.2178  10.7990  -0.47019E+00  -0.30874E-01   0.84027E-01   0.57370E+01   0.14570E+01
  137     2.2458  10.8375  -0.47669E+00  -0.31623E-01   0.83278E-01   0.57042E+01   0.14650E+01
  138     2.2740  10.8756  -0.48325E+00  -0.32386E-01   0.82516E-01   0.56718E+01   0.14729E+01
  139     2.3025  10.9132  -0.48987E+00  -0.33162E-01   0.81739E-01   0.56398E+01   0.14807E+01
  140     2.3312  10.9504  -0.49654E+00  -0.33949E-01   0.80952E-01   0.56084E+01   0.14884E+01
  141     2.3602  10.9871  -0.50327E+00  -0.34749E-01   0.80153E-01   0.55773E+01   0.14959E+01
  142     2.3894  11.0234  -0.51005E+00  -0.35562E-01   0.79339E-01   0.55464E+01   0.15030E+01
  143     2.4188  11.0592  -0.51689E+00  -0.36390E-01   0.78512E-01   0.55158E+01   0.15100E+01
  144     2.4486  11.0946  -0.52378E+00  -0.37230E-01   0.77671E-01   0.54856E+01   0.15169E+01
  145     2.4785  11.1296  -0.53072E+00  -0.38081E-01   0.76820E-01   0.54558E+01   0.15237E+01
  146     2.5088  11.1641  -0.53773E+00  -0.38947E-01   0.75954E-01   0.54264E+01   0.15302E+01
  147     2.5393  11.1982  -0.54480E+00  -0.39828E-01   0.75074E-01   0.53974E+01   0.15364E+01
  148     2.5701  11.2320  -0.55192E+00  -0.40721E-01   0.74181E-01   0.53688E+01   0.15425E+01
  149     2.6011  11.2653  -0.55910E+00  -0.41627E-01   0.73274E-01   0.53406E+01   0.15484E+01
  150     2.6324  11.2982  -0.56635E+00  -0.42550E-01   0.72352E-01   0.53127E+01   0.15541E+01
  151     2.6640  11.3306  -0.57365E+00  -0.43485E-01   0.71417E-01   0.52852E+01   0.15596E+01
  152     2.6958  11.3627  -0.58100E+00  -0.44430E-01   0.70471E-01   0.52580E+01   0.15649E+01
  153     2.7280  11.3944  -0.58841E+00  -0.45393E-01   0.69509E-01   0.52312E+01   0.15700E+01
  154     2.7604  11.4258  -0.59589E+00  -0.46371E-01   0.68530E-01   0.52048E+01   0.15748E+01
  155     2.7931  11.4567  -0.60343E+00  -0.47363E-01   0.67539E-01   0.51788E+01   0.15794E+01
  156     2.8260  11.4872  -0.61102E+00  -0.48367E-01   0.66535E-01   0.51531E+01   0.15839E+01
  157     2.8593  11.5174  -0.61867E+00  -0.49385E-01   0.65516E-01   0.51278E+01   0.15882E+01
  158     2.8929  11.5472  -0.62639E+00  -0.50421E-01   0.64481E-01   0.51029E+01   0.15920E+01
  159     2.9267  11.5766  -0.63417E+00  -0.51470E-01   0.63432E-01   0.50783E+01   0.15958E+01
  160     2.9608  11.6057  -0.64200E+00  -0.52534E-01   0.62368E-01   0.50541E+01   0.15994E+01
  161     2.9953  11.6344  -0.64990E+00  -0.53613E-01   0.61289E-01   0.50303E+01   0.16028E+01
  162     3.0300  11.6628  -0.65786E+00  -0.54706E-01   0.60195E-01   0.50068E+01   0.16060E+01
  163     3.0651  11.6908  -0.66587E+00  -0.55815E-01   0.59087E-01   0.49837E+01   0.16089E+01
  164     3.1004  11.7184  -0.67396E+00  -0.56940E-01   0.57961E-01   0.49610E+01   0.16114E+01
  165     3.1360  11.7458  -0.68211E+00  -0.58081E-01   0.56821E-01   0.49386E+01   0.16137E+01
  166     3.1720  11.7727  -0.69031E+00  -0.59237E-01   0.55665E-01   0.49166E+01   0.16158E+01
  167     3.2083  11.7994  -0.69859E+00  -0.60408E-01   0.54493E-01   0.48949E+01   0.16176E+01
  168     3.2449  11.8257  -0.70692E+00  -0.61596E-01   0.53305E-01   0.48737E+01   0.16192E+01
  169     3.2818  11.8517  -0.71532E+00  -0.62801E-01   0.52101E-01   0.48528E+01   0.16206E+01
  170     3.3190  11.8773  -0.72380E+00  -0.64025E-01   0.50877E-01   0.48322E+01   0.16217E+01
  171     3.3565  11.9026  -0.73234E+00  -0.65266E-01   0.49636E-01   0.48120E+01   0.16225E+01
  172     3.3944  11.9277  -0.74093E+00  -0.66517E-01   0.48384E-01   0.47922E+01   0.16231E+01
  173     3.4326  11.9524  -0.74958E+00  -0.67785E-01   0.47117E-01   0.47726E+01   0.16235E+01
  174     3.4712  11.9768  -0.75831E+00  -0.69071E-01   0.45830E-01   0.47535E+01   0.16234E+01
  175     3.5100  12.0009  -0.76710E+00  -0.70376E-01   0.44526E-01   0.47347E+01   0.16232E+01
  176     3.5492  12.0246  -0.77595E+00  -0.71693E-01   0.43209E-01   0.47163E+01   0.16229E+01
  177     3.5888  12.0481  -0.78488E+00  -0.73032E-01   0.41870E-01   0.46982E+01   0.16220E+01
  178     3.6287  12.0713  -0.79387E+00  -0.74389E-01   0.40513E-01   0.46805E+01   0.16207E+01
  179     3.6689  12.0942  -0.80293E+00  -0.75761E-01   0.39140E-01   0.46630E+01   0.16194E+01
  180     3.7095  12.1169  -0.81205E+00  -0.77151E-01   0.37750E-01   0.46459E+01   0.16179E+01
  181     3.7505  12.1392  -0.82124E+00  -0.78560E-01   0.36341E-01   0.46292E+01   0.16162E+01
  182     3.7918  12.1612  -0.83050E+00  -0.79983E-01   0.34918E-01   0.46128E+01   0.16142E+01
  183     3.8334  12.1830  -0.83983E+00  -0.81427E-01   0.33474E-01   0.45968E+01   0.16118E+01
  184     3.8754  12.2045  -0.84923E+00  -0.82892E-01   0.32010E-01   0.45811E+01   0.16091E+01
  185     3.9178  12.2257  -0.85869E+00  -0.84371E-01   0.30531E-01   0.45658E+01   0.16061E+01
  186     3.9606  12.2467  -0.86822E+00  -0.85869E-01   0.29033E-01   0.45507E+01   0.16032E+01
  187     4.0037  12.2674  -0.87782E+00  -0.87384E-01   0.27517E-01   0.45359E+01   0.15997E+01
  188     4.0472  12.2878  -0.88750E+00  -0.88922E-01   0.25979E-01   0.45215E+01   0.15962E+01
  189     4.0911  12.3080  -0.89725E+00  -0.90480E-01   0.24422E-01   0.45074E+01   0.15922E+01
  190     4.1353  12.3279  -0.90706E+00  -0.92053E-01   0.22848E-01   0.44937E+01   0.15878E+01
  191     4.1800  12.3476  -0.91694E+00  -0.93647E-01   0.21255E-01   0.44802E+01   0.15832E+01
  192     4.2250  12.3670  -0.92690E+00  -0.95259E-01   0.19642E-01   0.44671E+01   0.15786E+01
  193     4.2705  12.3862  -0.93694E+00  -0.96897E-01   0.18004E-01   0.44542E+01   0.15736E+01
  194     4.3163  12.4051  -0.94704E+00  -0.98548E-01   0.16353E-01   0.44417E+01   0.15684E+01
  195     4.3625  12.4238  -0.95722E+00  -0.10022E+00   0.14677E-01   0.44295E+01   0.15628E+01
  196     4.4091  12.4423  -0.96747E+00  -0.10192E+00   0.12980E-01   0.44175E+01   0.15570E+01
  197     4.4561  12.4605  -0.97778E+00  -0.10363E+00   0.11271E-01   0.44058E+01   0.15510E+01
  198     4.5036  12.4785  -0.98816E+00  -0.10536E+00   0.95384E-02   0.43944E+01   0.15448E+01
  199     4.5514  12.4962  -0.99864E+00  -0.10712E+00   0.77810E-02   0.43833E+01   0.15381E+01
  200     4.5997  12.5138  -0.10092E+01  -0.10890E+00   0.60048E-02   0.43725E+01   0.15314E+01
  201     4.6484  12.5311  -0.10198E+01  -0.11070E+00   0.42046E-02   0.43619E+01   0.15242E+01
  202     4.6975  12.5482  -0.10305E+01  -0.11252E+00   0.23852E-02   0.43516E+01   0.15169E+01
  203     4.7470  12.5650  -0.10413E+01  -0.11436E+00   0.54524E-03   0.43416E+01   0.15096E+01
  204     4.7970  12.5817  -0.10521E+01  -0.11622E+00  -0.13160E-02   0.43319E+01   0.15019E+01
  205     4.8474  12.5981  -0.10630E+01  -0.11810E+00  -0.32022E-02   0.43224E+01   0.14939E+01
  206     4.8982  12.6144  -0.10740E+01  -0.12001E+00  -0.51084E-02   0.43131E+01   0.14856E+01
  207     4.9495  12.6304  -0.10851E+01  -0.12194E+00  -0.70394E-02   0.43041E+01   0.14771E+01
  208     5.0012  12.6462  -0.10962E+01  -0.12389E+00  -0.89917E-02   0.42953E+01   0.14682E+01
  209     5.0534  12.6619  -0.11075E+01  -0.12587E+00  -0.10966E-01   0.42868E+01   0.14594E+01
  210     5.1060  12.6773  -0.11188E+01  -0.12787E+00  -0.12966E-01   0.42785E+01   0.14503E+01
  211     5.1591  12.6925  -0.11302E+01  -0.12989E+00  -0.14987E-01   0.42704E+01   0.14407E+01
  212     5.2126  12.7076  -0.11416E+01  -0.13193E+00  -0.17031E-01   0.42625E+01   0.14311E+01
  213     5.2667  12.7224  -0.11532E+01  -0.13400E+00  -0.19099E-01   0.42548E+01   0.14215E+01
  214     5.3211  12.7371  -0.11648E+01  -0.13609E+00  -0.21187E-01   0.42474E+01   0.14116E+01
  215     5.3761  12.7515  -0.11765E+01  -0.13820E+00  -0.23302E-01   0.42402E+01   0.14012E+01
  216     5.4315  12.7658  -0.11883E+01  -0.14034E+00  -0.25441E-01   0.42333E+01   0.13908E+01
  217     5.4874  12.7799  -0.12001E+01  -0.14250E+00  -0.27601E-01   0.42265E+01   0.13804E+01
  218     5.5438  12.7938  -0.12121E+01  -0.14469E+00  -0.29790E-01   0.42198E+01   0.13696E+01
  219     5.6007  12.8076  -0.12241E+01  -0.14691E+00  -0.32006E-01   0.42134E+01   0.13587E+01
  220     5.6581  12.8211  -0.12362E+01  -0.14914E+00  -0.34243E-01   0.42072E+01   0.13475E+01
  221     5.7160  12.8345  -0.12484E+01  -0.15140E+00  -0.36502E-01   0.42011E+01   0.13362E+01
  222     5.7744  12.8477  -0.12606E+01  -0.15369E+00  -0.38791E-01   0.41952E+01   0.13249E+01
  223     5.8333  12.8608  -0.12730E+01  -0.15601E+00  -0.41110E-01   0.41895E+01   0.13129E+01
  224     5.8927  12.8737  -0.12855E+01  -0.15835E+00  -0.43448E-01   0.41839E+01   0.13011E+01
  225     5.9526  12.8864  -0.12980E+01  -0.16071E+00  -0.45812E-01   0.41785E+01   0.12893E+01
  226     6.0131  12.8990  -0.13106E+01  -0.16310E+00  -0.48202E-01   0.41733E+01   0.12772E+01
  227     6.0740  12.9114  -0.13233E+01  -0.16552E+00  -0.50619E-01   0.41683E+01   0.12648E+01
  228     6.1355  12.9236  -0.13360E+01  -0.16796E+00  -0.53062E-01   0.41634E+01   0.12522E+01
  229     6.1976  12.9357  -0.13489E+01  -0.17043E+00  -0.55527E-01   0.41586E+01   0.12396E+01
  230     6.2602  12.9476  -0.13619E+01  -0.17293E+00  -0.58029E-01   0.41540E+01   0.12271E+01
  231     6.3233  12.9594  -0.13749E+01  -0.17545E+00  -0.60553E-01   0.41495E+01   0.12144E+01
  232     6.3869  12.9710  -0.13880E+01  -0.17800E+00  -0.63103E-01   0.41451E+01   0.12015E+01
  233     6.4512  12.9825  -0.14012E+01  -0.18058E+00  -0.65676E-01   0.41409E+01   0.11887E+01
  234     6.5159  12.9938  -0.14145E+01  -0.18318E+00  -0.68281E-01   0.41368E+01   0.11756E+01
  235     6.5813  13.0050  -0.14279E+01  -0.18582E+00  -0.70919E-01   0.41329E+01   0.11622E+01
  236     6.6472  13.0160  -0.14414E+01  -0.18849E+00  -0.73584E-01   0.41290E+01   0.11487E+01
  237     6.7137  13.0269  -0.14549E+01  -0.19117E+00  -0.76272E-01   0.41253E+01   0.11355E+01
  238     6.7807  13.0377  -0.14686E+01  -0.19389E+00  -0.78991E-01   0.41216E+01   0.11221E+01
  239     6.8484  13.0483  -0.14823E+01  -0.19664E+00  -0.81738E-01   0.41181E+01   0.11083E+01
  240     6.9166  13.0588  -0.14961E+01  -0.19941E+00  -0.84511E-01   0.41147E+01   0.10945E+01
  241     6.9854  13.0691  -0.15101E+01  -0.20222E+00  -0.87316E-01   0.41114E+01   0.10809E+01
  242     7.0549  13.0794  -0.15241E+01  -0.20505E+00  -0.90146E-01   0.41082E+01   0.10668E+01
  243     7.1249  13.0894  -0.15382E+01  -0.20791E+00  -0.93012E-01   0.41051E+01   0.10532E+01
  244     7.1955  13.0994  -0.15524E+01  -0.21080E+00  -0.95898E-01   0.41021E+01   0.10395E+01
  245     7.2668  13.1092  -0.15667E+01  -0.21372E+00  -0.98818E-01   0.40992E+01   0.10253E+01
  246     7.3387  13.1189  -0.15810E+01  -0.21667E+00  -0.10177E+00   0.40964E+01   0.10115E+01
  247     7.4112  13.1285  -0.15955E+01  -0.21964E+00  -0.10474E+00   0.40936E+01   0.99781E+00
  248     7.4843  13.1380  -0.16101E+01  -0.22267E+00  -0.10777E+00   0.40910E+01   0.98361E+00
  249     7.5580  13.1473  -0.16247E+01  -0.22571E+00  -0.11081E+00   0.40884E+01   0.96948E+00
  250     7.6324  13.1565  -0.16395E+01  -0.22878E+00  -0.11388E+00   0.40859E+01   0.95549E+00
  251     7.7075  13.1656  -0.16544E+01  -0.23188E+00  -0.11698E+00   0.40835E+01   0.94165E+00
  252     7.7832  13.1746  -0.16693E+01  -0.23503E+00  -0.12013E+00   0.40812E+01   0.92708E+00
  253     7.8596  13.1834  -0.16844E+01  -0.23818E+00  -0.12328E+00   0.40789E+01   0.91305E+00
  254     7.9366  13.1922  -0.16995E+01  -0.24138E+00  -0.12648E+00   0.40767E+01   0.89906E+00
  255     8.0143  13.2008  -0.17147E+01  -0.24461E+00  -0.12971E+00   0.40746E+01   0.88503E+00
  256     8.0926  13.2093  -0.17301E+01  -0.24787E+00  -0.13297E+00   0.40725E+01   0.87078E+00
  257     8.1717  13.2178  -0.17455E+01  -0.25115E+00  -0.13625E+00   0.40705E+01   0.85690E+00
  258     8.2514  13.2261  -0.17610E+01  -0.25448E+00  -0.13958E+00   0.40686E+01   0.84289E+00
  259     8.3319  13.2343  -0.17767E+01  -0.25784E+00  -0.14293E+00   0.40667E+01   0.82897E+00
  260     8.4130  13.2424  -0.17924E+01  -0.26122E+00  -0.14632E+00   0.40649E+01   0.81504E+00
  261     8.4948  13.2503  -0.18082E+01  -0.26464E+00  -0.14974E+00   0.40631E+01   0.80149E+00
  262     8.5774  13.2582  -0.18242E+01  -0.26810E+00  -0.15320E+00   0.40614E+01   0.78732E+00
  263     8.6606  13.2660  -0.18402E+01  -0.27159E+00  -0.15668E+00   0.40597E+01   0.77310E+00
  264     8.7446  13.2737  -0.18563E+01  -0.27510E+00  -0.16020E+00   0.40581E+01   0.75969E+00
  265     8.8293  13.2813  -0.18726E+01  -0.27867E+00  -0.16377E+00   0.40565E+01   0.74607E+00
  266     8.9148  13.2888  -0.18889E+01  -0.28225E+00  -0.16735E+00   0.40550E+01   0.73238E+00
  267     9.0010  13.2962  -0.19052E+01  -0.28583E+00  -0.17093E+00   0.40535E+01   0.71909E+00
  268     9.0879  13.3035  -0.19219E+01  -0.28951E+00  -0.17461E+00   0.40521E+01   0.70568E+00
  269     9.1756  13.3107  -0.19385E+01  -0.29320E+00  -0.17830E+00   0.40507E+01   0.69200E+00
  270     9.2641  13.3178  -0.19553E+01  -0.29692E+00  -0.18202E+00   0.40494E+01   0.67892E+00
  271     9.3534  13.3248  -0.19721E+01  -0.30068E+00  -0.18578E+00   0.40481E+01   0.66598E+00
  272     9.4434  13.3317  -0.19891E+01  -0.30448E+00  -0.18958E+00   0.40468E+01   0.65259E+00
  273     9.5342  13.3386  -0.20062E+01  -0.30830E+00  -0.19340E+00   0.40456E+01   0.63956E+00
  274     9.6257  13.3453  -0.20233E+01  -0.31216E+00  -0.19726E+00   0.40444E+01   0.62673E+00
  275     9.7181  13.3520  -0.20406E+01  -0.31605E+00  -0.20115E+00   0.40432E+01   0.61380E+00
  276     9.8113  13.3586  -0.20580E+01  -0.31998E+00  -0.20508E+00   0.40421E+01   0.60101E+00
  277     9.9053  13.3651  -0.20755E+01  -0.32396E+00  -0.20905E+00   0.40410E+01   0.58859E+00
  278    10.0001  13.3715  -0.20931E+01  -0.32796E+00  -0.21305E+00   0.40400E+01   0.57625E+00
  279    10.0957  13.3778  -0.21108E+01  -0.33199E+00  -0.21709E+00   0.40389E+01   0.56368E+00
  280    10.1922  13.3841  -0.21286E+01  -0.33607E+00  -0.22117E+00   0.40380E+01   0.55166E+00
  281    10.2895  13.3902  -0.21466E+01  -0.34018E+00  -0.22528E+00   0.40370E+01   0.53963E+00
  282    10.3877  13.3963  -0.21646E+01  -0.34433E+00  -0.22943E+00   0.40361E+01   0.52755E+00
  283    10.4867  13.4023  -0.21827E+01  -0.34850E+00  -0.23360E+00   0.40351E+01   0.51566E+00
  284    10.5865  13.4083  -0.22010E+01  -0.35274E+00  -0.23783E+00   0.40343E+01   0.50409E+00
  285    10.6873  13.4141  -0.22195E+01  -0.35700E+00  -0.24210E+00   0.40334E+01   0.49237E+00
  286    10.7889  13.4199  -0.22379E+01  -0.36129E+00  -0.24639E+00   0.40326E+01   0.48094E+00
  287    10.8914  13.4256  -0.22565E+01  -0.36562E+00  -0.25072E+00   0.40318E+01   0.46960E+00
  288    10.9947  13.4312  -0.22753E+01  -0.37000E+00  -0.25510E+00   0.40310E+01   0.45830E+00
  289    11.0990  13.4368  -0.22941E+01  -0.37440E+00  -0.25950E+00   0.40302E+01   0.44742E+00
  290    11.2042  13.4423  -0.23130E+01  -0.37885E+00  -0.26394E+00   0.40295E+01   0.43672E+00
  291    11.3103  13.4477  -0.23321E+01  -0.38333E+00  -0.26843E+00   0.40288E+01   0.42582E+00
  292    11.4173  13.4530  -0.23512E+01  -0.38785E+00  -0.27295E+00   0.40281E+01   0.41531E+00
  293    11.5253  13.4583  -0.23706E+01  -0.39242E+00  -0.27752E+00   0.40274E+01   0.40504E+00
  294    11.6342  13.4635  -0.23900E+01  -0.39703E+00  -0.28213E+00   0.40267E+01   0.39448E+00
  295    11.7440  13.4687  -0.24095E+01  -0.40166E+00  -0.28676E+00   0.40261E+01   0.38452E+00
  296    11.8548  13.4738  -0.24292E+01  -0.40635E+00  -0.29145E+00   0.40255E+01   0.37458E+00
  297    11.9666  13.4788  -0.24489E+01  -0.41105E+00  -0.29615E+00   0.40249E+01   0.36464E+00
  298    12.0793  13.4837  -0.24688E+01  -0.41581E+00  -0.30090E+00   0.40243E+01   0.35507E+00
  299    12.1930  13.4886  -0.24888E+01  -0.42061E+00  -0.30571E+00   0.40237E+01   0.34566E+00
  300    12.3077  13.4934  -0.25090E+01  -0.42545E+00  -0.31055E+00   0.40231E+01   0.33635E+00
  301    12.4234  13.4982  -0.25292E+01  -0.43033E+00  -0.31543E+00   0.40226E+01   0.32717E+00
  302    12.5401  13.5029  -0.25497E+01  -0.43528E+00  -0.32038E+00   0.40221E+01   0.31800E+00
  303    12.6578  13.5075  -0.25702E+01  -0.44023E+00  -0.32533E+00   0.40216E+01   0.30915E+00
  304    12.7766  13.5121  -0.25907E+01  -0.44520E+00  -0.33030E+00   0.40211E+01   0.30048E+00
  305    12.8963  13.5166  -0.26114E+01  -0.45025E+00  -0.33535E+00   0.40206E+01   0.29166E+00
  306    13.0172  13.5211  -0.26323E+01  -0.45533E+00  -0.34043E+00   0.40201E+01   0.28381E+00
  307    13.1390  13.5255  -0.26533E+01  -0.46045E+00  -0.34555E+00   0.40197E+01   0.27537E+00
  308    13.2619  13.5298  -0.26744E+01  -0.46562E+00  -0.35072E+00   0.40192E+01   0.26732E+00
  309    13.3859  13.5341  -0.26958E+01  -0.47086E+00  -0.35595E+00   0.40188E+01   0.25935E+00
  310    13.5110  13.5383  -0.27171E+01  -0.47610E+00  -0.36119E+00   0.40184E+01   0.25177E+00
  311    13.6372  13.5425  -0.27385E+01  -0.48137E+00  -0.36646E+00   0.40180E+01   0.24413E+00
  312    13.7644  13.5466  -0.27601E+01  -0.48670E+00  -0.37180E+00   0.40176E+01   0.23637E+00
  313    13.8928  13.5507  -0.27820E+01  -0.49211E+00  -0.37721E+00   0.40172E+01   0.22932E+00
  314    14.0223  13.5547  -0.28038E+01  -0.49750E+00  -0.38260E+00   0.40168E+01   0.22227E+00
  315    14.1529  13.5587  -0.28258E+01  -0.50295E+00  -0.38805E+00   0.40164E+01   0.21533E+00
  316    14.2846  13.5626  -0.28479E+01  -0.50847E+00  -0.39356E+00   0.40161E+01   0.20851E+00
  317    14.4175  13.5665  -0.28702E+01  -0.51402E+00  -0.39911E+00   0.40157E+01   0.20217E+00
  318    14.5515  13.5703  -0.28926E+01  -0.51961E+00  -0.40471E+00   0.40154E+01   0.19540E+00
  319    14.6867  13.5741  -0.29152E+01  -0.52526E+00  -0.41036E+00   0.40150E+01   0.18911E+00
  320    14.8231  13.5778  -0.29380E+01  -0.53099E+00  -0.41609E+00   0.40147E+01   0.18273E+00
  321    14.9607  13.5815  -0.29606E+01  -0.53666E+00  -0.42175E+00   0.40144E+01   0.17675E+00
  322    15.0994  13.5851  -0.29836E+01  -0.54243E+00  -0.42753E+00   0.40141E+01   0.17085E+00
  323    15.2394  13.5887  -0.30066E+01  -0.54823E+00  -0.43333E+00   0.40138E+01   0.16498E+00
  324    15.3806  13.5922  -0.30299E+01  -0.55410E+00  -0.43920E+00   0.40135E+01   0.15949E+00
  325    15.5230  13.5957  -0.30532E+01  -0.56001E+00  -0.44511E+00   0.40132E+01   0.15402E+00
  326    15.6666  13.5991  -0.30768E+01  -0.56598E+00  -0.45108E+00   0.40130E+01   0.14863E+00
  327    15.8115  13.6025  -0.31003E+01  -0.57196E+00  -0.45706E+00   0.40127E+01   0.14354E+00
  328    15.9577  13.6059  -0.31241E+01  -0.57801E+00  -0.46311E+00   0.40124E+01   0.13837E+00
  329    16.1051  13.6092  -0.31480E+01  -0.58410E+00  -0.46920E+00   0.40122E+01   0.13344E+00
  330    16.2538  13.6124  -0.31720E+01  -0.59023E+00  -0.47533E+00   0.40119E+01   0.12870E+00
  331    16.4038  13.6157  -0.31962E+01  -0.59640E+00  -0.48150E+00   0.40117E+01   0.12406E+00
  332    16.5551  13.6188  -0.32205E+01  -0.60263E+00  -0.48773E+00   0.40115E+01   0.11957E+00
  333    16.7078  13.6220  -0.32450E+01  -0.60893E+00  -0.49403E+00   0.40112E+01   0.11509E+00
  334    16.8617  13.6251  -0.32696E+01  -0.61524E+00  -0.50034E+00   0.40110E+01   0.11083E+00
  335    17.0170  13.6281  -0.32943E+01  -0.62162E+00  -0.50672E+00   0.40108E+01   0.10666E+00
  336    17.1736  13.6312  -0.33192E+01  -0.62803E+00  -0.51313E+00   0.40106E+01   0.10259E+00
  337    17.3316  13.6342  -0.33443E+01  -0.63451E+00  -0.51961E+00   0.40104E+01   0.98682E-01
  338    17.4910  13.6371  -0.33694E+01  -0.64101E+00  -0.52611E+00   0.40102E+01   0.94943E-01
  339    17.6518  13.6400  -0.33947E+01  -0.64757E+00  -0.53267E+00   0.40100E+01   0.91239E-01
  340    17.8139  13.6429  -0.34202E+01  -0.65419E+00  -0.53929E+00   0.40098E+01   0.87678E-01
  341    17.9775  13.6457  -0.34458E+01  -0.66085E+00  -0.54595E+00   0.40096E+01   0.84221E-01
  342    18.1425  13.6485  -0.34716E+01  -0.66755E+00  -0.55265E+00   0.40094E+01   0.80869E-01
  343    18.3089  13.6513  -0.34975E+01  -0.67432E+00  -0.55942E+00   0.40092E+01   0.77605E-01
  344    18.4768  13.6540  -0.35235E+01  -0.68113E+00  -0.56623E+00   0.40090E+01   0.74471E-01
  345    18.6461  13.6567  -0.35498E+01  -0.68801E+00  -0.57311E+00   0.40089E+01   0.71433E-01
  346    18.8169  13.6593  -0.35761E+01  -0.69490E+00  -0.58000E+00   0.40087E+01   0.68503E-01
  347    18.9892  13.6619  -0.36026E+01  -0.70186E+00  -0.58696E+00   0.40085E+01   0.65667E-01
  348    19.1630  13.6645  -0.36293E+01  -0.70887E+00  -0.59397E+00   0.40084E+01   0.62919E-01
  349    19.3383  13.6671  -0.36561E+01  -0.71592E+00  -0.60102E+00   0.40082E+01   0.60255E-01
  350    19.5151  13.6696  -0.36830E+01  -0.72303E+00  -0.60813E+00   0.40081E+01   0.57679E-01
  351    19.6934  13.6721  -0.37102E+01  -0.73019E+00  -0.61529E+00   0.40079E+01   0.55227E-01
  352    19.8734  13.6745  -0.37375E+01  -0.73743E+00  -0.62253E+00   0.40078E+01   0.52837E-01
  353    20.0548  13.6770  -0.37648E+01  -0.74467E+00  -0.62976E+00   0.40077E+01   0.50545E-01
  354    20.2379  13.6794  -0.37924E+01  -0.75198E+00  -0.63708E+00   0.40075E+01   0.48311E-01
  355    20.4225  13.6817  -0.38202E+01  -0.75935E+00  -0.64445E+00   0.40074E+01   0.46187E-01
  356    20.6088  13.6840  -0.38481E+01  -0.76685E+00  -0.65195E+00   0.40000E+01   0.44142E-01
  357    20.7966  13.6863  -0.38761E+01  -0.77433E+00  -0.65942E+00   0.40000E+01   0.42138E-01
  358    20.9861  13.6886  -0.39043E+01  -0.78184E+00  -0.66694E+00   0.40000E+01   0.40211E-01
  359    21.1773  13.6909  -0.39327E+01  -0.78943E+00  -0.67453E+00   0.40000E+01   0.38383E-01
  360    21.3701  13.6931  -0.39612E+01  -0.79705E+00  -0.68215E+00   0.40000E+01   0.36623E-01
  361    21.5646  13.6953  -0.39899E+01  -0.80475E+00  -0.68985E+00   0.40000E+01   0.34914E-01
  362    21.7607  13.6974  -0.40187E+01  -0.81247E+00  -0.69757E+00   0.40000E+01   0.33284E-01
  363    21.9586  13.6995  -0.40477E+01  -0.82026E+00  -0.70535E+00   0.40000E+01   0.31717E-01
  364    22.1582  13.7016  -0.40768E+01  -0.82807E+00  -0.71316E+00   0.40000E+01   0.30222E-01
  365    22.3596  13.7037  -0.41062E+01  -0.83598E+00  -0.72108E+00   0.40000E+01   0.28778E-01
  366    22.5626  13.7058  -0.41357E+01  -0.84395E+00  -0.72905E+00   0.40000E+01   0.27413E-01
  367    22.7675  13.7078  -0.41654E+01  -0.85195E+00  -0.73705E+00   0.40000E+01   0.26068E-01
  368    22.9741  13.7098  -0.41952E+01  -0.86001E+00  -0.74511E+00   0.40000E+01   0.24786E-01
  369    23.1825  13.7117  -0.42252E+01  -0.86813E+00  -0.75323E+00   0.40000E+01   0.23553E-01
  370    23.3928  13.7137  -0.42553E+01  -0.87630E+00  -0.76140E+00   0.40000E+01   0.22383E-01
  371    23.6049  13.7156  -0.42857E+01  -0.88453E+00  -0.76963E+00   0.40000E+01   0.21281E-01
  372    23.8188  13.7175  -0.43162E+01  -0.89281E+00  -0.77791E+00   0.40000E+01   0.20210E-01
  373    24.0345  13.7194  -0.43469E+01  -0.90119E+00  -0.78629E+00   0.40000E+01   0.19150E-01
  374    24.2522  13.7212  -0.43776E+01  -0.90954E+00  -0.79464E+00   0.40000E+01   0.18200E-01
  375    24.4717  13.7230  -0.44086E+01  -0.91798E+00  -0.80308E+00   0.40000E+01   0.17245E-01
  376    24.6932  13.7248  -0.44398E+01  -0.92652E+00  -0.81162E+00   0.40000E+01   0.16359E-01
  377    24.9166  13.7266  -0.44711E+01  -0.93507E+00  -0.82017E+00   0.40000E+01   0.15510E-01
  378    25.1419  13.7284  -0.45027E+01  -0.94371E+00  -0.82880E+00   0.40000E+01   0.14684E-01
  379    25.3691  13.7301  -0.45343E+01  -0.95238E+00  -0.83748E+00   0.40000E+01   0.13925E-01
  380    25.5984  13.7318  -0.45662E+01  -0.96112E+00  -0.84622E+00   0.40000E+01   0.13166E-01
  381    25.8296  13.7335  -0.45983E+01  -0.96994E+00  -0.85504E+00   0.40000E+01   0.12458E-01
  382    26.0629  13.7351  -0.46305E+01  -0.97880E+00  -0.86390E+00   0.40000E+01   0.11779E-01
  383    26.2982  13.7368  -0.46628E+01  -0.98768E+00  -0.87278E+00   0.40000E+01   0.11128E-01
  384    26.5355  13.7384  -0.46954E+01  -0.99666E+00  -0.88175E+00   0.40000E+01   0.10526E-01
  385    26.7749  13.7400  -0.47280E+01  -0.10057E+01  -0.89077E+00   0.40000E+01   0.99363E-02
  386    27.0164  13.7416  -0.47610E+01  -0.10148E+01  -0.89987E+00   0.40000E+01   0.93818E-02
  387    27.2599  13.7431  -0.47940E+01  -0.10239E+01  -0.90899E+00   0.40000E+01   0.88605E-02
  388    27.5056  13.7447  -0.48273E+01  -0.10331E+01  -0.91820E+00   0.40000E+01   0.83539E-02
  389    27.7534  13.7462  -0.48607E+01  -0.10424E+01  -0.92747E+00   0.40000E+01   0.78753E-02
  390    28.0034  13.7477  -0.48944E+01  -0.10517E+01  -0.93682E+00   0.40000E+01   0.74285E-02
  391    28.2556  13.7492  -0.49280E+01  -0.10611E+01  -0.94616E+00   0.40000E+01   0.69950E-02
  392    28.5099  13.7506  -0.49621E+01  -0.10705E+01  -0.95562E+00   0.40000E+01   0.65844E-02
  393    28.7665  13.7521  -0.49961E+01  -0.10800E+01  -0.96508E+00   0.40000E+01   0.62040E-02
  394    29.0253  13.7535  -0.50304E+01  -0.10895E+01  -0.97465E+00   0.40000E+01   0.58281E-02
  395    29.2863  13.7549  -0.50649E+01  -0.10992E+01  -0.98426E+00   0.40000E+01   0.54930E-02
  396    29.5496  13.7563  -0.50995E+01  -0.11088E+01  -0.99392E+00   0.40000E+01   0.51574E-02
  397    29.8152  13.7577  -0.51345E+01  -0.11186E+01  -0.10037E+01   0.40000E+01   0.48455E-02
  398    30.0831  13.7590  -0.51693E+01  -0.11283E+01  -0.10134E+01   0.40000E+01   0.45639E-02
  399    30.3534  13.7604  -0.52045E+01  -0.11382E+01  -0.10233E+01   0.40000E+01   0.42733E-02
  400    30.6259  13.7617  -0.52398E+01  -0.11481E+01  -0.10332E+01   0.40000E+01   0.40083E-02
