    1     0.0001   0.0014  -0.15259E-04  -0.75069E-06   0.11324E+00   0.13658E+02   0.36515E+00
    2     0.0088   0.1221  -0.10422E-02   0.12063E-04   0.11325E+00   0.13572E+02   0.29059E+00
    3     0.0176   0.2423  -0.21824E-02   0.47112E-05   0.11324E+00   0.13488E+02   0.30804E+00
    4     0.0264   0.3621  -0.33670E-02  -0.55914E-05   0.11323E+00   0.13404E+02   0.31958E+00
    5     0.0353   0.4814  -0.46069E-02  -0.21926E-04   0.11322E+00   0.13321E+02   0.33123E+00
    6     0.0443   0.6003  -0.58830E-02  -0.39348E-04   0.11320E+00   0.13238E+02   0.34133E+00
    7     0.0534   0.7188  -0.71937E-02  -0.57755E-04   0.11318E+00   0.13156E+02   0.35061E+00
    8     0.0626   0.8368  -0.85367E-02  -0.76577E-04   0.11316E+00   0.13073E+02   0.35948E+00
    9     0.0718   0.9543  -0.99113E-02  -0.95426E-04   0.11314E+00   0.12992E+02   0.36827E+00
   10     0.0811   1.0713  -0.11316E-01  -0.11438E-03   0.11312E+00   0.12910E+02   0.37678E+00
   11     0.0905   1.1879  -0.12751E-01  -0.13313E-03   0.11311E+00   0.12829E+02   0.38522E+00
   12     0.1000   1.3039  -0.14214E-01  -0.15146E-03   0.11309E+00   0.12748E+02   0.39344E+00
   13     0.1096   1.4195  -0.15706E-01  -0.16972E-03   0.11307E+00   0.12668E+02   0.40173E+00
   14     0.1192   1.5346  -0.17225E-01  -0.18743E-03   0.11305E+00   0.12588E+02   0.41004E+00
   15     0.1290   1.6491  -0.18782E-01  -0.20734E-03   0.11303E+00   0.12508E+02   0.41840E+00
   16     0.1388   1.7632  -0.20357E-01  -0.22467E-03   0.11301E+00   0.12428E+02   0.42669E+00
   17     0.1487   1.8767  -0.21961E-01  -0.24205E-03   0.11300E+00   0.12349E+02   0.43488E+00
   18     0.1587   1.9897  -0.23594E-01  -0.25943E-03   0.11298E+00   0.12270E+02   0.44322E+00
   19     0.1687   2.1021  -0.25258E-01  -0.27715E-03   0.11296E+00   0.12192E+02   0.45159E+00
   20     0.1789   2.2140  -0.26951E-01  -0.29569E-03   0.11294E+00   0.12113E+02   0.45991E+00
   21     0.1891   2.3254  -0.28674E-01  -0.31478E-03   0.11292E+00   0.12035E+02   0.46843E+00
   22     0.1995   2.4362  -0.30427E-01  -0.33460E-03   0.11290E+00   0.11958E+02   0.47690E+00
   23     0.2099   2.5465  -0.32210E-01  -0.35507E-03   0.11288E+00   0.11880E+02   0.48547E+00
   24     0.2204   2.6562  -0.34023E-01  -0.37626E-03   0.11286E+00   0.11804E+02   0.49411E+00
   25     0.2310   2.7653  -0.35865E-01  -0.39836E-03   0.11284E+00   0.11727E+02   0.50283E+00
   26     0.2417   2.8738  -0.37737E-01  -0.42064E-03   0.11282E+00   0.11651E+02   0.51168E+00
   27     0.2525   2.9818  -0.39639E-01  -0.44373E-03   0.11279E+00   0.11575E+02   0.52050E+00
   28     0.2634   3.0892  -0.41570E-01  -0.46775E-03   0.11277E+00   0.11499E+02   0.52947E+00
   29     0.2744   3.1959  -0.43531E-01  -0.49289E-03   0.11275E+00   0.11424E+02   0.53852E+00
   30     0.2855   3.3021  -0.45523E-01  -0.51966E-03   0.11272E+00   0.11349E+02   0.54767E+00
   31     0.2967   3.4077  -0.47547E-01  -0.54765E-03   0.11269E+00   0.11275E+02   0.55686E+00
   32     0.3079   3.5127  -0.49602E-01  -0.57780E-03   0.11266E+00   0.11200E+02   0.56617E+00
   33     0.3193   3.6170  -0.51678E-01  -0.60678E-03   0.11263E+00   0.11126E+02   0.57562E+00
   34     0.3308   3.7207  -0.53797E-01  -0.64048E-03   0.11260E+00   0.11053E+02   0.58512E+00
   35     0.3423   3.8238  -0.55948E-01  -0.67628E-03   0.11256E+00   0.10980E+02   0.59459E+00
   36     0.3540   3.9263  -0.58132E-01  -0.71419E-03   0.11252E+00   0.10907E+02   0.60431E+00
   37     0.3658   4.0281  -0.60346E-01  -0.75357E-03   0.11248E+00   0.10835E+02   0.61405E+00
   38     0.3777   4.1293  -0.62592E-01  -0.79538E-03   0.11244E+00   0.10763E+02   0.62389E+00
   39     0.3896   4.2299  -0.64870E-01  -0.83882E-03   0.11240E+00   0.10691E+02   0.63382E+00
   40     0.4017   4.3298  -0.67180E-01  -0.88436E-03   0.11235E+00   0.10620E+02   0.64383E+00
   41     0.4139   4.4291  -0.69523E-01  -0.93261E-03   0.11231E+00   0.10549E+02   0.65395E+00
   42     0.4262   4.5276  -0.71902E-01  -0.98416E-03   0.11225E+00   0.10478E+02   0.66421E+00
   43     0.4386   4.6256  -0.74316E-01  -0.10387E-02   0.11220E+00   0.10408E+02   0.67446E+00
   44     0.4511   4.7229  -0.76764E-01  -0.10964E-02   0.11214E+00   0.10338E+02   0.68486E+00
   45     0.4637   4.8195  -0.79247E-01  -0.11568E-02   0.11208E+00   0.10269E+02   0.69542E+00
   46     0.4764   4.9154  -0.81764E-01  -0.12203E-02   0.11202E+00   0.10200E+02   0.70606E+00
   47     0.4893   5.0106  -0.84315E-01  -0.12868E-02   0.11195E+00   0.10132E+02   0.71680E+00
   48     0.5022   5.1052  -0.86899E-01  -0.13567E-02   0.11188E+00   0.10063E+02   0.72760E+00
   49     0.5153   5.1991  -0.89518E-01  -0.14295E-02   0.11181E+00   0.99955E+01   0.73845E+00
   50     0.5285   5.2923  -0.92172E-01  -0.15055E-02   0.11173E+00   0.99282E+01   0.74950E+00
   51     0.5417   5.3849  -0.94861E-01  -0.15851E-02   0.11165E+00   0.98612E+01   0.76049E+00
   52     0.5552   5.4767  -0.97588E-01  -0.16688E-02   0.11157E+00   0.97946E+01   0.77164E+00
   53     0.5687   5.5679  -0.10035E+00  -0.17565E-02   0.11148E+00   0.97284E+01   0.78297E+00
   54     0.5823   5.6583  -0.10315E+00  -0.18485E-02   0.11139E+00   0.96627E+01   0.79425E+00
   55     0.5961   5.7481  -0.10599E+00  -0.19442E-02   0.11129E+00   0.95973E+01   0.80572E+00
   56     0.6099   5.8371  -0.10886E+00  -0.20439E-02   0.11119E+00   0.95323E+01   0.81733E+00
   57     0.6239   5.9255  -0.11177E+00  -0.21481E-02   0.11109E+00   0.94678E+01   0.82897E+00
   58     0.6381   6.0132  -0.11471E+00  -0.22566E-02   0.11098E+00   0.94036E+01   0.84072E+00
   59     0.6523   6.1001  -0.11770E+00  -0.23698E-02   0.11087E+00   0.93399E+01   0.85254E+00
   60     0.6667   6.1864  -0.12072E+00  -0.24877E-02   0.11075E+00   0.92765E+01   0.86440E+00
   61     0.6812   6.2719  -0.12378E+00  -0.26106E-02   0.11063E+00   0.92136E+01   0.87638E+00
   62     0.6958   6.3568  -0.12688E+00  -0.27382E-02   0.11050E+00   0.91511E+01   0.88841E+00
   63     0.7105   6.4409  -0.13002E+00  -0.28706E-02   0.11037E+00   0.90890E+01   0.90062E+00
   64     0.7254   6.5244  -0.13319E+00  -0.30073E-02   0.11023E+00   0.90273E+01   0.91278E+00
   65     0.7404   6.6071  -0.13641E+00  -0.31486E-02   0.11009E+00   0.89661E+01   0.92513E+00
   66     0.7555   6.6891  -0.13966E+00  -0.32951E-02   0.10994E+00   0.89053E+01   0.93754E+00
   67     0.7708   6.7704  -0.14295E+00  -0.34472E-02   0.10979E+00   0.88448E+01   0.95008E+00
   68     0.7862   6.8511  -0.14628E+00  -0.36052E-02   0.10963E+00   0.87849E+01   0.96274E+00
   69     0.8017   6.9310  -0.14965E+00  -0.37682E-02   0.10947E+00   0.87253E+01   0.97542E+00
   70     0.8174   7.0102  -0.15307E+00  -0.39368E-02   0.10930E+00   0.86662E+01   0.98812E+00
   71     0.8332   7.0886  -0.15652E+00  -0.41110E-02   0.10913E+00   0.86075E+01   0.10009E+01
   72     0.8491   7.1664  -0.16001E+00  -0.42912E-02   0.10895E+00   0.85492E+01   0.10136E+01
   73     0.8652   7.2435  -0.16354E+00  -0.44768E-02   0.10876E+00   0.84914E+01   0.10264E+01
   74     0.8814   7.3199  -0.16712E+00  -0.46677E-02   0.10857E+00   0.84339E+01   0.10394E+01
   75     0.8977   7.3956  -0.17073E+00  -0.48651E-02   0.10837E+00   0.83769E+01   0.10524E+01
   76     0.9142   7.4705  -0.17438E+00  -0.50688E-02   0.10817E+00   0.83203E+01   0.10655E+01
   77     0.9309   7.5448  -0.17808E+00  -0.52788E-02   0.10796E+00   0.82642E+01   0.10786E+01
   78     0.9477   7.6184  -0.18182E+00  -0.54955E-02   0.10774E+00   0.82085E+01   0.10918E+01
   79     0.9646   7.6913  -0.18561E+00  -0.57185E-02   0.10752E+00   0.81532E+01   0.11050E+01
   80     0.9817   7.7635  -0.18943E+00  -0.59475E-02   0.10729E+00   0.80983E+01   0.11183E+01
   81     0.9989   7.8350  -0.19329E+00  -0.61822E-02   0.10706E+00   0.80438E+01   0.11317E+01
   82     1.0163   7.9058  -0.19719E+00  -0.64232E-02   0.10681E+00   0.79898E+01   0.11452E+01
   83     1.0338   7.9759  -0.20114E+00  -0.66718E-02   0.10657E+00   0.79361E+01   0.11586E+01
   84     1.0515   8.0453  -0.20513E+00  -0.69279E-02   0.10631E+00   0.78829E+01   0.11720E+01
   85     1.0693   8.1141  -0.20918E+00  -0.71926E-02   0.10605E+00   0.78302E+01   0.11855E+01
   86     1.0873   8.1821  -0.21327E+00  -0.74664E-02   0.10577E+00   0.77780E+01   0.11990E+01
   87     1.1055   8.2495  -0.21741E+00  -0.77486E-02   0.10549E+00   0.77261E+01   0.12126E+01
   88     1.1238   8.3162  -0.22159E+00  -0.80357E-02   0.10520E+00   0.76747E+01   0.12261E+01
   89     1.1423   8.3823  -0.22579E+00  -0.83258E-02   0.10491E+00   0.76236E+01   0.12397E+01
   90     1.1609   8.4477  -0.23003E+00  -0.86216E-02   0.10462E+00   0.75728E+01   0.12535E+01
   91     1.1797   8.5124  -0.23432E+00  -0.89261E-02   0.10431E+00   0.75225E+01   0.12672E+01
   92     1.1986   8.5764  -0.23867E+00  -0.92407E-02   0.10400E+00   0.74727E+01   0.12809E+01
   93     1.2177   8.6398  -0.24306E+00  -0.95648E-02   0.10367E+00   0.74233E+01   0.12945E+01
   94     1.2370   8.7025  -0.24750E+00  -0.98971E-02   0.10334E+00   0.73744E+01   0.13082E+01
   95     1.2565   8.7646  -0.25199E+00  -0.10236E-01   0.10300E+00   0.73258E+01   0.13219E+01
   96     1.2761   8.8260  -0.25651E+00  -0.10583E-01   0.10265E+00   0.72777E+01   0.13356E+01
   97     1.2959   8.8868  -0.26109E+00  -0.10939E-01   0.10230E+00   0.72300E+01   0.13493E+01
   98     1.3158   8.9469  -0.26571E+00  -0.11303E-01   0.10194E+00   0.71827E+01   0.13630E+01
   99     1.3360   9.0065  -0.27037E+00  -0.11676E-01   0.10156E+00   0.71358E+01   0.13765E+01
  100     1.3563   9.0653  -0.27509E+00  -0.12057E-01   0.10118E+00   0.70892E+01   0.13899E+01
  101     1.3767   9.1236  -0.27985E+00  -0.12447E-01   0.10079E+00   0.70431E+01   0.14033E+01
  102     1.3974   9.1812  -0.28465E+00  -0.12845E-01   0.10039E+00   0.69975E+01   0.14168E+01
  103     1.4183   9.2382  -0.28951E+00  -0.13252E-01   0.99986E-01   0.69523E+01   0.14306E+01
  104     1.4393   9.2945  -0.29441E+00  -0.13669E-01   0.99569E-01   0.69075E+01   0.14443E+01
  105     1.4605   9.3503  -0.29936E+00  -0.14095E-01   0.99143E-01   0.68630E+01   0.14579E+01
  106     1.4819   9.4054  -0.30436E+00  -0.14531E-01   0.98707E-01   0.68189E+01   0.14712E+01
  107     1.5035   9.4600  -0.30941E+00  -0.14976E-01   0.98262E-01   0.67752E+01   0.14845E+01
  108     1.5252   9.5139  -0.31450E+00  -0.15430E-01   0.97808E-01   0.67320E+01   0.14978E+01
  109     1.5472   9.5673  -0.31964E+00  -0.15893E-01   0.97346E-01   0.66891E+01   0.15110E+01
  110     1.5693   9.6200  -0.32483E+00  -0.16365E-01   0.96873E-01   0.66466E+01   0.15243E+01
  111     1.5917   9.6722  -0.33008E+00  -0.16848E-01   0.96391E-01   0.66046E+01   0.15374E+01
  112     1.6142   9.7238  -0.33537E+00  -0.17340E-01   0.95898E-01   0.65630E+01   0.15504E+01
  113     1.6369   9.7748  -0.34070E+00  -0.17841E-01   0.95397E-01   0.65218E+01   0.15635E+01
  114     1.6598   9.8252  -0.34608E+00  -0.18351E-01   0.94887E-01   0.64809E+01   0.15764E+01
  115     1.6830   9.8751  -0.35152E+00  -0.18873E-01   0.94366E-01   0.64404E+01   0.15892E+01
  116     1.7063   9.9244  -0.35701E+00  -0.19406E-01   0.93832E-01   0.64003E+01   0.16019E+01
  117     1.7298   9.9731  -0.36255E+00  -0.19952E-01   0.93287E-01   0.63606E+01   0.16145E+01
  118     1.7536  10.0213  -0.36815E+00  -0.20508E-01   0.92730E-01   0.63213E+01   0.16270E+01
  119     1.7775  10.0689  -0.37379E+00  -0.21072E-01   0.92166E-01   0.62824E+01   0.16394E+01
  120     1.8016  10.1160  -0.37947E+00  -0.21645E-01   0.91594E-01   0.62439E+01   0.16518E+01
  121     1.8260  10.1626  -0.38521E+00  -0.22229E-01   0.91009E-01   0.62058E+01   0.16640E+01
  122     1.8506  10.2086  -0.39101E+00  -0.22826E-01   0.90412E-01   0.61681E+01   0.16760E+01
  123     1.8753  10.2541  -0.39686E+00  -0.23434E-01   0.89804E-01   0.61308E+01   0.16879E+01
  124     1.9003  10.2990  -0.40276E+00  -0.24053E-01   0.89185E-01   0.60938E+01   0.16998E+01
  125     1.9256  10.3434  -0.40871E+00  -0.24683E-01   0.88555E-01   0.60573E+01   0.17115E+01
  126     1.9510  10.3873  -0.41471E+00  -0.25325E-01   0.87913E-01   0.60211E+01   0.17229E+01
  127     1.9766  10.4307  -0.42077E+00  -0.25978E-01   0.87261E-01   0.59852E+01   0.17344E+01
  128     2.0025  10.4736  -0.42688E+00  -0.26642E-01   0.86596E-01   0.59498E+01   0.17456E+01
  129     2.0286  10.5160  -0.43304E+00  -0.27319E-01   0.85919E-01   0.59148E+01   0.17566E+01
  130     2.0550  10.5579  -0.43926E+00  -0.28008E-01   0.85230E-01   0.58802E+01   0.17675E+01
  131     2.0815  10.5993  -0.44554E+00  -0.28708E-01   0.84530E-01   0.58460E+01   0.17784E+01
  132     2.1083  10.6402  -0.45186E+00  -0.29420E-01   0.83819E-01   0.58121E+01   0.17889E+01
  133     2.1353  10.6806  -0.45824E+00  -0.30143E-01   0.83095E-01   0.57786E+01   0.17993E+01
  134     2.1626  10.7205  -0.46467E+00  -0.30879E-01   0.82359E-01   0.57454E+01   0.18093E+01
  135     2.1901  10.7600  -0.47116E+00  -0.31627E-01   0.81611E-01   0.57126E+01   0.18193E+01
  136     2.2178  10.7990  -0.47769E+00  -0.32387E-01   0.80851E-01   0.56802E+01   0.18292E+01
  137     2.2458  10.8375  -0.48428E+00  -0.33158E-01   0.80080E-01   0.56481E+01   0.18388E+01
  138     2.2740  10.8756  -0.49094E+00  -0.33945E-01   0.79293E-01   0.56165E+01   0.18482E+01
  139     2.3025  10.9132  -0.49766E+00  -0.34747E-01   0.78491E-01   0.55852E+01   0.18573E+01
  140     2.3312  10.9504  -0.50443E+00  -0.35558E-01   0.77680E-01   0.55543E+01   0.18662E+01
  141     2.3602  10.9871  -0.51125E+00  -0.36382E-01   0.76856E-01   0.55238E+01   0.18750E+01
  142     2.3894  11.0234  -0.51813E+00  -0.37221E-01   0.76017E-01   0.54937E+01   0.18836E+01
  143     2.4188  11.0592  -0.52506E+00  -0.38072E-01   0.75166E-01   0.54639E+01   0.18920E+01
  144     2.4486  11.0946  -0.53205E+00  -0.38934E-01   0.74304E-01   0.54344E+01   0.19001E+01
  145     2.4785  11.1296  -0.53909E+00  -0.39809E-01   0.73429E-01   0.54054E+01   0.19082E+01
  146     2.5088  11.1641  -0.54620E+00  -0.40700E-01   0.72539E-01   0.53767E+01   0.19160E+01
  147     2.5393  11.1982  -0.55336E+00  -0.41605E-01   0.71633E-01   0.53484E+01   0.19232E+01
  148     2.5701  11.2320  -0.56059E+00  -0.42524E-01   0.70715E-01   0.53205E+01   0.19302E+01
  149     2.6011  11.2653  -0.56787E+00  -0.43455E-01   0.69783E-01   0.52929E+01   0.19371E+01
  150     2.6324  11.2982  -0.57521E+00  -0.44400E-01   0.68838E-01   0.52657E+01   0.19438E+01
  151     2.6640  11.3306  -0.58261E+00  -0.45361E-01   0.67877E-01   0.52388E+01   0.19501E+01
  152     2.6958  11.3627  -0.59007E+00  -0.46336E-01   0.66903E-01   0.52125E+01   0.19563E+01
  153     2.7280  11.3944  -0.59759E+00  -0.47325E-01   0.65914E-01   0.51865E+01   0.19624E+01
  154     2.7604  11.4258  -0.60518E+00  -0.48328E-01   0.64910E-01   0.51608E+01   0.19679E+01
  155     2.7931  11.4567  -0.61282E+00  -0.49346E-01   0.63892E-01   0.51355E+01   0.19731E+01
  156     2.8260  11.4872  -0.62052E+00  -0.50378E-01   0.62860E-01   0.51105E+01   0.19782E+01
  157     2.8593  11.5174  -0.62827E+00  -0.51425E-01   0.61813E-01   0.50858E+01   0.19830E+01
  158     2.8929  11.5472  -0.63609E+00  -0.52486E-01   0.60752E-01   0.50615E+01   0.19874E+01
  159     2.9267  11.5766  -0.64398E+00  -0.53564E-01   0.59674E-01   0.50376E+01   0.19916E+01
  160     2.9608  11.6057  -0.65192E+00  -0.54657E-01   0.58582E-01   0.50141E+01   0.19952E+01
  161     2.9953  11.6344  -0.65993E+00  -0.55764E-01   0.57475E-01   0.49910E+01   0.19988E+01
  162     3.0300  11.6628  -0.66801E+00  -0.56889E-01   0.56349E-01   0.49682E+01   0.20020E+01
  163     3.0651  11.6908  -0.67614E+00  -0.58026E-01   0.55212E-01   0.49458E+01   0.20049E+01
  164     3.1004  11.7184  -0.68432E+00  -0.59178E-01   0.54060E-01   0.49236E+01   0.20075E+01
  165     3.1360  11.7458  -0.69258E+00  -0.60349E-01   0.52889E-01   0.49019E+01   0.20098E+01
  166     3.1720  11.7727  -0.70091E+00  -0.61536E-01   0.51702E-01   0.48805E+01   0.20119E+01
  167     3.2083  11.7994  -0.70929E+00  -0.62736E-01   0.50502E-01   0.48596E+01   0.20134E+01
  168     3.2449  11.8257  -0.71773E+00  -0.63952E-01   0.49286E-01   0.48389E+01   0.20149E+01
  169     3.2818  11.8517  -0.72625E+00  -0.65186E-01   0.48052E-01   0.48187E+01   0.20158E+01
  170     3.3190  11.8773  -0.73483E+00  -0.66436E-01   0.46802E-01   0.47988E+01   0.20164E+01
  171     3.3565  11.9026  -0.74347E+00  -0.67703E-01   0.45536E-01   0.47792E+01   0.20170E+01
  172     3.3944  11.9277  -0.75218E+00  -0.68986E-01   0.44252E-01   0.47600E+01   0.20173E+01
  173     3.4326  11.9524  -0.76094E+00  -0.70284E-01   0.42954E-01   0.47411E+01   0.20172E+01
  174     3.4712  11.9768  -0.76978E+00  -0.71601E-01   0.41637E-01   0.47226E+01   0.20166E+01
  175     3.5100  12.0009  -0.77869E+00  -0.72935E-01   0.40303E-01   0.47044E+01   0.20156E+01
  176     3.5492  12.0246  -0.78766E+00  -0.74286E-01   0.38952E-01   0.46866E+01   0.20145E+01
  177     3.5888  12.0481  -0.79670E+00  -0.75655E-01   0.37583E-01   0.46691E+01   0.20129E+01
  178     3.6287  12.0713  -0.80580E+00  -0.77041E-01   0.36197E-01   0.46520E+01   0.20109E+01
  179     3.6689  12.0942  -0.81498E+00  -0.78446E-01   0.34793E-01   0.46352E+01   0.20089E+01
  180     3.7095  12.1169  -0.82423E+00  -0.79872E-01   0.33367E-01   0.46188E+01   0.20065E+01
  181     3.7505  12.1392  -0.83355E+00  -0.81316E-01   0.31922E-01   0.46026E+01   0.20035E+01
  182     3.7918  12.1612  -0.84292E+00  -0.82771E-01   0.30467E-01   0.45868E+01   0.20004E+01
  183     3.8334  12.1830  -0.85237E+00  -0.84246E-01   0.28992E-01   0.45714E+01   0.19968E+01
  184     3.8754  12.2045  -0.86189E+00  -0.85742E-01   0.27496E-01   0.45562E+01   0.19930E+01
  185     3.9178  12.2257  -0.87147E+00  -0.87255E-01   0.25984E-01   0.45414E+01   0.19888E+01
  186     3.9606  12.2467  -0.88112E+00  -0.88786E-01   0.24452E-01   0.45270E+01   0.19843E+01
  187     4.0037  12.2674  -0.89086E+00  -0.90340E-01   0.22898E-01   0.45128E+01   0.19790E+01
  188     4.0472  12.2878  -0.90065E+00  -0.91912E-01   0.21327E-01   0.44989E+01   0.19738E+01
  189     4.0911  12.3080  -0.91052E+00  -0.93501E-01   0.19737E-01   0.44854E+01   0.19683E+01
  190     4.1353  12.3279  -0.92046E+00  -0.95112E-01   0.18127E-01   0.44721E+01   0.19627E+01
  191     4.1800  12.3476  -0.93047E+00  -0.96739E-01   0.16499E-01   0.44592E+01   0.19565E+01
  192     4.2250  12.3670  -0.94055E+00  -0.98388E-01   0.14850E-01   0.44465E+01   0.19500E+01
  193     4.2705  12.3862  -0.95071E+00  -0.10006E+00   0.13179E-01   0.44342E+01   0.19430E+01
  194     4.3163  12.4051  -0.96093E+00  -0.10175E+00   0.11491E-01   0.44222E+01   0.19359E+01
  195     4.3625  12.4238  -0.97123E+00  -0.10346E+00   0.97831E-02   0.44104E+01   0.19286E+01
  196     4.4091  12.4423  -0.98160E+00  -0.10518E+00   0.80545E-02   0.43989E+01   0.19208E+01
  197     4.4561  12.4605  -0.99205E+00  -0.10694E+00   0.63007E-02   0.43878E+01   0.19130E+01
  198     4.5036  12.4785  -0.10026E+01  -0.10871E+00   0.45292E-02   0.43769E+01   0.19044E+01
  199     4.5514  12.4962  -0.10132E+01  -0.11050E+00   0.27372E-02   0.43662E+01   0.18954E+01
  200     4.5997  12.5138  -0.10238E+01  -0.11231E+00   0.92497E-03   0.43559E+01   0.18865E+01
  201     4.6484  12.5311  -0.10346E+01  -0.11415E+00  -0.91458E-03   0.43458E+01   0.18772E+01
  202     4.6975  12.5482  -0.10454E+01  -0.11601E+00  -0.27708E-02   0.43359E+01   0.18677E+01
  203     4.7470  12.5650  -0.10563E+01  -0.11789E+00  -0.46509E-02   0.43264E+01   0.18577E+01
  204     4.7970  12.5817  -0.10673E+01  -0.11979E+00  -0.65555E-02   0.43170E+01   0.18474E+01
  205     4.8474  12.5981  -0.10783E+01  -0.12171E+00  -0.84734E-02   0.43079E+01   0.18371E+01
  206     4.8982  12.6144  -0.10894E+01  -0.12366E+00  -0.10417E-01   0.42990E+01   0.18263E+01
  207     4.9495  12.6304  -0.11007E+01  -0.12563E+00  -0.12387E-01   0.42904E+01   0.18152E+01
  208     5.0012  12.6462  -0.11119E+01  -0.12762E+00  -0.14378E-01   0.42821E+01   0.18039E+01
  209     5.0534  12.6619  -0.11233E+01  -0.12963E+00  -0.16394E-01   0.42739E+01   0.17922E+01
  210     5.1060  12.6773  -0.11347E+01  -0.13167E+00  -0.18431E-01   0.42660E+01   0.17805E+01
  211     5.1591  12.6925  -0.11462E+01  -0.13373E+00  -0.20491E-01   0.42582E+01   0.17686E+01
  212     5.2126  12.7076  -0.11578E+01  -0.13581E+00  -0.22575E-01   0.42508E+01   0.17561E+01
  213     5.2667  12.7224  -0.11695E+01  -0.13792E+00  -0.24684E-01   0.42435E+01   0.17436E+01
  214     5.3211  12.7371  -0.11813E+01  -0.14005E+00  -0.26816E-01   0.42364E+01   0.17307E+01
  215     5.3761  12.7515  -0.11931E+01  -0.14221E+00  -0.28974E-01   0.42295E+01   0.17174E+01
  216     5.4315  12.7658  -0.12050E+01  -0.14439E+00  -0.31154E-01   0.42228E+01   0.17042E+01
  217     5.4874  12.7799  -0.12170E+01  -0.14660E+00  -0.33360E-01   0.42164E+01   0.16906E+01
  218     5.5438  12.7938  -0.12291E+01  -0.14883E+00  -0.35592E-01   0.42100E+01   0.16766E+01
  219     5.6007  12.8076  -0.12413E+01  -0.15108E+00  -0.37846E-01   0.42039E+01   0.16627E+01
  220     5.6581  12.8211  -0.12535E+01  -0.15336E+00  -0.40125E-01   0.41980E+01   0.16485E+01
  221     5.7160  12.8345  -0.12658E+01  -0.15567E+00  -0.42428E-01   0.41922E+01   0.16342E+01
  222     5.7744  12.8477  -0.12783E+01  -0.15800E+00  -0.44760E-01   0.41866E+01   0.16193E+01
  223     5.8333  12.8608  -0.12907E+01  -0.16035E+00  -0.47115E-01   0.41811E+01   0.16045E+01
  224     5.8927  12.8737  -0.13033E+01  -0.16273E+00  -0.49494E-01   0.41758E+01   0.15898E+01
  225     5.9526  12.8864  -0.13160E+01  -0.16514E+00  -0.51906E-01   0.41707E+01   0.15745E+01
  226     6.0131  12.8990  -0.13287E+01  -0.16758E+00  -0.54343E-01   0.41657E+01   0.15592E+01
  227     6.0740  12.9114  -0.13416E+01  -0.17004E+00  -0.56802E-01   0.41609E+01   0.15436E+01
  228     6.1355  12.9236  -0.13545E+01  -0.17253E+00  -0.59287E-01   0.41562E+01   0.15281E+01
  229     6.1976  12.9357  -0.13675E+01  -0.17505E+00  -0.61807E-01   0.41517E+01   0.15120E+01
  230     6.2602  12.9476  -0.13806E+01  -0.17759E+00  -0.64350E-01   0.41473E+01   0.14958E+01
  231     6.3233  12.9594  -0.13938E+01  -0.18016E+00  -0.66917E-01   0.41430E+01   0.14798E+01
  232     6.3869  12.9710  -0.14070E+01  -0.18275E+00  -0.69514E-01   0.41388E+01   0.14638E+01
  233     6.4512  12.9825  -0.14204E+01  -0.18537E+00  -0.72137E-01   0.41348E+01   0.14472E+01
  234     6.5159  12.9938  -0.14338E+01  -0.18803E+00  -0.74789E-01   0.41309E+01   0.14304E+01
  235     6.5813  13.0050  -0.14473E+01  -0.19070E+00  -0.77463E-01   0.41272E+01   0.14140E+01
  236     6.6472  13.0160  -0.14610E+01  -0.19341E+00  -0.80176E-01   0.41235E+01   0.13972E+01
  237     6.7137  13.0269  -0.14747E+01  -0.19615E+00  -0.82912E-01   0.41199E+01   0.13807E+01
  238     6.7807  13.0377  -0.14885E+01  -0.19891E+00  -0.85676E-01   0.41165E+01   0.13635E+01
  239     6.8484  13.0483  -0.15023E+01  -0.20170E+00  -0.88463E-01   0.41131E+01   0.13468E+01
  240     6.9166  13.0588  -0.15163E+01  -0.20452E+00  -0.91286E-01   0.41099E+01   0.13297E+01
  241     6.9854  13.0691  -0.15304E+01  -0.20738E+00  -0.94142E-01   0.41068E+01   0.13123E+01
  242     7.0549  13.0794  -0.15446E+01  -0.21026E+00  -0.97025E-01   0.41037E+01   0.12950E+01
  243     7.1249  13.0894  -0.15588E+01  -0.21317E+00  -0.99934E-01   0.41008E+01   0.12779E+01
  244     7.1955  13.0994  -0.15732E+01  -0.21611E+00  -0.10288E+00   0.40979E+01   0.12608E+01
  245     7.2668  13.1092  -0.15876E+01  -0.21908E+00  -0.10584E+00   0.40951E+01   0.12430E+01
  246     7.3387  13.1189  -0.16021E+01  -0.22208E+00  -0.10884E+00   0.40924E+01   0.12255E+01
  247     7.4112  13.1285  -0.16167E+01  -0.22511E+00  -0.11187E+00   0.40898E+01   0.12081E+01
  248     7.4843  13.1380  -0.16315E+01  -0.22817E+00  -0.11493E+00   0.40873E+01   0.11904E+01
  249     7.5580  13.1473  -0.16463E+01  -0.23126E+00  -0.11802E+00   0.40848E+01   0.11734E+01
  250     7.6324  13.1565  -0.16612E+01  -0.23437E+00  -0.12114E+00   0.40825E+01   0.11557E+01
  251     7.7075  13.1656  -0.16762E+01  -0.23753E+00  -0.12429E+00   0.40802E+01   0.11384E+01
  252     7.7832  13.1746  -0.16912E+01  -0.24070E+00  -0.12747E+00   0.40779E+01   0.11211E+01
  253     7.8596  13.1834  -0.17065E+01  -0.24393E+00  -0.13069E+00   0.40758E+01   0.11038E+01
  254     7.9366  13.1922  -0.17218E+01  -0.24718E+00  -0.13394E+00   0.40737E+01   0.10861E+01
  255     8.0143  13.2008  -0.17371E+01  -0.25045E+00  -0.13721E+00   0.40717E+01   0.10689E+01
  256     8.0926  13.2093  -0.17526E+01  -0.25376E+00  -0.14052E+00   0.40697E+01   0.10517E+01
  257     8.1717  13.2178  -0.17683E+01  -0.25711E+00  -0.14388E+00   0.40678E+01   0.10338E+01
  258     8.2514  13.2261  -0.17839E+01  -0.26048E+00  -0.14724E+00   0.40659E+01   0.10165E+01
  259     8.3319  13.2343  -0.17997E+01  -0.26388E+00  -0.15065E+00   0.40641E+01   0.99952E+00
  260     8.4130  13.2424  -0.18156E+01  -0.26733E+00  -0.15409E+00   0.40624E+01   0.98232E+00
  261     8.4948  13.2503  -0.18316E+01  -0.27080E+00  -0.15756E+00   0.40607E+01   0.96490E+00
  262     8.5774  13.2582  -0.18476E+01  -0.27429E+00  -0.16105E+00   0.40590E+01   0.94820E+00
  263     8.6606  13.2660  -0.18638E+01  -0.27783E+00  -0.16459E+00   0.40575E+01   0.93110E+00
  264     8.7446  13.2737  -0.18801E+01  -0.28141E+00  -0.16817E+00   0.40559E+01   0.91420E+00
  265     8.8293  13.2813  -0.18965E+01  -0.28501E+00  -0.17177E+00   0.40544E+01   0.89750E+00
  266     8.9148  13.2888  -0.19130E+01  -0.28865E+00  -0.17541E+00   0.40530E+01   0.88102E+00
  267     9.0010  13.2962  -0.19296E+01  -0.29232E+00  -0.17908E+00   0.40516E+01   0.86380E+00
  268     9.0879  13.3035  -0.19463E+01  -0.29603E+00  -0.18279E+00   0.40502E+01   0.84743E+00
  269     9.1756  13.3107  -0.19631E+01  -0.29977E+00  -0.18653E+00   0.40489E+01   0.83109E+00
  270     9.2641  13.3178  -0.19801E+01  -0.30355E+00  -0.19031E+00   0.40476E+01   0.81489E+00
  271     9.3534  13.3248  -0.19970E+01  -0.30734E+00  -0.19410E+00   0.40463E+01   0.79870E+00
  272     9.4434  13.3317  -0.20141E+01  -0.31117E+00  -0.19794E+00   0.40451E+01   0.78279E+00
  273     9.5342  13.3386  -0.20314E+01  -0.31507E+00  -0.20183E+00   0.40440E+01   0.76680E+00
  274     9.6257  13.3453  -0.20487E+01  -0.31898E+00  -0.20575E+00   0.40428E+01   0.75097E+00
  275     9.7181  13.3520  -0.20662E+01  -0.32293E+00  -0.20969E+00   0.40417E+01   0.73578E+00
  276     9.8113  13.3586  -0.20837E+01  -0.32692E+00  -0.21368E+00   0.40406E+01   0.71991E+00
  277     9.9053  13.3651  -0.21014E+01  -0.33095E+00  -0.21771E+00   0.40396E+01   0.70453E+00
  278    10.0001  13.3715  -0.21192E+01  -0.33500E+00  -0.22176E+00   0.40386E+01   0.68928E+00
  279    10.0957  13.3778  -0.21370E+01  -0.33908E+00  -0.22584E+00   0.40376E+01   0.67431E+00
  280    10.1922  13.3841  -0.21550E+01  -0.34321E+00  -0.22997E+00   0.40367E+01   0.65936E+00
  281    10.2895  13.3902  -0.21731E+01  -0.34738E+00  -0.23414E+00   0.40357E+01   0.64461E+00
  282    10.3877  13.3963  -0.21913E+01  -0.35158E+00  -0.23834E+00   0.40348E+01   0.63031E+00
  283    10.4867  13.4023  -0.22096E+01  -0.35581E+00  -0.24257E+00   0.40340E+01   0.61563E+00
  284    10.5865  13.4083  -0.22281E+01  -0.36009E+00  -0.24686E+00   0.40331E+01   0.60155E+00
  285    10.6873  13.4141  -0.22466E+01  -0.36441E+00  -0.25117E+00   0.40323E+01   0.58764E+00
  286    10.7889  13.4199  -0.22653E+01  -0.36876E+00  -0.25552E+00   0.40315E+01   0.57355E+00
  287    10.8914  13.4256  -0.22840E+01  -0.37313E+00  -0.25989E+00   0.40307E+01   0.55975E+00
  288    10.9947  13.4312  -0.23029E+01  -0.37757E+00  -0.26433E+00   0.40300E+01   0.54643E+00
  289    11.0990  13.4368  -0.23219E+01  -0.38204E+00  -0.26880E+00   0.40292E+01   0.53296E+00
  290    11.2042  13.4423  -0.23410E+01  -0.38654E+00  -0.27330E+00   0.40285E+01   0.51990E+00
  291    11.3103  13.4477  -0.23603E+01  -0.39107E+00  -0.27783E+00   0.40278E+01   0.50681E+00
  292    11.4173  13.4530  -0.23796E+01  -0.39566E+00  -0.28242E+00   0.40272E+01   0.49383E+00
  293    11.5253  13.4583  -0.23991E+01  -0.40027E+00  -0.28703E+00   0.40265E+01   0.48141E+00
  294    11.6342  13.4635  -0.24187E+01  -0.40492E+00  -0.29169E+00   0.40259E+01   0.46916E+00
  295    11.7440  13.4687  -0.24384E+01  -0.40962E+00  -0.29639E+00   0.40253E+01   0.45677E+00
  296    11.8548  13.4738  -0.24582E+01  -0.41435E+00  -0.30111E+00   0.40247E+01   0.44494E+00
  297    11.9666  13.4788  -0.24781E+01  -0.41913E+00  -0.30589E+00   0.40241E+01   0.43297E+00
  298    12.0793  13.4837  -0.24982E+01  -0.42395E+00  -0.31071E+00   0.40235E+01   0.42123E+00
  299    12.1930  13.4886  -0.25183E+01  -0.42880E+00  -0.31556E+00   0.40230E+01   0.41005E+00
  300    12.3077  13.4934  -0.25387E+01  -0.43371E+00  -0.32047E+00   0.40225E+01   0.39854E+00
  301    12.4234  13.4982  -0.25590E+01  -0.43862E+00  -0.32538E+00   0.40219E+01   0.38759E+00
  302    12.5401  13.5029  -0.25796E+01  -0.44360E+00  -0.33036E+00   0.40214E+01   0.37716E+00
  303    12.6578  13.5075  -0.26003E+01  -0.44862E+00  -0.33539E+00   0.40209E+01   0.36622E+00
  304    12.7766  13.5121  -0.26211E+01  -0.45367E+00  -0.34044E+00   0.40205E+01   0.35572E+00
  305    12.8963  13.5166  -0.26420E+01  -0.45878E+00  -0.34554E+00   0.40200E+01   0.34541E+00
  306    13.0172  13.5211  -0.26630E+01  -0.46392E+00  -0.35068E+00   0.40195E+01   0.33538E+00
  307    13.1390  13.5255  -0.26842E+01  -0.46909E+00  -0.35586E+00   0.40191E+01   0.32550E+00
  308    13.2619  13.5298  -0.27055E+01  -0.47432E+00  -0.36108E+00   0.40187E+01   0.31568E+00
  309    13.3859  13.5341  -0.27269E+01  -0.47958E+00  -0.36634E+00   0.40182E+01   0.30662E+00
  310    13.5110  13.5383  -0.27484E+01  -0.48489E+00  -0.37165E+00   0.40178E+01   0.29728E+00
  311    13.6372  13.5425  -0.27701E+01  -0.49024E+00  -0.37700E+00   0.40175E+01   0.28803E+00
  312    13.7644  13.5466  -0.27919E+01  -0.49564E+00  -0.38240E+00   0.40171E+01   0.27912E+00
  313    13.8928  13.5507  -0.28139E+01  -0.50110E+00  -0.38786E+00   0.40167E+01   0.27059E+00
  314    14.0223  13.5547  -0.28359E+01  -0.50654E+00  -0.39330E+00   0.40163E+01   0.26197E+00
  315    14.1529  13.5587  -0.28581E+01  -0.51206E+00  -0.39882E+00   0.40160E+01   0.25333E+00
  316    14.2846  13.5626  -0.28805E+01  -0.51766E+00  -0.40442E+00   0.40156E+01   0.24546E+00
  317    14.4175  13.5665  -0.29029E+01  -0.52323E+00  -0.41000E+00   0.40153E+01   0.23760E+00
  318    14.5515  13.5703  -0.29254E+01  -0.52887E+00  -0.41564E+00   0.40150E+01   0.22988E+00
  319    14.6867  13.5741  -0.29481E+01  -0.53458E+00  -0.42134E+00   0.40146E+01   0.22230E+00
  320    14.8231  13.5778  -0.29710E+01  -0.54032E+00  -0.42708E+00   0.40143E+01   0.21525E+00
  321    14.9607  13.5815  -0.29940E+01  -0.54611E+00  -0.43287E+00   0.40140E+01   0.20773E+00
  322    15.0994  13.5851  -0.30171E+01  -0.55195E+00  -0.43871E+00   0.40137E+01   0.20069E+00
  323    15.2394  13.5887  -0.30406E+01  -0.55788E+00  -0.44464E+00   0.40135E+01   0.19368E+00
  324    15.3806  13.5922  -0.30637E+01  -0.56373E+00  -0.45050E+00   0.40132E+01   0.18707E+00
  325    15.5230  13.5957  -0.30873E+01  -0.56971E+00  -0.45647E+00   0.40129E+01   0.18064E+00
  326    15.6666  13.5991  -0.31109E+01  -0.57570E+00  -0.46246E+00   0.40126E+01   0.17424E+00
  327    15.8115  13.6025  -0.31347E+01  -0.58175E+00  -0.46851E+00   0.40124E+01   0.16815E+00
  328    15.9577  13.6059  -0.31587E+01  -0.58788E+00  -0.47464E+00   0.40121E+01   0.16216E+00
  329    16.1051  13.6092  -0.31828E+01  -0.59404E+00  -0.48080E+00   0.40119E+01   0.15626E+00
  330    16.2538  13.6124  -0.32070E+01  -0.60022E+00  -0.48698E+00   0.40116E+01   0.15065E+00
  331    16.4038  13.6157  -0.32313E+01  -0.60646E+00  -0.49322E+00   0.40114E+01   0.14505E+00
  332    16.5551  13.6188  -0.32558E+01  -0.61275E+00  -0.49951E+00   0.40112E+01   0.13973E+00
  333    16.7078  13.6220  -0.32804E+01  -0.61908E+00  -0.50584E+00   0.40110E+01   0.13454E+00
  334    16.8617  13.6251  -0.33052E+01  -0.62547E+00  -0.51223E+00   0.40107E+01   0.12947E+00
  335    17.0170  13.6281  -0.33301E+01  -0.63190E+00  -0.51866E+00   0.40105E+01   0.12460E+00
  336    17.1736  13.6312  -0.33553E+01  -0.63839E+00  -0.52515E+00   0.40103E+01   0.11979E+00
  337    17.3316  13.6342  -0.33805E+01  -0.64492E+00  -0.53168E+00   0.40101E+01   0.11521E+00
  338    17.4910  13.6371  -0.34058E+01  -0.65149E+00  -0.53825E+00   0.40099E+01   0.11070E+00
  339    17.6518  13.6400  -0.34313E+01  -0.65811E+00  -0.54487E+00   0.40097E+01   0.10634E+00
  340    17.8139  13.6429  -0.34570E+01  -0.66478E+00  -0.55155E+00   0.40095E+01   0.10215E+00
  341    17.9775  13.6457  -0.34828E+01  -0.67151E+00  -0.55827E+00   0.40094E+01   0.98092E-01
  342    18.1425  13.6485  -0.35087E+01  -0.67828E+00  -0.56504E+00   0.40092E+01   0.94112E-01
  343    18.3089  13.6513  -0.35348E+01  -0.68511E+00  -0.57187E+00   0.40090E+01   0.90291E-01
  344    18.4768  13.6540  -0.35611E+01  -0.69197E+00  -0.57873E+00   0.40088E+01   0.86611E-01
  345    18.6461  13.6567  -0.35874E+01  -0.69889E+00  -0.58565E+00   0.40087E+01   0.83038E-01
  346    18.8169  13.6593  -0.36140E+01  -0.70586E+00  -0.59262E+00   0.40085E+01   0.79591E-01
  347    18.9892  13.6619  -0.36407E+01  -0.71288E+00  -0.59964E+00   0.40084E+01   0.76285E-01
  348    19.1630  13.6645  -0.36675E+01  -0.71996E+00  -0.60672E+00   0.40082E+01   0.73042E-01
  349    19.3383  13.6671  -0.36945E+01  -0.72707E+00  -0.61384E+00   0.40081E+01   0.69944E-01
  350    19.5151  13.6696  -0.37217E+01  -0.73427E+00  -0.62103E+00   0.40079E+01   0.66911E-01
  351    19.6934  13.6721  -0.37490E+01  -0.74147E+00  -0.62823E+00   0.40078E+01   0.64013E-01
  352    19.8734  13.6745  -0.37765E+01  -0.74875E+00  -0.63551E+00   0.40076E+01   0.61209E-01
  353    20.0548  13.6770  -0.38041E+01  -0.75608E+00  -0.64284E+00   0.40075E+01   0.58540E-01
  354    20.2379  13.6794  -0.38319E+01  -0.76347E+00  -0.65023E+00   0.40074E+01   0.55936E-01
  355    20.4225  13.6817  -0.38597E+01  -0.77088E+00  -0.65764E+00   0.40072E+01   0.53442E-01
  356    20.6088  13.6840  -0.38878E+01  -0.77837E+00  -0.66513E+00   0.40071E+01   0.51050E-01
  357    20.7966  13.6863  -0.39161E+01  -0.78599E+00  -0.67275E+00   0.40000E+01   0.48723E-01
  358    20.9861  13.6886  -0.39445E+01  -0.79357E+00  -0.68033E+00   0.40000E+01   0.46495E-01
  359    21.1773  13.6909  -0.39731E+01  -0.80121E+00  -0.68798E+00   0.40000E+01   0.44342E-01
  360    21.3701  13.6931  -0.40018E+01  -0.80890E+00  -0.69566E+00   0.40000E+01   0.42266E-01
  361    21.5646  13.6953  -0.40307E+01  -0.81666E+00  -0.70342E+00   0.40000E+01   0.40295E-01
  362    21.7607  13.6974  -0.40597E+01  -0.82445E+00  -0.71121E+00   0.40000E+01   0.38392E-01
  363    21.9586  13.6995  -0.40889E+01  -0.83232E+00  -0.71908E+00   0.40000E+01   0.36567E-01
  364    22.1582  13.7016  -0.41183E+01  -0.84022E+00  -0.72698E+00   0.40000E+01   0.34817E-01
  365    22.3596  13.7037  -0.41478E+01  -0.84818E+00  -0.73494E+00   0.40000E+01   0.33133E-01
  366    22.5626  13.7058  -0.41774E+01  -0.85616E+00  -0.74292E+00   0.40000E+01   0.31541E-01
  367    22.7675  13.7078  -0.42073E+01  -0.86425E+00  -0.75102E+00   0.40000E+01   0.29989E-01
  368    22.9741  13.7098  -0.42373E+01  -0.87239E+00  -0.75915E+00   0.40000E+01   0.28536E-01
  369    23.1825  13.7117  -0.42675E+01  -0.88057E+00  -0.76734E+00   0.40000E+01   0.27099E-01
  370    23.3928  13.7137  -0.42979E+01  -0.88881E+00  -0.77557E+00   0.40000E+01   0.25720E-01
  371    23.6049  13.7156  -0.43284E+01  -0.89711E+00  -0.78387E+00   0.40000E+01   0.24422E-01
  372    23.8188  13.7175  -0.43591E+01  -0.90545E+00  -0.79221E+00   0.40000E+01   0.23191E-01
  373    24.0345  13.7194  -0.43899E+01  -0.91385E+00  -0.80062E+00   0.40000E+01   0.21995E-01
  374    24.2522  13.7212  -0.44209E+01  -0.92232E+00  -0.80908E+00   0.40000E+01   0.20871E-01
  375    24.4717  13.7230  -0.44522E+01  -0.93087E+00  -0.81763E+00   0.40000E+01   0.19767E-01
  376    24.6932  13.7248  -0.44835E+01  -0.93942E+00  -0.82618E+00   0.40000E+01   0.18753E-01
  377    24.9166  13.7266  -0.45150E+01  -0.94802E+00  -0.83478E+00   0.40000E+01   0.17759E-01
  378    25.1419  13.7284  -0.45468E+01  -0.95676E+00  -0.84352E+00   0.40000E+01   0.16814E-01
  379    25.3691  13.7301  -0.45786E+01  -0.96549E+00  -0.85225E+00   0.40000E+01   0.15933E-01
  380    25.5984  13.7318  -0.46107E+01  -0.97430E+00  -0.86106E+00   0.40000E+01   0.15051E-01
  381    25.8296  13.7335  -0.46429E+01  -0.98314E+00  -0.86991E+00   0.40000E+01   0.14255E-01
  382    26.0629  13.7351  -0.46753E+01  -0.99208E+00  -0.87884E+00   0.40000E+01   0.13464E-01
  383    26.2982  13.7368  -0.47080E+01  -0.10011E+01  -0.88785E+00   0.40000E+01   0.12715E-01
  384    26.5355  13.7384  -0.47407E+01  -0.10101E+01  -0.89687E+00   0.40000E+01   0.12015E-01
  385    26.7749  13.7400  -0.47736E+01  -0.10192E+01  -0.90596E+00   0.40000E+01   0.11326E-01
  386    27.0164  13.7416  -0.48067E+01  -0.10284E+01  -0.91513E+00   0.40000E+01   0.10701E-01
  387    27.2599  13.7431  -0.48400E+01  -0.10376E+01  -0.92434E+00   0.40000E+01   0.10095E-01
  388    27.5056  13.7447  -0.48736E+01  -0.10469E+01  -0.93364E+00   0.40000E+01   0.95011E-02
  389    27.7534  13.7462  -0.49071E+01  -0.10562E+01  -0.94294E+00   0.40000E+01   0.89669E-02
  390    28.0034  13.7477  -0.49408E+01  -0.10655E+01  -0.95230E+00   0.40000E+01   0.84495E-02
  391    28.2556  13.7492  -0.49749E+01  -0.10750E+01  -0.96177E+00   0.40000E+01   0.79663E-02
  392    28.5099  13.7506  -0.50091E+01  -0.10845E+01  -0.97130E+00   0.40000E+01   0.74968E-02
  393    28.7665  13.7521  -0.50434E+01  -0.10941E+01  -0.98086E+00   0.40000E+01   0.70565E-02
  394    29.0253  13.7535  -0.50780E+01  -0.11037E+01  -0.99049E+00   0.40000E+01   0.66282E-02
  395    29.2863  13.7549  -0.51128E+01  -0.11135E+01  -0.10002E+01   0.40000E+01   0.62292E-02
  396    29.5496  13.7563  -0.51475E+01  -0.11232E+01  -0.10099E+01   0.40000E+01   0.58418E-02
  397    29.8152  13.7577  -0.51825E+01  -0.11330E+01  -0.10197E+01   0.40000E+01   0.54954E-02
  398    30.0831  13.7590  -0.52175E+01  -0.11427E+01  -0.10295E+01   0.40000E+01   0.51650E-02
  399    30.3534  13.7604  -0.52532E+01  -0.11528E+01  -0.10395E+01   0.40000E+01   0.48360E-02
  400    30.6259  13.7617  -0.52887E+01  -0.11627E+01  -0.10495E+01   0.40000E+01   0.45385E-02
