    1     0.0001   0.0014  -0.15259E-04  -0.75069E-06   0.11240E+00   0.13554E+02   0.40051E+00
    2     0.0088   0.1221  -0.10509E-02   0.11597E-04   0.11241E+00   0.13469E+02   0.32906E+00
    3     0.0176   0.2423  -0.21998E-02   0.40900E-05   0.11241E+00   0.13386E+02   0.34869E+00
    4     0.0264   0.3621  -0.33931E-02  -0.67045E-05   0.11240E+00   0.13303E+02   0.36181E+00
    5     0.0353   0.4814  -0.46416E-02  -0.23324E-04   0.11238E+00   0.13220E+02   0.37496E+00
    6     0.0443   0.6003  -0.59265E-02  -0.41187E-04   0.11236E+00   0.13138E+02   0.38640E+00
    7     0.0534   0.7188  -0.72455E-02  -0.59827E-04   0.11234E+00   0.13056E+02   0.39684E+00
    8     0.0626   0.8368  -0.85976E-02  -0.79167E-04   0.11232E+00   0.12975E+02   0.40691E+00
    9     0.0718   0.9543  -0.99817E-02  -0.98611E-04   0.11230E+00   0.12894E+02   0.41683E+00
   10     0.0811   1.0713  -0.11397E-01  -0.11847E-03   0.11228E+00   0.12813E+02   0.42643E+00
   11     0.0905   1.1879  -0.12843E-01  -0.13836E-03   0.11226E+00   0.12732E+02   0.43598E+00
   12     0.1000   1.3039  -0.14318E-01  -0.15832E-03   0.11224E+00   0.12652E+02   0.44526E+00
   13     0.1096   1.4195  -0.15823E-01  -0.17824E-03   0.11222E+00   0.12572E+02   0.45463E+00
   14     0.1192   1.5346  -0.17358E-01  -0.19846E-03   0.11220E+00   0.12493E+02   0.46402E+00
   15     0.1290   1.6491  -0.18930E-01  -0.22076E-03   0.11218E+00   0.12414E+02   0.47345E+00
   16     0.1388   1.7632  -0.20522E-01  -0.24000E-03   0.11216E+00   0.12335E+02   0.48281E+00
   17     0.1487   1.8767  -0.22143E-01  -0.25958E-03   0.11214E+00   0.12257E+02   0.49205E+00
   18     0.1587   1.9897  -0.23792E-01  -0.27943E-03   0.11212E+00   0.12178E+02   0.50147E+00
   19     0.1687   2.1021  -0.25472E-01  -0.29966E-03   0.11210E+00   0.12101E+02   0.51092E+00
   20     0.1789   2.2140  -0.27182E-01  -0.32041E-03   0.11208E+00   0.12023E+02   0.52032E+00
   21     0.1891   2.3254  -0.28920E-01  -0.34154E-03   0.11206E+00   0.11946E+02   0.52991E+00
   22     0.1995   2.4362  -0.30689E-01  -0.36357E-03   0.11204E+00   0.11869E+02   0.53950E+00
   23     0.2099   2.5465  -0.32487E-01  -0.38595E-03   0.11202E+00   0.11792E+02   0.54917E+00
   24     0.2204   2.6562  -0.34315E-01  -0.40880E-03   0.11199E+00   0.11716E+02   0.55892E+00
   25     0.2310   2.7653  -0.36173E-01  -0.43243E-03   0.11197E+00   0.11640E+02   0.56877E+00
   26     0.2417   2.8738  -0.38061E-01  -0.45695E-03   0.11195E+00   0.11565E+02   0.57873E+00
   27     0.2525   2.9818  -0.39979E-01  -0.48270E-03   0.11192E+00   0.11489E+02   0.58868E+00
   28     0.2634   3.0892  -0.41926E-01  -0.50927E-03   0.11189E+00   0.11415E+02   0.59879E+00
   29     0.2744   3.1959  -0.43905E-01  -0.53723E-03   0.11187E+00   0.11340E+02   0.60900E+00
   30     0.2855   3.3021  -0.45913E-01  -0.56624E-03   0.11184E+00   0.11266E+02   0.61930E+00
   31     0.2967   3.4077  -0.47954E-01  -0.59677E-03   0.11181E+00   0.11192E+02   0.62964E+00
   32     0.3079   3.5127  -0.50026E-01  -0.62904E-03   0.11177E+00   0.11118E+02   0.64011E+00
   33     0.3193   3.6170  -0.52120E-01  -0.66080E-03   0.11174E+00   0.11045E+02   0.65074E+00
   34     0.3308   3.7207  -0.54259E-01  -0.69746E-03   0.11171E+00   0.10972E+02   0.66143E+00
   35     0.3423   3.8238  -0.56431E-01  -0.73646E-03   0.11167E+00   0.10900E+02   0.67208E+00
   36     0.3540   3.9263  -0.58635E-01  -0.77784E-03   0.11163E+00   0.10828E+02   0.68303E+00
   37     0.3658   4.0281  -0.60873E-01  -0.82105E-03   0.11158E+00   0.10756E+02   0.69401E+00
   38     0.3777   4.1293  -0.63142E-01  -0.86613E-03   0.11154E+00   0.10685E+02   0.70510E+00
   39     0.3896   4.2299  -0.65442E-01  -0.91328E-03   0.11149E+00   0.10614E+02   0.71630E+00
   40     0.4017   4.3298  -0.67772E-01  -0.96219E-03   0.11144E+00   0.10543E+02   0.72761E+00
   41     0.4139   4.4291  -0.70136E-01  -0.10136E-02   0.11139E+00   0.10473E+02   0.73904E+00
   42     0.4262   4.5276  -0.72532E-01  -0.10677E-02   0.11134E+00   0.10403E+02   0.75061E+00
   43     0.4386   4.6256  -0.74963E-01  -0.11245E-02   0.11128E+00   0.10334E+02   0.76217E+00
   44     0.4511   4.7229  -0.77429E-01  -0.11847E-02   0.11122E+00   0.10265E+02   0.77386E+00
   45     0.4637   4.8195  -0.79932E-01  -0.12485E-02   0.11115E+00   0.10196E+02   0.78573E+00
   46     0.4764   4.9154  -0.82470E-01  -0.13158E-02   0.11109E+00   0.10128E+02   0.79768E+00
   47     0.4893   5.0106  -0.85043E-01  -0.13862E-02   0.11102E+00   0.10060E+02   0.80974E+00
   48     0.5022   5.1052  -0.87650E-01  -0.14600E-02   0.11094E+00   0.99920E+01   0.82187E+00
   49     0.5153   5.1991  -0.90293E-01  -0.15365E-02   0.11087E+00   0.99249E+01   0.83407E+00
   50     0.5285   5.2923  -0.92969E-01  -0.16163E-02   0.11079E+00   0.98581E+01   0.84649E+00
   51     0.5417   5.3849  -0.95681E-01  -0.16998E-02   0.11070E+00   0.97918E+01   0.85887E+00
   52     0.5552   5.4767  -0.98429E-01  -0.17872E-02   0.11062E+00   0.97258E+01   0.87143E+00
   53     0.5687   5.5679  -0.10122E+00  -0.18792E-02   0.11052E+00   0.96603E+01   0.88420E+00
   54     0.5823   5.6583  -0.10404E+00  -0.19757E-02   0.11043E+00   0.95951E+01   0.89690E+00
   55     0.5961   5.7481  -0.10690E+00  -0.20763E-02   0.11033E+00   0.95303E+01   0.90981E+00
   56     0.6099   5.8371  -0.10980E+00  -0.21809E-02   0.11022E+00   0.94659E+01   0.92285E+00
   57     0.6239   5.9255  -0.11273E+00  -0.22896E-02   0.11011E+00   0.94019E+01   0.93592E+00
   58     0.6381   6.0132  -0.11570E+00  -0.24020E-02   0.11000E+00   0.93383E+01   0.94909E+00
   59     0.6523   6.1001  -0.11871E+00  -0.25186E-02   0.10988E+00   0.92752E+01   0.96234E+00
   60     0.6667   6.1864  -0.12175E+00  -0.26406E-02   0.10976E+00   0.92124E+01   0.97564E+00
   61     0.6812   6.2719  -0.12484E+00  -0.27676E-02   0.10964E+00   0.91501E+01   0.98909E+00
   62     0.6958   6.3568  -0.12796E+00  -0.28998E-02   0.10950E+00   0.90882E+01   0.10026E+01
   63     0.7105   6.4409  -0.13113E+00  -0.30372E-02   0.10937E+00   0.90268E+01   0.10164E+01
   64     0.7254   6.5244  -0.13433E+00  -0.31789E-02   0.10922E+00   0.89657E+01   0.10301E+01
   65     0.7404   6.6071  -0.13757E+00  -0.33254E-02   0.10908E+00   0.89051E+01   0.10440E+01
   66     0.7555   6.6891  -0.14085E+00  -0.34770E-02   0.10893E+00   0.88448E+01   0.10579E+01
   67     0.7708   6.7704  -0.14417E+00  -0.36338E-02   0.10877E+00   0.87850E+01   0.10718E+01
   68     0.7862   6.8511  -0.14752E+00  -0.37962E-02   0.10861E+00   0.87256E+01   0.10859E+01
   69     0.8017   6.9310  -0.15092E+00  -0.39643E-02   0.10844E+00   0.86666E+01   0.11000E+01
   70     0.8174   7.0102  -0.15436E+00  -0.41383E-02   0.10826E+00   0.86081E+01   0.11143E+01
   71     0.8332   7.0886  -0.15784E+00  -0.43181E-02   0.10809E+00   0.85500E+01   0.11287E+01
   72     0.8491   7.1664  -0.16137E+00  -0.45035E-02   0.10790E+00   0.84922E+01   0.11430E+01
   73     0.8652   7.2435  -0.16493E+00  -0.46948E-02   0.10771E+00   0.84349E+01   0.11575E+01
   74     0.8814   7.3199  -0.16853E+00  -0.48925E-02   0.10751E+00   0.83780E+01   0.11720E+01
   75     0.8977   7.3956  -0.17218E+00  -0.50969E-02   0.10731E+00   0.83216E+01   0.11866E+01
   76     0.9142   7.4705  -0.17587E+00  -0.53075E-02   0.10710E+00   0.82655E+01   0.12012E+01
   77     0.9309   7.5448  -0.17959E+00  -0.55245E-02   0.10688E+00   0.82099E+01   0.12159E+01
   78     0.9477   7.6184  -0.18336E+00  -0.57473E-02   0.10666E+00   0.81546E+01   0.12307E+01
   79     0.9646   7.6913  -0.18717E+00  -0.59760E-02   0.10643E+00   0.80998E+01   0.12455E+01
   80     0.9817   7.7635  -0.19103E+00  -0.62113E-02   0.10619E+00   0.80455E+01   0.12604E+01
   81     0.9989   7.8350  -0.19492E+00  -0.64536E-02   0.10595E+00   0.79915E+01   0.12756E+01
   82     1.0163   7.9058  -0.19887E+00  -0.67033E-02   0.10570E+00   0.79380E+01   0.12907E+01
   83     1.0338   7.9759  -0.20285E+00  -0.69600E-02   0.10544E+00   0.78849E+01   0.13057E+01
   84     1.0515   8.0453  -0.20688E+00  -0.72234E-02   0.10518E+00   0.78323E+01   0.13206E+01
   85     1.0693   8.1141  -0.21095E+00  -0.74939E-02   0.10491E+00   0.77800E+01   0.13356E+01
   86     1.0873   8.1821  -0.21506E+00  -0.77713E-02   0.10463E+00   0.77282E+01   0.13506E+01
   87     1.1055   8.2495  -0.21922E+00  -0.80556E-02   0.10435E+00   0.76768E+01   0.13658E+01
   88     1.1238   8.3162  -0.22342E+00  -0.83475E-02   0.10406E+00   0.76257E+01   0.13810E+01
   89     1.1423   8.3823  -0.22767E+00  -0.86478E-02   0.10376E+00   0.75751E+01   0.13962E+01
   90     1.1609   8.4477  -0.23196E+00  -0.89559E-02   0.10345E+00   0.75250E+01   0.14115E+01
   91     1.1797   8.5124  -0.23630E+00  -0.92712E-02   0.10313E+00   0.74753E+01   0.14267E+01
   92     1.1986   8.5764  -0.24068E+00  -0.95934E-02   0.10281E+00   0.74260E+01   0.14419E+01
   93     1.2177   8.6398  -0.24510E+00  -0.99230E-02   0.10248E+00   0.73770E+01   0.14571E+01
   94     1.2370   8.7025  -0.24957E+00  -0.10260E-01   0.10214E+00   0.73285E+01   0.14724E+01
   95     1.2565   8.7646  -0.25408E+00  -0.10607E-01   0.10180E+00   0.72804E+01   0.14878E+01
   96     1.2761   8.8260  -0.25865E+00  -0.10964E-01   0.10144E+00   0.72327E+01   0.15029E+01
   97     1.2959   8.8868  -0.26328E+00  -0.11331E-01   0.10107E+00   0.71855E+01   0.15181E+01
   98     1.3158   8.9469  -0.26795E+00  -0.11708E-01   0.10069E+00   0.71388E+01   0.15333E+01
   99     1.3360   9.0065  -0.27266E+00  -0.12090E-01   0.10031E+00   0.70924E+01   0.15484E+01
  100     1.3563   9.0653  -0.27740E+00  -0.12476E-01   0.99927E-01   0.70463E+01   0.15636E+01
  101     1.3767   9.1236  -0.28218E+00  -0.12870E-01   0.99533E-01   0.70005E+01   0.15789E+01
  102     1.3974   9.1812  -0.28701E+00  -0.13275E-01   0.99128E-01   0.69552E+01   0.15940E+01
  103     1.4183   9.2382  -0.29191E+00  -0.13692E-01   0.98711E-01   0.69104E+01   0.16091E+01
  104     1.4393   9.2945  -0.29685E+00  -0.14118E-01   0.98285E-01   0.68661E+01   0.16240E+01
  105     1.4605   9.3503  -0.30184E+00  -0.14552E-01   0.97851E-01   0.68221E+01   0.16390E+01
  106     1.4819   9.4054  -0.30688E+00  -0.14996E-01   0.97407E-01   0.67785E+01   0.16540E+01
  107     1.5035   9.4600  -0.31196E+00  -0.15449E-01   0.96954E-01   0.67353E+01   0.16690E+01
  108     1.5252   9.5139  -0.31710E+00  -0.15911E-01   0.96492E-01   0.66925E+01   0.16838E+01
  109     1.5472   9.5673  -0.32228E+00  -0.16384E-01   0.96019E-01   0.66501E+01   0.16983E+01
  110     1.5693   9.6200  -0.32751E+00  -0.16866E-01   0.95537E-01   0.66080E+01   0.17125E+01
  111     1.5917   9.6722  -0.33279E+00  -0.17358E-01   0.95045E-01   0.65664E+01   0.17270E+01
  112     1.6142   9.7238  -0.33812E+00  -0.17860E-01   0.94543E-01   0.65252E+01   0.17416E+01
  113     1.6369   9.7748  -0.34350E+00  -0.18371E-01   0.94032E-01   0.64844E+01   0.17564E+01
  114     1.6598   9.8252  -0.34893E+00  -0.18893E-01   0.93510E-01   0.64440E+01   0.17709E+01
  115     1.6830   9.8751  -0.35442E+00  -0.19426E-01   0.92977E-01   0.64040E+01   0.17849E+01
  116     1.7063   9.9244  -0.35995E+00  -0.19971E-01   0.92432E-01   0.63643E+01   0.17989E+01
  117     1.7298   9.9731  -0.36553E+00  -0.20525E-01   0.91878E-01   0.63249E+01   0.18128E+01
  118     1.7536  10.0213  -0.37116E+00  -0.21087E-01   0.91316E-01   0.62861E+01   0.18266E+01
  119     1.7775  10.0689  -0.37684E+00  -0.21661E-01   0.90742E-01   0.62476E+01   0.18404E+01
  120     1.8016  10.1160  -0.38258E+00  -0.22247E-01   0.90156E-01   0.62096E+01   0.18540E+01
  121     1.8260  10.1626  -0.38837E+00  -0.22843E-01   0.89560E-01   0.61718E+01   0.18675E+01
  122     1.8506  10.2086  -0.39420E+00  -0.23448E-01   0.88955E-01   0.61345E+01   0.18808E+01
  123     1.8753  10.2541  -0.40008E+00  -0.24065E-01   0.88339E-01   0.60975E+01   0.18940E+01
  124     1.9003  10.2990  -0.40603E+00  -0.24694E-01   0.87709E-01   0.60609E+01   0.19070E+01
  125     1.9256  10.3434  -0.41203E+00  -0.25337E-01   0.87066E-01   0.60247E+01   0.19199E+01
  126     1.9510  10.3873  -0.41808E+00  -0.25992E-01   0.86411E-01   0.59889E+01   0.19325E+01
  127     1.9766  10.4307  -0.42418E+00  -0.26656E-01   0.85747E-01   0.59535E+01   0.19451E+01
  128     2.0025  10.4736  -0.43033E+00  -0.27330E-01   0.85073E-01   0.59184E+01   0.19576E+01
  129     2.0286  10.5160  -0.43654E+00  -0.28015E-01   0.84388E-01   0.58838E+01   0.19697E+01
  130     2.0550  10.5579  -0.44280E+00  -0.28715E-01   0.83688E-01   0.58496E+01   0.19817E+01
  131     2.0815  10.5993  -0.44912E+00  -0.29426E-01   0.82977E-01   0.58157E+01   0.19934E+01
  132     2.1083  10.6402  -0.45549E+00  -0.30150E-01   0.82253E-01   0.57821E+01   0.20051E+01
  133     2.1353  10.6806  -0.46192E+00  -0.30886E-01   0.81517E-01   0.57489E+01   0.20165E+01
  134     2.1626  10.7205  -0.46840E+00  -0.31633E-01   0.80770E-01   0.57162E+01   0.20276E+01
  135     2.1901  10.7600  -0.47493E+00  -0.32393E-01   0.80010E-01   0.56838E+01   0.20387E+01
  136     2.2178  10.7990  -0.48153E+00  -0.33166E-01   0.79237E-01   0.56518E+01   0.20493E+01
  137     2.2458  10.8375  -0.48818E+00  -0.33952E-01   0.78451E-01   0.56202E+01   0.20598E+01
  138     2.2740  10.8756  -0.49488E+00  -0.34751E-01   0.77652E-01   0.55889E+01   0.20703E+01
  139     2.3025  10.9132  -0.50164E+00  -0.35562E-01   0.76841E-01   0.55581E+01   0.20803E+01
  140     2.3312  10.9504  -0.50845E+00  -0.36385E-01   0.76018E-01   0.55275E+01   0.20901E+01
  141     2.3602  10.9871  -0.51532E+00  -0.37222E-01   0.75181E-01   0.54973E+01   0.20995E+01
  142     2.3894  11.0234  -0.52225E+00  -0.38072E-01   0.74331E-01   0.54675E+01   0.21088E+01
  143     2.4188  11.0592  -0.52923E+00  -0.38933E-01   0.73470E-01   0.54381E+01   0.21179E+01
  144     2.4486  11.0946  -0.53627E+00  -0.39808E-01   0.72595E-01   0.54090E+01   0.21266E+01
  145     2.4785  11.1296  -0.54338E+00  -0.40701E-01   0.71702E-01   0.53803E+01   0.21351E+01
  146     2.5088  11.1641  -0.55054E+00  -0.41607E-01   0.70796E-01   0.53521E+01   0.21432E+01
  147     2.5393  11.1982  -0.55775E+00  -0.42523E-01   0.69880E-01   0.53241E+01   0.21511E+01
  148     2.5701  11.2320  -0.56503E+00  -0.43455E-01   0.68948E-01   0.52965E+01   0.21588E+01
  149     2.6011  11.2653  -0.57237E+00  -0.44402E-01   0.68001E-01   0.52693E+01   0.21663E+01
  150     2.6324  11.2982  -0.57976E+00  -0.45359E-01   0.67044E-01   0.52425E+01   0.21736E+01
  151     2.6640  11.3306  -0.58720E+00  -0.46330E-01   0.66073E-01   0.52160E+01   0.21805E+01
  152     2.6958  11.3627  -0.59471E+00  -0.47317E-01   0.65086E-01   0.51899E+01   0.21872E+01
  153     2.7280  11.3944  -0.60228E+00  -0.48319E-01   0.64084E-01   0.51642E+01   0.21933E+01
  154     2.7604  11.4258  -0.60992E+00  -0.49337E-01   0.63066E-01   0.51388E+01   0.21990E+01
  155     2.7931  11.4567  -0.61761E+00  -0.50368E-01   0.62036E-01   0.51138E+01   0.22046E+01
  156     2.8260  11.4872  -0.62536E+00  -0.51413E-01   0.60991E-01   0.50891E+01   0.22100E+01
  157     2.8593  11.5174  -0.63317E+00  -0.52473E-01   0.59930E-01   0.50648E+01   0.22148E+01
  158     2.8929  11.5472  -0.64105E+00  -0.53550E-01   0.58853E-01   0.50410E+01   0.22196E+01
  159     2.9267  11.5766  -0.64899E+00  -0.54642E-01   0.57761E-01   0.50175E+01   0.22242E+01
  160     2.9608  11.6057  -0.65700E+00  -0.55748E-01   0.56655E-01   0.49944E+01   0.22280E+01
  161     2.9953  11.6344  -0.66506E+00  -0.56870E-01   0.55533E-01   0.49716E+01   0.22316E+01
  162     3.0300  11.6628  -0.67318E+00  -0.58007E-01   0.54396E-01   0.49491E+01   0.22350E+01
  163     3.0651  11.6908  -0.68136E+00  -0.59159E-01   0.53244E-01   0.49269E+01   0.22381E+01
  164     3.1004  11.7184  -0.68961E+00  -0.60327E-01   0.52076E-01   0.49052E+01   0.22407E+01
  165     3.1360  11.7458  -0.69793E+00  -0.61513E-01   0.50890E-01   0.48838E+01   0.22428E+01
  166     3.1720  11.7727  -0.70631E+00  -0.62712E-01   0.49691E-01   0.48628E+01   0.22447E+01
  167     3.2083  11.7994  -0.71475E+00  -0.63930E-01   0.48473E-01   0.48421E+01   0.22461E+01
  168     3.2449  11.8257  -0.72326E+00  -0.65164E-01   0.47239E-01   0.48218E+01   0.22473E+01
  169     3.2818  11.8517  -0.73182E+00  -0.66410E-01   0.45993E-01   0.48019E+01   0.22482E+01
  170     3.3190  11.8773  -0.74046E+00  -0.67677E-01   0.44726E-01   0.47822E+01   0.22485E+01
  171     3.3565  11.9026  -0.74917E+00  -0.68961E-01   0.43442E-01   0.47630E+01   0.22486E+01
  172     3.3944  11.9277  -0.75793E+00  -0.70259E-01   0.42144E-01   0.47441E+01   0.22484E+01
  173     3.4326  11.9524  -0.76676E+00  -0.71573E-01   0.40830E-01   0.47255E+01   0.22478E+01
  174     3.4712  11.9768  -0.77566E+00  -0.72906E-01   0.39497E-01   0.47074E+01   0.22467E+01
  175     3.5100  12.0009  -0.78462E+00  -0.74256E-01   0.38147E-01   0.46895E+01   0.22453E+01
  176     3.5492  12.0246  -0.79365E+00  -0.75623E-01   0.36780E-01   0.46720E+01   0.22438E+01
  177     3.5888  12.0481  -0.80275E+00  -0.77008E-01   0.35395E-01   0.46548E+01   0.22418E+01
  178     3.6287  12.0713  -0.81191E+00  -0.78409E-01   0.33994E-01   0.46380E+01   0.22396E+01
  179     3.6689  12.0942  -0.82114E+00  -0.79829E-01   0.32574E-01   0.46215E+01   0.22367E+01
  180     3.7095  12.1169  -0.83044E+00  -0.81267E-01   0.31136E-01   0.46053E+01   0.22335E+01
  181     3.7505  12.1392  -0.83981E+00  -0.82723E-01   0.29680E-01   0.45895E+01   0.22299E+01
  182     3.7918  12.1612  -0.84925E+00  -0.84198E-01   0.28205E-01   0.45740E+01   0.22260E+01
  183     3.8334  12.1830  -0.85876E+00  -0.85691E-01   0.26712E-01   0.45589E+01   0.22216E+01
  184     3.8754  12.2045  -0.86834E+00  -0.87204E-01   0.25199E-01   0.45440E+01   0.22173E+01
  185     3.9178  12.2257  -0.87801E+00  -0.88741E-01   0.23662E-01   0.45295E+01   0.22122E+01
  186     3.9606  12.2467  -0.88773E+00  -0.90291E-01   0.22112E-01   0.45153E+01   0.22068E+01
  187     4.0037  12.2674  -0.89751E+00  -0.91857E-01   0.20546E-01   0.45014E+01   0.22011E+01
  188     4.0472  12.2878  -0.90736E+00  -0.93445E-01   0.18958E-01   0.44878E+01   0.21949E+01
  189     4.0911  12.3080  -0.91730E+00  -0.95053E-01   0.17350E-01   0.44745E+01   0.21883E+01
  190     4.1353  12.3279  -0.92729E+00  -0.96677E-01   0.15726E-01   0.44615E+01   0.21818E+01
  191     4.1800  12.3476  -0.93737E+00  -0.98327E-01   0.14076E-01   0.44489E+01   0.21741E+01
  192     4.2250  12.3670  -0.94752E+00  -0.99995E-01   0.12408E-01   0.44365E+01   0.21663E+01
  193     4.2705  12.3862  -0.95774E+00  -0.10168E+00   0.10721E-01   0.44244E+01   0.21585E+01
  194     4.3163  12.4051  -0.96803E+00  -0.10339E+00   0.90135E-02   0.44126E+01   0.21503E+01
  195     4.3625  12.4238  -0.97839E+00  -0.10512E+00   0.72866E-02   0.44011E+01   0.21418E+01
  196     4.4091  12.4423  -0.98883E+00  -0.10686E+00   0.55386E-02   0.43899E+01   0.21329E+01
  197     4.4561  12.4605  -0.99935E+00  -0.10864E+00   0.37664E-02   0.43790E+01   0.21233E+01
  198     4.5036  12.4785  -0.10099E+01  -0.11043E+00   0.19771E-02   0.43683E+01   0.21136E+01
  199     4.5514  12.4962  -0.10206E+01  -0.11224E+00   0.16688E-03   0.43579E+01   0.21038E+01
  200     4.5997  12.5138  -0.10313E+01  -0.11407E+00  -0.16645E-02   0.43477E+01   0.20933E+01
  201     4.6484  12.5311  -0.10421E+01  -0.11593E+00  -0.35224E-02   0.43379E+01   0.20829E+01
  202     4.6975  12.5482  -0.10530E+01  -0.11780E+00  -0.53989E-02   0.43282E+01   0.20716E+01
  203     4.7470  12.5650  -0.10640E+01  -0.11970E+00  -0.72965E-02   0.43189E+01   0.20600E+01
  204     4.7970  12.5817  -0.10750E+01  -0.12162E+00  -0.92155E-02   0.43097E+01   0.20485E+01
  205     4.8474  12.5981  -0.10861E+01  -0.12357E+00  -0.11163E-01   0.43009E+01   0.20366E+01
  206     4.8982  12.6144  -0.10973E+01  -0.12553E+00  -0.13126E-01   0.42922E+01   0.20244E+01
  207     4.9495  12.6304  -0.11086E+01  -0.12752E+00  -0.15118E-01   0.42838E+01   0.20117E+01
  208     5.0012  12.6462  -0.11200E+01  -0.12953E+00  -0.17130E-01   0.42756E+01   0.19987E+01
  209     5.0534  12.6619  -0.11314E+01  -0.13156E+00  -0.19159E-01   0.42676E+01   0.19857E+01
  210     5.1060  12.6773  -0.11429E+01  -0.13362E+00  -0.21217E-01   0.42599E+01   0.19723E+01
  211     5.1591  12.6925  -0.11545E+01  -0.13570E+00  -0.23299E-01   0.42523E+01   0.19583E+01
  212     5.2126  12.7076  -0.11661E+01  -0.13781E+00  -0.25405E-01   0.42450E+01   0.19442E+01
  213     5.2667  12.7224  -0.11779E+01  -0.13994E+00  -0.27534E-01   0.42379E+01   0.19299E+01
  214     5.3211  12.7371  -0.11897E+01  -0.14209E+00  -0.29686E-01   0.42310E+01   0.19157E+01
  215     5.3761  12.7515  -0.12016E+01  -0.14427E+00  -0.31862E-01   0.42243E+01   0.19009E+01
  216     5.4315  12.7658  -0.12136E+01  -0.14647E+00  -0.34065E-01   0.42178E+01   0.18858E+01
  217     5.4874  12.7799  -0.12257E+01  -0.14869E+00  -0.36291E-01   0.42114E+01   0.18704E+01
  218     5.5438  12.7938  -0.12378E+01  -0.15095E+00  -0.38544E-01   0.42053E+01   0.18547E+01
  219     5.6007  12.8076  -0.12500E+01  -0.15322E+00  -0.40820E-01   0.41993E+01   0.18388E+01
  220     5.6581  12.8211  -0.12624E+01  -0.15553E+00  -0.43123E-01   0.41935E+01   0.18228E+01
  221     5.7160  12.8345  -0.12748E+01  -0.15785E+00  -0.45451E-01   0.41878E+01   0.18064E+01
  222     5.7744  12.8477  -0.12872E+01  -0.16021E+00  -0.47804E-01   0.41823E+01   0.17899E+01
  223     5.8333  12.8608  -0.12998E+01  -0.16259E+00  -0.50182E-01   0.41770E+01   0.17732E+01
  224     5.8927  12.8737  -0.13124E+01  -0.16499E+00  -0.52585E-01   0.41718E+01   0.17564E+01
  225     5.9526  12.8864  -0.13252E+01  -0.16742E+00  -0.55015E-01   0.41668E+01   0.17391E+01
  226     6.0131  12.8990  -0.13380E+01  -0.16987E+00  -0.57472E-01   0.41620E+01   0.17218E+01
  227     6.0740  12.9114  -0.13509E+01  -0.17235E+00  -0.59952E-01   0.41573E+01   0.17046E+01
  228     6.1355  12.9236  -0.13639E+01  -0.17487E+00  -0.62464E-01   0.41528E+01   0.16869E+01
  229     6.1976  12.9357  -0.13770E+01  -0.17741E+00  -0.65005E-01   0.41483E+01   0.16690E+01
  230     6.2602  12.9476  -0.13901E+01  -0.17997E+00  -0.67567E-01   0.41440E+01   0.16511E+01
  231     6.3233  12.9594  -0.14034E+01  -0.18256E+00  -0.70156E-01   0.41398E+01   0.16331E+01
  232     6.3869  12.9710  -0.14167E+01  -0.18518E+00  -0.72781E-01   0.41358E+01   0.16149E+01
  233     6.4512  12.9825  -0.14301E+01  -0.18783E+00  -0.75429E-01   0.41319E+01   0.15962E+01
  234     6.5159  12.9938  -0.14437E+01  -0.19051E+00  -0.78103E-01   0.41280E+01   0.15779E+01
  235     6.5813  13.0050  -0.14573E+01  -0.19321E+00  -0.80806E-01   0.41243E+01   0.15595E+01
  236     6.6472  13.0160  -0.14709E+01  -0.19594E+00  -0.83536E-01   0.41208E+01   0.15404E+01
  237     6.7137  13.0269  -0.14847E+01  -0.19870E+00  -0.86296E-01   0.41174E+01   0.15214E+01
  238     6.7807  13.0377  -0.14986E+01  -0.20148E+00  -0.89079E-01   0.41140E+01   0.15025E+01
  239     6.8484  13.0483  -0.15126E+01  -0.20430E+00  -0.91902E-01   0.41107E+01   0.14836E+01
  240     6.9166  13.0588  -0.15266E+01  -0.20715E+00  -0.94747E-01   0.41076E+01   0.14647E+01
  241     6.9854  13.0691  -0.15407E+01  -0.21002E+00  -0.97621E-01   0.41045E+01   0.14453E+01
  242     7.0549  13.0794  -0.15550E+01  -0.21292E+00  -0.10052E+00   0.41015E+01   0.14264E+01
  243     7.1249  13.0894  -0.15693E+01  -0.21586E+00  -0.10346E+00   0.40986E+01   0.14069E+01
  244     7.1955  13.0994  -0.15837E+01  -0.21883E+00  -0.10643E+00   0.40959E+01   0.13876E+01
  245     7.2668  13.1092  -0.15982E+01  -0.22182E+00  -0.10942E+00   0.40932E+01   0.13680E+01
  246     7.3387  13.1189  -0.16129E+01  -0.22485E+00  -0.11244E+00   0.40905E+01   0.13488E+01
  247     7.4112  13.1285  -0.16276E+01  -0.22790E+00  -0.11550E+00   0.40880E+01   0.13293E+01
  248     7.4843  13.1380  -0.16423E+01  -0.23098E+00  -0.11858E+00   0.40855E+01   0.13095E+01
  249     7.5580  13.1473  -0.16572E+01  -0.23410E+00  -0.12170E+00   0.40831E+01   0.12902E+01
  250     7.6324  13.1565  -0.16722E+01  -0.23724E+00  -0.12484E+00   0.40808E+01   0.12704E+01
  251     7.7075  13.1656  -0.16873E+01  -0.24042E+00  -0.12802E+00   0.40785E+01   0.12512E+01
  252     7.7832  13.1746  -0.17025E+01  -0.24363E+00  -0.13122E+00   0.40764E+01   0.12319E+01
  253     7.8596  13.1834  -0.17177E+01  -0.24686E+00  -0.13446E+00   0.40743E+01   0.12124E+01
  254     7.9366  13.1922  -0.17331E+01  -0.25014E+00  -0.13774E+00   0.40722E+01   0.11931E+01
  255     8.0143  13.2008  -0.17485E+01  -0.25343E+00  -0.14103E+00   0.40702E+01   0.11741E+01
  256     8.0926  13.2093  -0.17642E+01  -0.25678E+00  -0.14438E+00   0.40683E+01   0.11546E+01
  257     8.1717  13.2178  -0.17798E+01  -0.26014E+00  -0.14774E+00   0.40664E+01   0.11353E+01
  258     8.2514  13.2261  -0.17956E+01  -0.26354E+00  -0.15114E+00   0.40646E+01   0.11161E+01
  259     8.3319  13.2343  -0.18115E+01  -0.26698E+00  -0.15458E+00   0.40629E+01   0.10973E+01
  260     8.4130  13.2424  -0.18274E+01  -0.27045E+00  -0.15805E+00   0.40612E+01   0.10775E+01
  261     8.4948  13.2503  -0.18435E+01  -0.27393E+00  -0.16153E+00   0.40595E+01   0.10589E+01
  262     8.5774  13.2582  -0.18597E+01  -0.27747E+00  -0.16507E+00   0.40579E+01   0.10400E+01
  263     8.6606  13.2660  -0.18759E+01  -0.28103E+00  -0.16863E+00   0.40564E+01   0.10209E+01
  264     8.7446  13.2737  -0.18923E+01  -0.28462E+00  -0.17222E+00   0.40549E+01   0.10022E+01
  265     8.8293  13.2813  -0.19087E+01  -0.28825E+00  -0.17585E+00   0.40534E+01   0.98380E+00
  266     8.9148  13.2888  -0.19253E+01  -0.29192E+00  -0.17952E+00   0.40520E+01   0.96516E+00
  267     9.0010  13.2962  -0.19420E+01  -0.29562E+00  -0.18322E+00   0.40506E+01   0.94683E+00
  268     9.0879  13.3035  -0.19588E+01  -0.29935E+00  -0.18695E+00   0.40493E+01   0.92898E+00
  269     9.1756  13.3107  -0.19757E+01  -0.30312E+00  -0.19072E+00   0.40480E+01   0.91029E+00
  270     9.2641  13.3178  -0.19927E+01  -0.30692E+00  -0.19452E+00   0.40467E+01   0.89205E+00
  271     9.3534  13.3248  -0.20097E+01  -0.31075E+00  -0.19835E+00   0.40455E+01   0.87437E+00
  272     9.4434  13.3317  -0.20270E+01  -0.31463E+00  -0.20223E+00   0.40443E+01   0.85676E+00
  273     9.5342  13.3386  -0.20442E+01  -0.31853E+00  -0.20612E+00   0.40432E+01   0.83911E+00
  274     9.6257  13.3453  -0.20616E+01  -0.32245E+00  -0.21004E+00   0.40421E+01   0.82183E+00
  275     9.7181  13.3520  -0.20792E+01  -0.32644E+00  -0.21404E+00   0.40410E+01   0.80452E+00
  276     9.8113  13.3586  -0.20968E+01  -0.33046E+00  -0.21805E+00   0.40399E+01   0.78724E+00
  277     9.9053  13.3651  -0.21145E+01  -0.33450E+00  -0.22210E+00   0.40389E+01   0.77084E+00
  278    10.0001  13.3715  -0.21324E+01  -0.33858E+00  -0.22618E+00   0.40379E+01   0.75362E+00
  279    10.0957  13.3778  -0.21504E+01  -0.34272E+00  -0.23031E+00   0.40370E+01   0.73699E+00
  280    10.1922  13.3841  -0.21684E+01  -0.34686E+00  -0.23446E+00   0.40360E+01   0.72068E+00
  281    10.2895  13.3902  -0.21866E+01  -0.35105E+00  -0.23864E+00   0.40351E+01   0.70436E+00
  282    10.3877  13.3963  -0.22049E+01  -0.35528E+00  -0.24288E+00   0.40342E+01   0.68825E+00
  283    10.4867  13.4023  -0.22233E+01  -0.35955E+00  -0.24714E+00   0.40334E+01   0.67243E+00
  284    10.5865  13.4083  -0.22418E+01  -0.36385E+00  -0.25144E+00   0.40326E+01   0.65695E+00
  285    10.6873  13.4141  -0.22604E+01  -0.36818E+00  -0.25578E+00   0.40318E+01   0.64117E+00
  286    10.7889  13.4199  -0.22792E+01  -0.37257E+00  -0.26016E+00   0.40310E+01   0.62603E+00
  287    10.8914  13.4256  -0.22980E+01  -0.37698E+00  -0.26458E+00   0.40302E+01   0.61106E+00
  288    10.9947  13.4312  -0.23170E+01  -0.38144E+00  -0.26904E+00   0.40295E+01   0.59605E+00
  289    11.0990  13.4368  -0.23361E+01  -0.38592E+00  -0.27351E+00   0.40288E+01   0.58133E+00
  290    11.2042  13.4423  -0.23553E+01  -0.39046E+00  -0.27805E+00   0.40281E+01   0.56697E+00
  291    11.3103  13.4477  -0.23746E+01  -0.39503E+00  -0.28263E+00   0.40274E+01   0.55252E+00
  292    11.4173  13.4530  -0.23940E+01  -0.39963E+00  -0.28723E+00   0.40267E+01   0.53868E+00
  293    11.5253  13.4583  -0.24136E+01  -0.40428E+00  -0.29187E+00   0.40261E+01   0.52472E+00
  294    11.6342  13.4635  -0.24333E+01  -0.40896E+00  -0.29656E+00   0.40255E+01   0.51085E+00
  295    11.7440  13.4687  -0.24530E+01  -0.41368E+00  -0.30128E+00   0.40249E+01   0.49765E+00
  296    11.8548  13.4738  -0.24729E+01  -0.41844E+00  -0.30604E+00   0.40243E+01   0.48459E+00
  297    11.9666  13.4788  -0.24930E+01  -0.42325E+00  -0.31085E+00   0.40237E+01   0.47145E+00
  298    12.0793  13.4837  -0.25131E+01  -0.42809E+00  -0.31568E+00   0.40232E+01   0.45894E+00
  299    12.1930  13.4886  -0.25334E+01  -0.43298E+00  -0.32057E+00   0.40226E+01   0.44618E+00
  300    12.3077  13.4934  -0.25538E+01  -0.43790E+00  -0.32550E+00   0.40221E+01   0.43369E+00
  301    12.4234  13.4982  -0.25743E+01  -0.44286E+00  -0.33046E+00   0.40216E+01   0.42175E+00
  302    12.5401  13.5029  -0.25949E+01  -0.44787E+00  -0.33546E+00   0.40211E+01   0.40973E+00
  303    12.6578  13.5075  -0.26156E+01  -0.45290E+00  -0.34049E+00   0.40206E+01   0.39810E+00
  304    12.7766  13.5121  -0.26365E+01  -0.45799E+00  -0.34559E+00   0.40202E+01   0.38684E+00
  305    12.8963  13.5166  -0.26575E+01  -0.46312E+00  -0.35072E+00   0.40197E+01   0.37569E+00
  306    13.0172  13.5211  -0.26787E+01  -0.46829E+00  -0.35589E+00   0.40193E+01   0.36466E+00
  307    13.1390  13.5255  -0.27000E+01  -0.47354E+00  -0.36113E+00   0.40188E+01   0.35362E+00
  308    13.2619  13.5298  -0.27214E+01  -0.47878E+00  -0.36637E+00   0.40184E+01   0.34306E+00
  309    13.3859  13.5341  -0.27428E+01  -0.48404E+00  -0.37164E+00   0.40180E+01   0.33281E+00
  310    13.5110  13.5383  -0.27644E+01  -0.48938E+00  -0.37697E+00   0.40176E+01   0.32237E+00
  311    13.6372  13.5425  -0.27862E+01  -0.49476E+00  -0.38235E+00   0.40172E+01   0.31289E+00
  312    13.7644  13.5466  -0.28080E+01  -0.50018E+00  -0.38777E+00   0.40168E+01   0.30296E+00
  313    13.8928  13.5507  -0.28301E+01  -0.50564E+00  -0.39323E+00   0.40165E+01   0.29355E+00
  314    14.0223  13.5547  -0.28524E+01  -0.51120E+00  -0.39880E+00   0.40161E+01   0.28419E+00
  315    14.1529  13.5587  -0.28745E+01  -0.51669E+00  -0.40429E+00   0.40158E+01   0.27511E+00
  316    14.2846  13.5626  -0.28969E+01  -0.52229E+00  -0.40989E+00   0.40154E+01   0.26636E+00
  317    14.4175  13.5665  -0.29194E+01  -0.52793E+00  -0.41553E+00   0.40151E+01   0.25732E+00
  318    14.5515  13.5703  -0.29421E+01  -0.53361E+00  -0.42121E+00   0.40148E+01   0.24918E+00
  319    14.6867  13.5741  -0.29649E+01  -0.53934E+00  -0.42694E+00   0.40145E+01   0.24099E+00
  320    14.8231  13.5778  -0.29878E+01  -0.54511E+00  -0.43270E+00   0.40141E+01   0.23274E+00
  321    14.9607  13.5815  -0.30109E+01  -0.55092E+00  -0.43852E+00   0.40139E+01   0.22510E+00
  322    15.0994  13.5851  -0.30341E+01  -0.55679E+00  -0.44438E+00   0.40136E+01   0.21740E+00
  323    15.2394  13.5887  -0.30575E+01  -0.56269E+00  -0.45029E+00   0.40133E+01   0.20988E+00
  324    15.3806  13.5922  -0.30810E+01  -0.56865E+00  -0.45625E+00   0.40130E+01   0.20256E+00
  325    15.5230  13.5957  -0.31046E+01  -0.57464E+00  -0.46223E+00   0.40127E+01   0.19555E+00
  326    15.6666  13.5991  -0.31283E+01  -0.58068E+00  -0.46827E+00   0.40125E+01   0.18850E+00
  327    15.8115  13.6025  -0.31522E+01  -0.58675E+00  -0.47435E+00   0.40122E+01   0.18169E+00
  328    15.9577  13.6059  -0.31762E+01  -0.59290E+00  -0.48049E+00   0.40120E+01   0.17538E+00
  329    16.1051  13.6092  -0.32004E+01  -0.59907E+00  -0.48666E+00   0.40117E+01   0.16903E+00
  330    16.2538  13.6124  -0.32248E+01  -0.60532E+00  -0.49291E+00   0.40115E+01   0.16284E+00
  331    16.4038  13.6157  -0.32491E+01  -0.61157E+00  -0.49917E+00   0.40113E+01   0.15692E+00
  332    16.5551  13.6188  -0.32738E+01  -0.61789E+00  -0.50549E+00   0.40110E+01   0.15097E+00
  333    16.7078  13.6220  -0.32985E+01  -0.62426E+00  -0.51186E+00   0.40108E+01   0.14526E+00
  334    16.8617  13.6251  -0.33233E+01  -0.63067E+00  -0.51827E+00   0.40106E+01   0.13984E+00
  335    17.0170  13.6281  -0.33483E+01  -0.63713E+00  -0.52473E+00   0.40104E+01   0.13453E+00
  336    17.1736  13.6312  -0.33735E+01  -0.64364E+00  -0.53123E+00   0.40102E+01   0.12937E+00
  337    17.3316  13.6342  -0.33989E+01  -0.65022E+00  -0.53781E+00   0.40100E+01   0.12433E+00
  338    17.4910  13.6371  -0.34243E+01  -0.65682E+00  -0.54442E+00   0.40098E+01   0.11951E+00
  339    17.6518  13.6400  -0.34499E+01  -0.66347E+00  -0.55107E+00   0.40096E+01   0.11472E+00
  340    17.8139  13.6429  -0.34756E+01  -0.67017E+00  -0.55777E+00   0.40094E+01   0.11016E+00
  341    17.9775  13.6457  -0.35015E+01  -0.67693E+00  -0.56453E+00   0.40093E+01   0.10576E+00
  342    18.1425  13.6485  -0.35276E+01  -0.68373E+00  -0.57133E+00   0.40091E+01   0.10150E+00
  343    18.3089  13.6513  -0.35537E+01  -0.69058E+00  -0.57817E+00   0.40089E+01   0.97313E-01
  344    18.4768  13.6540  -0.35801E+01  -0.69749E+00  -0.58509E+00   0.40087E+01   0.93351E-01
  345    18.6461  13.6567  -0.36066E+01  -0.70444E+00  -0.59203E+00   0.40086E+01   0.89475E-01
  346    18.8169  13.6593  -0.36332E+01  -0.71144E+00  -0.59903E+00   0.40084E+01   0.85786E-01
  347    18.9892  13.6619  -0.36600E+01  -0.71848E+00  -0.60608E+00   0.40083E+01   0.82125E-01
  348    19.1630  13.6645  -0.36869E+01  -0.72558E+00  -0.61318E+00   0.40081E+01   0.78674E-01
  349    19.3383  13.6671  -0.37140E+01  -0.73275E+00  -0.62034E+00   0.40080E+01   0.75279E-01
  350    19.5151  13.6696  -0.37413E+01  -0.73995E+00  -0.62754E+00   0.40078E+01   0.72044E-01
  351    19.6934  13.6721  -0.37687E+01  -0.74722E+00  -0.63482E+00   0.40077E+01   0.68853E-01
  352    19.8734  13.6745  -0.37962E+01  -0.75451E+00  -0.64211E+00   0.40075E+01   0.65857E-01
  353    20.0548  13.6770  -0.38240E+01  -0.76187E+00  -0.64947E+00   0.40074E+01   0.62956E-01
  354    20.2379  13.6794  -0.38518E+01  -0.76929E+00  -0.65689E+00   0.40073E+01   0.60144E-01
  355    20.4225  13.6817  -0.38799E+01  -0.77675E+00  -0.66435E+00   0.40071E+01   0.57443E-01
  356    20.6088  13.6840  -0.39080E+01  -0.78426E+00  -0.67185E+00   0.40070E+01   0.54859E-01
  357    20.7966  13.6863  -0.39363E+01  -0.79190E+00  -0.67950E+00   0.40000E+01   0.52359E-01
  358    20.9861  13.6886  -0.39649E+01  -0.79953E+00  -0.68712E+00   0.40000E+01   0.49945E-01
  359    21.1773  13.6909  -0.39935E+01  -0.80720E+00  -0.69480E+00   0.40000E+01   0.47626E-01
  360    21.3701  13.6931  -0.40223E+01  -0.81493E+00  -0.70252E+00   0.40000E+01   0.45403E-01
  361    21.5646  13.6953  -0.40513E+01  -0.82270E+00  -0.71030E+00   0.40000E+01   0.43248E-01
  362    21.7607  13.6974  -0.40805E+01  -0.83054E+00  -0.71814E+00   0.40000E+01   0.41199E-01
  363    21.9586  13.6995  -0.41097E+01  -0.83842E+00  -0.72601E+00   0.40000E+01   0.39246E-01
  364    22.1582  13.7016  -0.41393E+01  -0.84638E+00  -0.73398E+00   0.40000E+01   0.37343E-01
  365    22.3596  13.7037  -0.41688E+01  -0.85436E+00  -0.74196E+00   0.40000E+01   0.35542E-01
  366    22.5626  13.7058  -0.41986E+01  -0.86241E+00  -0.75001E+00   0.40000E+01   0.33802E-01
  367    22.7675  13.7078  -0.42285E+01  -0.87048E+00  -0.75808E+00   0.40000E+01   0.32149E-01
  368    22.9741  13.7098  -0.42587E+01  -0.87867E+00  -0.76626E+00   0.40000E+01   0.30560E-01
  369    23.1825  13.7117  -0.42890E+01  -0.88689E+00  -0.77449E+00   0.40000E+01   0.29052E-01
  370    23.3928  13.7137  -0.43194E+01  -0.89516E+00  -0.78276E+00   0.40000E+01   0.27563E-01
  371    23.6049  13.7156  -0.43500E+01  -0.90349E+00  -0.79108E+00   0.40000E+01   0.26167E-01
  372    23.8188  13.7175  -0.43808E+01  -0.91188E+00  -0.79947E+00   0.40000E+01   0.24820E-01
  373    24.0345  13.7194  -0.44118E+01  -0.92030E+00  -0.80790E+00   0.40000E+01   0.23544E-01
  374    24.2522  13.7212  -0.44429E+01  -0.92879E+00  -0.81639E+00   0.40000E+01   0.22325E-01
  375    24.4717  13.7230  -0.44742E+01  -0.93735E+00  -0.82494E+00   0.40000E+01   0.21176E-01
  376    24.6932  13.7248  -0.45057E+01  -0.94598E+00  -0.83357E+00   0.40000E+01   0.20040E-01
  377    24.9166  13.7266  -0.45373E+01  -0.95464E+00  -0.84224E+00   0.40000E+01   0.19002E-01
  378    25.1419  13.7284  -0.45690E+01  -0.96332E+00  -0.85091E+00   0.40000E+01   0.17988E-01
  379    25.3691  13.7301  -0.46012E+01  -0.97216E+00  -0.85975E+00   0.40000E+01   0.17015E-01
  380    25.5984  13.7318  -0.46333E+01  -0.98099E+00  -0.86858E+00   0.40000E+01   0.16108E-01
  381    25.8296  13.7335  -0.46656E+01  -0.98989E+00  -0.87748E+00   0.40000E+01   0.15207E-01
  382    26.0629  13.7351  -0.46981E+01  -0.99883E+00  -0.88643E+00   0.40000E+01   0.14401E-01
  383    26.2982  13.7368  -0.47308E+01  -0.10079E+01  -0.89545E+00   0.40000E+01   0.13580E-01
  384    26.5355  13.7384  -0.47638E+01  -0.10170E+01  -0.90458E+00   0.40000E+01   0.12817E-01
  385    26.7749  13.7400  -0.47968E+01  -0.10261E+01  -0.91367E+00   0.40000E+01   0.12103E-01
  386    27.0164  13.7416  -0.48299E+01  -0.10352E+01  -0.92284E+00   0.40000E+01   0.11394E-01
  387    27.2599  13.7431  -0.48634E+01  -0.10445E+01  -0.93212E+00   0.40000E+01   0.10768E-01
  388    27.5056  13.7447  -0.48969E+01  -0.10538E+01  -0.94141E+00   0.40000E+01   0.10139E-01
  389    27.7534  13.7462  -0.49307E+01  -0.10632E+01  -0.95079E+00   0.40000E+01   0.95543E-02
  390    28.0034  13.7477  -0.49644E+01  -0.10726E+01  -0.96017E+00   0.40000E+01   0.90121E-02
  391    28.2556  13.7492  -0.49985E+01  -0.10821E+01  -0.96965E+00   0.40000E+01   0.84883E-02
  392    28.5099  13.7506  -0.50329E+01  -0.10916E+01  -0.97924E+00   0.40000E+01   0.79850E-02
  393    28.7665  13.7521  -0.50674E+01  -0.11012E+01  -0.98885E+00   0.40000E+01   0.75098E-02
  394    29.0253  13.7535  -0.51020E+01  -0.11109E+01  -0.99849E+00   0.40000E+01   0.70593E-02
  395    29.2863  13.7549  -0.51368E+01  -0.11206E+01  -0.10082E+01   0.40000E+01   0.66345E-02
  396    29.5496  13.7563  -0.51719E+01  -0.11304E+01  -0.10180E+01   0.40000E+01   0.62342E-02
  397    29.8152  13.7577  -0.52069E+01  -0.11402E+01  -0.10278E+01   0.40000E+01   0.58573E-02
  398    30.0831  13.7590  -0.52424E+01  -0.11502E+01  -0.10378E+01   0.40000E+01   0.54896E-02
  399    30.3534  13.7604  -0.52779E+01  -0.11601E+01  -0.10477E+01   0.40000E+01   0.51498E-02
  400    30.6259  13.7617  -0.53134E+01  -0.11701E+01  -0.10577E+01   0.40000E+01   0.48362E-02
