    1     0.0001   0.0014  -0.15259E-04  -0.62126E-06   0.11156E+00   0.13450E+02   0.45044E+00
    2     0.0088   0.1221  -0.10612E-02   0.10924E-04   0.11157E+00   0.13366E+02   0.37256E+00
    3     0.0176   0.2423  -0.22207E-02   0.24333E-05   0.11156E+00   0.13283E+02   0.39466E+00
    4     0.0264   0.3621  -0.34267E-02  -0.96297E-05   0.11155E+00   0.13201E+02   0.40952E+00
    5     0.0353   0.4814  -0.46874E-02  -0.27388E-04   0.11153E+00   0.13119E+02   0.42444E+00
    6     0.0443   0.6003  -0.59846E-02  -0.46494E-04   0.11152E+00   0.13038E+02   0.43738E+00
    7     0.0534   0.7188  -0.73164E-02  -0.66506E-04   0.11150E+00   0.12957E+02   0.44922E+00
    8     0.0626   0.8368  -0.86808E-02  -0.86882E-04   0.11147E+00   0.12876E+02   0.46056E+00
    9     0.0718   0.9543  -0.10078E-01  -0.10770E-03   0.11145E+00   0.12796E+02   0.47180E+00
   10     0.0811   1.0713  -0.11505E-01  -0.12857E-03   0.11143E+00   0.12716E+02   0.48262E+00
   11     0.0905   1.1879  -0.12963E-01  -0.14993E-03   0.11141E+00   0.12636E+02   0.49341E+00
   12     0.1000   1.3039  -0.14451E-01  -0.17096E-03   0.11139E+00   0.12556E+02   0.50393E+00
   13     0.1096   1.4195  -0.15968E-01  -0.19204E-03   0.11137E+00   0.12477E+02   0.51450E+00
   14     0.1192   1.5346  -0.17516E-01  -0.21330E-03   0.11135E+00   0.12399E+02   0.52511E+00
   15     0.1290   1.6491  -0.19101E-01  -0.23682E-03   0.11132E+00   0.12320E+02   0.53576E+00
   16     0.1388   1.7632  -0.20706E-01  -0.25780E-03   0.11130E+00   0.12242E+02   0.54633E+00
   17     0.1487   1.8767  -0.22341E-01  -0.27914E-03   0.11128E+00   0.12164E+02   0.55676E+00
   18     0.1587   1.9897  -0.24006E-01  -0.30082E-03   0.11126E+00   0.12087E+02   0.56742E+00
   19     0.1687   2.1021  -0.25701E-01  -0.32331E-03   0.11124E+00   0.12010E+02   0.57805E+00
   20     0.1789   2.2140  -0.27426E-01  -0.34626E-03   0.11122E+00   0.11933E+02   0.58866E+00
   21     0.1891   2.3254  -0.29181E-01  -0.36965E-03   0.11119E+00   0.11856E+02   0.59949E+00
   22     0.1995   2.4362  -0.30966E-01  -0.39339E-03   0.11117E+00   0.11780E+02   0.61028E+00
   23     0.2099   2.5465  -0.32781E-01  -0.41795E-03   0.11114E+00   0.11704E+02   0.62120E+00
   24     0.2204   2.6562  -0.34627E-01  -0.44358E-03   0.11112E+00   0.11629E+02   0.63220E+00
   25     0.2310   2.7653  -0.36502E-01  -0.46972E-03   0.11109E+00   0.11554E+02   0.64332E+00
   26     0.2417   2.8738  -0.38409E-01  -0.49727E-03   0.11106E+00   0.11479E+02   0.65458E+00
   27     0.2525   2.9818  -0.40346E-01  -0.52598E-03   0.11104E+00   0.11404E+02   0.66581E+00
   28     0.2634   3.0892  -0.42313E-01  -0.55558E-03   0.11101E+00   0.11330E+02   0.67723E+00
   29     0.2744   3.1959  -0.44311E-01  -0.58635E-03   0.11098E+00   0.11256E+02   0.68877E+00
   30     0.2855   3.3021  -0.46339E-01  -0.61821E-03   0.11094E+00   0.11183E+02   0.70039E+00
   31     0.2967   3.4077  -0.48397E-01  -0.65126E-03   0.11091E+00   0.11110E+02   0.71205E+00
   32     0.3079   3.5127  -0.50488E-01  -0.68644E-03   0.11088E+00   0.11037E+02   0.72387E+00
   33     0.3193   3.6170  -0.52598E-01  -0.72023E-03   0.11084E+00   0.10964E+02   0.73585E+00
   34     0.3308   3.7207  -0.54752E-01  -0.75873E-03   0.11080E+00   0.10892E+02   0.74788E+00
   35     0.3423   3.8238  -0.56938E-01  -0.79942E-03   0.11076E+00   0.10820E+02   0.75989E+00
   36     0.3540   3.9263  -0.59158E-01  -0.84263E-03   0.11072E+00   0.10749E+02   0.77221E+00
   37     0.3658   4.0281  -0.61411E-01  -0.88805E-03   0.11067E+00   0.10678E+02   0.78459E+00
   38     0.3777   4.1293  -0.63696E-01  -0.93588E-03   0.11063E+00   0.10607E+02   0.79706E+00
   39     0.3896   4.2299  -0.66016E-01  -0.98644E-03   0.11058E+00   0.10537E+02   0.80968E+00
   40     0.4017   4.3298  -0.68370E-01  -0.10398E-02   0.11052E+00   0.10467E+02   0.82241E+00
   41     0.4139   4.4291  -0.70757E-01  -0.10955E-02   0.11047E+00   0.10397E+02   0.83527E+00
   42     0.4262   4.5276  -0.73178E-01  -0.11538E-02   0.11041E+00   0.10328E+02   0.84829E+00
   43     0.4386   4.6256  -0.75633E-01  -0.12150E-02   0.11035E+00   0.10259E+02   0.86130E+00
   44     0.4511   4.7229  -0.78123E-01  -0.12793E-02   0.11028E+00   0.10191E+02   0.87447E+00
   45     0.4637   4.8195  -0.80648E-01  -0.13471E-02   0.11021E+00   0.10123E+02   0.88783E+00
   46     0.4764   4.9154  -0.83207E-01  -0.14179E-02   0.11014E+00   0.10055E+02   0.90129E+00
   47     0.4893   5.0106  -0.85801E-01  -0.14915E-02   0.11007E+00   0.99877E+01   0.91486E+00
   48     0.5022   5.1052  -0.88430E-01  -0.15686E-02   0.10999E+00   0.99208E+01   0.92851E+00
   49     0.5153   5.1991  -0.91095E-01  -0.16491E-02   0.10991E+00   0.98542E+01   0.94222E+00
   50     0.5285   5.2923  -0.93794E-01  -0.17331E-02   0.10983E+00   0.97881E+01   0.95617E+00
   51     0.5417   5.3849  -0.96528E-01  -0.18209E-02   0.10974E+00   0.97223E+01   0.97005E+00
   52     0.5552   5.4767  -0.99300E-01  -0.19123E-02   0.10965E+00   0.96570E+01   0.98413E+00
   53     0.5687   5.5679  -0.10211E+00  -0.20082E-02   0.10955E+00   0.95920E+01   0.99844E+00
   54     0.5823   5.6583  -0.10496E+00  -0.21093E-02   0.10945E+00   0.95275E+01   0.10127E+01
   55     0.5961   5.7481  -0.10785E+00  -0.22151E-02   0.10935E+00   0.94634E+01   0.10272E+01
   56     0.6099   5.8371  -0.11077E+00  -0.23253E-02   0.10924E+00   0.93996E+01   0.10418E+01
   57     0.6239   5.9255  -0.11374E+00  -0.24391E-02   0.10912E+00   0.93363E+01   0.10565E+01
   58     0.6381   6.0132  -0.11673E+00  -0.25565E-02   0.10901E+00   0.92734E+01   0.10714E+01
   59     0.6523   6.1001  -0.11976E+00  -0.26779E-02   0.10888E+00   0.92108E+01   0.10863E+01
   60     0.6667   6.1864  -0.12283E+00  -0.28038E-02   0.10876E+00   0.91486E+01   0.11013E+01
   61     0.6812   6.2719  -0.12594E+00  -0.29347E-02   0.10863E+00   0.90869E+01   0.11164E+01
   62     0.6958   6.3568  -0.12909E+00  -0.30711E-02   0.10849E+00   0.90256E+01   0.11316E+01
   63     0.7105   6.4409  -0.13228E+00  -0.32132E-02   0.10835E+00   0.89647E+01   0.11470E+01
   64     0.7254   6.5244  -0.13551E+00  -0.33604E-02   0.10820E+00   0.89042E+01   0.11623E+01
   65     0.7404   6.6071  -0.13878E+00  -0.35125E-02   0.10805E+00   0.88441E+01   0.11778E+01
   66     0.7555   6.6891  -0.14208E+00  -0.36692E-02   0.10789E+00   0.87845E+01   0.11934E+01
   67     0.7708   6.7704  -0.14543E+00  -0.38312E-02   0.10773E+00   0.87252E+01   0.12091E+01
   68     0.7862   6.8511  -0.14882E+00  -0.39991E-02   0.10756E+00   0.86664E+01   0.12249E+01
   69     0.8017   6.9310  -0.15224E+00  -0.41731E-02   0.10739E+00   0.86080E+01   0.12408E+01
   70     0.8174   7.0102  -0.15571E+00  -0.43531E-02   0.10721E+00   0.85500E+01   0.12568E+01
   71     0.8332   7.0886  -0.15922E+00  -0.45388E-02   0.10702E+00   0.84924E+01   0.12730E+01
   72     0.8491   7.1664  -0.16277E+00  -0.47302E-02   0.10683E+00   0.84351E+01   0.12890E+01
   73     0.8652   7.2435  -0.16636E+00  -0.49272E-02   0.10663E+00   0.83783E+01   0.13052E+01
   74     0.8814   7.3199  -0.16999E+00  -0.51298E-02   0.10643E+00   0.83220E+01   0.13214E+01
   75     0.8977   7.3956  -0.17367E+00  -0.53394E-02   0.10622E+00   0.82661E+01   0.13377E+01
   76     0.9142   7.4705  -0.17738E+00  -0.55558E-02   0.10601E+00   0.82106E+01   0.13541E+01
   77     0.9309   7.5448  -0.18115E+00  -0.57791E-02   0.10578E+00   0.81555E+01   0.13706E+01
   78     0.9477   7.6184  -0.18495E+00  -0.60082E-02   0.10555E+00   0.81009E+01   0.13872E+01
   79     0.9646   7.6913  -0.18879E+00  -0.62431E-02   0.10532E+00   0.80466E+01   0.14039E+01
   80     0.9817   7.7635  -0.19267E+00  -0.64846E-02   0.10508E+00   0.79928E+01   0.14205E+01
   81     0.9989   7.8350  -0.19660E+00  -0.67336E-02   0.10483E+00   0.79394E+01   0.14372E+01
   82     1.0163   7.9058  -0.20057E+00  -0.69892E-02   0.10457E+00   0.78864E+01   0.14540E+01
   83     1.0338   7.9759  -0.20459E+00  -0.72524E-02   0.10431E+00   0.78338E+01   0.14708E+01
   84     1.0515   8.0453  -0.20865E+00  -0.75225E-02   0.10404E+00   0.77817E+01   0.14876E+01
   85     1.0693   8.1141  -0.21276E+00  -0.77996E-02   0.10376E+00   0.77299E+01   0.15045E+01
   86     1.0873   8.1821  -0.21690E+00  -0.80844E-02   0.10348E+00   0.76786E+01   0.15214E+01
   87     1.1055   8.2495  -0.22110E+00  -0.83772E-02   0.10318E+00   0.76277E+01   0.15383E+01
   88     1.1238   8.3162  -0.22534E+00  -0.86780E-02   0.10288E+00   0.75772E+01   0.15552E+01
   89     1.1423   8.3823  -0.22962E+00  -0.89860E-02   0.10258E+00   0.75271E+01   0.15721E+01
   90     1.1609   8.4477  -0.23395E+00  -0.93008E-02   0.10226E+00   0.74774E+01   0.15892E+01
   91     1.1797   8.5124  -0.23831E+00  -0.96236E-02   0.10194E+00   0.74281E+01   0.16062E+01
   92     1.1986   8.5764  -0.24273E+00  -0.99542E-02   0.10161E+00   0.73792E+01   0.16234E+01
   93     1.2177   8.6398  -0.24719E+00  -0.10293E-01   0.10127E+00   0.73308E+01   0.16405E+01
   94     1.2370   8.7025  -0.25171E+00  -0.10641E-01   0.10092E+00   0.72828E+01   0.16577E+01
   95     1.2565   8.7646  -0.25626E+00  -0.10996E-01   0.10057E+00   0.72352E+01   0.16746E+01
   96     1.2761   8.8260  -0.26086E+00  -0.11360E-01   0.10020E+00   0.71880E+01   0.16913E+01
   97     1.2959   8.8868  -0.26551E+00  -0.11732E-01   0.99830E-01   0.71412E+01   0.17082E+01
   98     1.3158   8.9469  -0.27020E+00  -0.12112E-01   0.99450E-01   0.70947E+01   0.17251E+01
   99     1.3360   9.0065  -0.27494E+00  -0.12500E-01   0.99061E-01   0.70488E+01   0.17421E+01
  100     1.3563   9.0653  -0.27973E+00  -0.12899E-01   0.98663E-01   0.70032E+01   0.17589E+01
  101     1.3767   9.1236  -0.28457E+00  -0.13307E-01   0.98255E-01   0.69580E+01   0.17758E+01
  102     1.3974   9.1812  -0.28945E+00  -0.13722E-01   0.97840E-01   0.69132E+01   0.17925E+01
  103     1.4183   9.2382  -0.29438E+00  -0.14146E-01   0.97416E-01   0.68688E+01   0.18093E+01
  104     1.4393   9.2945  -0.29935E+00  -0.14578E-01   0.96984E-01   0.68248E+01   0.18260E+01
  105     1.4605   9.3503  -0.30437E+00  -0.15020E-01   0.96542E-01   0.67813E+01   0.18427E+01
  106     1.4819   9.4054  -0.30946E+00  -0.15475E-01   0.96087E-01   0.67381E+01   0.18592E+01
  107     1.5035   9.4600  -0.31460E+00  -0.15942E-01   0.95619E-01   0.66954E+01   0.18756E+01
  108     1.5252   9.5139  -0.31979E+00  -0.16419E-01   0.95143E-01   0.66531E+01   0.18920E+01
  109     1.5472   9.5673  -0.32501E+00  -0.16899E-01   0.94662E-01   0.66112E+01   0.19083E+01
  110     1.5693   9.6200  -0.33026E+00  -0.17385E-01   0.94176E-01   0.65695E+01   0.19247E+01
  111     1.5917   9.6722  -0.33557E+00  -0.17883E-01   0.93679E-01   0.65282E+01   0.19410E+01
  112     1.6142   9.7238  -0.34094E+00  -0.18395E-01   0.93167E-01   0.64874E+01   0.19570E+01
  113     1.6369   9.7748  -0.34637E+00  -0.18918E-01   0.92644E-01   0.64470E+01   0.19730E+01
  114     1.6598   9.8252  -0.35184E+00  -0.19450E-01   0.92112E-01   0.64070E+01   0.19888E+01
  115     1.6830   9.8751  -0.35736E+00  -0.19992E-01   0.91570E-01   0.63675E+01   0.20045E+01
  116     1.7063   9.9244  -0.36294E+00  -0.20545E-01   0.91017E-01   0.63282E+01   0.20203E+01
  117     1.7298   9.9731  -0.36856E+00  -0.21108E-01   0.90454E-01   0.62894E+01   0.20357E+01
  118     1.7536  10.0213  -0.37424E+00  -0.21682E-01   0.89880E-01   0.62509E+01   0.20505E+01
  119     1.7775  10.0689  -0.37996E+00  -0.22267E-01   0.89295E-01   0.62128E+01   0.20653E+01
  120     1.8016  10.1160  -0.38574E+00  -0.22862E-01   0.88700E-01   0.61751E+01   0.20804E+01
  121     1.8260  10.1626  -0.39158E+00  -0.23469E-01   0.88093E-01   0.61379E+01   0.20957E+01
  122     1.8506  10.2086  -0.39746E+00  -0.24087E-01   0.87475E-01   0.61009E+01   0.21106E+01
  123     1.8753  10.2541  -0.40340E+00  -0.24717E-01   0.86845E-01   0.60644E+01   0.21252E+01
  124     1.9003  10.2990  -0.40939E+00  -0.25359E-01   0.86203E-01   0.60281E+01   0.21393E+01
  125     1.9256  10.3434  -0.41543E+00  -0.26011E-01   0.85551E-01   0.59924E+01   0.21534E+01
  126     1.9510  10.3873  -0.42152E+00  -0.26673E-01   0.84889E-01   0.59569E+01   0.21674E+01
  127     1.9766  10.4307  -0.42767E+00  -0.27348E-01   0.84214E-01   0.59219E+01   0.21813E+01
  128     2.0025  10.4736  -0.43387E+00  -0.28035E-01   0.83526E-01   0.58873E+01   0.21949E+01
  129     2.0286  10.5160  -0.44012E+00  -0.28733E-01   0.82829E-01   0.58530E+01   0.22082E+01
  130     2.0550  10.5579  -0.44642E+00  -0.29441E-01   0.82121E-01   0.58191E+01   0.22214E+01
  131     2.0815  10.5993  -0.45278E+00  -0.30162E-01   0.81399E-01   0.57855E+01   0.22343E+01
  132     2.1083  10.6402  -0.45921E+00  -0.30899E-01   0.80663E-01   0.57524E+01   0.22470E+01
  133     2.1353  10.6806  -0.46569E+00  -0.31649E-01   0.79913E-01   0.57196E+01   0.22596E+01
  134     2.1626  10.7205  -0.47222E+00  -0.32410E-01   0.79152E-01   0.56872E+01   0.22718E+01
  135     2.1901  10.7600  -0.47880E+00  -0.33180E-01   0.78382E-01   0.56551E+01   0.22839E+01
  136     2.2178  10.7990  -0.48543E+00  -0.33962E-01   0.77600E-01   0.56235E+01   0.22957E+01
  137     2.2458  10.8375  -0.49213E+00  -0.34760E-01   0.76802E-01   0.55923E+01   0.23070E+01
  138     2.2740  10.8756  -0.49888E+00  -0.35571E-01   0.75991E-01   0.55614E+01   0.23182E+01
  139     2.3025  10.9132  -0.50569E+00  -0.36395E-01   0.75167E-01   0.55308E+01   0.23292E+01
  140     2.3312  10.9504  -0.51255E+00  -0.37231E-01   0.74331E-01   0.55007E+01   0.23400E+01
  141     2.3602  10.9871  -0.51947E+00  -0.38079E-01   0.73482E-01   0.54709E+01   0.23504E+01
  142     2.3894  11.0234  -0.52645E+00  -0.38942E-01   0.72620E-01   0.54414E+01   0.23605E+01
  143     2.4188  11.0592  -0.53349E+00  -0.39819E-01   0.71743E-01   0.54124E+01   0.23703E+01
  144     2.4486  11.0946  -0.54059E+00  -0.40710E-01   0.70852E-01   0.53837E+01   0.23797E+01
  145     2.4785  11.1296  -0.54775E+00  -0.41614E-01   0.69948E-01   0.53555E+01   0.23891E+01
  146     2.5088  11.1641  -0.55496E+00  -0.42530E-01   0.69032E-01   0.53275E+01   0.23980E+01
  147     2.5393  11.1982  -0.56222E+00  -0.43460E-01   0.68102E-01   0.52999E+01   0.24064E+01
  148     2.5701  11.2320  -0.56955E+00  -0.44404E-01   0.67157E-01   0.52727E+01   0.24146E+01
  149     2.6011  11.2653  -0.57693E+00  -0.45362E-01   0.66200E-01   0.52458E+01   0.24226E+01
  150     2.6324  11.2982  -0.58437E+00  -0.46332E-01   0.65230E-01   0.52193E+01   0.24303E+01
  151     2.6640  11.3306  -0.59188E+00  -0.47321E-01   0.64241E-01   0.51932E+01   0.24375E+01
  152     2.6958  11.3627  -0.59945E+00  -0.48325E-01   0.63237E-01   0.51675E+01   0.24443E+01
  153     2.7280  11.3944  -0.60708E+00  -0.49340E-01   0.62222E-01   0.51421E+01   0.24507E+01
  154     2.7604  11.4258  -0.61476E+00  -0.50371E-01   0.61191E-01   0.51171E+01   0.24570E+01
  155     2.7931  11.4567  -0.62251E+00  -0.51417E-01   0.60145E-01   0.50924E+01   0.24630E+01
  156     2.8260  11.4872  -0.63032E+00  -0.52475E-01   0.59087E-01   0.50681E+01   0.24687E+01
  157     2.8593  11.5174  -0.63818E+00  -0.53548E-01   0.58014E-01   0.50442E+01   0.24741E+01
  158     2.8929  11.5472  -0.64610E+00  -0.54637E-01   0.56925E-01   0.50206E+01   0.24790E+01
  159     2.9267  11.5766  -0.65410E+00  -0.55743E-01   0.55819E-01   0.49974E+01   0.24833E+01
  160     2.9608  11.6057  -0.66215E+00  -0.56864E-01   0.54698E-01   0.49746E+01   0.24871E+01
  161     2.9953  11.6344  -0.67027E+00  -0.57999E-01   0.53563E-01   0.49520E+01   0.24909E+01
  162     3.0300  11.6628  -0.67845E+00  -0.59150E-01   0.52412E-01   0.49299E+01   0.24942E+01
  163     3.0651  11.6908  -0.68669E+00  -0.60318E-01   0.51244E-01   0.49082E+01   0.24971E+01
  164     3.1004  11.7184  -0.69500E+00  -0.61502E-01   0.50060E-01   0.48868E+01   0.24999E+01
  165     3.1360  11.7458  -0.70338E+00  -0.62701E-01   0.48861E-01   0.48659E+01   0.25022E+01
  166     3.1720  11.7727  -0.71181E+00  -0.63916E-01   0.47646E-01   0.48453E+01   0.25038E+01
  167     3.2083  11.7994  -0.72031E+00  -0.65148E-01   0.46414E-01   0.48249E+01   0.25051E+01
  168     3.2449  11.8257  -0.72887E+00  -0.66395E-01   0.45166E-01   0.48048E+01   0.25063E+01
  169     3.2818  11.8517  -0.73750E+00  -0.67659E-01   0.43902E-01   0.47852E+01   0.25069E+01
  170     3.3190  11.8773  -0.74620E+00  -0.68942E-01   0.42620E-01   0.47659E+01   0.25068E+01
  171     3.3565  11.9026  -0.75495E+00  -0.70239E-01   0.41323E-01   0.47470E+01   0.25066E+01
  172     3.3944  11.9277  -0.76378E+00  -0.71555E-01   0.40007E-01   0.47284E+01   0.25059E+01
  173     3.4326  11.9524  -0.77268E+00  -0.72888E-01   0.38674E-01   0.47102E+01   0.25047E+01
  174     3.4712  11.9768  -0.78163E+00  -0.74234E-01   0.37328E-01   0.46923E+01   0.25032E+01
  175     3.5100  12.0009  -0.79065E+00  -0.75601E-01   0.35960E-01   0.46747E+01   0.25013E+01
  176     3.5492  12.0246  -0.79975E+00  -0.76987E-01   0.34575E-01   0.46575E+01   0.24990E+01
  177     3.5888  12.0481  -0.80891E+00  -0.78388E-01   0.33174E-01   0.46406E+01   0.24963E+01
  178     3.6287  12.0713  -0.81813E+00  -0.79805E-01   0.31757E-01   0.46241E+01   0.24931E+01
  179     3.6689  12.0942  -0.82743E+00  -0.81242E-01   0.30319E-01   0.46080E+01   0.24894E+01
  180     3.7095  12.1169  -0.83679E+00  -0.82697E-01   0.28865E-01   0.45921E+01   0.24855E+01
  181     3.7505  12.1392  -0.84622E+00  -0.84170E-01   0.27392E-01   0.45766E+01   0.24813E+01
  182     3.7918  12.1612  -0.85572E+00  -0.85661E-01   0.25901E-01   0.45614E+01   0.24768E+01
  183     3.8334  12.1830  -0.86528E+00  -0.87170E-01   0.24392E-01   0.45465E+01   0.24717E+01
  184     3.8754  12.2045  -0.87492E+00  -0.88699E-01   0.22863E-01   0.45319E+01   0.24661E+01
  185     3.9178  12.2257  -0.88463E+00  -0.90247E-01   0.21315E-01   0.45177E+01   0.24600E+01
  186     3.9606  12.2467  -0.89441E+00  -0.91814E-01   0.19748E-01   0.45037E+01   0.24536E+01
  187     4.0037  12.2674  -0.90426E+00  -0.93400E-01   0.18162E-01   0.44901E+01   0.24467E+01
  188     4.0472  12.2878  -0.91418E+00  -0.95005E-01   0.16557E-01   0.44768E+01   0.24396E+01
  189     4.0911  12.3080  -0.92419E+00  -0.96635E-01   0.14927E-01   0.44638E+01   0.24321E+01
  190     4.1353  12.3279  -0.93427E+00  -0.98284E-01   0.13277E-01   0.44511E+01   0.24242E+01
  191     4.1800  12.3476  -0.94439E+00  -0.99946E-01   0.11616E-01   0.44387E+01   0.24157E+01
  192     4.2250  12.3670  -0.95460E+00  -0.10163E+00   0.99317E-02   0.44266E+01   0.24069E+01
  193     4.2705  12.3862  -0.96488E+00  -0.10334E+00   0.82251E-02   0.44147E+01   0.23976E+01
  194     4.3163  12.4051  -0.97523E+00  -0.10506E+00   0.65017E-02   0.44032E+01   0.23882E+01
  195     4.3625  12.4238  -0.98567E+00  -0.10681E+00   0.47538E-02   0.43920E+01   0.23780E+01
  196     4.4091  12.4423  -0.99618E+00  -0.10858E+00   0.29842E-02   0.43810E+01   0.23673E+01
  197     4.4561  12.4605  -0.10068E+01  -0.11037E+00   0.11963E-02   0.43703E+01   0.23566E+01
  198     4.5036  12.4785  -0.10174E+01  -0.11218E+00  -0.61342E-03   0.43598E+01   0.23455E+01
  199     4.5514  12.4962  -0.10281E+01  -0.11401E+00  -0.24434E-02   0.43496E+01   0.23341E+01
  200     4.5997  12.5138  -0.10389E+01  -0.11586E+00  -0.42952E-02   0.43397E+01   0.23223E+01
  201     4.6484  12.5311  -0.10498E+01  -0.11773E+00  -0.61724E-02   0.43301E+01   0.23097E+01
  202     4.6975  12.5482  -0.10608E+01  -0.11963E+00  -0.80673E-02   0.43207E+01   0.22971E+01
  203     4.7470  12.5650  -0.10718E+01  -0.12155E+00  -0.99837E-02   0.43115E+01   0.22844E+01
  204     4.7970  12.5817  -0.10829E+01  -0.12348E+00  -0.11923E-01   0.43026E+01   0.22709E+01
  205     4.8474  12.5981  -0.10941E+01  -0.12545E+00  -0.13889E-01   0.42939E+01   0.22577E+01
  206     4.8982  12.6144  -0.11053E+01  -0.12744E+00  -0.15875E-01   0.42855E+01   0.22432E+01
  207     4.9495  12.6304  -0.11167E+01  -0.12944E+00  -0.17882E-01   0.42772E+01   0.22288E+01
  208     5.0012  12.6462  -0.11281E+01  -0.13147E+00  -0.19913E-01   0.42692E+01   0.22141E+01
  209     5.0534  12.6619  -0.11396E+01  -0.13353E+00  -0.21972E-01   0.42615E+01   0.21993E+01
  210     5.1060  12.6773  -0.11512E+01  -0.13561E+00  -0.24047E-01   0.42539E+01   0.21841E+01
  211     5.1591  12.6925  -0.11628E+01  -0.13772E+00  -0.26155E-01   0.42466E+01   0.21681E+01
  212     5.2126  12.7076  -0.11746E+01  -0.13984E+00  -0.28278E-01   0.42394E+01   0.21522E+01
  213     5.2667  12.7224  -0.11864E+01  -0.14199E+00  -0.30423E-01   0.42324E+01   0.21362E+01
  214     5.3211  12.7371  -0.11983E+01  -0.14416E+00  -0.32599E-01   0.42257E+01   0.21196E+01
  215     5.3761  12.7515  -0.12102E+01  -0.14636E+00  -0.34797E-01   0.42191E+01   0.21029E+01
  216     5.4315  12.7658  -0.12223E+01  -0.14858E+00  -0.37023E-01   0.42128E+01   0.20855E+01
  217     5.4874  12.7799  -0.12344E+01  -0.15083E+00  -0.39270E-01   0.42066E+01   0.20683E+01
  218     5.5438  12.7938  -0.12466E+01  -0.15310E+00  -0.41541E-01   0.42006E+01   0.20511E+01
  219     5.6007  12.8076  -0.12589E+01  -0.15540E+00  -0.43839E-01   0.41948E+01   0.20332E+01
  220     5.6581  12.8211  -0.12713E+01  -0.15772E+00  -0.46163E-01   0.41891E+01   0.20149E+01
  221     5.7160  12.8345  -0.12838E+01  -0.16007E+00  -0.48513E-01   0.41836E+01   0.19966E+01
  222     5.7744  12.8477  -0.12964E+01  -0.16245E+00  -0.50889E-01   0.41782E+01   0.19779E+01
  223     5.8333  12.8608  -0.13090E+01  -0.16485E+00  -0.53289E-01   0.41731E+01   0.19592E+01
  224     5.8927  12.8737  -0.13217E+01  -0.16728E+00  -0.55718E-01   0.41680E+01   0.19399E+01
  225     5.9526  12.8864  -0.13345E+01  -0.16973E+00  -0.58171E-01   0.41632E+01   0.19206E+01
  226     6.0131  12.8990  -0.13474E+01  -0.17221E+00  -0.60650E-01   0.41584E+01   0.19013E+01
  227     6.0740  12.9114  -0.13604E+01  -0.17472E+00  -0.63156E-01   0.41538E+01   0.18817E+01
  228     6.1355  12.9236  -0.13734E+01  -0.17725E+00  -0.65688E-01   0.41493E+01   0.18617E+01
  229     6.1976  12.9357  -0.13866E+01  -0.17981E+00  -0.68249E-01   0.41450E+01   0.18415E+01
  230     6.2602  12.9476  -0.13998E+01  -0.18239E+00  -0.70832E-01   0.41408E+01   0.18217E+01
  231     6.3233  12.9594  -0.14131E+01  -0.18501E+00  -0.73449E-01   0.41368E+01   0.18014E+01
  232     6.3869  12.9710  -0.14266E+01  -0.18766E+00  -0.76095E-01   0.41328E+01   0.17811E+01
  233     6.4512  12.9825  -0.14400E+01  -0.19033E+00  -0.78763E-01   0.41290E+01   0.17603E+01
  234     6.5159  12.9938  -0.14536E+01  -0.19302E+00  -0.81459E-01   0.41253E+01   0.17398E+01
  235     6.5813  13.0050  -0.14673E+01  -0.19575E+00  -0.84191E-01   0.41217E+01   0.17189E+01
  236     6.6472  13.0160  -0.14811E+01  -0.19851E+00  -0.86947E-01   0.41182E+01   0.16975E+01
  237     6.7137  13.0269  -0.14949E+01  -0.20129E+00  -0.89729E-01   0.41148E+01   0.16768E+01
  238     6.7807  13.0377  -0.15089E+01  -0.20410E+00  -0.92541E-01   0.41115E+01   0.16556E+01
  239     6.8484  13.0483  -0.15229E+01  -0.20694E+00  -0.95382E-01   0.41083E+01   0.16341E+01
  240     6.9166  13.0588  -0.15370E+01  -0.20981E+00  -0.98251E-01   0.41053E+01   0.16125E+01
  241     6.9854  13.0691  -0.15512E+01  -0.21271E+00  -0.10115E+00   0.41023E+01   0.15912E+01
  242     7.0549  13.0794  -0.15656E+01  -0.21564E+00  -0.10408E+00   0.40994E+01   0.15698E+01
  243     7.1249  13.0894  -0.15800E+01  -0.21860E+00  -0.10704E+00   0.40965E+01   0.15484E+01
  244     7.1955  13.0994  -0.15945E+01  -0.22159E+00  -0.11002E+00   0.40938E+01   0.15269E+01
  245     7.2668  13.1092  -0.16090E+01  -0.22460E+00  -0.11304E+00   0.40912E+01   0.15054E+01
  246     7.3387  13.1189  -0.16237E+01  -0.22765E+00  -0.11609E+00   0.40886E+01   0.14834E+01
  247     7.4112  13.1285  -0.16385E+01  -0.23074E+00  -0.11917E+00   0.40862E+01   0.14619E+01
  248     7.4843  13.1380  -0.16534E+01  -0.23384E+00  -0.12228E+00   0.40838E+01   0.14400E+01
  249     7.5580  13.1473  -0.16684E+01  -0.23699E+00  -0.12542E+00   0.40814E+01   0.14186E+01
  250     7.6324  13.1565  -0.16834E+01  -0.24016E+00  -0.12860E+00   0.40792E+01   0.13966E+01
  251     7.7075  13.1656  -0.16986E+01  -0.24336E+00  -0.13180E+00   0.40770E+01   0.13749E+01
  252     7.7832  13.1746  -0.17138E+01  -0.24659E+00  -0.13503E+00   0.40748E+01   0.13533E+01
  253     7.8596  13.1834  -0.17292E+01  -0.24985E+00  -0.13829E+00   0.40728E+01   0.13315E+01
  254     7.9366  13.1922  -0.17446E+01  -0.25315E+00  -0.14159E+00   0.40707E+01   0.13103E+01
  255     8.0143  13.2008  -0.17602E+01  -0.25647E+00  -0.14491E+00   0.40688E+01   0.12887E+01
  256     8.0926  13.2093  -0.17758E+01  -0.25984E+00  -0.14828E+00   0.40670E+01   0.12674E+01
  257     8.1717  13.2178  -0.17915E+01  -0.26322E+00  -0.15166E+00   0.40651E+01   0.12461E+01
  258     8.2514  13.2261  -0.18074E+01  -0.26666E+00  -0.15509E+00   0.40634E+01   0.12249E+01
  259     8.3319  13.2343  -0.18233E+01  -0.27011E+00  -0.15855E+00   0.40616E+01   0.12036E+01
  260     8.4130  13.2424  -0.18394E+01  -0.27360E+00  -0.16204E+00   0.40600E+01   0.11825E+01
  261     8.4948  13.2503  -0.18555E+01  -0.27713E+00  -0.16556E+00   0.40584E+01   0.11616E+01
  262     8.5774  13.2582  -0.18718E+01  -0.28070E+00  -0.16913E+00   0.40568E+01   0.11399E+01
  263     8.6606  13.2660  -0.18881E+01  -0.28427E+00  -0.17271E+00   0.40553E+01   0.11194E+01
  264     8.7446  13.2737  -0.19046E+01  -0.28790E+00  -0.17634E+00   0.40538E+01   0.10986E+01
  265     8.8293  13.2813  -0.19211E+01  -0.29155E+00  -0.17999E+00   0.40524E+01   0.10778E+01
  266     8.9148  13.2888  -0.19378E+01  -0.29524E+00  -0.18368E+00   0.40510E+01   0.10572E+01
  267     9.0010  13.2962  -0.19545E+01  -0.29896E+00  -0.18740E+00   0.40497E+01   0.10373E+01
  268     9.0879  13.3035  -0.19714E+01  -0.30272E+00  -0.19116E+00   0.40484E+01   0.10168E+01
  269     9.1756  13.3107  -0.19884E+01  -0.30652E+00  -0.19496E+00   0.40471E+01   0.99670E+00
  270     9.2641  13.3178  -0.20054E+01  -0.31035E+00  -0.19878E+00   0.40459E+01   0.97733E+00
  271     9.3534  13.3248  -0.20226E+01  -0.31421E+00  -0.20265E+00   0.40447E+01   0.95713E+00
  272     9.4434  13.3317  -0.20399E+01  -0.31810E+00  -0.20654E+00   0.40435E+01   0.93698E+00
  273     9.5342  13.3386  -0.20573E+01  -0.32204E+00  -0.21047E+00   0.40424E+01   0.91797E+00
  274     9.6257  13.3453  -0.20748E+01  -0.32601E+00  -0.21445E+00   0.40413E+01   0.89880E+00
  275     9.7181  13.3520  -0.20924E+01  -0.33001E+00  -0.21845E+00   0.40403E+01   0.87957E+00
  276     9.8113  13.3586  -0.21100E+01  -0.33402E+00  -0.22246E+00   0.40392E+01   0.86087E+00
  277     9.9053  13.3651  -0.21279E+01  -0.33812E+00  -0.22655E+00   0.40382E+01   0.84226E+00
  278    10.0001  13.3715  -0.21458E+01  -0.34223E+00  -0.23067E+00   0.40373E+01   0.82343E+00
  279    10.0957  13.3778  -0.21639E+01  -0.34637E+00  -0.23481E+00   0.40363E+01   0.80569E+00
  280    10.1922  13.3841  -0.21820E+01  -0.35056E+00  -0.23900E+00   0.40354E+01   0.78735E+00
  281    10.2895  13.3902  -0.22003E+01  -0.35479E+00  -0.24323E+00   0.40345E+01   0.76920E+00
  282    10.3877  13.3963  -0.22187E+01  -0.35904E+00  -0.24747E+00   0.40337E+01   0.75165E+00
  283    10.4867  13.4023  -0.22371E+01  -0.36332E+00  -0.25176E+00   0.40328E+01   0.73416E+00
  284    10.5865  13.4083  -0.22557E+01  -0.36766E+00  -0.25609E+00   0.40320E+01   0.71673E+00
  285    10.6873  13.4141  -0.22745E+01  -0.37203E+00  -0.26046E+00   0.40312E+01   0.69978E+00
  286    10.7889  13.4199  -0.22933E+01  -0.37643E+00  -0.26487E+00   0.40305E+01   0.68317E+00
  287    10.8914  13.4256  -0.23122E+01  -0.38087E+00  -0.26930E+00   0.40297E+01   0.66617E+00
  288    10.9947  13.4312  -0.23313E+01  -0.38535E+00  -0.27379E+00   0.40290E+01   0.65002E+00
  289    11.0990  13.4368  -0.23504E+01  -0.38987E+00  -0.27831E+00   0.40283E+01   0.63406E+00
  290    11.2042  13.4423  -0.23697E+01  -0.39444E+00  -0.28288E+00   0.40276E+01   0.61801E+00
  291    11.3103  13.4477  -0.23891E+01  -0.39902E+00  -0.28746E+00   0.40270E+01   0.60222E+00
  292    11.4173  13.4530  -0.24087E+01  -0.40367E+00  -0.29210E+00   0.40263E+01   0.58687E+00
  293    11.5253  13.4583  -0.24283E+01  -0.40834E+00  -0.29678E+00   0.40257E+01   0.57154E+00
  294    11.6342  13.4635  -0.24480E+01  -0.41304E+00  -0.30148E+00   0.40251E+01   0.55674E+00
  295    11.7440  13.4687  -0.24679E+01  -0.41780E+00  -0.30624E+00   0.40245E+01   0.54188E+00
  296    11.8548  13.4738  -0.24879E+01  -0.42259E+00  -0.31103E+00   0.40239E+01   0.52732E+00
  297    11.9666  13.4788  -0.25080E+01  -0.42742E+00  -0.31586E+00   0.40234E+01   0.51326E+00
  298    12.0793  13.4837  -0.25282E+01  -0.43229E+00  -0.32073E+00   0.40228E+01   0.49923E+00
  299    12.1930  13.4886  -0.25486E+01  -0.43720E+00  -0.32564E+00   0.40223E+01   0.48553E+00
  300    12.3077  13.4934  -0.25690E+01  -0.44215E+00  -0.33059E+00   0.40218E+01   0.47205E+00
  301    12.4234  13.4982  -0.25897E+01  -0.44715E+00  -0.33559E+00   0.40213E+01   0.45850E+00
  302    12.5401  13.5029  -0.26103E+01  -0.45218E+00  -0.34062E+00   0.40208E+01   0.44569E+00
  303    12.6578  13.5075  -0.26312E+01  -0.45727E+00  -0.34570E+00   0.40203E+01   0.43287E+00
  304    12.7766  13.5121  -0.26521E+01  -0.46236E+00  -0.35080E+00   0.40199E+01   0.42024E+00
  305    12.8963  13.5166  -0.26732E+01  -0.46751E+00  -0.35595E+00   0.40194E+01   0.40819E+00
  306    13.0172  13.5211  -0.26944E+01  -0.47272E+00  -0.36115E+00   0.40190E+01   0.39593E+00
  307    13.1390  13.5255  -0.27158E+01  -0.47795E+00  -0.36639E+00   0.40185E+01   0.38421E+00
  308    13.2619  13.5298  -0.27372E+01  -0.48323E+00  -0.37167E+00   0.40181E+01   0.37267E+00
  309    13.3859  13.5341  -0.27589E+01  -0.48857E+00  -0.37701E+00   0.40177E+01   0.36128E+00
  310    13.5110  13.5383  -0.27806E+01  -0.49394E+00  -0.38237E+00   0.40173E+01   0.35023E+00
  311    13.6372  13.5425  -0.28024E+01  -0.49934E+00  -0.38777E+00   0.40170E+01   0.33930E+00
  312    13.7644  13.5466  -0.28244E+01  -0.50478E+00  -0.39322E+00   0.40166E+01   0.32893E+00
  313    13.8928  13.5507  -0.28465E+01  -0.51027E+00  -0.39871E+00   0.40162E+01   0.31856E+00
  314    14.0223  13.5547  -0.28687E+01  -0.51581E+00  -0.40425E+00   0.40159E+01   0.30819E+00
  315    14.1529  13.5587  -0.28911E+01  -0.52140E+00  -0.40983E+00   0.40155E+01   0.29824E+00
  316    14.2846  13.5626  -0.29137E+01  -0.52705E+00  -0.41549E+00   0.40152E+01   0.28883E+00
  317    14.4175  13.5665  -0.29362E+01  -0.53268E+00  -0.42112E+00   0.40149E+01   0.27922E+00
  318    14.5515  13.5703  -0.29590E+01  -0.53839E+00  -0.42683E+00   0.40146E+01   0.26963E+00
  319    14.6867  13.5741  -0.29820E+01  -0.54418E+00  -0.43262E+00   0.40143E+01   0.26095E+00
  320    14.8231  13.5778  -0.30049E+01  -0.54995E+00  -0.43839E+00   0.40140E+01   0.25221E+00
  321    14.9607  13.5815  -0.30280E+01  -0.55578E+00  -0.44422E+00   0.40137E+01   0.24365E+00
  322    15.0994  13.5851  -0.30513E+01  -0.56168E+00  -0.45012E+00   0.40134E+01   0.23528E+00
  323    15.2394  13.5887  -0.30748E+01  -0.56761E+00  -0.45605E+00   0.40131E+01   0.22744E+00
  324    15.3806  13.5922  -0.30983E+01  -0.57359E+00  -0.46203E+00   0.40128E+01   0.21924E+00
  325    15.5230  13.5957  -0.31221E+01  -0.57963E+00  -0.46806E+00   0.40126E+01   0.21152E+00
  326    15.6666  13.5991  -0.31460E+01  -0.58575E+00  -0.47418E+00   0.40123E+01   0.20389E+00
  327    15.8115  13.6025  -0.31699E+01  -0.59181E+00  -0.48025E+00   0.40121E+01   0.19658E+00
  328    15.9577  13.6059  -0.31940E+01  -0.59797E+00  -0.48641E+00   0.40118E+01   0.18954E+00
  329    16.1051  13.6092  -0.32183E+01  -0.60419E+00  -0.49263E+00   0.40116E+01   0.18273E+00
  330    16.2538  13.6124  -0.32426E+01  -0.61042E+00  -0.49886E+00   0.40114E+01   0.17600E+00
  331    16.4038  13.6157  -0.32672E+01  -0.61676E+00  -0.50519E+00   0.40111E+01   0.16949E+00
  332    16.5551  13.6188  -0.32919E+01  -0.62309E+00  -0.51153E+00   0.40109E+01   0.16317E+00
  333    16.7078  13.6220  -0.33167E+01  -0.62950E+00  -0.51793E+00   0.40107E+01   0.15690E+00
  334    16.8617  13.6251  -0.33417E+01  -0.63594E+00  -0.52438E+00   0.40105E+01   0.15089E+00
  335    17.0170  13.6281  -0.33668E+01  -0.64243E+00  -0.53086E+00   0.40103E+01   0.14520E+00
  336    17.1736  13.6312  -0.33920E+01  -0.64896E+00  -0.53740E+00   0.40101E+01   0.13957E+00
  337    17.3316  13.6342  -0.34174E+01  -0.65555E+00  -0.54399E+00   0.40099E+01   0.13418E+00
  338    17.4910  13.6371  -0.34430E+01  -0.66220E+00  -0.55064E+00   0.40097E+01   0.12887E+00
  339    17.6518  13.6400  -0.34686E+01  -0.66888E+00  -0.55732E+00   0.40095E+01   0.12376E+00
  340    17.8139  13.6429  -0.34945E+01  -0.67563E+00  -0.56406E+00   0.40093E+01   0.11877E+00
  341    17.9775  13.6457  -0.35205E+01  -0.68240E+00  -0.57084E+00   0.40091E+01   0.11399E+00
  342    18.1425  13.6485  -0.35466E+01  -0.68924E+00  -0.57768E+00   0.40090E+01   0.10935E+00
  343    18.3089  13.6513  -0.35729E+01  -0.69612E+00  -0.58456E+00   0.40088E+01   0.10490E+00
  344    18.4768  13.6540  -0.35993E+01  -0.70305E+00  -0.59149E+00   0.40086E+01   0.10053E+00
  345    18.6461  13.6567  -0.36259E+01  -0.71004E+00  -0.59848E+00   0.40085E+01   0.96359E-01
  346    18.8169  13.6593  -0.36526E+01  -0.71707E+00  -0.60551E+00   0.40083E+01   0.92357E-01
  347    18.9892  13.6619  -0.36795E+01  -0.72415E+00  -0.61259E+00   0.40082E+01   0.88454E-01
  348    19.1630  13.6645  -0.37065E+01  -0.73128E+00  -0.61972E+00   0.40080E+01   0.84641E-01
  349    19.3383  13.6671  -0.37337E+01  -0.73846E+00  -0.62690E+00   0.40079E+01   0.81022E-01
  350    19.5151  13.6696  -0.37611E+01  -0.74572E+00  -0.63416E+00   0.40077E+01   0.77498E-01
  351    19.6934  13.6721  -0.37886E+01  -0.75299E+00  -0.64143E+00   0.40076E+01   0.74091E-01
  352    19.8734  13.6745  -0.38163E+01  -0.76035E+00  -0.64879E+00   0.40075E+01   0.70775E-01
  353    20.0548  13.6770  -0.38440E+01  -0.76772E+00  -0.65616E+00   0.40073E+01   0.67680E-01
  354    20.2379  13.6794  -0.38720E+01  -0.77517E+00  -0.66361E+00   0.40072E+01   0.64646E-01
  355    20.4225  13.6817  -0.39001E+01  -0.78267E+00  -0.67111E+00   0.40071E+01   0.61722E-01
  356    20.6088  13.6840  -0.39284E+01  -0.79021E+00  -0.67865E+00   0.40070E+01   0.58924E-01
  357    20.7966  13.6863  -0.39568E+01  -0.79789E+00  -0.68632E+00   0.40000E+01   0.56223E-01
  358    20.9861  13.6886  -0.39854E+01  -0.80554E+00  -0.69398E+00   0.40000E+01   0.53638E-01
  359    21.1773  13.6909  -0.40142E+01  -0.81325E+00  -0.70169E+00   0.40000E+01   0.51125E-01
  360    21.3701  13.6931  -0.40431E+01  -0.82101E+00  -0.70945E+00   0.40000E+01   0.48730E-01
  361    21.5646  13.6953  -0.40722E+01  -0.82882E+00  -0.71726E+00   0.40000E+01   0.46424E-01
  362    21.7607  13.6974  -0.41014E+01  -0.83668E+00  -0.72512E+00   0.40000E+01   0.44187E-01
  363    21.9586  13.6995  -0.41308E+01  -0.84461E+00  -0.73305E+00   0.40000E+01   0.42086E-01
  364    22.1582  13.7016  -0.41603E+01  -0.85257E+00  -0.74101E+00   0.40000E+01   0.40051E-01
  365    22.3596  13.7037  -0.41901E+01  -0.86062E+00  -0.74906E+00   0.40000E+01   0.38092E-01
  366    22.5626  13.7058  -0.42200E+01  -0.86869E+00  -0.75713E+00   0.40000E+01   0.36239E-01
  367    22.7675  13.7078  -0.42500E+01  -0.87683E+00  -0.76527E+00   0.40000E+01   0.34425E-01
  368    22.9741  13.7098  -0.42801E+01  -0.88498E+00  -0.77342E+00   0.40000E+01   0.32740E-01
  369    23.1825  13.7117  -0.43106E+01  -0.89326E+00  -0.78170E+00   0.40000E+01   0.31087E-01
  370    23.3928  13.7137  -0.43412E+01  -0.90157E+00  -0.79001E+00   0.40000E+01   0.29532E-01
  371    23.6049  13.7156  -0.43719E+01  -0.90993E+00  -0.79837E+00   0.40000E+01   0.28019E-01
  372    23.8188  13.7175  -0.44028E+01  -0.91835E+00  -0.80679E+00   0.40000E+01   0.26575E-01
  373    24.0345  13.7194  -0.44339E+01  -0.92682E+00  -0.81526E+00   0.40000E+01   0.25181E-01
  374    24.2522  13.7212  -0.44650E+01  -0.93534E+00  -0.82378E+00   0.40000E+01   0.23884E-01
  375    24.4717  13.7230  -0.44964E+01  -0.94391E+00  -0.83235E+00   0.40000E+01   0.22634E-01
  376    24.6932  13.7248  -0.45280E+01  -0.95257E+00  -0.84100E+00   0.40000E+01   0.21441E-01
  377    24.9166  13.7266  -0.45598E+01  -0.96128E+00  -0.84972E+00   0.40000E+01   0.20302E-01
  378    25.1419  13.7284  -0.45917E+01  -0.97004E+00  -0.85848E+00   0.40000E+01   0.19220E-01
  379    25.3691  13.7301  -0.46237E+01  -0.97881E+00  -0.86725E+00   0.40000E+01   0.18193E-01
  380    25.5984  13.7318  -0.46561E+01  -0.98774E+00  -0.87618E+00   0.40000E+01   0.17187E-01
  381    25.8296  13.7335  -0.46885E+01  -0.99667E+00  -0.88511E+00   0.40000E+01   0.16256E-01
  382    26.0629  13.7351  -0.47211E+01  -0.10057E+01  -0.89410E+00   0.40000E+01   0.15347E-01
  383    26.2982  13.7368  -0.47539E+01  -0.10147E+01  -0.90315E+00   0.40000E+01   0.14516E-01
  384    26.5355  13.7384  -0.47868E+01  -0.10238E+01  -0.91225E+00   0.40000E+01   0.13678E-01
  385    26.7749  13.7400  -0.48203E+01  -0.10331E+01  -0.92151E+00   0.40000E+01   0.12901E-01
  386    27.0164  13.7416  -0.48533E+01  -0.10422E+01  -0.93065E+00   0.40000E+01   0.12171E-01
  387    27.2599  13.7431  -0.48868E+01  -0.10515E+01  -0.93993E+00   0.40000E+01   0.11465E-01
  388    27.5056  13.7447  -0.49205E+01  -0.10608E+01  -0.94928E+00   0.40000E+01   0.10815E-01
  389    27.7534  13.7462  -0.49543E+01  -0.10702E+01  -0.95868E+00   0.40000E+01   0.10187E-01
  390    28.0034  13.7477  -0.49883E+01  -0.10797E+01  -0.96813E+00   0.40000E+01   0.95970E-02
  391    28.2556  13.7492  -0.50225E+01  -0.10892E+01  -0.97763E+00   0.40000E+01   0.90428E-02
  392    28.5099  13.7506  -0.50569E+01  -0.10988E+01  -0.98723E+00   0.40000E+01   0.85011E-02
  393    28.7665  13.7521  -0.50916E+01  -0.11085E+01  -0.99691E+00   0.40000E+01   0.79946E-02
  394    29.0253  13.7535  -0.51262E+01  -0.11181E+01  -0.10066E+01   0.40000E+01   0.75120E-02
  395    29.2863  13.7549  -0.51612E+01  -0.11279E+01  -0.10164E+01   0.40000E+01   0.70551E-02
  396    29.5496  13.7563  -0.51962E+01  -0.11377E+01  -0.10261E+01   0.40000E+01   0.66330E-02
  397    29.8152  13.7577  -0.52315E+01  -0.11476E+01  -0.10360E+01   0.40000E+01   0.62129E-02
  398    30.0831  13.7590  -0.52669E+01  -0.11575E+01  -0.10460E+01   0.40000E+01   0.58423E-02
  399    30.3534  13.7604  -0.53024E+01  -0.11675E+01  -0.10559E+01   0.40000E+01   0.54760E-02
  400    30.6259  13.7617  -0.53384E+01  -0.11776E+01  -0.10660E+01   0.40000E+01   0.51343E-02
