    1     0.0001   0.0014  -0.15259E-04  -0.56949E-06   0.11071E+00   0.13346E+02   0.51325E+00
    2     0.0088   0.1221  -0.10702E-02   0.10768E-04   0.11073E+00   0.13263E+02   0.42153E+00
    3     0.0176   0.2423  -0.22399E-02   0.15532E-05   0.11072E+00   0.13181E+02   0.44663E+00
    4     0.0264   0.3621  -0.34563E-02  -0.11209E-04   0.11070E+00   0.13099E+02   0.46348E+00
    5     0.0353   0.4814  -0.47278E-02  -0.29796E-04   0.11069E+00   0.13018E+02   0.48038E+00
    6     0.0443   0.6003  -0.60363E-02  -0.49911E-04   0.11067E+00   0.12937E+02   0.49504E+00
    7     0.0534   0.7188  -0.73794E-02  -0.70959E-04   0.11064E+00   0.12857E+02   0.50840E+00
    8     0.0626   0.8368  -0.87556E-02  -0.92397E-04   0.11062E+00   0.12777E+02   0.52124E+00
    9     0.0718   0.9543  -0.10164E-01  -0.11443E-03   0.11060E+00   0.12697E+02   0.53393E+00
   10     0.0811   1.0713  -0.11604E-01  -0.13678E-03   0.11058E+00   0.12618E+02   0.54618E+00
   11     0.0905   1.1879  -0.13076E-01  -0.15923E-03   0.11056E+00   0.12539E+02   0.55839E+00
   12     0.1000   1.3039  -0.14578E-01  -0.18176E-03   0.11053E+00   0.12460E+02   0.57027E+00
   13     0.1096   1.4195  -0.16110E-01  -0.20450E-03   0.11051E+00   0.12382E+02   0.58225E+00
   14     0.1192   1.5346  -0.17672E-01  -0.22734E-03   0.11049E+00   0.12304E+02   0.59421E+00
   15     0.1290   1.6491  -0.19273E-01  -0.25262E-03   0.11046E+00   0.12227E+02   0.60625E+00
   16     0.1388   1.7632  -0.20894E-01  -0.27554E-03   0.11044E+00   0.12149E+02   0.61820E+00
   17     0.1487   1.8767  -0.22544E-01  -0.29901E-03   0.11042E+00   0.12072E+02   0.62999E+00
   18     0.1587   1.9897  -0.24225E-01  -0.32281E-03   0.11039E+00   0.11995E+02   0.64202E+00
   19     0.1687   2.1021  -0.25936E-01  -0.34709E-03   0.11037E+00   0.11919E+02   0.65406E+00
   20     0.1789   2.2140  -0.27676E-01  -0.37157E-03   0.11034E+00   0.11843E+02   0.66603E+00
   21     0.1891   2.3254  -0.29446E-01  -0.39681E-03   0.11032E+00   0.11767E+02   0.67825E+00
   22     0.1995   2.4362  -0.31245E-01  -0.42264E-03   0.11029E+00   0.11692E+02   0.69044E+00
   23     0.2099   2.5465  -0.33075E-01  -0.44904E-03   0.11027E+00   0.11616E+02   0.70273E+00
   24     0.2204   2.6562  -0.34936E-01  -0.47667E-03   0.11024E+00   0.11542E+02   0.71514E+00
   25     0.2310   2.7653  -0.36827E-01  -0.50504E-03   0.11021E+00   0.11467E+02   0.72766E+00
   26     0.2417   2.8738  -0.38748E-01  -0.53462E-03   0.11018E+00   0.11393E+02   0.74034E+00
   27     0.2525   2.9818  -0.40701E-01  -0.56494E-03   0.11015E+00   0.11319E+02   0.75299E+00
   28     0.2634   3.0892  -0.42685E-01  -0.59672E-03   0.11012E+00   0.11246E+02   0.76586E+00
   29     0.2744   3.1959  -0.44700E-01  -0.62995E-03   0.11009E+00   0.11172E+02   0.77887E+00
   30     0.2855   3.3021  -0.46746E-01  -0.66433E-03   0.11005E+00   0.11100E+02   0.79199E+00
   31     0.2967   3.4077  -0.48825E-01  -0.70081E-03   0.11001E+00   0.11027E+02   0.80517E+00
   32     0.3079   3.5127  -0.50935E-01  -0.73892E-03   0.10998E+00   0.10955E+02   0.81851E+00
   33     0.3193   3.6170  -0.53066E-01  -0.77621E-03   0.10994E+00   0.10883E+02   0.83205E+00
   34     0.3308   3.7207  -0.55241E-01  -0.81802E-03   0.10990E+00   0.10812E+02   0.84563E+00
   35     0.3423   3.8238  -0.57447E-01  -0.86203E-03   0.10985E+00   0.10741E+02   0.85916E+00
   36     0.3540   3.9263  -0.59687E-01  -0.90828E-03   0.10981E+00   0.10670E+02   0.87306E+00
   37     0.3658   4.0281  -0.61960E-01  -0.95666E-03   0.10976E+00   0.10599E+02   0.88699E+00
   38     0.3777   4.1293  -0.64265E-01  -0.10077E-02   0.10971E+00   0.10529E+02   0.90106E+00
   39     0.3896   4.2299  -0.66604E-01  -0.10611E-02   0.10965E+00   0.10460E+02   0.91528E+00
   40     0.4017   4.3298  -0.68977E-01  -0.11170E-02   0.10960E+00   0.10390E+02   0.92962E+00
   41     0.4139   4.4291  -0.71384E-01  -0.11758E-02   0.10954E+00   0.10322E+02   0.94411E+00
   42     0.4262   4.5276  -0.73826E-01  -0.12377E-02   0.10948E+00   0.10253E+02   0.95876E+00
   43     0.4386   4.6256  -0.76303E-01  -0.13028E-02   0.10941E+00   0.10185E+02   0.97339E+00
   44     0.4511   4.7229  -0.78816E-01  -0.13713E-02   0.10934E+00   0.10117E+02   0.98820E+00
   45     0.4637   4.8195  -0.81364E-01  -0.14426E-02   0.10927E+00   0.10050E+02   0.10032E+01
   46     0.4764   4.9154  -0.83948E-01  -0.15173E-02   0.10920E+00   0.99825E+01   0.10183E+01
   47     0.4893   5.0106  -0.86567E-01  -0.15955E-02   0.10912E+00   0.99159E+01   0.10336E+01
   48     0.5022   5.1052  -0.89221E-01  -0.16773E-02   0.10904E+00   0.98496E+01   0.10490E+01
   49     0.5153   5.1991  -0.91912E-01  -0.17628E-02   0.10895E+00   0.97837E+01   0.10645E+01
   50     0.5285   5.2923  -0.94636E-01  -0.18514E-02   0.10886E+00   0.97182E+01   0.10802E+01
   51     0.5417   5.3849  -0.97396E-01  -0.19435E-02   0.10877E+00   0.96531E+01   0.10958E+01
   52     0.5552   5.4767  -0.10019E+00  -0.20392E-02   0.10868E+00   0.95884E+01   0.11117E+01
   53     0.5687   5.5679  -0.10302E+00  -0.21391E-02   0.10858E+00   0.95241E+01   0.11278E+01
   54     0.5823   5.6583  -0.10589E+00  -0.22433E-02   0.10847E+00   0.94601E+01   0.11438E+01
   55     0.5961   5.7481  -0.10880E+00  -0.23518E-02   0.10836E+00   0.93965E+01   0.11600E+01
   56     0.6099   5.8371  -0.11175E+00  -0.24651E-02   0.10825E+00   0.93334E+01   0.11765E+01
   57     0.6239   5.9255  -0.11473E+00  -0.25835E-02   0.10813E+00   0.92706E+01   0.11930E+01
   58     0.6381   6.0132  -0.11776E+00  -0.27065E-02   0.10801E+00   0.92082E+01   0.12096E+01
   59     0.6523   6.1001  -0.12082E+00  -0.28340E-02   0.10788E+00   0.91463E+01   0.12264E+01
   60     0.6667   6.1864  -0.12392E+00  -0.29661E-02   0.10775E+00   0.90847E+01   0.12432E+01
   61     0.6812   6.2719  -0.12706E+00  -0.31030E-02   0.10761E+00   0.90236E+01   0.12602E+01
   62     0.6958   6.3568  -0.13023E+00  -0.32449E-02   0.10747E+00   0.89629E+01   0.12772E+01
   63     0.7105   6.4409  -0.13345E+00  -0.33922E-02   0.10732E+00   0.89025E+01   0.12945E+01
   64     0.7254   6.5244  -0.13671E+00  -0.35444E-02   0.10717E+00   0.88426E+01   0.13117E+01
   65     0.7404   6.6071  -0.14000E+00  -0.37014E-02   0.10701E+00   0.87832E+01   0.13291E+01
   66     0.7555   6.6891  -0.14333E+00  -0.38634E-02   0.10685E+00   0.87240E+01   0.13466E+01
   67     0.7708   6.7704  -0.14671E+00  -0.40310E-02   0.10668E+00   0.86653E+01   0.13641E+01
   68     0.7862   6.8511  -0.15012E+00  -0.42044E-02   0.10651E+00   0.86071E+01   0.13818E+01
   69     0.8017   6.9310  -0.15358E+00  -0.43842E-02   0.10633E+00   0.85492E+01   0.13996E+01
   70     0.8174   7.0102  -0.15708E+00  -0.45708E-02   0.10614E+00   0.84918E+01   0.14175E+01
   71     0.8332   7.0886  -0.16063E+00  -0.47638E-02   0.10595E+00   0.84348E+01   0.14355E+01
   72     0.8491   7.1664  -0.16421E+00  -0.49621E-02   0.10575E+00   0.83782E+01   0.14536E+01
   73     0.8652   7.2435  -0.16783E+00  -0.51651E-02   0.10555E+00   0.83220E+01   0.14718E+01
   74     0.8814   7.3199  -0.17149E+00  -0.53734E-02   0.10534E+00   0.82662E+01   0.14900E+01
   75     0.8977   7.3956  -0.17519E+00  -0.55883E-02   0.10513E+00   0.82107E+01   0.15083E+01
   76     0.9142   7.4705  -0.17894E+00  -0.58106E-02   0.10490E+00   0.81557E+01   0.15267E+01
   77     0.9309   7.5448  -0.18273E+00  -0.60394E-02   0.10468E+00   0.81013E+01   0.15451E+01
   78     0.9477   7.6184  -0.18656E+00  -0.62750E-02   0.10444E+00   0.80472E+01   0.15636E+01
   79     0.9646   7.6913  -0.19044E+00  -0.65169E-02   0.10420E+00   0.79934E+01   0.15821E+01
   80     0.9817   7.7635  -0.19435E+00  -0.67653E-02   0.10395E+00   0.79401E+01   0.16007E+01
   81     0.9989   7.8350  -0.19831E+00  -0.70203E-02   0.10370E+00   0.78872E+01   0.16195E+01
   82     1.0163   7.9058  -0.20232E+00  -0.72836E-02   0.10343E+00   0.78347E+01   0.16383E+01
   83     1.0338   7.9759  -0.20637E+00  -0.75544E-02   0.10316E+00   0.77827E+01   0.16571E+01
   84     1.0515   8.0453  -0.21046E+00  -0.78319E-02   0.10288E+00   0.77310E+01   0.16759E+01
   85     1.0693   8.1141  -0.21460E+00  -0.81158E-02   0.10260E+00   0.76798E+01   0.16948E+01
   86     1.0873   8.1821  -0.21878E+00  -0.84071E-02   0.10231E+00   0.76289E+01   0.17135E+01
   87     1.1055   8.2495  -0.22300E+00  -0.87063E-02   0.10201E+00   0.75784E+01   0.17324E+01
   88     1.1238   8.3162  -0.22728E+00  -0.90137E-02   0.10170E+00   0.75285E+01   0.17513E+01
   89     1.1423   8.3823  -0.23160E+00  -0.93296E-02   0.10139E+00   0.74789E+01   0.17703E+01
   90     1.1609   8.4477  -0.23596E+00  -0.96525E-02   0.10106E+00   0.74297E+01   0.17894E+01
   91     1.1797   8.5124  -0.24036E+00  -0.99824E-02   0.10073E+00   0.73809E+01   0.18084E+01
   92     1.1986   8.5764  -0.24481E+00  -0.10320E-01   0.10040E+00   0.73326E+01   0.18274E+01
   93     1.2177   8.6398  -0.24931E+00  -0.10667E-01   0.10005E+00   0.72847E+01   0.18462E+01
   94     1.2370   8.7025  -0.25386E+00  -0.11022E-01   0.99694E-01   0.72371E+01   0.18653E+01
   95     1.2565   8.7646  -0.25845E+00  -0.11385E-01   0.99330E-01   0.71900E+01   0.18843E+01
   96     1.2761   8.8260  -0.26309E+00  -0.11757E-01   0.98959E-01   0.71433E+01   0.19032E+01
   97     1.2959   8.8868  -0.26777E+00  -0.12137E-01   0.98578E-01   0.70969E+01   0.19221E+01
   98     1.3158   8.9469  -0.27251E+00  -0.12527E-01   0.98188E-01   0.70510E+01   0.19409E+01
   99     1.3360   9.0065  -0.27729E+00  -0.12926E-01   0.97789E-01   0.70055E+01   0.19597E+01
  100     1.3563   9.0653  -0.28212E+00  -0.13334E-01   0.97382E-01   0.69603E+01   0.19784E+01
  101     1.3767   9.1236  -0.28699E+00  -0.13749E-01   0.96967E-01   0.69156E+01   0.19972E+01
  102     1.3974   9.1812  -0.29191E+00  -0.14173E-01   0.96542E-01   0.68712E+01   0.20160E+01
  103     1.4183   9.2382  -0.29688E+00  -0.14607E-01   0.96108E-01   0.68273E+01   0.20349E+01
  104     1.4393   9.2945  -0.30190E+00  -0.15051E-01   0.95665E-01   0.67838E+01   0.20536E+01
  105     1.4605   9.3503  -0.30697E+00  -0.15504E-01   0.95211E-01   0.67407E+01   0.20719E+01
  106     1.4819   9.4054  -0.31209E+00  -0.15966E-01   0.94749E-01   0.66979E+01   0.20900E+01
  107     1.5035   9.4600  -0.31725E+00  -0.16437E-01   0.94278E-01   0.66556E+01   0.21082E+01
  108     1.5252   9.5139  -0.32246E+00  -0.16919E-01   0.93797E-01   0.66136E+01   0.21265E+01
  109     1.5472   9.5673  -0.32773E+00  -0.17410E-01   0.93305E-01   0.65720E+01   0.21447E+01
  110     1.5693   9.6200  -0.33305E+00  -0.17912E-01   0.92804E-01   0.65309E+01   0.21626E+01
  111     1.5917   9.6722  -0.33841E+00  -0.18423E-01   0.92293E-01   0.64902E+01   0.21805E+01
  112     1.6142   9.7238  -0.34382E+00  -0.18943E-01   0.91773E-01   0.64498E+01   0.21982E+01
  113     1.6369   9.7748  -0.34928E+00  -0.19472E-01   0.91243E-01   0.64098E+01   0.22161E+01
  114     1.6598   9.8252  -0.35479E+00  -0.20014E-01   0.90702E-01   0.63702E+01   0.22336E+01
  115     1.6830   9.8751  -0.36036E+00  -0.20568E-01   0.90147E-01   0.63310E+01   0.22509E+01
  116     1.7063   9.9244  -0.36600E+00  -0.21137E-01   0.89578E-01   0.62923E+01   0.22680E+01
  117     1.7298   9.9731  -0.37168E+00  -0.21714E-01   0.89001E-01   0.62539E+01   0.22850E+01
  118     1.7536  10.0213  -0.37739E+00  -0.22295E-01   0.88421E-01   0.62158E+01   0.23020E+01
  119     1.7775  10.0689  -0.38314E+00  -0.22884E-01   0.87831E-01   0.61780E+01   0.23189E+01
  120     1.8016  10.1160  -0.38896E+00  -0.23490E-01   0.87226E-01   0.61407E+01   0.23355E+01
  121     1.8260  10.1626  -0.39484E+00  -0.24108E-01   0.86607E-01   0.61038E+01   0.23519E+01
  122     1.8506  10.2086  -0.40077E+00  -0.24737E-01   0.85978E-01   0.60673E+01   0.23680E+01
  123     1.8753  10.2541  -0.40675E+00  -0.25377E-01   0.85338E-01   0.60312E+01   0.23842E+01
  124     1.9003  10.2990  -0.41278E+00  -0.26029E-01   0.84687E-01   0.59954E+01   0.24002E+01
  125     1.9256  10.3434  -0.41887E+00  -0.26691E-01   0.84024E-01   0.59600E+01   0.24157E+01
  126     1.9510  10.3873  -0.42501E+00  -0.27366E-01   0.83350E-01   0.59250E+01   0.24305E+01
  127     1.9766  10.4307  -0.43120E+00  -0.28052E-01   0.82664E-01   0.58904E+01   0.24453E+01
  128     2.0025  10.4736  -0.43745E+00  -0.28751E-01   0.81965E-01   0.58561E+01   0.24605E+01
  129     2.0286  10.5160  -0.44376E+00  -0.29461E-01   0.81255E-01   0.58222E+01   0.24756E+01
  130     2.0550  10.5579  -0.45011E+00  -0.30183E-01   0.80532E-01   0.57888E+01   0.24903E+01
  131     2.0815  10.5993  -0.45653E+00  -0.30918E-01   0.79797E-01   0.57556E+01   0.25042E+01
  132     2.1083  10.6402  -0.46300E+00  -0.31666E-01   0.79049E-01   0.57228E+01   0.25180E+01
  133     2.1353  10.6806  -0.46951E+00  -0.32425E-01   0.78290E-01   0.56903E+01   0.25318E+01
  134     2.1626  10.7205  -0.47609E+00  -0.33196E-01   0.77520E-01   0.56584E+01   0.25452E+01
  135     2.1901  10.7600  -0.48273E+00  -0.33980E-01   0.76735E-01   0.56268E+01   0.25583E+01
  136     2.2178  10.7990  -0.48941E+00  -0.34777E-01   0.75939E-01   0.55955E+01   0.25711E+01
  137     2.2458  10.8375  -0.49615E+00  -0.35584E-01   0.75132E-01   0.55646E+01   0.25836E+01
  138     2.2740  10.8756  -0.50294E+00  -0.36405E-01   0.74310E-01   0.55340E+01   0.25959E+01
  139     2.3025  10.9132  -0.50981E+00  -0.37243E-01   0.73473E-01   0.55038E+01   0.26077E+01
  140     2.3312  10.9504  -0.51673E+00  -0.38095E-01   0.72621E-01   0.54740E+01   0.26194E+01
  141     2.3602  10.9871  -0.52370E+00  -0.38957E-01   0.71759E-01   0.54446E+01   0.26307E+01
  142     2.3894  11.0234  -0.53073E+00  -0.39830E-01   0.70886E-01   0.54155E+01   0.26418E+01
  143     2.4188  11.0592  -0.53781E+00  -0.40718E-01   0.69998E-01   0.53868E+01   0.26524E+01
  144     2.4486  11.0946  -0.54496E+00  -0.41621E-01   0.69095E-01   0.53585E+01   0.26625E+01
  145     2.4785  11.1296  -0.55216E+00  -0.42538E-01   0.68178E-01   0.53306E+01   0.26725E+01
  146     2.5088  11.1641  -0.55943E+00  -0.43467E-01   0.67248E-01   0.53030E+01   0.26822E+01
  147     2.5393  11.1982  -0.56675E+00  -0.44411E-01   0.66304E-01   0.52758E+01   0.26914E+01
  148     2.5701  11.2320  -0.57413E+00  -0.45369E-01   0.65347E-01   0.52489E+01   0.27003E+01
  149     2.6011  11.2653  -0.58157E+00  -0.46342E-01   0.64374E-01   0.52224E+01   0.27088E+01
  150     2.6324  11.2982  -0.58907E+00  -0.47330E-01   0.63386E-01   0.51963E+01   0.27170E+01
  151     2.6640  11.3306  -0.59664E+00  -0.48331E-01   0.62385E-01   0.51706E+01   0.27249E+01
  152     2.6958  11.3627  -0.60426E+00  -0.49346E-01   0.61370E-01   0.51452E+01   0.27322E+01
  153     2.7280  11.3944  -0.61193E+00  -0.50375E-01   0.60341E-01   0.51202E+01   0.27389E+01
  154     2.7604  11.4258  -0.61967E+00  -0.51419E-01   0.59296E-01   0.50955E+01   0.27454E+01
  155     2.7931  11.4567  -0.62747E+00  -0.52477E-01   0.58238E-01   0.50712E+01   0.27516E+01
  156     2.8260  11.4872  -0.63532E+00  -0.53549E-01   0.57167E-01   0.50472E+01   0.27576E+01
  157     2.8593  11.5174  -0.64326E+00  -0.54641E-01   0.56074E-01   0.50236E+01   0.27628E+01
  158     2.8929  11.5472  -0.65125E+00  -0.55748E-01   0.54968E-01   0.50004E+01   0.27675E+01
  159     2.9267  11.5766  -0.65930E+00  -0.56866E-01   0.53849E-01   0.49776E+01   0.27720E+01
  160     2.9608  11.6057  -0.66741E+00  -0.58003E-01   0.52713E-01   0.49551E+01   0.27761E+01
  161     2.9953  11.6344  -0.67559E+00  -0.59153E-01   0.51562E-01   0.49329E+01   0.27800E+01
  162     3.0300  11.6628  -0.68381E+00  -0.60317E-01   0.50398E-01   0.49111E+01   0.27835E+01
  163     3.0651  11.6908  -0.69211E+00  -0.61498E-01   0.49218E-01   0.48897E+01   0.27866E+01
  164     3.1004  11.7184  -0.70047E+00  -0.62696E-01   0.48020E-01   0.48686E+01   0.27889E+01
  165     3.1360  11.7458  -0.70890E+00  -0.63911E-01   0.46805E-01   0.48479E+01   0.27906E+01
  166     3.1720  11.7727  -0.71739E+00  -0.65141E-01   0.45574E-01   0.48275E+01   0.27922E+01
  167     3.2083  11.7994  -0.72594E+00  -0.66387E-01   0.44329E-01   0.48075E+01   0.27932E+01
  168     3.2449  11.8257  -0.73457E+00  -0.67650E-01   0.43065E-01   0.47879E+01   0.27939E+01
  169     3.2818  11.8517  -0.74326E+00  -0.68932E-01   0.41784E-01   0.47686E+01   0.27943E+01
  170     3.3190  11.8773  -0.75202E+00  -0.70228E-01   0.40487E-01   0.47498E+01   0.27942E+01
  171     3.3565  11.9026  -0.76084E+00  -0.71542E-01   0.39174E-01   0.47312E+01   0.27933E+01
  172     3.3944  11.9277  -0.76972E+00  -0.72873E-01   0.37843E-01   0.47129E+01   0.27922E+01
  173     3.4326  11.9524  -0.77867E+00  -0.74220E-01   0.36495E-01   0.46949E+01   0.27907E+01
  174     3.4712  11.9768  -0.78768E+00  -0.75584E-01   0.35131E-01   0.46774E+01   0.27887E+01
  175     3.5100  12.0009  -0.79677E+00  -0.76968E-01   0.33747E-01   0.46601E+01   0.27860E+01
  176     3.5492  12.0246  -0.80592E+00  -0.78368E-01   0.32348E-01   0.46432E+01   0.27830E+01
  177     3.5888  12.0481  -0.81515E+00  -0.79788E-01   0.30928E-01   0.46267E+01   0.27794E+01
  178     3.6287  12.0713  -0.82444E+00  -0.81224E-01   0.29491E-01   0.46105E+01   0.27754E+01
  179     3.6689  12.0942  -0.83379E+00  -0.82675E-01   0.28040E-01   0.45946E+01   0.27710E+01
  180     3.7095  12.1169  -0.84322E+00  -0.84149E-01   0.26566E-01   0.45790E+01   0.27662E+01
  181     3.7505  12.1392  -0.85271E+00  -0.85642E-01   0.25074E-01   0.45637E+01   0.27608E+01
  182     3.7918  12.1612  -0.86227E+00  -0.87149E-01   0.23567E-01   0.45488E+01   0.27551E+01
  183     3.8334  12.1830  -0.87190E+00  -0.88676E-01   0.22040E-01   0.45342E+01   0.27487E+01
  184     3.8754  12.2045  -0.88161E+00  -0.90222E-01   0.20493E-01   0.45200E+01   0.27420E+01
  185     3.9178  12.2257  -0.89138E+00  -0.91787E-01   0.18928E-01   0.45060E+01   0.27350E+01
  186     3.9606  12.2467  -0.90122E+00  -0.93372E-01   0.17343E-01   0.44924E+01   0.27275E+01
  187     4.0037  12.2674  -0.91113E+00  -0.94974E-01   0.15741E-01   0.44790E+01   0.27198E+01
  188     4.0472  12.2878  -0.92111E+00  -0.96598E-01   0.14118E-01   0.44660E+01   0.27113E+01
  189     4.0911  12.3080  -0.93117E+00  -0.98241E-01   0.12474E-01   0.44532E+01   0.27022E+01
  190     4.1353  12.3279  -0.94130E+00  -0.99904E-01   0.10811E-01   0.44408E+01   0.26930E+01
  191     4.1800  12.3476  -0.95150E+00  -0.10159E+00   0.91284E-02   0.44287E+01   0.26831E+01
  192     4.2250  12.3670  -0.96177E+00  -0.10329E+00   0.74248E-02   0.44168E+01   0.26728E+01
  193     4.2705  12.3862  -0.97213E+00  -0.10502E+00   0.56982E-02   0.44052E+01   0.26625E+01
  194     4.3163  12.4051  -0.98257E+00  -0.10677E+00   0.39478E-02   0.43940E+01   0.26512E+01
  195     4.3625  12.4238  -0.99305E+00  -0.10853E+00   0.21851E-02   0.43829E+01   0.26398E+01
  196     4.4091  12.4423  -0.10036E+01  -0.11032E+00   0.40032E-03   0.43722E+01   0.26279E+01
  197     4.4561  12.4605  -0.10143E+01  -0.11212E+00  -0.14084E-02   0.43617E+01   0.26154E+01
  198     4.5036  12.4785  -0.10250E+01  -0.11395E+00  -0.32349E-02   0.43515E+01   0.26027E+01
  199     4.5514  12.4962  -0.10358E+01  -0.11580E+00  -0.50870E-02   0.43416E+01   0.25892E+01
  200     4.5997  12.5138  -0.10466E+01  -0.11768E+00  -0.69611E-02   0.43319E+01   0.25752E+01
  201     4.6484  12.5311  -0.10576E+01  -0.11957E+00  -0.88544E-02   0.43224E+01   0.25612E+01
  202     4.6975  12.5482  -0.10686E+01  -0.12149E+00  -0.10771E-01   0.43132E+01   0.25469E+01
  203     4.7470  12.5650  -0.10797E+01  -0.12342E+00  -0.12708E-01   0.43043E+01   0.25322E+01
  204     4.7970  12.5817  -0.10909E+01  -0.12538E+00  -0.14669E-01   0.42956E+01   0.25170E+01
  205     4.8474  12.5981  -0.11021E+01  -0.12737E+00  -0.16654E-01   0.42871E+01   0.25011E+01
  206     4.8982  12.6144  -0.11135E+01  -0.12937E+00  -0.18659E-01   0.42788E+01   0.24853E+01
  207     4.9495  12.6304  -0.11249E+01  -0.13140E+00  -0.20686E-01   0.42708E+01   0.24691E+01
  208     5.0012  12.6462  -0.11363E+01  -0.13345E+00  -0.22739E-01   0.42630E+01   0.24523E+01
  209     5.0534  12.6619  -0.11479E+01  -0.13553E+00  -0.24817E-01   0.42554E+01   0.24356E+01
  210     5.1060  12.6773  -0.11596E+01  -0.13763E+00  -0.26915E-01   0.42480E+01   0.24178E+01
  211     5.1591  12.6925  -0.11713E+01  -0.13975E+00  -0.29036E-01   0.42408E+01   0.23999E+01
  212     5.2126  12.7076  -0.11831E+01  -0.14190E+00  -0.31186E-01   0.42339E+01   0.23818E+01
  213     5.2667  12.7224  -0.11950E+01  -0.14407E+00  -0.33357E-01   0.42271E+01   0.23638E+01
  214     5.3211  12.7371  -0.12069E+01  -0.14627E+00  -0.35554E-01   0.42205E+01   0.23450E+01
  215     5.3761  12.7515  -0.12190E+01  -0.14849E+00  -0.37777E-01   0.42141E+01   0.23258E+01
  216     5.4315  12.7658  -0.12311E+01  -0.15073E+00  -0.40015E-01   0.42079E+01   0.23066E+01
  217     5.4874  12.7799  -0.12433E+01  -0.15300E+00  -0.42285E-01   0.42018E+01   0.22870E+01
  218     5.5438  12.7938  -0.12556E+01  -0.15530E+00  -0.44580E-01   0.41960E+01   0.22670E+01
  219     5.6007  12.8076  -0.12680E+01  -0.15762E+00  -0.46902E-01   0.41903E+01   0.22469E+01
  220     5.6581  12.8211  -0.12804E+01  -0.15996E+00  -0.49248E-01   0.41847E+01   0.22262E+01
  221     5.7160  12.8345  -0.12930E+01  -0.16233E+00  -0.51618E-01   0.41794E+01   0.22061E+01
  222     5.7744  12.8477  -0.13056E+01  -0.16473E+00  -0.54014E-01   0.41742E+01   0.21852E+01
  223     5.8333  12.8608  -0.13183E+01  -0.16715E+00  -0.56439E-01   0.41691E+01   0.21639E+01
  224     5.8927  12.8737  -0.13311E+01  -0.16960E+00  -0.58888E-01   0.41642E+01   0.21423E+01
  225     5.9526  12.8864  -0.13440E+01  -0.17208E+00  -0.61366E-01   0.41595E+01   0.21206E+01
  226     6.0131  12.8990  -0.13569E+01  -0.17458E+00  -0.63868E-01   0.41548E+01   0.20988E+01
  227     6.0740  12.9114  -0.13700E+01  -0.17711E+00  -0.66399E-01   0.41504E+01   0.20767E+01
  228     6.1355  12.9236  -0.13831E+01  -0.17967E+00  -0.68956E-01   0.41460E+01   0.20543E+01
  229     6.1976  12.9357  -0.13963E+01  -0.18225E+00  -0.71539E-01   0.41418E+01   0.20317E+01
  230     6.2602  12.9476  -0.14096E+01  -0.18486E+00  -0.74148E-01   0.41377E+01   0.20093E+01
  231     6.3233  12.9594  -0.14230E+01  -0.18750E+00  -0.76785E-01   0.41337E+01   0.19863E+01
  232     6.3869  12.9710  -0.14365E+01  -0.19017E+00  -0.79452E-01   0.41299E+01   0.19635E+01
  233     6.4512  12.9825  -0.14501E+01  -0.19286E+00  -0.82142E-01   0.41262E+01   0.19406E+01
  234     6.5159  12.9938  -0.14638E+01  -0.19558E+00  -0.84866E-01   0.41225E+01   0.19174E+01
  235     6.5813  13.0050  -0.14775E+01  -0.19834E+00  -0.87620E-01   0.41190E+01   0.18942E+01
  236     6.6472  13.0160  -0.14913E+01  -0.20111E+00  -0.90396E-01   0.41156E+01   0.18704E+01
  237     6.7137  13.0269  -0.15053E+01  -0.20392E+00  -0.93202E-01   0.41123E+01   0.18472E+01
  238     6.7807  13.0377  -0.15193E+01  -0.20676E+00  -0.96044E-01   0.41091E+01   0.18232E+01
  239     6.8484  13.0483  -0.15334E+01  -0.20962E+00  -0.98909E-01   0.41060E+01   0.17992E+01
  240     6.9166  13.0588  -0.15476E+01  -0.21252E+00  -0.10180E+00   0.41030E+01   0.17756E+01
  241     6.9854  13.0691  -0.15619E+01  -0.21544E+00  -0.10473E+00   0.41001E+01   0.17518E+01
  242     7.0549  13.0794  -0.15763E+01  -0.21840E+00  -0.10768E+00   0.40973E+01   0.17273E+01
  243     7.1249  13.0894  -0.15908E+01  -0.22137E+00  -0.11066E+00   0.40945E+01   0.17033E+01
  244     7.1955  13.0994  -0.16053E+01  -0.22439E+00  -0.11367E+00   0.40919E+01   0.16795E+01
  245     7.2668  13.1092  -0.16200E+01  -0.22744E+00  -0.11672E+00   0.40893E+01   0.16553E+01
  246     7.3387  13.1189  -0.16348E+01  -0.23051E+00  -0.11979E+00   0.40868E+01   0.16311E+01
  247     7.4112  13.1285  -0.16496E+01  -0.23361E+00  -0.12289E+00   0.40844E+01   0.16073E+01
  248     7.4843  13.1380  -0.16646E+01  -0.23674E+00  -0.12603E+00   0.40820E+01   0.15831E+01
  249     7.5580  13.1473  -0.16796E+01  -0.23991E+00  -0.12920E+00   0.40797E+01   0.15587E+01
  250     7.6324  13.1565  -0.16948E+01  -0.24311E+00  -0.13239E+00   0.40775E+01   0.15345E+01
  251     7.7075  13.1656  -0.17100E+01  -0.24634E+00  -0.13562E+00   0.40754E+01   0.15107E+01
  252     7.7832  13.1746  -0.17253E+01  -0.24960E+00  -0.13888E+00   0.40733E+01   0.14866E+01
  253     7.8596  13.1834  -0.17408E+01  -0.25288E+00  -0.14217E+00   0.40713E+01   0.14623E+01
  254     7.9366  13.1922  -0.17563E+01  -0.25621E+00  -0.14549E+00   0.40694E+01   0.14384E+01
  255     8.0143  13.2008  -0.17719E+01  -0.25956E+00  -0.14884E+00   0.40674E+01   0.14142E+01
  256     8.0926  13.2093  -0.17876E+01  -0.26295E+00  -0.15223E+00   0.40656E+01   0.13907E+01
  257     8.1717  13.2178  -0.18034E+01  -0.26636E+00  -0.15565E+00   0.40638E+01   0.13670E+01
  258     8.2514  13.2261  -0.18194E+01  -0.26981E+00  -0.15910E+00   0.40621E+01   0.13432E+01
  259     8.3319  13.2343  -0.18354E+01  -0.27330E+00  -0.16258E+00   0.40604E+01   0.13200E+01
  260     8.4130  13.2424  -0.18515E+01  -0.27681E+00  -0.16609E+00   0.40588E+01   0.12968E+01
  261     8.4948  13.2503  -0.18678E+01  -0.28037E+00  -0.16965E+00   0.40573E+01   0.12730E+01
  262     8.5774  13.2582  -0.18840E+01  -0.28394E+00  -0.17323E+00   0.40557E+01   0.12500E+01
  263     8.6606  13.2660  -0.19005E+01  -0.28756E+00  -0.17684E+00   0.40542E+01   0.12270E+01
  264     8.7446  13.2737  -0.19170E+01  -0.29122E+00  -0.18051E+00   0.40528E+01   0.12036E+01
  265     8.8293  13.2813  -0.19337E+01  -0.29490E+00  -0.18418E+00   0.40514E+01   0.11806E+01
  266     8.9148  13.2888  -0.19504E+01  -0.29861E+00  -0.18790E+00   0.40500E+01   0.11581E+01
  267     9.0010  13.2962  -0.19672E+01  -0.30237E+00  -0.19165E+00   0.40487E+01   0.11356E+01
  268     9.0879  13.3035  -0.19842E+01  -0.30615E+00  -0.19543E+00   0.40475E+01   0.11129E+01
  269     9.1756  13.3107  -0.20012E+01  -0.30996E+00  -0.19924E+00   0.40462E+01   0.10911E+01
  270     9.2641  13.3178  -0.20184E+01  -0.31382E+00  -0.20310E+00   0.40450E+01   0.10689E+01
  271     9.3534  13.3248  -0.20356E+01  -0.31771E+00  -0.20699E+00   0.40439E+01   0.10470E+01
  272     9.4434  13.3317  -0.20530E+01  -0.32163E+00  -0.21092E+00   0.40427E+01   0.10259E+01
  273     9.5342  13.3386  -0.20705E+01  -0.32559E+00  -0.21488E+00   0.40416E+01   0.10042E+01
  274     9.6257  13.3453  -0.20880E+01  -0.32959E+00  -0.21887E+00   0.40406E+01   0.98212E+00
  275     9.7181  13.3520  -0.21057E+01  -0.33362E+00  -0.22290E+00   0.40395E+01   0.96154E+00
  276     9.8113  13.3586  -0.21236E+01  -0.33769E+00  -0.22698E+00   0.40385E+01   0.94076E+00
  277     9.9053  13.3651  -0.21414E+01  -0.34179E+00  -0.23107E+00   0.40376E+01   0.92007E+00
  278    10.0001  13.3715  -0.21594E+01  -0.34590E+00  -0.23518E+00   0.40366E+01   0.89975E+00
  279    10.0957  13.3778  -0.21775E+01  -0.35009E+00  -0.23938E+00   0.40357E+01   0.87970E+00
  280    10.1922  13.3841  -0.21958E+01  -0.35431E+00  -0.24359E+00   0.40348E+01   0.85959E+00
  281    10.2895  13.3902  -0.22141E+01  -0.35855E+00  -0.24783E+00   0.40339E+01   0.84025E+00
  282    10.3877  13.3963  -0.22326E+01  -0.36284E+00  -0.25212E+00   0.40331E+01   0.82053E+00
  283    10.4867  13.4023  -0.22512E+01  -0.36717E+00  -0.25645E+00   0.40323E+01   0.80113E+00
  284    10.5865  13.4083  -0.22699E+01  -0.37152E+00  -0.26080E+00   0.40315E+01   0.78217E+00
  285    10.6873  13.4141  -0.22886E+01  -0.37591E+00  -0.26519E+00   0.40307E+01   0.76338E+00
  286    10.7889  13.4199  -0.23075E+01  -0.38034E+00  -0.26963E+00   0.40300E+01   0.74467E+00
  287    10.8914  13.4256  -0.23266E+01  -0.38482E+00  -0.27410E+00   0.40292E+01   0.72649E+00
  288    10.9947  13.4312  -0.23457E+01  -0.38932E+00  -0.27861E+00   0.40285E+01   0.70883E+00
  289    11.0990  13.4368  -0.23649E+01  -0.39387E+00  -0.28315E+00   0.40278E+01   0.69075E+00
  290    11.2042  13.4423  -0.23843E+01  -0.39845E+00  -0.28774E+00   0.40272E+01   0.67340E+00
  291    11.3103  13.4477  -0.24038E+01  -0.40308E+00  -0.29236E+00   0.40265E+01   0.65622E+00
  292    11.4173  13.4530  -0.24234E+01  -0.40775E+00  -0.29703E+00   0.40259E+01   0.63925E+00
  293    11.5253  13.4583  -0.24431E+01  -0.41244E+00  -0.30173E+00   0.40253E+01   0.62256E+00
  294    11.6342  13.4635  -0.24630E+01  -0.41720E+00  -0.30648E+00   0.40247E+01   0.60602E+00
  295    11.7440  13.4687  -0.24829E+01  -0.42197E+00  -0.31125E+00   0.40241E+01   0.58981E+00
  296    11.8548  13.4738  -0.25030E+01  -0.42678E+00  -0.31606E+00   0.40236E+01   0.57408E+00
  297    11.9666  13.4788  -0.25232E+01  -0.43165E+00  -0.32094E+00   0.40230E+01   0.55823E+00
  298    12.0793  13.4837  -0.25435E+01  -0.43655E+00  -0.32583E+00   0.40225E+01   0.54297E+00
  299    12.1930  13.4886  -0.25639E+01  -0.44148E+00  -0.33077E+00   0.40220E+01   0.52821E+00
  300    12.3077  13.4934  -0.25845E+01  -0.44647E+00  -0.33575E+00   0.40214E+01   0.51300E+00
  301    12.4234  13.4982  -0.26052E+01  -0.45147E+00  -0.34076E+00   0.40210E+01   0.49865E+00
  302    12.5401  13.5029  -0.26260E+01  -0.45655E+00  -0.34583E+00   0.40205E+01   0.48441E+00
  303    12.6578  13.5075  -0.26469E+01  -0.46165E+00  -0.35094E+00   0.40200E+01   0.47020E+00
  304    12.7766  13.5121  -0.26680E+01  -0.46679E+00  -0.35607E+00   0.40196E+01   0.45667E+00
  305    12.8963  13.5166  -0.26892E+01  -0.47199E+00  -0.36128E+00   0.40191E+01   0.44310E+00
  306    13.0172  13.5211  -0.27104E+01  -0.47719E+00  -0.36647E+00   0.40187E+01   0.43004E+00
  307    13.1390  13.5255  -0.27319E+01  -0.48247E+00  -0.37175E+00   0.40183E+01   0.41746E+00
  308    13.2619  13.5298  -0.27534E+01  -0.48778E+00  -0.37707E+00   0.40179E+01   0.40463E+00
  309    13.3859  13.5341  -0.27751E+01  -0.49313E+00  -0.38242E+00   0.40175E+01   0.39220E+00
  310    13.5110  13.5383  -0.27970E+01  -0.49856E+00  -0.38784E+00   0.40171E+01   0.37992E+00
  311    13.6372  13.5425  -0.28189E+01  -0.50398E+00  -0.39327E+00   0.40167E+01   0.36804E+00
  312    13.7644  13.5466  -0.28409E+01  -0.50944E+00  -0.39872E+00   0.40164E+01   0.35653E+00
  313    13.8928  13.5507  -0.28631E+01  -0.51496E+00  -0.40425E+00   0.40160E+01   0.34485E+00
  314    14.0223  13.5547  -0.28854E+01  -0.52053E+00  -0.40981E+00   0.40157E+01   0.33429E+00
  315    14.1529  13.5587  -0.29079E+01  -0.52614E+00  -0.41542E+00   0.40153E+01   0.32321E+00
  316    14.2846  13.5626  -0.29304E+01  -0.53179E+00  -0.42107E+00   0.40150E+01   0.31286E+00
  317    14.4175  13.5665  -0.29533E+01  -0.53755E+00  -0.42683E+00   0.40147E+01   0.30246E+00
  318    14.5515  13.5703  -0.29760E+01  -0.54322E+00  -0.43251E+00   0.40144E+01   0.29238E+00
  319    14.6867  13.5741  -0.29990E+01  -0.54902E+00  -0.43830E+00   0.40141E+01   0.28266E+00
  320    14.8231  13.5778  -0.30221E+01  -0.55485E+00  -0.44414E+00   0.40138E+01   0.27276E+00
  321    14.9607  13.5815  -0.30453E+01  -0.56071E+00  -0.45000E+00   0.40135E+01   0.26370E+00
  322    15.0994  13.5851  -0.30687E+01  -0.56663E+00  -0.45592E+00   0.40132E+01   0.25461E+00
  323    15.2394  13.5887  -0.30923E+01  -0.57260E+00  -0.46189E+00   0.40129E+01   0.24557E+00
  324    15.3806  13.5922  -0.31159E+01  -0.57861E+00  -0.46789E+00   0.40127E+01   0.23738E+00
  325    15.5230  13.5957  -0.31397E+01  -0.58467E+00  -0.47395E+00   0.40124E+01   0.22877E+00
  326    15.6666  13.5991  -0.31637E+01  -0.59078E+00  -0.48006E+00   0.40122E+01   0.22055E+00
  327    15.8115  13.6025  -0.31879E+01  -0.59697E+00  -0.48626E+00   0.40119E+01   0.21247E+00
  328    15.9577  13.6059  -0.32119E+01  -0.60311E+00  -0.49239E+00   0.40117E+01   0.20485E+00
  329    16.1051  13.6092  -0.32363E+01  -0.60935E+00  -0.49864E+00   0.40114E+01   0.19739E+00
  330    16.2538  13.6124  -0.32607E+01  -0.61563E+00  -0.50491E+00   0.40112E+01   0.19004E+00
  331    16.4038  13.6157  -0.32853E+01  -0.62195E+00  -0.51124E+00   0.40110E+01   0.18303E+00
  332    16.5551  13.6188  -0.33102E+01  -0.62836E+00  -0.51764E+00   0.40108E+01   0.17615E+00
  333    16.7078  13.6220  -0.33351E+01  -0.63479E+00  -0.52408E+00   0.40106E+01   0.16936E+00
  334    16.8617  13.6251  -0.33602E+01  -0.64126E+00  -0.53054E+00   0.40104E+01   0.16294E+00
  335    17.0170  13.6281  -0.33853E+01  -0.64778E+00  -0.53706E+00   0.40102E+01   0.15660E+00
  336    17.1736  13.6312  -0.34107E+01  -0.65435E+00  -0.54363E+00   0.40100E+01   0.15053E+00
  337    17.3316  13.6342  -0.34362E+01  -0.66096E+00  -0.55025E+00   0.40098E+01   0.14468E+00
  338    17.4910  13.6371  -0.34618E+01  -0.66763E+00  -0.55692E+00   0.40096E+01   0.13898E+00
  339    17.6518  13.6400  -0.34876E+01  -0.67436E+00  -0.56364E+00   0.40094E+01   0.13340E+00
  340    17.8139  13.6429  -0.35135E+01  -0.68112E+00  -0.57041E+00   0.40092E+01   0.12804E+00
  341    17.9775  13.6457  -0.35396E+01  -0.68795E+00  -0.57723E+00   0.40090E+01   0.12286E+00
  342    18.1425  13.6485  -0.35658E+01  -0.69480E+00  -0.58409E+00   0.40089E+01   0.11779E+00
  343    18.3089  13.6513  -0.35922E+01  -0.70172E+00  -0.59101E+00   0.40087E+01   0.11292E+00
  344    18.4768  13.6540  -0.36187E+01  -0.70868E+00  -0.59796E+00   0.40085E+01   0.10829E+00
  345    18.6461  13.6567  -0.36454E+01  -0.71569E+00  -0.60497E+00   0.40084E+01   0.10371E+00
  346    18.8169  13.6593  -0.36723E+01  -0.72277E+00  -0.61205E+00   0.40082E+01   0.99386E-01
  347    18.9892  13.6619  -0.36992E+01  -0.72988E+00  -0.61916E+00   0.40081E+01   0.95148E-01
  348    19.1630  13.6645  -0.37263E+01  -0.73704E+00  -0.62632E+00   0.40079E+01   0.91085E-01
  349    19.3383  13.6671  -0.37536E+01  -0.74426E+00  -0.63354E+00   0.40078E+01   0.87112E-01
  350    19.5151  13.6696  -0.37811E+01  -0.75152E+00  -0.64081E+00   0.40077E+01   0.83348E-01
  351    19.6934  13.6721  -0.38087E+01  -0.75886E+00  -0.64815E+00   0.40075E+01   0.79657E-01
  352    19.8734  13.6745  -0.38364E+01  -0.76621E+00  -0.65550E+00   0.40074E+01   0.76114E-01
  353    20.0548  13.6770  -0.38644E+01  -0.77366E+00  -0.66294E+00   0.40073E+01   0.72677E-01
  354    20.2379  13.6794  -0.38924E+01  -0.78112E+00  -0.67040E+00   0.40071E+01   0.69441E-01
  355    20.4225  13.6817  -0.39206E+01  -0.78865E+00  -0.67794E+00   0.40070E+01   0.66304E-01
  356    20.6088  13.6840  -0.39490E+01  -0.79623E+00  -0.68552E+00   0.40069E+01   0.63269E-01
  357    20.7966  13.6863  -0.39775E+01  -0.80393E+00  -0.69322E+00   0.40000E+01   0.60347E-01
  358    20.9861  13.6886  -0.40062E+01  -0.81161E+00  -0.70090E+00   0.40000E+01   0.57554E-01
  359    21.1773  13.6909  -0.40350E+01  -0.81935E+00  -0.70864E+00   0.40000E+01   0.54869E-01
  360    21.3701  13.6931  -0.40641E+01  -0.82715E+00  -0.71643E+00   0.40000E+01   0.52275E-01
  361    21.5646  13.6953  -0.40932E+01  -0.83499E+00  -0.72428E+00   0.40000E+01   0.49791E-01
  362    21.7607  13.6974  -0.41226E+01  -0.84289E+00  -0.73218E+00   0.40000E+01   0.47399E-01
  363    21.9586  13.6995  -0.41520E+01  -0.85084E+00  -0.74012E+00   0.40000E+01   0.45105E-01
  364    22.1582  13.7016  -0.41817E+01  -0.85886E+00  -0.74814E+00   0.40000E+01   0.42920E-01
  365    22.3596  13.7037  -0.42115E+01  -0.86691E+00  -0.75619E+00   0.40000E+01   0.40826E-01
  366    22.5626  13.7058  -0.42416E+01  -0.87505E+00  -0.76433E+00   0.40000E+01   0.38809E-01
  367    22.7675  13.7078  -0.42717E+01  -0.88320E+00  -0.77248E+00   0.40000E+01   0.36886E-01
  368    22.9741  13.7098  -0.43020E+01  -0.89143E+00  -0.78071E+00   0.40000E+01   0.35029E-01
  369    23.1825  13.7117  -0.43324E+01  -0.89967E+00  -0.78895E+00   0.40000E+01   0.33283E-01
  370    23.3928  13.7137  -0.43631E+01  -0.90804E+00  -0.79733E+00   0.40000E+01   0.31575E-01
  371    23.6049  13.7156  -0.43940E+01  -0.91644E+00  -0.80572E+00   0.40000E+01   0.29999E-01
  372    23.8188  13.7175  -0.44249E+01  -0.92489E+00  -0.81417E+00   0.40000E+01   0.28431E-01
  373    24.0345  13.7194  -0.44561E+01  -0.93340E+00  -0.82268E+00   0.40000E+01   0.26941E-01
  374    24.2522  13.7212  -0.44874E+01  -0.94196E+00  -0.83124E+00   0.40000E+01   0.25528E-01
  375    24.4717  13.7230  -0.45189E+01  -0.95057E+00  -0.83985E+00   0.40000E+01   0.24205E-01
  376    24.6932  13.7248  -0.45505E+01  -0.95923E+00  -0.84851E+00   0.40000E+01   0.22906E-01
  377    24.9166  13.7266  -0.45824E+01  -0.96798E+00  -0.85726E+00   0.40000E+01   0.21686E-01
  378    25.1419  13.7284  -0.46144E+01  -0.97677E+00  -0.86606E+00   0.40000E+01   0.20531E-01
  379    25.3691  13.7301  -0.46466E+01  -0.98563E+00  -0.87492E+00   0.40000E+01   0.19410E-01
  380    25.5984  13.7318  -0.46789E+01  -0.99451E+00  -0.88379E+00   0.40000E+01   0.18358E-01
  381    25.8296  13.7335  -0.47116E+01  -0.10035E+01  -0.89280E+00   0.40000E+01   0.17338E-01
  382    26.0629  13.7351  -0.47443E+01  -0.10125E+01  -0.90183E+00   0.40000E+01   0.16379E-01
  383    26.2982  13.7368  -0.47772E+01  -0.10216E+01  -0.91091E+00   0.40000E+01   0.15467E-01
  384    26.5355  13.7384  -0.48102E+01  -0.10308E+01  -0.92005E+00   0.40000E+01   0.14598E-01
  385    26.7749  13.7400  -0.48435E+01  -0.10400E+01  -0.92926E+00   0.40000E+01   0.13762E-01
  386    27.0164  13.7416  -0.48771E+01  -0.10493E+01  -0.93857E+00   0.40000E+01   0.12974E-01
  387    27.2599  13.7431  -0.49105E+01  -0.10585E+01  -0.94782E+00   0.40000E+01   0.12233E-01
  388    27.5056  13.7447  -0.49443E+01  -0.10679E+01  -0.95721E+00   0.40000E+01   0.11530E-01
  389    27.7534  13.7462  -0.49782E+01  -0.10774E+01  -0.96664E+00   0.40000E+01   0.10857E-01
  390    28.0034  13.7477  -0.50124E+01  -0.10869E+01  -0.97615E+00   0.40000E+01   0.10219E-01
  391    28.2556  13.7492  -0.50466E+01  -0.10964E+01  -0.98569E+00   0.40000E+01   0.96221E-02
  392    28.5099  13.7506  -0.50811E+01  -0.11060E+01  -0.99531E+00   0.40000E+01   0.90448E-02
  393    28.7665  13.7521  -0.51158E+01  -0.11157E+01  -0.10050E+01   0.40000E+01   0.85033E-02
  394    29.0253  13.7535  -0.51507E+01  -0.11255E+01  -0.10147E+01   0.40000E+01   0.80055E-02
  395    29.2863  13.7549  -0.51856E+01  -0.11352E+01  -0.10245E+01   0.40000E+01   0.75133E-02
  396    29.5496  13.7563  -0.52210E+01  -0.11451E+01  -0.10344E+01   0.40000E+01   0.70486E-02
  397    29.8152  13.7577  -0.52563E+01  -0.11550E+01  -0.10443E+01   0.40000E+01   0.66139E-02
  398    30.0831  13.7590  -0.52919E+01  -0.11650E+01  -0.10543E+01   0.40000E+01   0.61911E-02
  399    30.3534  13.7604  -0.53276E+01  -0.11750E+01  -0.10643E+01   0.40000E+01   0.58128E-02
  400    30.6259  13.7617  -0.53631E+01  -0.11850E+01  -0.10743E+01   0.40000E+01   0.54588E-02
