    1     0.0001   0.0014  -0.15259E-04  -0.56949E-06   0.10987E+00   0.13242E+02   0.56986E+00
    2     0.0088   0.1221  -0.10796E-02   0.10095E-04   0.10988E+00   0.13160E+02   0.47760E+00
    3     0.0176   0.2423  -0.22594E-02   0.41418E-06   0.10987E+00   0.13078E+02   0.50627E+00
    4     0.0264   0.3621  -0.34859E-02  -0.13228E-04   0.10985E+00   0.12997E+02   0.52552E+00
    5     0.0353   0.4814  -0.47692E-02  -0.33006E-04   0.10983E+00   0.12917E+02   0.54488E+00
    6     0.0443   0.6003  -0.60890E-02  -0.54183E-04   0.10981E+00   0.12837E+02   0.56171E+00
    7     0.0534   0.7188  -0.74438E-02  -0.76241E-04   0.10979E+00   0.12757E+02   0.57705E+00
    8     0.0626   0.8368  -0.88323E-02  -0.98999E-04   0.10977E+00   0.12678E+02   0.59176E+00
    9     0.0718   0.9543  -0.10253E-01  -0.12181E-03   0.10975E+00   0.12599E+02   0.60617E+00
   10     0.0811   1.0713  -0.11705E-01  -0.14553E-03   0.10972E+00   0.12521E+02   0.62002E+00
   11     0.0905   1.1879  -0.13189E-01  -0.16917E-03   0.10970E+00   0.12442E+02   0.63365E+00
   12     0.1000   1.3039  -0.14703E-01  -0.19292E-03   0.10967E+00   0.12365E+02   0.64683E+00
   13     0.1096   1.4195  -0.16248E-01  -0.21732E-03   0.10965E+00   0.12287E+02   0.66004E+00
   14     0.1192   1.5346  -0.17824E-01  -0.24187E-03   0.10963E+00   0.12210E+02   0.67321E+00
   15     0.1290   1.6491  -0.19438E-01  -0.26870E-03   0.10960E+00   0.12133E+02   0.68644E+00
   16     0.1388   1.7632  -0.21073E-01  -0.29365E-03   0.10957E+00   0.12056E+02   0.69961E+00
   17     0.1487   1.8767  -0.22739E-01  -0.31890E-03   0.10955E+00   0.11980E+02   0.71266E+00
   18     0.1587   1.9897  -0.24435E-01  -0.34452E-03   0.10952E+00   0.11904E+02   0.72611E+00
   19     0.1687   2.1021  -0.26161E-01  -0.37103E-03   0.10950E+00   0.11828E+02   0.73966E+00
   20     0.1789   2.2140  -0.27918E-01  -0.39771E-03   0.10947E+00   0.11753E+02   0.75320E+00
   21     0.1891   2.3254  -0.29704E-01  -0.42497E-03   0.10944E+00   0.11678E+02   0.76708E+00
   22     0.1995   2.4362  -0.31520E-01  -0.45314E-03   0.10941E+00   0.11603E+02   0.78094E+00
   23     0.2099   2.5465  -0.33366E-01  -0.48177E-03   0.10939E+00   0.11528E+02   0.79495E+00
   24     0.2204   2.6562  -0.35241E-01  -0.51108E-03   0.10936E+00   0.11454E+02   0.80900E+00
   25     0.2310   2.7653  -0.37148E-01  -0.54143E-03   0.10933E+00   0.11380E+02   0.82318E+00
   26     0.2417   2.8738  -0.39084E-01  -0.57264E-03   0.10930E+00   0.11307E+02   0.83747E+00
   27     0.2525   2.9818  -0.41053E-01  -0.60525E-03   0.10926E+00   0.11234E+02   0.85172E+00
   28     0.2634   3.0892  -0.43053E-01  -0.63941E-03   0.10923E+00   0.11161E+02   0.86618E+00
   29     0.2744   3.1959  -0.45086E-01  -0.67527E-03   0.10919E+00   0.11088E+02   0.88082E+00
   30     0.2855   3.3021  -0.47150E-01  -0.71276E-03   0.10915E+00   0.11016E+02   0.89557E+00
   31     0.2967   3.4077  -0.49247E-01  -0.75209E-03   0.10912E+00   0.10944E+02   0.91041E+00
   32     0.3079   3.5127  -0.51376E-01  -0.79276E-03   0.10907E+00   0.10873E+02   0.92544E+00
   33     0.3193   3.6170  -0.53526E-01  -0.83259E-03   0.10904E+00   0.10802E+02   0.94069E+00
   34     0.3308   3.7207  -0.55719E-01  -0.87707E-03   0.10899E+00   0.10731E+02   0.95604E+00
   35     0.3423   3.8238  -0.57944E-01  -0.92387E-03   0.10894E+00   0.10661E+02   0.97131E+00
   36     0.3540   3.9263  -0.60203E-01  -0.97298E-03   0.10889E+00   0.10591E+02   0.98699E+00
   37     0.3658   4.0281  -0.62495E-01  -0.10246E-02   0.10884E+00   0.10521E+02   0.10027E+01
   38     0.3777   4.1293  -0.64822E-01  -0.10786E-02   0.10879E+00   0.10452E+02   0.10186E+01
   39     0.3896   4.2299  -0.67184E-01  -0.11354E-02   0.10873E+00   0.10383E+02   0.10346E+01
   40     0.4017   4.3298  -0.69579E-01  -0.11952E-02   0.10867E+00   0.10314E+02   0.10508E+01
   41     0.4139   4.4291  -0.72010E-01  -0.12579E-02   0.10861E+00   0.10246E+02   0.10671E+01
   42     0.4262   4.5276  -0.74475E-01  -0.13236E-02   0.10854E+00   0.10178E+02   0.10836E+01
   43     0.4386   4.6256  -0.76974E-01  -0.13923E-02   0.10848E+00   0.10110E+02   0.11001E+01
   44     0.4511   4.7229  -0.79508E-01  -0.14639E-02   0.10840E+00   0.10043E+02   0.11168E+01
   45     0.4637   4.8195  -0.82077E-01  -0.15387E-02   0.10833E+00   0.99764E+01   0.11337E+01
   46     0.4764   4.9154  -0.84681E-01  -0.16169E-02   0.10825E+00   0.99100E+01   0.11507E+01
   47     0.4893   5.0106  -0.87321E-01  -0.16987E-02   0.10817E+00   0.98439E+01   0.11679E+01
   48     0.5022   5.1052  -0.89996E-01  -0.17841E-02   0.10808E+00   0.97783E+01   0.11851E+01
   49     0.5153   5.1991  -0.92709E-01  -0.18730E-02   0.10799E+00   0.97130E+01   0.12025E+01
   50     0.5285   5.2923  -0.95457E-01  -0.19655E-02   0.10790E+00   0.96482E+01   0.12202E+01
   51     0.5417   5.3849  -0.98243E-01  -0.20624E-02   0.10781E+00   0.95837E+01   0.12378E+01
   52     0.5552   5.4767  -0.10106E+00  -0.21631E-02   0.10770E+00   0.95196E+01   0.12557E+01
   53     0.5687   5.5679  -0.10392E+00  -0.22680E-02   0.10760E+00   0.94559E+01   0.12738E+01
   54     0.5823   5.6583  -0.10682E+00  -0.23772E-02   0.10749E+00   0.93926E+01   0.12918E+01
   55     0.5961   5.7481  -0.10975E+00  -0.24909E-02   0.10738E+00   0.93296E+01   0.13101E+01
   56     0.6099   5.8371  -0.11273E+00  -0.26088E-02   0.10726E+00   0.92671E+01   0.13286E+01
   57     0.6239   5.9255  -0.11574E+00  -0.27314E-02   0.10714E+00   0.92049E+01   0.13472E+01
   58     0.6381   6.0132  -0.11878E+00  -0.28586E-02   0.10701E+00   0.91432E+01   0.13659E+01
   59     0.6523   6.1001  -0.12187E+00  -0.29905E-02   0.10688E+00   0.90818E+01   0.13847E+01
   60     0.6667   6.1864  -0.12500E+00  -0.31277E-02   0.10674E+00   0.90209E+01   0.14036E+01
   61     0.6812   6.2719  -0.12816E+00  -0.32702E-02   0.10660E+00   0.89603E+01   0.14226E+01
   62     0.6958   6.3568  -0.13137E+00  -0.34181E-02   0.10645E+00   0.89002E+01   0.14417E+01
   63     0.7105   6.4409  -0.13462E+00  -0.35710E-02   0.10630E+00   0.88405E+01   0.14611E+01
   64     0.7254   6.5244  -0.13791E+00  -0.37289E-02   0.10614E+00   0.87812E+01   0.14804E+01
   65     0.7404   6.6071  -0.14123E+00  -0.38922E-02   0.10598E+00   0.87223E+01   0.15000E+01
   66     0.7555   6.6891  -0.14460E+00  -0.40609E-02   0.10581E+00   0.86638E+01   0.15196E+01
   67     0.7708   6.7704  -0.14800E+00  -0.42346E-02   0.10563E+00   0.86057E+01   0.15394E+01
   68     0.7862   6.8511  -0.15144E+00  -0.44133E-02   0.10545E+00   0.85480E+01   0.15592E+01
   69     0.8017   6.9310  -0.15493E+00  -0.45980E-02   0.10527E+00   0.84907E+01   0.15791E+01
   70     0.8174   7.0102  -0.15845E+00  -0.47889E-02   0.10508E+00   0.84338E+01   0.15991E+01
   71     0.8332   7.0886  -0.16202E+00  -0.49864E-02   0.10488E+00   0.83773E+01   0.16194E+01
   72     0.8491   7.1664  -0.16563E+00  -0.51903E-02   0.10468E+00   0.83212E+01   0.16396E+01
   73     0.8652   7.2435  -0.16929E+00  -0.54003E-02   0.10447E+00   0.82655E+01   0.16599E+01
   74     0.8814   7.3199  -0.17298E+00  -0.56171E-02   0.10425E+00   0.82102E+01   0.16803E+01
   75     0.8977   7.3956  -0.17672E+00  -0.58395E-02   0.10403E+00   0.81554E+01   0.17007E+01
   76     0.9142   7.4705  -0.18050E+00  -0.60686E-02   0.10380E+00   0.81010E+01   0.17214E+01
   77     0.9309   7.5448  -0.18432E+00  -0.63042E-02   0.10356E+00   0.80470E+01   0.17420E+01
   78     0.9477   7.6184  -0.18819E+00  -0.65464E-02   0.10332E+00   0.79934E+01   0.17627E+01
   79     0.9646   7.6913  -0.19209E+00  -0.67948E-02   0.10307E+00   0.79402E+01   0.17834E+01
   80     0.9817   7.7635  -0.19604E+00  -0.70498E-02   0.10282E+00   0.78874E+01   0.18041E+01
   81     0.9989   7.8350  -0.20003E+00  -0.73119E-02   0.10256E+00   0.78350E+01   0.18251E+01
   82     1.0163   7.9058  -0.20407E+00  -0.75826E-02   0.10229E+00   0.77830E+01   0.18460E+01
   83     1.0338   7.9759  -0.20816E+00  -0.78611E-02   0.10201E+00   0.77315E+01   0.18669E+01
   84     1.0515   8.0453  -0.21230E+00  -0.81473E-02   0.10172E+00   0.76804E+01   0.18880E+01
   85     1.0693   8.1141  -0.21647E+00  -0.84395E-02   0.10143E+00   0.76297E+01   0.19091E+01
   86     1.0873   8.1821  -0.22068E+00  -0.87377E-02   0.10113E+00   0.75794E+01   0.19302E+01
   87     1.1055   8.2495  -0.22494E+00  -0.90432E-02   0.10082E+00   0.75294E+01   0.19513E+01
   88     1.1238   8.3162  -0.22924E+00  -0.93579E-02   0.10051E+00   0.74799E+01   0.19724E+01
   89     1.1423   8.3823  -0.23360E+00  -0.96813E-02   0.10019E+00   0.74308E+01   0.19935E+01
   90     1.1609   8.4477  -0.23800E+00  -0.10012E-01   0.99856E-01   0.73821E+01   0.20147E+01
   91     1.1797   8.5124  -0.24244E+00  -0.10349E-01   0.99518E-01   0.73339E+01   0.20359E+01
   92     1.1986   8.5764  -0.24693E+00  -0.10695E-01   0.99173E-01   0.72860E+01   0.20570E+01
   93     1.2177   8.6398  -0.25146E+00  -0.11050E-01   0.98818E-01   0.72385E+01   0.20781E+01
   94     1.2370   8.7025  -0.25605E+00  -0.11414E-01   0.98454E-01   0.71914E+01   0.20995E+01
   95     1.2565   8.7646  -0.26067E+00  -0.11786E-01   0.98081E-01   0.71447E+01   0.21207E+01
   96     1.2761   8.8260  -0.26535E+00  -0.12166E-01   0.97702E-01   0.70984E+01   0.21417E+01
   97     1.2959   8.8868  -0.27007E+00  -0.12553E-01   0.97314E-01   0.70526E+01   0.21626E+01
   98     1.3158   8.9469  -0.27484E+00  -0.12951E-01   0.96916E-01   0.70071E+01   0.21835E+01
   99     1.3360   9.0065  -0.27966E+00  -0.13359E-01   0.96509E-01   0.69620E+01   0.22045E+01
  100     1.3563   9.0653  -0.28453E+00  -0.13775E-01   0.96093E-01   0.69174E+01   0.22255E+01
  101     1.3767   9.1236  -0.28944E+00  -0.14199E-01   0.95669E-01   0.68731E+01   0.22464E+01
  102     1.3974   9.1812  -0.29440E+00  -0.14632E-01   0.95236E-01   0.68293E+01   0.22671E+01
  103     1.4183   9.2382  -0.29941E+00  -0.15074E-01   0.94793E-01   0.67858E+01   0.22878E+01
  104     1.4393   9.2945  -0.30447E+00  -0.15527E-01   0.94340E-01   0.67428E+01   0.23084E+01
  105     1.4605   9.3503  -0.30958E+00  -0.15989E-01   0.93879E-01   0.67001E+01   0.23290E+01
  106     1.4819   9.4054  -0.31473E+00  -0.16460E-01   0.93407E-01   0.66578E+01   0.23494E+01
  107     1.5035   9.4600  -0.31994E+00  -0.16942E-01   0.92925E-01   0.66159E+01   0.23697E+01
  108     1.5252   9.5139  -0.32520E+00  -0.17435E-01   0.92433E-01   0.65744E+01   0.23899E+01
  109     1.5472   9.5673  -0.33051E+00  -0.17936E-01   0.91931E-01   0.65333E+01   0.24099E+01
  110     1.5693   9.6200  -0.33586E+00  -0.18447E-01   0.91420E-01   0.64925E+01   0.24299E+01
  111     1.5917   9.6722  -0.34127E+00  -0.18968E-01   0.90900E-01   0.64521E+01   0.24498E+01
  112     1.6142   9.7238  -0.34673E+00  -0.19499E-01   0.90368E-01   0.64122E+01   0.24699E+01
  113     1.6369   9.7748  -0.35223E+00  -0.20042E-01   0.89826E-01   0.63726E+01   0.24897E+01
  114     1.6598   9.8252  -0.35779E+00  -0.20595E-01   0.89273E-01   0.63335E+01   0.25088E+01
  115     1.6830   9.8751  -0.36340E+00  -0.21157E-01   0.88710E-01   0.62947E+01   0.25276E+01
  116     1.7063   9.9244  -0.36906E+00  -0.21730E-01   0.88137E-01   0.62562E+01   0.25466E+01
  117     1.7298   9.9731  -0.37477E+00  -0.22314E-01   0.87554E-01   0.62182E+01   0.25656E+01
  118     1.7536  10.0213  -0.38054E+00  -0.22910E-01   0.86958E-01   0.61806E+01   0.25842E+01
  119     1.7775  10.0689  -0.38636E+00  -0.23517E-01   0.86351E-01   0.61433E+01   0.26027E+01
  120     1.8016  10.1160  -0.39222E+00  -0.24133E-01   0.85735E-01   0.61064E+01   0.26209E+01
  121     1.8260  10.1626  -0.39814E+00  -0.24759E-01   0.85109E-01   0.60699E+01   0.26391E+01
  122     1.8506  10.2086  -0.40411E+00  -0.25397E-01   0.84471E-01   0.60337E+01   0.26569E+01
  123     1.8753  10.2541  -0.41014E+00  -0.26050E-01   0.83817E-01   0.59980E+01   0.26746E+01
  124     1.9003  10.2990  -0.41624E+00  -0.26719E-01   0.83148E-01   0.59627E+01   0.26918E+01
  125     1.9256  10.3434  -0.42239E+00  -0.27397E-01   0.82471E-01   0.59278E+01   0.27089E+01
  126     1.9510  10.3873  -0.42856E+00  -0.28078E-01   0.81790E-01   0.58931E+01   0.27259E+01
  127     1.9766  10.4307  -0.43478E+00  -0.28770E-01   0.81097E-01   0.58588E+01   0.27429E+01
  128     2.0025  10.4736  -0.44108E+00  -0.29480E-01   0.80388E-01   0.58249E+01   0.27593E+01
  129     2.0286  10.5160  -0.44743E+00  -0.30203E-01   0.79665E-01   0.57915E+01   0.27752E+01
  130     2.0550  10.5579  -0.45384E+00  -0.30937E-01   0.78930E-01   0.57584E+01   0.27911E+01
  131     2.0815  10.5993  -0.46030E+00  -0.31683E-01   0.78184E-01   0.57256E+01   0.28068E+01
  132     2.1083  10.6402  -0.46681E+00  -0.32442E-01   0.77426E-01   0.56932E+01   0.28221E+01
  133     2.1353  10.6806  -0.47338E+00  -0.33213E-01   0.76655E-01   0.56612E+01   0.28367E+01
  134     2.1626  10.7205  -0.48001E+00  -0.33997E-01   0.75871E-01   0.56296E+01   0.28505E+01
  135     2.1901  10.7600  -0.48669E+00  -0.34793E-01   0.75074E-01   0.55983E+01   0.28650E+01
  136     2.2178  10.7990  -0.49343E+00  -0.35603E-01   0.74265E-01   0.55675E+01   0.28796E+01
  137     2.2458  10.8375  -0.50023E+00  -0.36425E-01   0.73443E-01   0.55370E+01   0.28935E+01
  138     2.2740  10.8756  -0.50708E+00  -0.37262E-01   0.72606E-01   0.55068E+01   0.29065E+01
  139     2.3025  10.9132  -0.51400E+00  -0.38112E-01   0.71756E-01   0.54769E+01   0.29192E+01
  140     2.3312  10.9504  -0.52096E+00  -0.38972E-01   0.70896E-01   0.54475E+01   0.29321E+01
  141     2.3602  10.9871  -0.52798E+00  -0.39846E-01   0.70021E-01   0.54185E+01   0.29443E+01
  142     2.3894  11.0234  -0.53507E+00  -0.40736E-01   0.69132E-01   0.53898E+01   0.29562E+01
  143     2.4188  11.0592  -0.54220E+00  -0.41636E-01   0.68232E-01   0.53615E+01   0.29677E+01
  144     2.4486  11.0946  -0.54939E+00  -0.42549E-01   0.67319E-01   0.53334E+01   0.29786E+01
  145     2.4785  11.1296  -0.55664E+00  -0.43479E-01   0.66389E-01   0.53058E+01   0.29894E+01
  146     2.5088  11.1641  -0.56397E+00  -0.44425E-01   0.65443E-01   0.52786E+01   0.29998E+01
  147     2.5393  11.1982  -0.57135E+00  -0.45384E-01   0.64484E-01   0.52517E+01   0.30096E+01
  148     2.5701  11.2320  -0.57877E+00  -0.46354E-01   0.63514E-01   0.52252E+01   0.30193E+01
  149     2.6011  11.2653  -0.58626E+00  -0.47338E-01   0.62530E-01   0.51991E+01   0.30284E+01
  150     2.6324  11.2982  -0.59382E+00  -0.48339E-01   0.61529E-01   0.51734E+01   0.30370E+01
  151     2.6640  11.3306  -0.60144E+00  -0.49354E-01   0.60514E-01   0.51480E+01   0.30452E+01
  152     2.6958  11.3627  -0.60911E+00  -0.50383E-01   0.59485E-01   0.51229E+01   0.30531E+01
  153     2.7280  11.3944  -0.61684E+00  -0.51427E-01   0.58441E-01   0.50982E+01   0.30604E+01
  154     2.7604  11.4258  -0.62464E+00  -0.52485E-01   0.57383E-01   0.50739E+01   0.30674E+01
  155     2.7931  11.4567  -0.63250E+00  -0.53560E-01   0.56308E-01   0.50500E+01   0.30737E+01
  156     2.8260  11.4872  -0.64042E+00  -0.54650E-01   0.55218E-01   0.50264E+01   0.30799E+01
  157     2.8593  11.5174  -0.64841E+00  -0.55754E-01   0.54114E-01   0.50032E+01   0.30856E+01
  158     2.8929  11.5472  -0.65645E+00  -0.56873E-01   0.52995E-01   0.49804E+01   0.30905E+01
  159     2.9267  11.5766  -0.66455E+00  -0.58007E-01   0.51861E-01   0.49578E+01   0.30950E+01
  160     2.9608  11.6057  -0.67272E+00  -0.59157E-01   0.50711E-01   0.49357E+01   0.30989E+01
  161     2.9953  11.6344  -0.68094E+00  -0.60320E-01   0.49548E-01   0.49138E+01   0.31027E+01
  162     3.0300  11.6628  -0.68924E+00  -0.61501E-01   0.48366E-01   0.48924E+01   0.31060E+01
  163     3.0651  11.6908  -0.69761E+00  -0.62703E-01   0.47165E-01   0.48713E+01   0.31084E+01
  164     3.1004  11.7184  -0.70603E+00  -0.63916E-01   0.45952E-01   0.48506E+01   0.31103E+01
  165     3.1360  11.7458  -0.71452E+00  -0.65145E-01   0.44722E-01   0.48302E+01   0.31121E+01
  166     3.1720  11.7727  -0.72307E+00  -0.66393E-01   0.43475E-01   0.48102E+01   0.31136E+01
  167     3.2083  11.7994  -0.73168E+00  -0.67652E-01   0.42215E-01   0.47905E+01   0.31143E+01
  168     3.2449  11.8257  -0.74035E+00  -0.68929E-01   0.40938E-01   0.47712E+01   0.31150E+01
  169     3.2818  11.8517  -0.74910E+00  -0.70225E-01   0.39643E-01   0.47522E+01   0.31147E+01
  170     3.3190  11.8773  -0.75791E+00  -0.71538E-01   0.38330E-01   0.47336E+01   0.31134E+01
  171     3.3565  11.9026  -0.76679E+00  -0.72868E-01   0.37000E-01   0.47153E+01   0.31122E+01
  172     3.3944  11.9277  -0.77573E+00  -0.74213E-01   0.35655E-01   0.46973E+01   0.31105E+01
  173     3.4326  11.9524  -0.78474E+00  -0.75577E-01   0.34291E-01   0.46798E+01   0.31081E+01
  174     3.4712  11.9768  -0.79383E+00  -0.76961E-01   0.32907E-01   0.46625E+01   0.31056E+01
  175     3.5100  12.0009  -0.80298E+00  -0.78360E-01   0.31508E-01   0.46457E+01   0.31025E+01
  176     3.5492  12.0246  -0.81219E+00  -0.79776E-01   0.30091E-01   0.46292E+01   0.30984E+01
  177     3.5888  12.0481  -0.82147E+00  -0.81211E-01   0.28656E-01   0.46129E+01   0.30942E+01
  178     3.6287  12.0713  -0.83082E+00  -0.82664E-01   0.27204E-01   0.45969E+01   0.30895E+01
  179     3.6689  12.0942  -0.84024E+00  -0.84134E-01   0.25733E-01   0.45813E+01   0.30841E+01
  180     3.7095  12.1169  -0.84973E+00  -0.85625E-01   0.24243E-01   0.45660E+01   0.30780E+01
  181     3.7505  12.1392  -0.85928E+00  -0.87132E-01   0.22736E-01   0.45511E+01   0.30715E+01
  182     3.7918  12.1612  -0.86892E+00  -0.88662E-01   0.21206E-01   0.45365E+01   0.30645E+01
  183     3.8334  12.1830  -0.87861E+00  -0.90205E-01   0.19663E-01   0.45222E+01   0.30570E+01
  184     3.8754  12.2045  -0.88837E+00  -0.91769E-01   0.18099E-01   0.45082E+01   0.30492E+01
  185     3.9178  12.2257  -0.89821E+00  -0.93355E-01   0.16513E-01   0.44945E+01   0.30406E+01
  186     3.9606  12.2467  -0.90812E+00  -0.94957E-01   0.14911E-01   0.44811E+01   0.30316E+01
  187     4.0037  12.2674  -0.91809E+00  -0.96577E-01   0.13290E-01   0.44681E+01   0.30223E+01
  188     4.0472  12.2878  -0.92815E+00  -0.98220E-01   0.11648E-01   0.44553E+01   0.30121E+01
  189     4.0911  12.3080  -0.93827E+00  -0.99881E-01   0.99863E-02   0.44428E+01   0.30017E+01
  190     4.1353  12.3279  -0.94846E+00  -0.10156E+00   0.83044E-02   0.44307E+01   0.29911E+01
  191     4.1800  12.3476  -0.95872E+00  -0.10326E+00   0.66041E-02   0.44188E+01   0.29799E+01
  192     4.2250  12.3670  -0.96906E+00  -0.10498E+00   0.48829E-02   0.44072E+01   0.29680E+01
  193     4.2705  12.3862  -0.97947E+00  -0.10673E+00   0.31397E-02   0.43958E+01   0.29556E+01
  194     4.3163  12.4051  -0.98996E+00  -0.10849E+00   0.13764E-02   0.43848E+01   0.29427E+01
  195     4.3625  12.4238  -0.10005E+01  -0.11028E+00  -0.40806E-03   0.43740E+01   0.29294E+01
  196     4.4091  12.4423  -0.10112E+01  -0.11208E+00  -0.22136E-02   0.43635E+01   0.29156E+01
  197     4.4561  12.4605  -0.10219E+01  -0.11391E+00  -0.40431E-02   0.43533E+01   0.29017E+01
  198     4.5036  12.4785  -0.10327E+01  -0.11576E+00  -0.58972E-02   0.43433E+01   0.28868E+01
  199     4.5514  12.4962  -0.10435E+01  -0.11763E+00  -0.77646E-02   0.43336E+01   0.28717E+01
  200     4.5997  12.5138  -0.10545E+01  -0.11952E+00  -0.96550E-02   0.43241E+01   0.28561E+01
  201     4.6484  12.5311  -0.10655E+01  -0.12144E+00  -0.11570E-01   0.43149E+01   0.28398E+01
  202     4.6975  12.5482  -0.10766E+01  -0.12337E+00  -0.13503E-01   0.43059E+01   0.28236E+01
  203     4.7470  12.5650  -0.10877E+01  -0.12533E+00  -0.15465E-01   0.42972E+01   0.28062E+01
  204     4.7970  12.5817  -0.10990E+01  -0.12731E+00  -0.17447E-01   0.42886E+01   0.27886E+01
  205     4.8474  12.5981  -0.11103E+01  -0.12932E+00  -0.19451E-01   0.42804E+01   0.27710E+01
  206     4.8982  12.6144  -0.11217E+01  -0.13135E+00  -0.21478E-01   0.42723E+01   0.27529E+01
  207     4.9495  12.6304  -0.11332E+01  -0.13339E+00  -0.23526E-01   0.42645E+01   0.27346E+01
  208     5.0012  12.6462  -0.11447E+01  -0.13547E+00  -0.25602E-01   0.42568E+01   0.27152E+01
  209     5.0534  12.6619  -0.11564E+01  -0.13757E+00  -0.27699E-01   0.42494E+01   0.26957E+01
  210     5.1060  12.6773  -0.11681E+01  -0.13969E+00  -0.29818E-01   0.42422E+01   0.26765E+01
  211     5.1591  12.6925  -0.11798E+01  -0.14183E+00  -0.31960E-01   0.42352E+01   0.26560E+01
  212     5.2126  12.7076  -0.11917E+01  -0.14400E+00  -0.34131E-01   0.42284E+01   0.26358E+01
  213     5.2667  12.7224  -0.12037E+01  -0.14619E+00  -0.36324E-01   0.42218E+01   0.26148E+01
  214     5.3211  12.7371  -0.12157E+01  -0.14841E+00  -0.38540E-01   0.42154E+01   0.25935E+01
  215     5.3761  12.7515  -0.12278E+01  -0.15065E+00  -0.40781E-01   0.42091E+01   0.25721E+01
  216     5.4315  12.7658  -0.12400E+01  -0.15292E+00  -0.43053E-01   0.42031E+01   0.25503E+01
  217     5.4874  12.7799  -0.12523E+01  -0.15521E+00  -0.45341E-01   0.41972E+01   0.25282E+01
  218     5.5438  12.7938  -0.12647E+01  -0.15753E+00  -0.47664E-01   0.41915E+01   0.25056E+01
  219     5.6007  12.8076  -0.12771E+01  -0.15987E+00  -0.50001E-01   0.41859E+01   0.24829E+01
  220     5.6581  12.8211  -0.12896E+01  -0.16223E+00  -0.52367E-01   0.41805E+01   0.24599E+01
  221     5.7160  12.8345  -0.13023E+01  -0.16463E+00  -0.54762E-01   0.41753E+01   0.24365E+01
  222     5.7744  12.8477  -0.13150E+01  -0.16705E+00  -0.57182E-01   0.41702E+01   0.24130E+01
  223     5.8333  12.8608  -0.13277E+01  -0.16950E+00  -0.59630E-01   0.41653E+01   0.23888E+01
  224     5.8927  12.8737  -0.13406E+01  -0.17197E+00  -0.62101E-01   0.41605E+01   0.23651E+01
  225     5.9526  12.8864  -0.13535E+01  -0.17447E+00  -0.64598E-01   0.41558E+01   0.23410E+01
  226     6.0131  12.8990  -0.13666E+01  -0.17699E+00  -0.67125E-01   0.41513E+01   0.23163E+01
  227     6.0740  12.9114  -0.13797E+01  -0.17955E+00  -0.69677E-01   0.41470E+01   0.22914E+01
  228     6.1355  12.9236  -0.13929E+01  -0.18213E+00  -0.72259E-01   0.41427E+01   0.22663E+01
  229     6.1976  12.9357  -0.14062E+01  -0.18473E+00  -0.74866E-01   0.41386E+01   0.22410E+01
  230     6.2602  12.9476  -0.14196E+01  -0.18737E+00  -0.77502E-01   0.41346E+01   0.22157E+01
  231     6.3233  12.9594  -0.14331E+01  -0.19003E+00  -0.80165E-01   0.41308E+01   0.21899E+01
  232     6.3869  12.9710  -0.14466E+01  -0.19272E+00  -0.82854E-01   0.41270E+01   0.21645E+01
  233     6.4512  12.9825  -0.14603E+01  -0.19544E+00  -0.85571E-01   0.41233E+01   0.21386E+01
  234     6.5159  12.9938  -0.14740E+01  -0.19818E+00  -0.88316E-01   0.41198E+01   0.21125E+01
  235     6.5813  13.0050  -0.14878E+01  -0.20096E+00  -0.91091E-01   0.41164E+01   0.20864E+01
  236     6.6472  13.0160  -0.15017E+01  -0.20376E+00  -0.93890E-01   0.41131E+01   0.20602E+01
  237     6.7137  13.0269  -0.15158E+01  -0.20659E+00  -0.96725E-01   0.41099E+01   0.20340E+01
  238     6.7807  13.0377  -0.15299E+01  -0.20946E+00  -0.99588E-01   0.41068E+01   0.20074E+01
  239     6.8484  13.0483  -0.15440E+01  -0.21234E+00  -0.10247E+00   0.41037E+01   0.19807E+01
  240     6.9166  13.0588  -0.15583E+01  -0.21526E+00  -0.10539E+00   0.41008E+01   0.19545E+01
  241     6.9854  13.0691  -0.15727E+01  -0.21822E+00  -0.10835E+00   0.40980E+01   0.19273E+01
  242     7.0549  13.0794  -0.15872E+01  -0.22119E+00  -0.11132E+00   0.40952E+01   0.19004E+01
  243     7.1249  13.0894  -0.16017E+01  -0.22420E+00  -0.11433E+00   0.40925E+01   0.18739E+01
  244     7.1955  13.0994  -0.16164E+01  -0.22724E+00  -0.11737E+00   0.40899E+01   0.18473E+01
  245     7.2668  13.1092  -0.16311E+01  -0.23031E+00  -0.12044E+00   0.40874E+01   0.18196E+01
  246     7.3387  13.1189  -0.16459E+01  -0.23340E+00  -0.12353E+00   0.40850E+01   0.17928E+01
  247     7.4112  13.1285  -0.16609E+01  -0.23653E+00  -0.12667E+00   0.40826E+01   0.17663E+01
  248     7.4843  13.1380  -0.16759E+01  -0.23969E+00  -0.12983E+00   0.40803E+01   0.17394E+01
  249     7.5580  13.1473  -0.16910E+01  -0.24288E+00  -0.13302E+00   0.40781E+01   0.17124E+01
  250     7.6324  13.1565  -0.17062E+01  -0.24610E+00  -0.13623E+00   0.40759E+01   0.16860E+01
  251     7.7075  13.1656  -0.17215E+01  -0.24936E+00  -0.13949E+00   0.40739E+01   0.16589E+01
  252     7.7832  13.1746  -0.17370E+01  -0.25265E+00  -0.14278E+00   0.40718E+01   0.16321E+01
  253     7.8596  13.1834  -0.17525E+01  -0.25596E+00  -0.14609E+00   0.40699E+01   0.16054E+01
  254     7.9366  13.1922  -0.17681E+01  -0.25931E+00  -0.14944E+00   0.40680E+01   0.15790E+01
  255     8.0143  13.2008  -0.17838E+01  -0.26269E+00  -0.15282E+00   0.40661E+01   0.15522E+01
  256     8.0926  13.2093  -0.17996E+01  -0.26610E+00  -0.15623E+00   0.40643E+01   0.15257E+01
  257     8.1717  13.2178  -0.18155E+01  -0.26954E+00  -0.15968E+00   0.40626E+01   0.14992E+01
  258     8.2514  13.2261  -0.18315E+01  -0.27302E+00  -0.16315E+00   0.40609E+01   0.14727E+01
  259     8.3319  13.2343  -0.18476E+01  -0.27653E+00  -0.16666E+00   0.40593E+01   0.14472E+01
  260     8.4130  13.2424  -0.18638E+01  -0.28007E+00  -0.17020E+00   0.40577E+01   0.14209E+01
  261     8.4948  13.2503  -0.18801E+01  -0.28365E+00  -0.17378E+00   0.40561E+01   0.13951E+01
  262     8.5774  13.2582  -0.18965E+01  -0.28724E+00  -0.17738E+00   0.40546E+01   0.13698E+01
  263     8.6606  13.2660  -0.19130E+01  -0.29090E+00  -0.18104E+00   0.40532E+01   0.13439E+01
  264     8.7446  13.2737  -0.19296E+01  -0.29457E+00  -0.18470E+00   0.40518E+01   0.13185E+01
  265     8.8293  13.2813  -0.19463E+01  -0.29828E+00  -0.18842E+00   0.40504E+01   0.12932E+01
  266     8.9148  13.2888  -0.19632E+01  -0.30204E+00  -0.19217E+00   0.40491E+01   0.12682E+01
  267     9.0010  13.2962  -0.19801E+01  -0.30581E+00  -0.19595E+00   0.40478E+01   0.12427E+01
  268     9.0879  13.3035  -0.19971E+01  -0.30962E+00  -0.19975E+00   0.40466E+01   0.12183E+01
  269     9.1756  13.3107  -0.20142E+01  -0.31347E+00  -0.20360E+00   0.40454E+01   0.11937E+01
  270     9.2641  13.3178  -0.20315E+01  -0.31735E+00  -0.20748E+00   0.40442E+01   0.11691E+01
  271     9.3534  13.3248  -0.20488E+01  -0.32126E+00  -0.21139E+00   0.40431E+01   0.11453E+01
  272     9.4434  13.3317  -0.20662E+01  -0.32521E+00  -0.21534E+00   0.40420E+01   0.11212E+01
  273     9.5342  13.3386  -0.20838E+01  -0.32920E+00  -0.21933E+00   0.40409E+01   0.10976E+01
  274     9.6257  13.3453  -0.21015E+01  -0.33322E+00  -0.22336E+00   0.40399E+01   0.10745E+01
  275     9.7181  13.3520  -0.21192E+01  -0.33728E+00  -0.22741E+00   0.40388E+01   0.10511E+01
  276     9.8113  13.3586  -0.21371E+01  -0.34137E+00  -0.23150E+00   0.40379E+01   0.10272E+01
  277     9.9053  13.3651  -0.21551E+01  -0.34550E+00  -0.23563E+00   0.40369E+01   0.10051E+01
  278    10.0001  13.3715  -0.21732E+01  -0.34968E+00  -0.23981E+00   0.40360E+01   0.98249E+00
  279    10.0957  13.3778  -0.21914E+01  -0.35387E+00  -0.24400E+00   0.40351E+01   0.96021E+00
  280    10.1922  13.3841  -0.22096E+01  -0.35808E+00  -0.24821E+00   0.40342E+01   0.93854E+00
  281    10.2895  13.3902  -0.22281E+01  -0.36238E+00  -0.25251E+00   0.40334E+01   0.91669E+00
  282    10.3877  13.3963  -0.22467E+01  -0.36669E+00  -0.25683E+00   0.40325E+01   0.89513E+00
  283    10.4867  13.4023  -0.22653E+01  -0.37104E+00  -0.26117E+00   0.40317E+01   0.87449E+00
  284    10.5865  13.4083  -0.22841E+01  -0.37543E+00  -0.26556E+00   0.40310E+01   0.85313E+00
  285    10.6873  13.4141  -0.23030E+01  -0.37986E+00  -0.26999E+00   0.40302E+01   0.83241E+00
  286    10.7889  13.4199  -0.23220E+01  -0.38431E+00  -0.27445E+00   0.40295E+01   0.81208E+00
  287    10.8914  13.4256  -0.23411E+01  -0.38881E+00  -0.27894E+00   0.40288E+01   0.79184E+00
  288    10.9947  13.4312  -0.23603E+01  -0.39335E+00  -0.28348E+00   0.40281E+01   0.77196E+00
  289    11.0990  13.4368  -0.23796E+01  -0.39792E+00  -0.28806E+00   0.40274E+01   0.75264E+00
  290    11.2042  13.4423  -0.23991E+01  -0.40254E+00  -0.29267E+00   0.40267E+01   0.73372E+00
  291    11.3103  13.4477  -0.24187E+01  -0.40719E+00  -0.29732E+00   0.40261E+01   0.71446E+00
  292    11.4173  13.4530  -0.24383E+01  -0.41188E+00  -0.30201E+00   0.40255E+01   0.69603E+00
  293    11.5253  13.4583  -0.24581E+01  -0.41661E+00  -0.30674E+00   0.40249E+01   0.67766E+00
  294    11.6342  13.4635  -0.24781E+01  -0.42137E+00  -0.31151E+00   0.40243E+01   0.65959E+00
  295    11.7440  13.4687  -0.24981E+01  -0.42619E+00  -0.31632E+00   0.40237E+01   0.64201E+00
  296    11.8548  13.4738  -0.25183E+01  -0.43105E+00  -0.32118E+00   0.40232E+01   0.62445E+00
  297    11.9666  13.4788  -0.25386E+01  -0.43593E+00  -0.32606E+00   0.40227E+01   0.60736E+00
  298    12.0793  13.4837  -0.25590E+01  -0.44085E+00  -0.33098E+00   0.40221E+01   0.59052E+00
  299    12.1930  13.4886  -0.25795E+01  -0.44583E+00  -0.33596E+00   0.40216E+01   0.57383E+00
  300    12.3077  13.4934  -0.26001E+01  -0.45083E+00  -0.34097E+00   0.40211E+01   0.55761E+00
  301    12.4234  13.4982  -0.26209E+01  -0.45588E+00  -0.34601E+00   0.40206E+01   0.54195E+00
  302    12.5401  13.5029  -0.26418E+01  -0.46097E+00  -0.35110E+00   0.40202E+01   0.52619E+00
  303    12.6578  13.5075  -0.26628E+01  -0.46610E+00  -0.35623E+00   0.40197E+01   0.51113E+00
  304    12.7766  13.5121  -0.26840E+01  -0.47128E+00  -0.36141E+00   0.40193E+01   0.49577E+00
  305    12.8963  13.5166  -0.27052E+01  -0.47649E+00  -0.36662E+00   0.40188E+01   0.48111E+00
  306    13.0172  13.5211  -0.27266E+01  -0.48175E+00  -0.37188E+00   0.40184E+01   0.46687E+00
  307    13.1390  13.5255  -0.27481E+01  -0.48704E+00  -0.37717E+00   0.40180E+01   0.45252E+00
  308    13.2619  13.5298  -0.27697E+01  -0.49237E+00  -0.38250E+00   0.40176E+01   0.43883E+00
  309    13.3859  13.5341  -0.27915E+01  -0.49776E+00  -0.38789E+00   0.40172E+01   0.42524E+00
  310    13.5110  13.5383  -0.28134E+01  -0.50318E+00  -0.39331E+00   0.40169E+01   0.41221E+00
  311    13.6372  13.5425  -0.28354E+01  -0.50864E+00  -0.39878E+00   0.40165E+01   0.39925E+00
  312    13.7644  13.5466  -0.28576E+01  -0.51417E+00  -0.40431E+00   0.40161E+01   0.38647E+00
  313    13.8928  13.5507  -0.28799E+01  -0.51973E+00  -0.40986E+00   0.40158E+01   0.37414E+00
  314    14.0223  13.5547  -0.29023E+01  -0.52531E+00  -0.41544E+00   0.40154E+01   0.36198E+00
  315    14.1529  13.5587  -0.29248E+01  -0.53094E+00  -0.42108E+00   0.40151E+01   0.35041E+00
  316    14.2846  13.5626  -0.29475E+01  -0.53663E+00  -0.42676E+00   0.40148E+01   0.33898E+00
  317    14.4175  13.5665  -0.29703E+01  -0.54235E+00  -0.43249E+00   0.40145E+01   0.32750E+00
  318    14.5515  13.5703  -0.29933E+01  -0.54814E+00  -0.43827E+00   0.40142E+01   0.31646E+00
  319    14.6867  13.5741  -0.30164E+01  -0.55396E+00  -0.44410E+00   0.40139E+01   0.30605E+00
  320    14.8231  13.5778  -0.30395E+01  -0.55980E+00  -0.44993E+00   0.40136E+01   0.29552E+00
  321    14.9607  13.5815  -0.30628E+01  -0.56570E+00  -0.45583E+00   0.40133E+01   0.28489E+00
  322    15.0994  13.5851  -0.30864E+01  -0.57168E+00  -0.46181E+00   0.40130E+01   0.27537E+00
  323    15.2394  13.5887  -0.31100E+01  -0.57765E+00  -0.46778E+00   0.40128E+01   0.26575E+00
  324    15.3806  13.5922  -0.31337E+01  -0.58368E+00  -0.47382E+00   0.40125E+01   0.25630E+00
  325    15.5230  13.5957  -0.31576E+01  -0.58977E+00  -0.47991E+00   0.40123E+01   0.24729E+00
  326    15.6666  13.5991  -0.31816E+01  -0.59591E+00  -0.48604E+00   0.40120E+01   0.23842E+00
  327    15.8115  13.6025  -0.32058E+01  -0.60208E+00  -0.49222E+00   0.40118E+01   0.22972E+00
  328    15.9577  13.6059  -0.32301E+01  -0.60832E+00  -0.49845E+00   0.40115E+01   0.22130E+00
  329    16.1051  13.6092  -0.32545E+01  -0.61458E+00  -0.50471E+00   0.40113E+01   0.21321E+00
  330    16.2538  13.6124  -0.32791E+01  -0.62090E+00  -0.51103E+00   0.40111E+01   0.20515E+00
  331    16.4038  13.6157  -0.33038E+01  -0.62725E+00  -0.51738E+00   0.40109E+01   0.19734E+00
  332    16.5551  13.6188  -0.33287E+01  -0.63367E+00  -0.52380E+00   0.40106E+01   0.19009E+00
  333    16.7078  13.6220  -0.33537E+01  -0.64013E+00  -0.53026E+00   0.40104E+01   0.18279E+00
  334    16.8617  13.6251  -0.33789E+01  -0.64666E+00  -0.53679E+00   0.40102E+01   0.17572E+00
  335    17.0170  13.6281  -0.34041E+01  -0.65319E+00  -0.54333E+00   0.40100E+01   0.16903E+00
  336    17.1736  13.6312  -0.34296E+01  -0.65980E+00  -0.54993E+00   0.40098E+01   0.16225E+00
  337    17.3316  13.6342  -0.34552E+01  -0.66645E+00  -0.55658E+00   0.40097E+01   0.15591E+00
  338    17.4910  13.6371  -0.34809E+01  -0.67314E+00  -0.56327E+00   0.40095E+01   0.14978E+00
  339    17.6518  13.6400  -0.35068E+01  -0.67989E+00  -0.57002E+00   0.40093E+01   0.14376E+00
  340    17.8139  13.6429  -0.35328E+01  -0.68669E+00  -0.57682E+00   0.40091E+01   0.13794E+00
  341    17.9775  13.6457  -0.35590E+01  -0.69354E+00  -0.58367E+00   0.40089E+01   0.13233E+00
  342    18.1425  13.6485  -0.35853E+01  -0.70044E+00  -0.59058E+00   0.40088E+01   0.12690E+00
  343    18.3089  13.6513  -0.36117E+01  -0.70738E+00  -0.59751E+00   0.40086E+01   0.12158E+00
  344    18.4768  13.6540  -0.36384E+01  -0.71438E+00  -0.60451E+00   0.40085E+01   0.11649E+00
  345    18.6461  13.6567  -0.36651E+01  -0.72141E+00  -0.61154E+00   0.40083E+01   0.11161E+00
  346    18.8169  13.6593  -0.36920E+01  -0.72851E+00  -0.61864E+00   0.40081E+01   0.10691E+00
  347    18.9892  13.6619  -0.37191E+01  -0.73567E+00  -0.62580E+00   0.40080E+01   0.10233E+00
  348    19.1630  13.6645  -0.37464E+01  -0.74286E+00  -0.63300E+00   0.40079E+01   0.97908E-01
  349    19.3383  13.6671  -0.37737E+01  -0.75010E+00  -0.64024E+00   0.40077E+01   0.93663E-01
  350    19.5151  13.6696  -0.38013E+01  -0.75741E+00  -0.64754E+00   0.40076E+01   0.89555E-01
  351    19.6934  13.6721  -0.38290E+01  -0.76476E+00  -0.65489E+00   0.40074E+01   0.85603E-01
  352    19.8734  13.6745  -0.38569E+01  -0.77219E+00  -0.66232E+00   0.40073E+01   0.81782E-01
  353    20.0548  13.6770  -0.38848E+01  -0.77962E+00  -0.66975E+00   0.40072E+01   0.78108E-01
  354    20.2379  13.6794  -0.39130E+01  -0.78714E+00  -0.67728E+00   0.40070E+01   0.74516E-01
  355    20.4225  13.6817  -0.39413E+01  -0.79469E+00  -0.68482E+00   0.40069E+01   0.71167E-01
  356    20.6088  13.6840  -0.39698E+01  -0.80231E+00  -0.69244E+00   0.40068E+01   0.67924E-01
  357    20.7966  13.6863  -0.39984E+01  -0.81005E+00  -0.70018E+00   0.40000E+01   0.64751E-01
  358    20.9861  13.6886  -0.40272E+01  -0.81776E+00  -0.70789E+00   0.40000E+01   0.61733E-01
  359    21.1773  13.6909  -0.40561E+01  -0.82552E+00  -0.71566E+00   0.40000E+01   0.58834E-01
  360    21.3701  13.6931  -0.40852E+01  -0.83335E+00  -0.72348E+00   0.40000E+01   0.56063E-01
  361    21.5646  13.6953  -0.41145E+01  -0.84123E+00  -0.73136E+00   0.40000E+01   0.53376E-01
  362    21.7607  13.6974  -0.41439E+01  -0.84916E+00  -0.73930E+00   0.40000E+01   0.50803E-01
  363    21.9586  13.6995  -0.41735E+01  -0.85715E+00  -0.74728E+00   0.40000E+01   0.48351E-01
  364    22.1582  13.7016  -0.42033E+01  -0.86518E+00  -0.75532E+00   0.40000E+01   0.45964E-01
  365    22.3596  13.7037  -0.42332E+01  -0.87329E+00  -0.76342E+00   0.40000E+01   0.43720E-01
  366    22.5626  13.7058  -0.42633E+01  -0.88143E+00  -0.77156E+00   0.40000E+01   0.41567E-01
  367    22.7675  13.7078  -0.42936E+01  -0.88965E+00  -0.77978E+00   0.40000E+01   0.39472E-01
  368    22.9741  13.7098  -0.43239E+01  -0.89789E+00  -0.78803E+00   0.40000E+01   0.37508E-01
  369    23.1825  13.7117  -0.43545E+01  -0.90621E+00  -0.79634E+00   0.40000E+01   0.35585E-01
  370    23.3928  13.7137  -0.43852E+01  -0.91455E+00  -0.80469E+00   0.40000E+01   0.33783E-01
  371    23.6049  13.7156  -0.44162E+01  -0.92301E+00  -0.81314E+00   0.40000E+01   0.32054E-01
  372    23.8188  13.7175  -0.44473E+01  -0.93149E+00  -0.82163E+00   0.40000E+01   0.30414E-01
  373    24.0345  13.7194  -0.44786E+01  -0.94003E+00  -0.83017E+00   0.40000E+01   0.28798E-01
  374    24.2522  13.7212  -0.45100E+01  -0.94863E+00  -0.83876E+00   0.40000E+01   0.27288E-01
  375    24.4717  13.7230  -0.45416E+01  -0.95728E+00  -0.84741E+00   0.40000E+01   0.25849E-01
  376    24.6932  13.7248  -0.45733E+01  -0.96599E+00  -0.85612E+00   0.40000E+01   0.24486E-01
  377    24.9166  13.7266  -0.46052E+01  -0.97474E+00  -0.86488E+00   0.40000E+01   0.23158E-01
  378    25.1419  13.7284  -0.46374E+01  -0.98360E+00  -0.87373E+00   0.40000E+01   0.21895E-01
  379    25.3691  13.7301  -0.46697E+01  -0.99247E+00  -0.88260E+00   0.40000E+01   0.20730E-01
  380    25.5984  13.7318  -0.47022E+01  -0.10014E+01  -0.89154E+00   0.40000E+01   0.19562E-01
  381    25.8296  13.7335  -0.47348E+01  -0.10104E+01  -0.90054E+00   0.40000E+01   0.18498E-01
  382    26.0629  13.7351  -0.47676E+01  -0.10195E+01  -0.90960E+00   0.40000E+01   0.17468E-01
  383    26.2982  13.7368  -0.48006E+01  -0.10286E+01  -0.91873E+00   0.40000E+01   0.16479E-01
  384    26.5355  13.7384  -0.48338E+01  -0.10378E+01  -0.92790E+00   0.40000E+01   0.15568E-01
  385    26.7749  13.7400  -0.48671E+01  -0.10470E+01  -0.93714E+00   0.40000E+01   0.14669E-01
  386    27.0164  13.7416  -0.49007E+01  -0.10563E+01  -0.94646E+00   0.40000E+01   0.13833E-01
  387    27.2599  13.7431  -0.49344E+01  -0.10657E+01  -0.95579E+00   0.40000E+01   0.13041E-01
  388    27.5056  13.7447  -0.49683E+01  -0.10751E+01  -0.96520E+00   0.40000E+01   0.12272E-01
  389    27.7534  13.7462  -0.50023E+01  -0.10845E+01  -0.97468E+00   0.40000E+01   0.11570E-01
  390    28.0034  13.7477  -0.50366E+01  -0.10941E+01  -0.98421E+00   0.40000E+01   0.10881E-01
  391    28.2556  13.7492  -0.50711E+01  -0.11037E+01  -0.99384E+00   0.40000E+01   0.10225E-01
  392    28.5099  13.7506  -0.51056E+01  -0.11133E+01  -0.10035E+01   0.40000E+01   0.96238E-02
  393    28.7665  13.7521  -0.51402E+01  -0.11230E+01  -0.10131E+01   0.40000E+01   0.90487E-02
  394    29.0253  13.7535  -0.51753E+01  -0.11328E+01  -0.10229E+01   0.40000E+01   0.85100E-02
  395    29.2863  13.7549  -0.52105E+01  -0.11427E+01  -0.10328E+01   0.40000E+01   0.79896E-02
  396    29.5496  13.7563  -0.52458E+01  -0.11525E+01  -0.10427E+01   0.40000E+01   0.75027E-02
  397    29.8152  13.7577  -0.52813E+01  -0.11625E+01  -0.10526E+01   0.40000E+01   0.70305E-02
  398    30.0831  13.7590  -0.53171E+01  -0.11726E+01  -0.10627E+01   0.40000E+01   0.65978E-02
  399    30.3534  13.7604  -0.53528E+01  -0.11826E+01  -0.10727E+01   0.40000E+01   0.61792E-02
  400    30.6259  13.7617  -0.53889E+01  -0.11927E+01  -0.10829E+01   0.40000E+01   0.57919E-02
