    1     0.0001   0.0014  -0.15259E-04  -0.56949E-06   0.10816E+00   0.13035E+02   0.71579E+00
    2     0.0088   0.1221  -0.11016E-02   0.83870E-05   0.10817E+00   0.12953E+02   0.61228E+00
    3     0.0176   0.2423  -0.23041E-02  -0.34170E-05   0.10815E+00   0.12873E+02   0.64832E+00
    4     0.0264   0.3621  -0.35569E-02  -0.19544E-04   0.10814E+00   0.12794E+02   0.67293E+00
    5     0.0353   0.4814  -0.48664E-02  -0.42144E-04   0.10812E+00   0.12715E+02   0.69735E+00
    6     0.0443   0.6003  -0.62137E-02  -0.66247E-04   0.10809E+00   0.12637E+02   0.71848E+00
    7     0.0534   0.7188  -0.75964E-02  -0.91491E-04   0.10807E+00   0.12559E+02   0.73780E+00
    8     0.0626   0.8368  -0.90136E-02  -0.11759E-03   0.10804E+00   0.12481E+02   0.75638E+00
    9     0.0718   0.9543  -0.10463E-01  -0.14423E-03   0.10801E+00   0.12404E+02   0.77473E+00
   10     0.0811   1.0713  -0.11944E-01  -0.17124E-03   0.10799E+00   0.12326E+02   0.79245E+00
   11     0.0905   1.1879  -0.13456E-01  -0.19815E-03   0.10796E+00   0.12250E+02   0.81004E+00
   12     0.1000   1.3039  -0.14997E-01  -0.22516E-03   0.10793E+00   0.12173E+02   0.82722E+00
   13     0.1096   1.4195  -0.16568E-01  -0.25194E-03   0.10791E+00   0.12097E+02   0.84448E+00
   14     0.1192   1.5346  -0.18168E-01  -0.27860E-03   0.10788E+00   0.12021E+02   0.86172E+00
   15     0.1290   1.6491  -0.19807E-01  -0.30779E-03   0.10785E+00   0.11946E+02   0.87903E+00
   16     0.1388   1.7632  -0.21467E-01  -0.33528E-03   0.10782E+00   0.11870E+02   0.89622E+00
   17     0.1487   1.8767  -0.23162E-01  -0.36395E-03   0.10779E+00   0.11795E+02   0.91316E+00
   18     0.1587   1.9897  -0.24891E-01  -0.39427E-03   0.10776E+00   0.11721E+02   0.93047E+00
   19     0.1687   2.1021  -0.26658E-01  -0.42710E-03   0.10773E+00   0.11647E+02   0.94780E+00
   20     0.1789   2.2140  -0.28460E-01  -0.46182E-03   0.10770E+00   0.11573E+02   0.96493E+00
   21     0.1891   2.3254  -0.30296E-01  -0.49740E-03   0.10766E+00   0.11499E+02   0.98248E+00
   22     0.1995   2.4362  -0.32158E-01  -0.53332E-03   0.10762E+00   0.11426E+02   0.99995E+00
   23     0.2099   2.5465  -0.34042E-01  -0.56761E-03   0.10759E+00   0.11353E+02   0.10176E+01
   24     0.2204   2.6562  -0.35942E-01  -0.59903E-03   0.10756E+00   0.11280E+02   0.10355E+01
   25     0.2310   2.7653  -0.37849E-01  -0.62542E-03   0.10753E+00   0.11207E+02   0.10535E+01
   26     0.2417   2.8738  -0.39761E-01  -0.64662E-03   0.10751E+00   0.11135E+02   0.10718E+01
   27     0.2525   2.9818  -0.41688E-01  -0.66492E-03   0.10749E+00   0.11062E+02   0.10902E+01
   28     0.2634   3.0892  -0.43640E-01  -0.68261E-03   0.10748E+00   0.10990E+02   0.11089E+01
   29     0.2744   3.1959  -0.45631E-01  -0.70350E-03   0.10745E+00   0.10919E+02   0.11277E+01
   30     0.2855   3.3021  -0.47674E-01  -0.73114E-03   0.10743E+00   0.10847E+02   0.11467E+01
   31     0.2967   3.4077  -0.49790E-01  -0.77131E-03   0.10739E+00   0.10777E+02   0.11656E+01
   32     0.3079   3.5127  -0.51990E-01  -0.82642E-03   0.10733E+00   0.10707E+02   0.11847E+01
   33     0.3193   3.6170  -0.54255E-01  -0.89183E-03   0.10727E+00   0.10638E+02   0.12038E+01
   34     0.3308   3.7207  -0.56589E-01  -0.96870E-03   0.10719E+00   0.10569E+02   0.12231E+01
   35     0.3423   3.8238  -0.58959E-01  -0.10484E-02   0.10711E+00   0.10501E+02   0.12422E+01
   36     0.3540   3.9263  -0.61338E-01  -0.11243E-02   0.10703E+00   0.10433E+02   0.12618E+01
   37     0.3658   4.0281  -0.63711E-01  -0.11925E-02   0.10697E+00   0.10365E+02   0.12815E+01
   38     0.3777   4.1293  -0.66086E-01  -0.12552E-02   0.10690E+00   0.10297E+02   0.13016E+01
   39     0.3896   4.2299  -0.68474E-01  -0.13152E-02   0.10684E+00   0.10229E+02   0.13218E+01
   40     0.4017   4.3298  -0.70889E-01  -0.13758E-02   0.10678E+00   0.10162E+02   0.13423E+01
   41     0.4139   4.4291  -0.73342E-01  -0.14403E-02   0.10672E+00   0.10094E+02   0.13631E+01
   42     0.4262   4.5276  -0.75843E-01  -0.15111E-02   0.10665E+00   0.10028E+02   0.13841E+01
   43     0.4386   4.6256  -0.78387E-01  -0.15874E-02   0.10657E+00   0.99616E+01   0.14050E+01
   44     0.4511   4.7229  -0.80973E-01  -0.16684E-02   0.10649E+00   0.98958E+01   0.14262E+01
   45     0.4637   4.8195  -0.83595E-01  -0.17533E-02   0.10640E+00   0.98304E+01   0.14476E+01
   46     0.4764   4.9154  -0.86250E-01  -0.18404E-02   0.10632E+00   0.97653E+01   0.14691E+01
   47     0.4893   5.0106  -0.88937E-01  -0.19304E-02   0.10623E+00   0.97005E+01   0.14906E+01
   48     0.5022   5.1052  -0.91658E-01  -0.20234E-02   0.10613E+00   0.96361E+01   0.15122E+01
   49     0.5153   5.1991  -0.94415E-01  -0.21203E-02   0.10604E+00   0.95721E+01   0.15340E+01
   50     0.5285   5.2923  -0.97209E-01  -0.22213E-02   0.10594E+00   0.95084E+01   0.15566E+01
   51     0.5417   5.3849  -0.10004E+00  -0.23261E-02   0.10583E+00   0.94452E+01   0.15797E+01
   52     0.5552   5.4767  -0.10291E+00  -0.24352E-02   0.10572E+00   0.93823E+01   0.16038E+01
   53     0.5687   5.5679  -0.10582E+00  -0.25489E-02   0.10561E+00   0.93198E+01   0.16283E+01
   54     0.5823   5.6583  -0.10877E+00  -0.26669E-02   0.10549E+00   0.92577E+01   0.16522E+01
   55     0.5961   5.7481  -0.11175E+00  -0.27895E-02   0.10537E+00   0.91960E+01   0.16753E+01
   56     0.6099   5.8371  -0.11477E+00  -0.29165E-02   0.10524E+00   0.91347E+01   0.16976E+01
   57     0.6239   5.9255  -0.11783E+00  -0.30487E-02   0.10511E+00   0.90737E+01   0.17192E+01
   58     0.6381   6.0132  -0.12094E+00  -0.31866E-02   0.10497E+00   0.90132E+01   0.17412E+01
   59     0.6523   6.1001  -0.12408E+00  -0.33296E-02   0.10483E+00   0.89530E+01   0.17640E+01
   60     0.6667   6.1864  -0.12726E+00  -0.34775E-02   0.10468E+00   0.88933E+01   0.17877E+01
   61     0.6812   6.2719  -0.13049E+00  -0.36304E-02   0.10453E+00   0.88340E+01   0.18121E+01
   62     0.6958   6.3568  -0.13375E+00  -0.37878E-02   0.10437E+00   0.87750E+01   0.18366E+01
   63     0.7105   6.4409  -0.13705E+00  -0.39506E-02   0.10421E+00   0.87164E+01   0.18612E+01
   64     0.7254   6.5244  -0.14038E+00  -0.41185E-02   0.10404E+00   0.86582E+01   0.18854E+01
   65     0.7404   6.6071  -0.14376E+00  -0.42921E-02   0.10387E+00   0.86005E+01   0.19098E+01
   66     0.7555   6.6891  -0.14719E+00  -0.44719E-02   0.10369E+00   0.85431E+01   0.19344E+01
   67     0.7708   6.7704  -0.15065E+00  -0.46576E-02   0.10350E+00   0.84861E+01   0.19592E+01
   68     0.7862   6.8511  -0.15416E+00  -0.48491E-02   0.10331E+00   0.84295E+01   0.19842E+01
   69     0.8017   6.9310  -0.15770E+00  -0.50458E-02   0.10311E+00   0.83734E+01   0.20094E+01
   70     0.8174   7.0102  -0.16129E+00  -0.52490E-02   0.10291E+00   0.83176E+01   0.20346E+01
   71     0.8332   7.0886  -0.16492E+00  -0.54585E-02   0.10270E+00   0.82623E+01   0.20601E+01
   72     0.8491   7.1664  -0.16859E+00  -0.56752E-02   0.10248E+00   0.82073E+01   0.20855E+01
   73     0.8652   7.2435  -0.17231E+00  -0.58982E-02   0.10226E+00   0.81528E+01   0.21112E+01
   74     0.8814   7.3199  -0.17607E+00  -0.61278E-02   0.10203E+00   0.80986E+01   0.21368E+01
   75     0.8977   7.3956  -0.17987E+00  -0.63641E-02   0.10179E+00   0.80449E+01   0.21624E+01
   76     0.9142   7.4705  -0.18372E+00  -0.66065E-02   0.10155E+00   0.79915E+01   0.21881E+01
   77     0.9309   7.5448  -0.18761E+00  -0.68553E-02   0.10130E+00   0.79386E+01   0.22138E+01
   78     0.9477   7.6184  -0.19154E+00  -0.71111E-02   0.10105E+00   0.78861E+01   0.22397E+01
   79     0.9646   7.6913  -0.19551E+00  -0.73743E-02   0.10078E+00   0.78340E+01   0.22657E+01
   80     0.9817   7.7635  -0.19953E+00  -0.76443E-02   0.10051E+00   0.77823E+01   0.22918E+01
   81     0.9989   7.8350  -0.20360E+00  -0.79217E-02   0.10024E+00   0.77310E+01   0.23181E+01
   82     1.0163   7.9058  -0.20771E+00  -0.82064E-02   0.99952E-01   0.76800E+01   0.23443E+01
   83     1.0338   7.9759  -0.21186E+00  -0.84984E-02   0.99660E-01   0.76295E+01   0.23704E+01
   84     1.0515   8.0453  -0.21605E+00  -0.87975E-02   0.99361E-01   0.75794E+01   0.23966E+01
   85     1.0693   8.1141  -0.22030E+00  -0.91046E-02   0.99054E-01   0.75296E+01   0.24230E+01
   86     1.0873   8.1821  -0.22458E+00  -0.94201E-02   0.98738E-01   0.74803E+01   0.24492E+01
   87     1.1055   8.2495  -0.22892E+00  -0.97432E-02   0.98415E-01   0.74314E+01   0.24755E+01
   88     1.1238   8.3162  -0.23330E+00  -0.10075E-01   0.98084E-01   0.73829E+01   0.25017E+01
   89     1.1423   8.3823  -0.23773E+00  -0.10414E-01   0.97744E-01   0.73348E+01   0.25280E+01
   90     1.1609   8.4477  -0.24221E+00  -0.10762E-01   0.97396E-01   0.72871E+01   0.25545E+01
   91     1.1797   8.5124  -0.24672E+00  -0.11117E-01   0.97041E-01   0.72399E+01   0.25808E+01
   92     1.1986   8.5764  -0.25129E+00  -0.11479E-01   0.96679E-01   0.71929E+01   0.26070E+01
   93     1.2177   8.6398  -0.25589E+00  -0.11850E-01   0.96308E-01   0.71464E+01   0.26330E+01
   94     1.2370   8.7025  -0.26055E+00  -0.12230E-01   0.95928E-01   0.71003E+01   0.26594E+01
   95     1.2565   8.7646  -0.26526E+00  -0.12619E-01   0.95539E-01   0.70545E+01   0.26857E+01
   96     1.2761   8.8260  -0.27001E+00  -0.13018E-01   0.95140E-01   0.70092E+01   0.27117E+01
   97     1.2959   8.8868  -0.27482E+00  -0.13425E-01   0.94734E-01   0.69643E+01   0.27378E+01
   98     1.3158   8.9469  -0.27967E+00  -0.13840E-01   0.94318E-01   0.69197E+01   0.27637E+01
   99     1.3360   9.0065  -0.28456E+00  -0.14265E-01   0.93893E-01   0.68756E+01   0.27897E+01
  100     1.3563   9.0653  -0.28951E+00  -0.14699E-01   0.93459E-01   0.68318E+01   0.28154E+01
  101     1.3767   9.1236  -0.29450E+00  -0.15141E-01   0.93017E-01   0.67885E+01   0.28410E+01
  102     1.3974   9.1812  -0.29954E+00  -0.15593E-01   0.92566E-01   0.67455E+01   0.28665E+01
  103     1.4183   9.2382  -0.30464E+00  -0.16055E-01   0.92103E-01   0.67030E+01   0.28919E+01
  104     1.4393   9.2945  -0.30979E+00  -0.16529E-01   0.91630E-01   0.66608E+01   0.29174E+01
  105     1.4605   9.3503  -0.31498E+00  -0.17011E-01   0.91147E-01   0.66191E+01   0.29428E+01
  106     1.4819   9.4054  -0.32022E+00  -0.17501E-01   0.90657E-01   0.65776E+01   0.29680E+01
  107     1.5035   9.4600  -0.32550E+00  -0.18000E-01   0.90158E-01   0.65366E+01   0.29930E+01
  108     1.5252   9.5139  -0.33084E+00  -0.18511E-01   0.89647E-01   0.64959E+01   0.30178E+01
  109     1.5472   9.5673  -0.33624E+00  -0.19033E-01   0.89126E-01   0.64557E+01   0.30424E+01
  110     1.5693   9.6200  -0.34168E+00  -0.19563E-01   0.88595E-01   0.64159E+01   0.30669E+01
  111     1.5917   9.6722  -0.34717E+00  -0.20104E-01   0.88054E-01   0.63764E+01   0.30912E+01
  112     1.6142   9.7238  -0.35271E+00  -0.20656E-01   0.87502E-01   0.63373E+01   0.31154E+01
  113     1.6369   9.7748  -0.35831E+00  -0.21219E-01   0.86939E-01   0.62985E+01   0.31396E+01
  114     1.6598   9.8252  -0.36396E+00  -0.21792E-01   0.86366E-01   0.62602E+01   0.31633E+01
  115     1.6830   9.8751  -0.36965E+00  -0.22375E-01   0.85783E-01   0.62222E+01   0.31864E+01
  116     1.7063   9.9244  -0.37540E+00  -0.22970E-01   0.85188E-01   0.61846E+01   0.32096E+01
  117     1.7298   9.9731  -0.38121E+00  -0.23577E-01   0.84581E-01   0.61475E+01   0.32327E+01
  118     1.7536  10.0213  -0.38706E+00  -0.24194E-01   0.83964E-01   0.61107E+01   0.32556E+01
  119     1.7775  10.0689  -0.39297E+00  -0.24821E-01   0.83337E-01   0.60742E+01   0.32781E+01
  120     1.8016  10.1160  -0.39893E+00  -0.25460E-01   0.82698E-01   0.60382E+01   0.33002E+01
  121     1.8260  10.1626  -0.40495E+00  -0.26111E-01   0.82047E-01   0.60025E+01   0.33221E+01
  122     1.8506  10.2086  -0.41101E+00  -0.26774E-01   0.81385E-01   0.59672E+01   0.33439E+01
  123     1.8753  10.2541  -0.41713E+00  -0.27448E-01   0.80711E-01   0.59322E+01   0.33653E+01
  124     1.9003  10.2990  -0.42331E+00  -0.28135E-01   0.80024E-01   0.58976E+01   0.33861E+01
  125     1.9256  10.3434  -0.42955E+00  -0.28833E-01   0.79325E-01   0.58634E+01   0.34068E+01
  126     1.9510  10.3873  -0.43583E+00  -0.29542E-01   0.78616E-01   0.58296E+01   0.34270E+01
  127     1.9766  10.4307  -0.44216E+00  -0.30264E-01   0.77895E-01   0.57961E+01   0.34475E+01
  128     2.0025  10.4736  -0.44856E+00  -0.30997E-01   0.77161E-01   0.57630E+01   0.34678E+01
  129     2.0286  10.5160  -0.45501E+00  -0.31744E-01   0.76414E-01   0.57303E+01   0.34869E+01
  130     2.0550  10.5579  -0.46151E+00  -0.32503E-01   0.75656E-01   0.56980E+01   0.35053E+01
  131     2.0815  10.5993  -0.46807E+00  -0.33273E-01   0.74885E-01   0.56660E+01   0.35237E+01
  132     2.1083  10.6402  -0.47468E+00  -0.34056E-01   0.74103E-01   0.56343E+01   0.35420E+01
  133     2.1353  10.6806  -0.48136E+00  -0.34852E-01   0.73306E-01   0.56031E+01   0.35599E+01
  134     2.1626  10.7205  -0.48809E+00  -0.35661E-01   0.72497E-01   0.55723E+01   0.35771E+01
  135     2.1901  10.7600  -0.49486E+00  -0.36481E-01   0.71677E-01   0.55418E+01   0.35942E+01
  136     2.2178  10.7990  -0.50170E+00  -0.37314E-01   0.70845E-01   0.55116E+01   0.36107E+01
  137     2.2458  10.8375  -0.50860E+00  -0.38163E-01   0.69996E-01   0.54818E+01   0.36267E+01
  138     2.2740  10.8756  -0.51558E+00  -0.39030E-01   0.69128E-01   0.54525E+01   0.36422E+01
  139     2.3025  10.9132  -0.52260E+00  -0.39909E-01   0.68250E-01   0.54235E+01   0.36572E+01
  140     2.3312  10.9504  -0.52965E+00  -0.40790E-01   0.67368E-01   0.53948E+01   0.36725E+01
  141     2.3602  10.9871  -0.53677E+00  -0.41687E-01   0.66472E-01   0.53664E+01   0.36870E+01
  142     2.3894  11.0234  -0.54396E+00  -0.42603E-01   0.65555E-01   0.53385E+01   0.37007E+01
  143     2.4188  11.0592  -0.55121E+00  -0.43532E-01   0.64626E-01   0.53109E+01   0.37139E+01
  144     2.4486  11.0946  -0.55851E+00  -0.44475E-01   0.63683E-01   0.52837E+01   0.37268E+01
  145     2.4785  11.1296  -0.56587E+00  -0.45431E-01   0.62727E-01   0.52569E+01   0.37394E+01
  146     2.5088  11.1641  -0.57330E+00  -0.46402E-01   0.61756E-01   0.52303E+01   0.37507E+01
  147     2.5393  11.1982  -0.58078E+00  -0.47387E-01   0.60771E-01   0.52042E+01   0.37610E+01
  148     2.5701  11.2320  -0.58832E+00  -0.48387E-01   0.59772E-01   0.51785E+01   0.37722E+01
  149     2.6011  11.2653  -0.59593E+00  -0.49401E-01   0.58757E-01   0.51531E+01   0.37834E+01
  150     2.6324  11.2982  -0.60360E+00  -0.50430E-01   0.57728E-01   0.51280E+01   0.37931E+01
  151     2.6640  11.3306  -0.61132E+00  -0.51474E-01   0.56684E-01   0.51033E+01   0.38018E+01
  152     2.6958  11.3627  -0.61911E+00  -0.52532E-01   0.55627E-01   0.50790E+01   0.38105E+01
  153     2.7280  11.3944  -0.62695E+00  -0.53604E-01   0.54554E-01   0.50550E+01   0.38186E+01
  154     2.7604  11.4258  -0.63487E+00  -0.54693E-01   0.53465E-01   0.50314E+01   0.38261E+01
  155     2.7931  11.4567  -0.64283E+00  -0.55794E-01   0.52365E-01   0.50082E+01   0.38331E+01
  156     2.8260  11.4872  -0.65085E+00  -0.56909E-01   0.51249E-01   0.49853E+01   0.38395E+01
  157     2.8593  11.5174  -0.65895E+00  -0.58044E-01   0.50114E-01   0.49627E+01   0.38452E+01
  158     2.8929  11.5472  -0.66712E+00  -0.59196E-01   0.48962E-01   0.49405E+01   0.38503E+01
  159     2.9267  11.5766  -0.67534E+00  -0.60361E-01   0.47797E-01   0.49187E+01   0.38551E+01
  160     2.9608  11.6057  -0.68362E+00  -0.61539E-01   0.46620E-01   0.48972E+01   0.38591E+01
  161     2.9953  11.6344  -0.69197E+00  -0.62735E-01   0.45423E-01   0.48762E+01   0.38623E+01
  162     3.0300  11.6628  -0.70038E+00  -0.63948E-01   0.44210E-01   0.48554E+01   0.38652E+01
  163     3.0651  11.6908  -0.70886E+00  -0.65177E-01   0.42981E-01   0.48350E+01   0.38674E+01
  164     3.1004  11.7184  -0.71740E+00  -0.66422E-01   0.41737E-01   0.48149E+01   0.38688E+01
  165     3.1360  11.7458  -0.72600E+00  -0.67683E-01   0.40475E-01   0.47952E+01   0.38699E+01
  166     3.1720  11.7727  -0.73468E+00  -0.68962E-01   0.39197E-01   0.47759E+01   0.38701E+01
  167     3.2083  11.7994  -0.74342E+00  -0.70258E-01   0.37901E-01   0.47570E+01   0.38699E+01
  168     3.2449  11.8257  -0.75222E+00  -0.71569E-01   0.36589E-01   0.47383E+01   0.38691E+01
  169     3.2818  11.8517  -0.76109E+00  -0.72897E-01   0.35261E-01   0.47200E+01   0.38672E+01
  170     3.3190  11.8773  -0.77002E+00  -0.74242E-01   0.33916E-01   0.47020E+01   0.38646E+01
  171     3.3565  11.9026  -0.77902E+00  -0.75602E-01   0.32556E-01   0.46843E+01   0.38619E+01
  172     3.3944  11.9277  -0.78808E+00  -0.76981E-01   0.31177E-01   0.46670E+01   0.38586E+01
  173     3.4326  11.9524  -0.79723E+00  -0.78383E-01   0.29775E-01   0.46501E+01   0.38541E+01
  174     3.4712  11.9768  -0.80643E+00  -0.79798E-01   0.28361E-01   0.46335E+01   0.38490E+01
  175     3.5100  12.0009  -0.81570E+00  -0.81231E-01   0.26927E-01   0.46172E+01   0.38436E+01
  176     3.5492  12.0246  -0.82504E+00  -0.82683E-01   0.25476E-01   0.46012E+01   0.38380E+01
  177     3.5888  12.0481  -0.83444E+00  -0.84149E-01   0.24010E-01   0.45856E+01   0.38316E+01
  178     3.6287  12.0713  -0.84391E+00  -0.85634E-01   0.22524E-01   0.45703E+01   0.38246E+01
  179     3.6689  12.0942  -0.85346E+00  -0.87140E-01   0.21018E-01   0.45553E+01   0.38164E+01
  180     3.7095  12.1169  -0.86307E+00  -0.88665E-01   0.19493E-01   0.45406E+01   0.38075E+01
  181     3.7505  12.1392  -0.87275E+00  -0.90207E-01   0.17951E-01   0.45262E+01   0.37985E+01
  182     3.7918  12.1612  -0.88250E+00  -0.91769E-01   0.16389E-01   0.45122E+01   0.37886E+01
  183     3.8334  12.1830  -0.89233E+00  -0.93352E-01   0.14806E-01   0.44985E+01   0.37784E+01
  184     3.8754  12.2045  -0.90223E+00  -0.94954E-01   0.13205E-01   0.44851E+01   0.37679E+01
  185     3.9178  12.2257  -0.91220E+00  -0.96574E-01   0.11584E-01   0.44720E+01   0.37557E+01
  186     3.9606  12.2467  -0.92224E+00  -0.98213E-01   0.99448E-02   0.44592E+01   0.37435E+01
  187     4.0037  12.2674  -0.93234E+00  -0.99871E-01   0.82868E-02   0.44466E+01   0.37309E+01
  188     4.0472  12.2878  -0.94253E+00  -0.10155E+00   0.66068E-02   0.44344E+01   0.37173E+01
  189     4.0911  12.3080  -0.95278E+00  -0.10325E+00   0.49069E-02   0.44224E+01   0.37028E+01
  190     4.1353  12.3279  -0.96312E+00  -0.10497E+00   0.31859E-02   0.44108E+01   0.36881E+01
  191     4.1800  12.3476  -0.97352E+00  -0.10671E+00   0.14438E-02   0.43994E+01   0.36725E+01
  192     4.2250  12.3670  -0.98398E+00  -0.10847E+00  -0.31390E-03   0.43883E+01   0.36566E+01
  193     4.2705  12.3862  -0.99454E+00  -0.11026E+00  -0.20977E-02   0.43775E+01   0.36401E+01
  194     4.3163  12.4051  -0.10052E+01  -0.11206E+00  -0.39011E-02   0.43669E+01   0.36227E+01
  195     4.3625  12.4238  -0.10158E+01  -0.11388E+00  -0.57227E-02   0.43566E+01   0.36053E+01
  196     4.4091  12.4423  -0.10266E+01  -0.11573E+00  -0.75685E-02   0.43466E+01   0.35868E+01
  197     4.4561  12.4605  -0.10375E+01  -0.11759E+00  -0.94349E-02   0.43368E+01   0.35680E+01
  198     4.5036  12.4785  -0.10484E+01  -0.11948E+00  -0.11323E-01   0.43273E+01   0.35488E+01
  199     4.5514  12.4962  -0.10594E+01  -0.12139E+00  -0.13232E-01   0.43180E+01   0.35293E+01
  200     4.5997  12.5138  -0.10704E+01  -0.12332E+00  -0.15163E-01   0.43090E+01   0.35087E+01
  201     4.6484  12.5311  -0.10816E+01  -0.12528E+00  -0.17118E-01   0.43002E+01   0.34876E+01
  202     4.6975  12.5482  -0.10928E+01  -0.12725E+00  -0.19095E-01   0.42916E+01   0.34661E+01
  203     4.7470  12.5650  -0.11041E+01  -0.12925E+00  -0.21095E-01   0.42833E+01   0.34440E+01
  204     4.7970  12.5817  -0.11155E+01  -0.13128E+00  -0.23118E-01   0.42752E+01   0.34216E+01
  205     4.8474  12.5981  -0.11270E+01  -0.13333E+00  -0.25170E-01   0.42673E+01   0.33988E+01
  206     4.8982  12.6144  -0.11385E+01  -0.13540E+00  -0.27240E-01   0.42596E+01   0.33751E+01
  207     4.9495  12.6304  -0.11501E+01  -0.13749E+00  -0.29329E-01   0.42521E+01   0.33514E+01
  208     5.0012  12.6462  -0.11618E+01  -0.13960E+00  -0.31446E-01   0.42449E+01   0.33265E+01
  209     5.0534  12.6619  -0.11736E+01  -0.14174E+00  -0.33584E-01   0.42378E+01   0.33020E+01
  210     5.1060  12.6773  -0.11855E+01  -0.14391E+00  -0.35749E-01   0.42310E+01   0.32764E+01
  211     5.1591  12.6925  -0.11974E+01  -0.14610E+00  -0.37939E-01   0.42243E+01   0.32499E+01
  212     5.2126  12.7076  -0.12094E+01  -0.14831E+00  -0.40151E-01   0.42178E+01   0.32236E+01
  213     5.2667  12.7224  -0.12215E+01  -0.15055E+00  -0.42388E-01   0.42115E+01   0.31973E+01
  214     5.3211  12.7371  -0.12337E+01  -0.15281E+00  -0.44648E-01   0.42054E+01   0.31705E+01
  215     5.3761  12.7515  -0.12460E+01  -0.15510E+00  -0.46937E-01   0.41995E+01   0.31427E+01
  216     5.4315  12.7658  -0.12583E+01  -0.15741E+00  -0.49248E-01   0.41937E+01   0.31147E+01
  217     5.4874  12.7799  -0.12707E+01  -0.15974E+00  -0.51583E-01   0.41881E+01   0.30869E+01
  218     5.5438  12.7938  -0.12832E+01  -0.16210E+00  -0.53944E-01   0.41826E+01   0.30581E+01
  219     5.6007  12.8076  -0.12958E+01  -0.16449E+00  -0.56335E-01   0.41774E+01   0.30297E+01
  220     5.6581  12.8211  -0.13085E+01  -0.16691E+00  -0.58748E-01   0.41723E+01   0.29996E+01
  221     5.7160  12.8345  -0.13213E+01  -0.16934E+00  -0.61186E-01   0.41673E+01   0.29703E+01
  222     5.7744  12.8477  -0.13341E+01  -0.17181E+00  -0.63655E-01   0.41625E+01   0.29404E+01
  223     5.8333  12.8608  -0.13470E+01  -0.17431E+00  -0.66147E-01   0.41578E+01   0.29104E+01
  224     5.8927  12.8737  -0.13601E+01  -0.17683E+00  -0.68670E-01   0.41532E+01   0.28796E+01
  225     5.9526  12.8864  -0.13731E+01  -0.17937E+00  -0.71214E-01   0.41488E+01   0.28490E+01
  226     6.0131  12.8990  -0.13863E+01  -0.18194E+00  -0.73781E-01   0.41445E+01   0.28181E+01
  227     6.0740  12.9114  -0.13996E+01  -0.18454E+00  -0.76383E-01   0.41404E+01   0.27866E+01
  228     6.1355  12.9236  -0.14130E+01  -0.18717E+00  -0.79010E-01   0.41363E+01   0.27554E+01
  229     6.1976  12.9357  -0.14264E+01  -0.18982E+00  -0.81666E-01   0.41324E+01   0.27231E+01
  230     6.2602  12.9476  -0.14399E+01  -0.19251E+00  -0.84348E-01   0.41286E+01   0.26918E+01
  231     6.3233  12.9594  -0.14536E+01  -0.19521E+00  -0.87056E-01   0.41250E+01   0.26599E+01
  232     6.3869  12.9710  -0.14673E+01  -0.19795E+00  -0.89796E-01   0.41214E+01   0.26278E+01
  233     6.4512  12.9825  -0.14811E+01  -0.20072E+00  -0.92562E-01   0.41180E+01   0.25950E+01
  234     6.5159  12.9938  -0.14950E+01  -0.20352E+00  -0.95359E-01   0.41146E+01   0.25625E+01
  235     6.5813  13.0050  -0.15089E+01  -0.20634E+00  -0.98182E-01   0.41114E+01   0.25301E+01
  236     6.6472  13.0160  -0.15230E+01  -0.20919E+00  -0.10104E+00   0.41082E+01   0.24967E+01
  237     6.7137  13.0269  -0.15372E+01  -0.21208E+00  -0.10392E+00   0.41051E+01   0.24640E+01
  238     6.7807  13.0377  -0.15514E+01  -0.21499E+00  -0.10683E+00   0.41022E+01   0.24309E+01
  239     6.8484  13.0483  -0.15658E+01  -0.21792E+00  -0.10976E+00   0.40993E+01   0.23978E+01
  240     6.9166  13.0588  -0.15802E+01  -0.22089E+00  -0.11274E+00   0.40965E+01   0.23643E+01
  241     6.9854  13.0691  -0.15947E+01  -0.22389E+00  -0.11573E+00   0.40938E+01   0.23313E+01
  242     7.0549  13.0794  -0.16093E+01  -0.22692E+00  -0.11876E+00   0.40912E+01   0.22981E+01
  243     7.1249  13.0894  -0.16241E+01  -0.22998E+00  -0.12182E+00   0.40886E+01   0.22648E+01
  244     7.1955  13.0994  -0.16389E+01  -0.23307E+00  -0.12491E+00   0.40862E+01   0.22316E+01
  245     7.2668  13.1092  -0.16537E+01  -0.23618E+00  -0.12803E+00   0.40838E+01   0.21982E+01
  246     7.3387  13.1189  -0.16688E+01  -0.23934E+00  -0.13118E+00   0.40815E+01   0.21646E+01
  247     7.4112  13.1285  -0.16838E+01  -0.24252E+00  -0.13436E+00   0.40792E+01   0.21312E+01
  248     7.4843  13.1380  -0.16990E+01  -0.24573E+00  -0.13757E+00   0.40770E+01   0.20980E+01
  249     7.5580  13.1473  -0.17143E+01  -0.24897E+00  -0.14081E+00   0.40749E+01   0.20649E+01
  250     7.6324  13.1565  -0.17297E+01  -0.25225E+00  -0.14409E+00   0.40729E+01   0.20311E+01
  251     7.7075  13.1656  -0.17451E+01  -0.25555E+00  -0.14739E+00   0.40709E+01   0.19982E+01
  252     7.7832  13.1746  -0.17607E+01  -0.25889E+00  -0.15073E+00   0.40689E+01   0.19654E+01
  253     7.8596  13.1834  -0.17764E+01  -0.26226E+00  -0.15410E+00   0.40671E+01   0.19327E+01
  254     7.9366  13.1922  -0.17922E+01  -0.26565E+00  -0.15750E+00   0.40653E+01   0.18996E+01
  255     8.0143  13.2008  -0.18080E+01  -0.26908E+00  -0.16092E+00   0.40635E+01   0.18675E+01
  256     8.0926  13.2093  -0.18240E+01  -0.27255E+00  -0.16439E+00   0.40618E+01   0.18345E+01
  257     8.1717  13.2178  -0.18401E+01  -0.27605E+00  -0.16790E+00   0.40601E+01   0.18019E+01
  258     8.2514  13.2261  -0.18562E+01  -0.27958E+00  -0.17142E+00   0.40585E+01   0.17696E+01
  259     8.3319  13.2343  -0.18725E+01  -0.28315E+00  -0.17499E+00   0.40570E+01   0.17379E+01
  260     8.4130  13.2424  -0.18888E+01  -0.28674E+00  -0.17858E+00   0.40555E+01   0.17055E+01
  261     8.4948  13.2503  -0.19053E+01  -0.29037E+00  -0.18221E+00   0.40540E+01   0.16737E+01
  262     8.5774  13.2582  -0.19219E+01  -0.29403E+00  -0.18587E+00   0.40526E+01   0.16418E+01
  263     8.6606  13.2660  -0.19386E+01  -0.29773E+00  -0.18957E+00   0.40512E+01   0.16107E+01
  264     8.7446  13.2737  -0.19553E+01  -0.30145E+00  -0.19329E+00   0.40498E+01   0.15796E+01
  265     8.8293  13.2813  -0.19722E+01  -0.30522E+00  -0.19706E+00   0.40486E+01   0.15486E+01
  266     8.9148  13.2888  -0.19892E+01  -0.30901E+00  -0.20085E+00   0.40473E+01   0.15182E+01
  267     9.0010  13.2962  -0.20063E+01  -0.31285E+00  -0.20469E+00   0.40461E+01   0.14880E+01
  268     9.0879  13.3035  -0.20235E+01  -0.31672E+00  -0.20856E+00   0.40449E+01   0.14575E+01
  269     9.1756  13.3107  -0.20407E+01  -0.32062E+00  -0.21246E+00   0.40437E+01   0.14276E+01
  270     9.2641  13.3178  -0.20582E+01  -0.32456E+00  -0.21640E+00   0.40426E+01   0.13983E+01
  271     9.3534  13.3248  -0.20757E+01  -0.32854E+00  -0.22038E+00   0.40415E+01   0.13677E+01
  272     9.4434  13.3317  -0.20933E+01  -0.33253E+00  -0.22437E+00   0.40405E+01   0.13392E+01
  273     9.5342  13.3386  -0.21110E+01  -0.33658E+00  -0.22842E+00   0.40394E+01   0.13103E+01
  274     9.6257  13.3453  -0.21288E+01  -0.34065E+00  -0.23249E+00   0.40384E+01   0.12814E+01
  275     9.7181  13.3520  -0.21467E+01  -0.34476E+00  -0.23660E+00   0.40375E+01   0.12534E+01
  276     9.8113  13.3586  -0.21648E+01  -0.34891E+00  -0.24075E+00   0.40365E+01   0.12253E+01
  277     9.9053  13.3651  -0.21830E+01  -0.35310E+00  -0.24494E+00   0.40356E+01   0.11978E+01
  278    10.0001  13.3715  -0.22012E+01  -0.35732E+00  -0.24916E+00   0.40347E+01   0.11708E+01
  279    10.0957  13.3778  -0.22196E+01  -0.36158E+00  -0.25342E+00   0.40339E+01   0.11437E+01
  280    10.1922  13.3841  -0.22381E+01  -0.36587E+00  -0.25771E+00   0.40330E+01   0.11162E+01
  281    10.2895  13.3902  -0.22567E+01  -0.37020E+00  -0.26204E+00   0.40322E+01   0.10903E+01
  282    10.3877  13.3963  -0.22754E+01  -0.37458E+00  -0.26642E+00   0.40315E+01   0.10646E+01
  283    10.4867  13.4023  -0.22942E+01  -0.37897E+00  -0.27081E+00   0.40307E+01   0.10388E+01
  284    10.5865  13.4083  -0.23131E+01  -0.38340E+00  -0.27524E+00   0.40299E+01   0.10137E+01
  285    10.6873  13.4141  -0.23322E+01  -0.38789E+00  -0.27973E+00   0.40292E+01   0.98860E+00
  286    10.7889  13.4199  -0.23514E+01  -0.39241E+00  -0.28425E+00   0.40285E+01   0.96393E+00
  287    10.8914  13.4256  -0.23706E+01  -0.39697E+00  -0.28881E+00   0.40278E+01   0.94020E+00
  288    10.9947  13.4312  -0.23901E+01  -0.40157E+00  -0.29341E+00   0.40272E+01   0.91586E+00
  289    11.0990  13.4368  -0.24096E+01  -0.40620E+00  -0.29804E+00   0.40265E+01   0.89239E+00
  290    11.2042  13.4423  -0.24292E+01  -0.41086E+00  -0.30270E+00   0.40259E+01   0.86936E+00
  291    11.3103  13.4477  -0.24489E+01  -0.41557E+00  -0.30742E+00   0.40253E+01   0.84627E+00
  292    11.4173  13.4530  -0.24688E+01  -0.42032E+00  -0.31216E+00   0.40247E+01   0.82391E+00
  293    11.5253  13.4583  -0.24888E+01  -0.42511E+00  -0.31695E+00   0.40241E+01   0.80205E+00
  294    11.6342  13.4635  -0.25088E+01  -0.42993E+00  -0.32178E+00   0.40236E+01   0.78014E+00
  295    11.7440  13.4687  -0.25291E+01  -0.43480E+00  -0.32665E+00   0.40230E+01   0.75904E+00
  296    11.8548  13.4738  -0.25494E+01  -0.43971E+00  -0.33155E+00   0.40225E+01   0.73834E+00
  297    11.9666  13.4788  -0.25699E+01  -0.44466E+00  -0.33651E+00   0.40220E+01   0.71758E+00
  298    12.0793  13.4837  -0.25904E+01  -0.44964E+00  -0.34148E+00   0.40215E+01   0.69736E+00
  299    12.1930  13.4886  -0.26112E+01  -0.45468E+00  -0.34652E+00   0.40210E+01   0.67767E+00
  300    12.3077  13.4934  -0.26320E+01  -0.45974E+00  -0.35158E+00   0.40205E+01   0.65786E+00
  301    12.4234  13.4982  -0.26529E+01  -0.46484E+00  -0.35668E+00   0.40200E+01   0.63905E+00
  302    12.5401  13.5029  -0.26740E+01  -0.47000E+00  -0.36184E+00   0.40196E+01   0.62016E+00
  303    12.6578  13.5075  -0.26952E+01  -0.47518E+00  -0.36703E+00   0.40191E+01   0.60194E+00
  304    12.7766  13.5121  -0.27165E+01  -0.48041E+00  -0.37225E+00   0.40187E+01   0.58422E+00
  305    12.8963  13.5166  -0.27379E+01  -0.48569E+00  -0.37753E+00   0.40183E+01   0.56641E+00
  306    13.0172  13.5211  -0.27595E+01  -0.49099E+00  -0.38283E+00   0.40179E+01   0.54955E+00
  307    13.1390  13.5255  -0.27812E+01  -0.49636E+00  -0.38820E+00   0.40175E+01   0.53236E+00
  308    13.2619  13.5298  -0.28030E+01  -0.50176E+00  -0.39360E+00   0.40171E+01   0.51583E+00
  309    13.3859  13.5341  -0.28249E+01  -0.50720E+00  -0.39904E+00   0.40168E+01   0.49991E+00
  310    13.5110  13.5383  -0.28470E+01  -0.51268E+00  -0.40452E+00   0.40164E+01   0.48397E+00
  311    13.6372  13.5425  -0.28692E+01  -0.51820E+00  -0.41004E+00   0.40160E+01   0.46865E+00
  312    13.7644  13.5466  -0.28915E+01  -0.52377E+00  -0.41561E+00   0.40157E+01   0.45351E+00
  313    13.8928  13.5507  -0.29140E+01  -0.52938E+00  -0.42122E+00   0.40154E+01   0.43899E+00
  314    14.0223  13.5547  -0.29366E+01  -0.53503E+00  -0.42687E+00   0.40150E+01   0.42462E+00
  315    14.1529  13.5587  -0.29593E+01  -0.54075E+00  -0.43259E+00   0.40147E+01   0.41044E+00
  316    14.2846  13.5626  -0.29822E+01  -0.54649E+00  -0.43833E+00   0.40144E+01   0.39693E+00
  317    14.4175  13.5665  -0.30052E+01  -0.55227E+00  -0.44411E+00   0.40141E+01   0.38335E+00
  318    14.5515  13.5703  -0.30283E+01  -0.55810E+00  -0.44994E+00   0.40138E+01   0.37076E+00
  319    14.6867  13.5741  -0.30515E+01  -0.56397E+00  -0.45582E+00   0.40135E+01   0.35800E+00
  320    14.8231  13.5778  -0.30749E+01  -0.56989E+00  -0.46174E+00   0.40132E+01   0.34555E+00
  321    14.9607  13.5815  -0.30986E+01  -0.57590E+00  -0.46775E+00   0.40130E+01   0.33336E+00
  322    15.0994  13.5851  -0.31221E+01  -0.58187E+00  -0.47371E+00   0.40127E+01   0.32177E+00
  323    15.2394  13.5887  -0.31459E+01  -0.58792E+00  -0.47977E+00   0.40124E+01   0.31040E+00
  324    15.3806  13.5922  -0.31698E+01  -0.59403E+00  -0.48587E+00   0.40122E+01   0.29892E+00
  325    15.5230  13.5957  -0.31939E+01  -0.60017E+00  -0.49201E+00   0.40119E+01   0.28849E+00
  326    15.6666  13.5991  -0.32181E+01  -0.60636E+00  -0.49820E+00   0.40117E+01   0.27795E+00
  327    15.8115  13.6025  -0.32424E+01  -0.61260E+00  -0.50445E+00   0.40115E+01   0.26760E+00
  328    15.9577  13.6059  -0.32669E+01  -0.61889E+00  -0.51073E+00   0.40112E+01   0.25822E+00
  329    16.1051  13.6092  -0.32915E+01  -0.62522E+00  -0.51706E+00   0.40110E+01   0.24832E+00
  330    16.2538  13.6124  -0.33163E+01  -0.63161E+00  -0.52345E+00   0.40108E+01   0.23895E+00
  331    16.4038  13.6157  -0.33414E+01  -0.63810E+00  -0.52994E+00   0.40106E+01   0.22972E+00
  332    16.5551  13.6188  -0.33663E+01  -0.64450E+00  -0.53634E+00   0.40104E+01   0.22098E+00
  333    16.7078  13.6220  -0.33915E+01  -0.65102E+00  -0.54286E+00   0.40102E+01   0.21248E+00
  334    16.8617  13.6251  -0.34168E+01  -0.65759E+00  -0.54943E+00   0.40100E+01   0.20428E+00
  335    17.0170  13.6281  -0.34422E+01  -0.66419E+00  -0.55603E+00   0.40098E+01   0.19630E+00
  336    17.1736  13.6312  -0.34680E+01  -0.67088E+00  -0.56272E+00   0.40096E+01   0.18849E+00
  337    17.3316  13.6342  -0.34937E+01  -0.67758E+00  -0.56942E+00   0.40094E+01   0.18101E+00
  338    17.4910  13.6371  -0.35196E+01  -0.68435E+00  -0.57619E+00   0.40092E+01   0.17364E+00
  339    17.6518  13.6400  -0.35457E+01  -0.69116E+00  -0.58300E+00   0.40091E+01   0.16655E+00
  340    17.8139  13.6429  -0.35719E+01  -0.69801E+00  -0.58985E+00   0.40089E+01   0.15983E+00
  341    17.9775  13.6457  -0.35982E+01  -0.70492E+00  -0.59676E+00   0.40087E+01   0.15328E+00
  342    18.1425  13.6485  -0.36247E+01  -0.71187E+00  -0.60371E+00   0.40086E+01   0.14695E+00
  343    18.3089  13.6513  -0.36514E+01  -0.71890E+00  -0.61075E+00   0.40084E+01   0.14074E+00
  344    18.4768  13.6540  -0.36782E+01  -0.72596E+00  -0.61780E+00   0.40083E+01   0.13484E+00
  345    18.6461  13.6567  -0.37052E+01  -0.73306E+00  -0.62490E+00   0.40081E+01   0.12902E+00
  346    18.8169  13.6593  -0.37323E+01  -0.74022E+00  -0.63206E+00   0.40080E+01   0.12353E+00
  347    18.9892  13.6619  -0.37595E+01  -0.74743E+00  -0.63927E+00   0.40078E+01   0.11820E+00
  348    19.1630  13.6645  -0.37869E+01  -0.75468E+00  -0.64653E+00   0.40077E+01   0.11306E+00
  349    19.3383  13.6671  -0.38145E+01  -0.76200E+00  -0.65384E+00   0.40075E+01   0.10807E+00
  350    19.5151  13.6696  -0.38423E+01  -0.76937E+00  -0.66121E+00   0.40074E+01   0.10328E+00
  351    19.6934  13.6721  -0.38701E+01  -0.77678E+00  -0.66862E+00   0.40073E+01   0.98672E-01
  352    19.8734  13.6745  -0.38982E+01  -0.78425E+00  -0.67609E+00   0.40071E+01   0.94232E-01
  353    20.0548  13.6770  -0.39264E+01  -0.79177E+00  -0.68361E+00   0.40070E+01   0.89990E-01
  354    20.2379  13.6794  -0.39548E+01  -0.79937E+00  -0.69121E+00   0.40069E+01   0.85870E-01
  355    20.4225  13.6817  -0.39832E+01  -0.80697E+00  -0.69881E+00   0.40068E+01   0.81898E-01
  356    20.6088  13.6840  -0.40119E+01  -0.81466E+00  -0.70650E+00   0.40067E+01   0.78064E-01
  357    20.7966  13.6863  -0.40407E+01  -0.82238E+00  -0.71422E+00   0.40066E+01   0.74452E-01
  358    20.9861  13.6886  -0.40697E+01  -0.83024E+00  -0.72208E+00   0.40000E+01   0.70961E-01
  359    21.1773  13.6909  -0.40989E+01  -0.83808E+00  -0.72992E+00   0.40000E+01   0.67567E-01
  360    21.3701  13.6931  -0.41282E+01  -0.84596E+00  -0.73780E+00   0.40000E+01   0.64341E-01
  361    21.5646  13.6953  -0.41576E+01  -0.85389E+00  -0.74574E+00   0.40000E+01   0.61248E-01
  362    21.7607  13.6974  -0.41872E+01  -0.86189E+00  -0.75373E+00   0.40000E+01   0.58275E-01
  363    21.9586  13.6995  -0.42171E+01  -0.86995E+00  -0.76179E+00   0.40000E+01   0.55435E-01
  364    22.1582  13.7016  -0.42470E+01  -0.87805E+00  -0.76990E+00   0.40000E+01   0.52707E-01
  365    22.3596  13.7037  -0.42771E+01  -0.88622E+00  -0.77806E+00   0.40000E+01   0.50078E-01
  366    22.5626  13.7058  -0.43074E+01  -0.89443E+00  -0.78627E+00   0.40000E+01   0.47563E-01
  367    22.7675  13.7078  -0.43379E+01  -0.90271E+00  -0.79455E+00   0.40000E+01   0.45180E-01
  368    22.9741  13.7098  -0.43685E+01  -0.91103E+00  -0.80287E+00   0.40000E+01   0.42902E-01
  369    23.1825  13.7117  -0.43993E+01  -0.91942E+00  -0.81126E+00   0.40000E+01   0.40677E-01
  370    23.3928  13.7137  -0.44302E+01  -0.92785E+00  -0.81969E+00   0.40000E+01   0.38589E-01
  371    23.6049  13.7156  -0.44613E+01  -0.93634E+00  -0.82819E+00   0.40000E+01   0.36603E-01
  372    23.8188  13.7175  -0.44926E+01  -0.94489E+00  -0.83673E+00   0.40000E+01   0.34698E-01
  373    24.0345  13.7194  -0.45241E+01  -0.95350E+00  -0.84534E+00   0.40000E+01   0.32856E-01
  374    24.2522  13.7212  -0.45557E+01  -0.96217E+00  -0.85401E+00   0.40000E+01   0.31119E-01
  375    24.4717  13.7230  -0.45875E+01  -0.97089E+00  -0.86273E+00   0.40000E+01   0.29463E-01
  376    24.6932  13.7248  -0.46195E+01  -0.97967E+00  -0.87151E+00   0.40000E+01   0.27868E-01
  377    24.9166  13.7266  -0.46516E+01  -0.98850E+00  -0.88034E+00   0.40000E+01   0.26365E-01
  378    25.1419  13.7284  -0.46840E+01  -0.99740E+00  -0.88924E+00   0.40000E+01   0.24940E-01
  379    25.3691  13.7301  -0.47165E+01  -0.10063E+01  -0.89819E+00   0.40000E+01   0.23573E-01
  380    25.5984  13.7318  -0.47492E+01  -0.10154E+01  -0.90724E+00   0.40000E+01   0.22236E-01
  381    25.8296  13.7335  -0.47820E+01  -0.10244E+01  -0.91627E+00   0.40000E+01   0.21029E-01
  382    26.0629  13.7351  -0.48149E+01  -0.10335E+01  -0.92536E+00   0.40000E+01   0.19842E-01
  383    26.2982  13.7368  -0.48482E+01  -0.10428E+01  -0.93460E+00   0.40000E+01   0.18717E-01
  384    26.5355  13.7384  -0.48816E+01  -0.10520E+01  -0.94383E+00   0.40000E+01   0.17672E-01
  385    26.7749  13.7400  -0.49151E+01  -0.10613E+01  -0.95314E+00   0.40000E+01   0.16635E-01
  386    27.0164  13.7416  -0.49489E+01  -0.10707E+01  -0.96250E+00   0.40000E+01   0.15708E-01
  387    27.2599  13.7431  -0.49828E+01  -0.10801E+01  -0.97193E+00   0.40000E+01   0.14776E-01
  388    27.5056  13.7447  -0.50171E+01  -0.10896E+01  -0.98149E+00   0.40000E+01   0.13899E-01
  389    27.7534  13.7462  -0.50512E+01  -0.10991E+01  -0.99097E+00   0.40000E+01   0.13086E-01
  390    28.0034  13.7477  -0.50856E+01  -0.11087E+01  -0.10006E+01   0.40000E+01   0.12286E-01
  391    28.2556  13.7492  -0.51203E+01  -0.11184E+01  -0.10102E+01   0.40000E+01   0.11576E-01
  392    28.5099  13.7506  -0.51551E+01  -0.11281E+01  -0.10200E+01   0.40000E+01   0.10877E-01
  393    28.7665  13.7521  -0.51900E+01  -0.11379E+01  -0.10297E+01   0.40000E+01   0.10224E-01
  394    29.0253  13.7535  -0.52252E+01  -0.11477E+01  -0.10396E+01   0.40000E+01   0.96043E-02
  395    29.2863  13.7549  -0.52606E+01  -0.11576E+01  -0.10495E+01   0.40000E+01   0.90086E-02
  396    29.5496  13.7563  -0.52962E+01  -0.11676E+01  -0.10595E+01   0.40000E+01   0.84624E-02
  397    29.8152  13.7577  -0.53318E+01  -0.11776E+01  -0.10695E+01   0.40000E+01   0.79262E-02
  398    30.0831  13.7590  -0.53678E+01  -0.11878E+01  -0.10796E+01   0.40000E+01   0.74303E-02
  399    30.3534  13.7604  -0.54038E+01  -0.11979E+01  -0.10897E+01   0.40000E+01   0.69620E-02
  400    30.6259  13.7617  -0.54401E+01  -0.12081E+01  -0.10999E+01   0.40000E+01   0.65045E-02
