    1     0.0001   0.0014  -0.15259E-04  -0.67304E-06   0.10900E+00   0.13136E+02   0.63619E+00
    2     0.0088   0.1221  -0.11031E-02   0.63161E-05   0.10900E+00   0.13054E+02   0.54025E+00
    3     0.0176   0.2423  -0.23219E-02  -0.11442E-04   0.10898E+00   0.12974E+02   0.57212E+00
    4     0.0264   0.3621  -0.36044E-02  -0.37070E-04   0.10896E+00   0.12894E+02   0.59383E+00
    5     0.0353   0.4814  -0.49547E-02  -0.71606E-04   0.10892E+00   0.12815E+02   0.61528E+00
    6     0.0443   0.6003  -0.63506E-02  -0.10962E-03   0.10889E+00   0.12737E+02   0.63389E+00
    7     0.0534   0.7188  -0.77842E-02  -0.14947E-03   0.10885E+00   0.12658E+02   0.65078E+00
    8     0.0626   0.8368  -0.92485E-02  -0.18924E-03   0.10881E+00   0.12581E+02   0.66705E+00
    9     0.0718   0.9543  -0.10735E-01  -0.22690E-03   0.10877E+00   0.12503E+02   0.68316E+00
   10     0.0811   1.0713  -0.12238E-01  -0.26129E-03   0.10874E+00   0.12425E+02   0.69875E+00
   11     0.0905   1.1879  -0.13756E-01  -0.29181E-03   0.10870E+00   0.12348E+02   0.71429E+00
   12     0.1000   1.3039  -0.15291E-01  -0.31903E-03   0.10868E+00   0.12271E+02   0.72943E+00
   13     0.1096   1.4195  -0.16846E-01  -0.34403E-03   0.10865E+00   0.12194E+02   0.74470E+00
   14     0.1192   1.5346  -0.18434E-01  -0.36976E-03   0.10863E+00   0.12117E+02   0.76039E+00
   15     0.1290   1.6491  -0.20037E-01  -0.39186E-03   0.10860E+00   0.12041E+02   0.77535E+00
   16     0.1388   1.7632  -0.21670E-01  -0.41422E-03   0.10858E+00   0.11965E+02   0.79065E+00
   17     0.1487   1.8767  -0.23338E-01  -0.43806E-03   0.10856E+00   0.11889E+02   0.80569E+00
   18     0.1587   1.9897  -0.25041E-01  -0.46353E-03   0.10853E+00   0.11814E+02   0.82104E+00
   19     0.1687   2.1021  -0.26780E-01  -0.49121E-03   0.10851E+00   0.11739E+02   0.83639E+00
   20     0.1789   2.2140  -0.28552E-01  -0.52008E-03   0.10848E+00   0.11664E+02   0.85166E+00
   21     0.1891   2.3254  -0.30358E-01  -0.55074E-03   0.10845E+00   0.11590E+02   0.86726E+00
   22     0.1995   2.4362  -0.32196E-01  -0.58228E-03   0.10841E+00   0.11516E+02   0.88279E+00
   23     0.2099   2.5465  -0.34064E-01  -0.61453E-03   0.10838E+00   0.11442E+02   0.89846E+00
   24     0.2204   2.6562  -0.35960E-01  -0.64698E-03   0.10835E+00   0.11369E+02   0.91419E+00
   25     0.2310   2.7653  -0.37885E-01  -0.68027E-03   0.10832E+00   0.11295E+02   0.93004E+00
   26     0.2417   2.8738  -0.39840E-01  -0.71442E-03   0.10828E+00   0.11223E+02   0.94604E+00
   27     0.2525   2.9818  -0.41826E-01  -0.74966E-03   0.10825E+00   0.11150E+02   0.96201E+00
   28     0.2634   3.0892  -0.43842E-01  -0.78622E-03   0.10821E+00   0.11078E+02   0.97828E+00
   29     0.2744   3.1959  -0.45891E-01  -0.82424E-03   0.10817E+00   0.11006E+02   0.99485E+00
   30     0.2855   3.3021  -0.47972E-01  -0.86374E-03   0.10813E+00   0.10935E+02   0.10117E+01
   31     0.2967   3.4077  -0.50085E-01  -0.90509E-03   0.10809E+00   0.10864E+02   0.10289E+01
   32     0.3079   3.5127  -0.52232E-01  -0.94849E-03   0.10805E+00   0.10793E+02   0.10466E+01
   33     0.3193   3.6170  -0.54399E-01  -0.99109E-03   0.10801E+00   0.10722E+02   0.10646E+01
   34     0.3308   3.7207  -0.56610E-01  -0.10387E-02   0.10796E+00   0.10652E+02   0.10826E+01
   35     0.3423   3.8238  -0.58855E-01  -0.10883E-02   0.10791E+00   0.10582E+02   0.11003E+01
   36     0.3540   3.9263  -0.61132E-01  -0.11401E-02   0.10786E+00   0.10513E+02   0.11180E+01
   37     0.3658   4.0281  -0.63444E-01  -0.11946E-02   0.10780E+00   0.10444E+02   0.11353E+01
   38     0.3777   4.1293  -0.65789E-01  -0.12516E-02   0.10774E+00   0.10375E+02   0.11524E+01
   39     0.3896   4.2299  -0.68170E-01  -0.13118E-02   0.10768E+00   0.10307E+02   0.11694E+01
   40     0.4017   4.3298  -0.70586E-01  -0.13750E-02   0.10762E+00   0.10239E+02   0.11867E+01
   41     0.4139   4.4291  -0.73038E-01  -0.14416E-02   0.10755E+00   0.10171E+02   0.12045E+01
   42     0.4262   4.5276  -0.75525E-01  -0.15108E-02   0.10749E+00   0.10104E+02   0.12228E+01
   43     0.4386   4.6256  -0.78047E-01  -0.15831E-02   0.10741E+00   0.10037E+02   0.12414E+01
   44     0.4511   4.7229  -0.80603E-01  -0.16586E-02   0.10734E+00   0.99706E+01   0.12604E+01
   45     0.4637   4.8195  -0.83193E-01  -0.17371E-02   0.10726E+00   0.99044E+01   0.12797E+01
   46     0.4764   4.9154  -0.85818E-01  -0.18187E-02   0.10718E+00   0.98386E+01   0.12989E+01
   47     0.4893   5.0106  -0.88479E-01  -0.19038E-02   0.10709E+00   0.97732E+01   0.13182E+01
   48     0.5022   5.1052  -0.91176E-01  -0.19926E-02   0.10700E+00   0.97082E+01   0.13376E+01
   49     0.5153   5.1991  -0.93910E-01  -0.20852E-02   0.10691E+00   0.96435E+01   0.13570E+01
   50     0.5285   5.2923  -0.96682E-01  -0.21823E-02   0.10681E+00   0.95793E+01   0.13768E+01
   51     0.5417   5.3849  -0.99491E-01  -0.22834E-02   0.10671E+00   0.95154E+01   0.13966E+01
   52     0.5552   5.4767  -0.10234E+00  -0.23885E-02   0.10661E+00   0.94519E+01   0.14166E+01
   53     0.5687   5.5679  -0.10522E+00  -0.24974E-02   0.10650E+00   0.93888E+01   0.14370E+01
   54     0.5823   5.6583  -0.10814E+00  -0.26107E-02   0.10639E+00   0.93261E+01   0.14573E+01
   55     0.5961   5.7481  -0.11110E+00  -0.27285E-02   0.10627E+00   0.92638E+01   0.14779E+01
   56     0.6099   5.8371  -0.11410E+00  -0.28510E-02   0.10615E+00   0.92018E+01   0.14987E+01
   57     0.6239   5.9255  -0.11713E+00  -0.29786E-02   0.10602E+00   0.91403E+01   0.15195E+01
   58     0.6381   6.0132  -0.12021E+00  -0.31112E-02   0.10589E+00   0.90792E+01   0.15406E+01
   59     0.6523   6.1001  -0.12333E+00  -0.32489E-02   0.10575E+00   0.90184E+01   0.15618E+01
   60     0.6667   6.1864  -0.12648E+00  -0.33913E-02   0.10561E+00   0.89581E+01   0.15830E+01
   61     0.6812   6.2719  -0.12967E+00  -0.35387E-02   0.10546E+00   0.88981E+01   0.16043E+01
   62     0.6958   6.3568  -0.13291E+00  -0.36909E-02   0.10531E+00   0.88386E+01   0.16257E+01
   63     0.7105   6.4409  -0.13618E+00  -0.38486E-02   0.10515E+00   0.87794E+01   0.16474E+01
   64     0.7254   6.5244  -0.13949E+00  -0.40113E-02   0.10499E+00   0.87207E+01   0.16690E+01
   65     0.7404   6.6071  -0.14284E+00  -0.41799E-02   0.10482E+00   0.86623E+01   0.16909E+01
   66     0.7555   6.6891  -0.14624E+00  -0.43536E-02   0.10464E+00   0.86044E+01   0.17129E+01
   67     0.7708   6.7704  -0.14967E+00  -0.45332E-02   0.10446E+00   0.85468E+01   0.17351E+01
   68     0.7862   6.8511  -0.15315E+00  -0.47187E-02   0.10428E+00   0.84897E+01   0.17574E+01
   69     0.8017   6.9310  -0.15666E+00  -0.49101E-02   0.10409E+00   0.84330E+01   0.17797E+01
   70     0.8174   7.0102  -0.16022E+00  -0.51074E-02   0.10389E+00   0.83766E+01   0.18022E+01
   71     0.8332   7.0886  -0.16382E+00  -0.53105E-02   0.10369E+00   0.83207E+01   0.18249E+01
   72     0.8491   7.1664  -0.16746E+00  -0.55201E-02   0.10348E+00   0.82651E+01   0.18475E+01
   73     0.8652   7.2435  -0.17114E+00  -0.57361E-02   0.10326E+00   0.82100E+01   0.18703E+01
   74     0.8814   7.3199  -0.17486E+00  -0.59586E-02   0.10304E+00   0.81553E+01   0.18931E+01
   75     0.8977   7.3956  -0.17863E+00  -0.61878E-02   0.10281E+00   0.81010E+01   0.19159E+01
   76     0.9142   7.4705  -0.18245E+00  -0.64243E-02   0.10257E+00   0.80471E+01   0.19389E+01
   77     0.9309   7.5448  -0.18631E+00  -0.66676E-02   0.10233E+00   0.79936E+01   0.19619E+01
   78     0.9477   7.6184  -0.19021E+00  -0.69168E-02   0.10208E+00   0.79406E+01   0.19852E+01
   79     0.9646   7.6913  -0.19415E+00  -0.71729E-02   0.10182E+00   0.78880E+01   0.20084E+01
   80     0.9817   7.7635  -0.19813E+00  -0.74353E-02   0.10156E+00   0.78357E+01   0.20316E+01
   81     0.9989   7.8350  -0.20216E+00  -0.77045E-02   0.10129E+00   0.77838E+01   0.20550E+01
   82     1.0163   7.9058  -0.20623E+00  -0.79806E-02   0.10102E+00   0.77324E+01   0.20784E+01
   83     1.0338   7.9759  -0.21034E+00  -0.82649E-02   0.10073E+00   0.76813E+01   0.21017E+01
   84     1.0515   8.0453  -0.21451E+00  -0.85571E-02   0.10044E+00   0.76306E+01   0.21252E+01
   85     1.0693   8.1141  -0.21871E+00  -0.88567E-02   0.10014E+00   0.75804E+01   0.21487E+01
   86     1.0873   8.1821  -0.22297E+00  -0.91641E-02   0.99832E-01   0.75306E+01   0.21722E+01
   87     1.1055   8.2495  -0.22726E+00  -0.94795E-02   0.99517E-01   0.74811E+01   0.21958E+01
   88     1.1238   8.3162  -0.23161E+00  -0.98021E-02   0.99194E-01   0.74321E+01   0.22193E+01
   89     1.1423   8.3823  -0.23599E+00  -0.10132E-01   0.98864E-01   0.73835E+01   0.22429E+01
   90     1.1609   8.4477  -0.24043E+00  -0.10471E-01   0.98526E-01   0.73353E+01   0.22665E+01
   91     1.1797   8.5124  -0.24490E+00  -0.10816E-01   0.98180E-01   0.72875E+01   0.22900E+01
   92     1.1986   8.5764  -0.24943E+00  -0.11170E-01   0.97826E-01   0.72401E+01   0.23134E+01
   93     1.2177   8.6398  -0.25400E+00  -0.11533E-01   0.97463E-01   0.71931E+01   0.23368E+01
   94     1.2370   8.7025  -0.25863E+00  -0.11907E-01   0.97089E-01   0.71465E+01   0.23604E+01
   95     1.2565   8.7646  -0.26330E+00  -0.12289E-01   0.96707E-01   0.71003E+01   0.23841E+01
   96     1.2761   8.8260  -0.26801E+00  -0.12677E-01   0.96319E-01   0.70545E+01   0.24075E+01
   97     1.2959   8.8868  -0.27277E+00  -0.13073E-01   0.95923E-01   0.70091E+01   0.24310E+01
   98     1.3158   8.9469  -0.27757E+00  -0.13478E-01   0.95518E-01   0.69641E+01   0.24543E+01
   99     1.3360   9.0065  -0.28243E+00  -0.13894E-01   0.95103E-01   0.69195E+01   0.24775E+01
  100     1.3563   9.0653  -0.28734E+00  -0.14319E-01   0.94678E-01   0.68753E+01   0.25007E+01
  101     1.3767   9.1236  -0.29229E+00  -0.14752E-01   0.94245E-01   0.68315E+01   0.25239E+01
  102     1.3974   9.1812  -0.29729E+00  -0.15194E-01   0.93803E-01   0.67880E+01   0.25469E+01
  103     1.4183   9.2382  -0.30234E+00  -0.15646E-01   0.93350E-01   0.67450E+01   0.25700E+01
  104     1.4393   9.2945  -0.30744E+00  -0.16108E-01   0.92888E-01   0.67024E+01   0.25930E+01
  105     1.4605   9.3503  -0.31259E+00  -0.16580E-01   0.92417E-01   0.66601E+01   0.26158E+01
  106     1.4819   9.4054  -0.31778E+00  -0.17060E-01   0.91937E-01   0.66182E+01   0.26383E+01
  107     1.5035   9.4600  -0.32303E+00  -0.17550E-01   0.91446E-01   0.65767E+01   0.26607E+01
  108     1.5252   9.5139  -0.32833E+00  -0.18051E-01   0.90945E-01   0.65357E+01   0.26831E+01
  109     1.5472   9.5673  -0.33368E+00  -0.18563E-01   0.90433E-01   0.64950E+01   0.27055E+01
  110     1.5693   9.6200  -0.33907E+00  -0.19083E-01   0.89913E-01   0.64547E+01   0.27277E+01
  111     1.5917   9.6722  -0.34452E+00  -0.19613E-01   0.89383E-01   0.64148E+01   0.27496E+01
  112     1.6142   9.7238  -0.35002E+00  -0.20155E-01   0.88842E-01   0.63753E+01   0.27713E+01
  113     1.6369   9.7748  -0.35557E+00  -0.20707E-01   0.88290E-01   0.63362E+01   0.27930E+01
  114     1.6598   9.8252  -0.36117E+00  -0.21269E-01   0.87727E-01   0.62974E+01   0.28145E+01
  115     1.6830   9.8751  -0.36683E+00  -0.21842E-01   0.87154E-01   0.62590E+01   0.28357E+01
  116     1.7063   9.9244  -0.37253E+00  -0.22427E-01   0.86569E-01   0.62210E+01   0.28567E+01
  117     1.7298   9.9731  -0.37829E+00  -0.23023E-01   0.85973E-01   0.61834E+01   0.28774E+01
  118     1.7536  10.0213  -0.38410E+00  -0.23629E-01   0.85367E-01   0.61461E+01   0.28979E+01
  119     1.7775  10.0689  -0.38996E+00  -0.24245E-01   0.84751E-01   0.61092E+01   0.29185E+01
  120     1.8016  10.1160  -0.39587E+00  -0.24874E-01   0.84123E-01   0.60727E+01   0.29390E+01
  121     1.8260  10.1626  -0.40184E+00  -0.25514E-01   0.83483E-01   0.60366E+01   0.29592E+01
  122     1.8506  10.2086  -0.40787E+00  -0.26165E-01   0.82831E-01   0.60009E+01   0.29785E+01
  123     1.8753  10.2541  -0.41394E+00  -0.26827E-01   0.82169E-01   0.59656E+01   0.29976E+01
  124     1.9003  10.2990  -0.42006E+00  -0.27500E-01   0.81496E-01   0.59306E+01   0.30166E+01
  125     1.9256  10.3434  -0.42624E+00  -0.28186E-01   0.80811E-01   0.58959E+01   0.30356E+01
  126     1.9510  10.3873  -0.43248E+00  -0.28884E-01   0.80112E-01   0.58617E+01   0.30540E+01
  127     1.9766  10.4307  -0.43877E+00  -0.29593E-01   0.79403E-01   0.58279E+01   0.30723E+01
  128     2.0025  10.4736  -0.44511E+00  -0.30313E-01   0.78683E-01   0.57944E+01   0.30903E+01
  129     2.0286  10.5160  -0.45150E+00  -0.31044E-01   0.77952E-01   0.57613E+01   0.31079E+01
  130     2.0550  10.5579  -0.45795E+00  -0.31791E-01   0.77206E-01   0.57285E+01   0.31253E+01
  131     2.0815  10.5993  -0.46448E+00  -0.32555E-01   0.76442E-01   0.56962E+01   0.31421E+01
  132     2.1083  10.6402  -0.47106E+00  -0.33331E-01   0.75666E-01   0.56643E+01   0.31586E+01
  133     2.1353  10.6806  -0.47767E+00  -0.34110E-01   0.74886E-01   0.56326E+01   0.31752E+01
  134     2.1626  10.7205  -0.48432E+00  -0.34899E-01   0.74097E-01   0.56013E+01   0.31913E+01
  135     2.1901  10.7600  -0.49105E+00  -0.35708E-01   0.73288E-01   0.55704E+01   0.32070E+01
  136     2.2178  10.7990  -0.49785E+00  -0.36531E-01   0.72465E-01   0.55399E+01   0.32220E+01
  137     2.2458  10.8375  -0.50469E+00  -0.37366E-01   0.71631E-01   0.55097E+01   0.32368E+01
  138     2.2740  10.8756  -0.51159E+00  -0.38213E-01   0.70783E-01   0.54800E+01   0.32516E+01
  139     2.3025  10.9132  -0.51855E+00  -0.39074E-01   0.69922E-01   0.54505E+01   0.32655E+01
  140     2.3312  10.9504  -0.52557E+00  -0.39949E-01   0.69048E-01   0.54214E+01   0.32785E+01
  141     2.3602  10.9871  -0.53265E+00  -0.40836E-01   0.68160E-01   0.53928E+01   0.32912E+01
  142     2.3894  11.0234  -0.53978E+00  -0.41738E-01   0.67259E-01   0.53645E+01   0.33046E+01
  143     2.4188  11.0592  -0.54697E+00  -0.42653E-01   0.66343E-01   0.53366E+01   0.33176E+01
  144     2.4486  11.0946  -0.55423E+00  -0.43583E-01   0.65413E-01   0.53089E+01   0.33293E+01
  145     2.4785  11.1296  -0.56154E+00  -0.44528E-01   0.64469E-01   0.52816E+01   0.33406E+01
  146     2.5088  11.1641  -0.56890E+00  -0.45483E-01   0.63513E-01   0.52548E+01   0.33517E+01
  147     2.5393  11.1982  -0.57633E+00  -0.46454E-01   0.62543E-01   0.52283E+01   0.33623E+01
  148     2.5701  11.2320  -0.58382E+00  -0.47440E-01   0.61557E-01   0.52022E+01   0.33725E+01
  149     2.6011  11.2653  -0.59136E+00  -0.48438E-01   0.60558E-01   0.51764E+01   0.33822E+01
  150     2.6324  11.2982  -0.59896E+00  -0.49449E-01   0.59547E-01   0.51509E+01   0.33914E+01
  151     2.6640  11.3306  -0.60663E+00  -0.50477E-01   0.58519E-01   0.51259E+01   0.34001E+01
  152     2.6958  11.3627  -0.61437E+00  -0.51523E-01   0.57473E-01   0.51012E+01   0.34083E+01
  153     2.7280  11.3944  -0.62216E+00  -0.52583E-01   0.56413E-01   0.50769E+01   0.34160E+01
  154     2.7604  11.4258  -0.63000E+00  -0.53654E-01   0.55342E-01   0.50528E+01   0.34234E+01
  155     2.7931  11.4567  -0.63791E+00  -0.54740E-01   0.54256E-01   0.50293E+01   0.34301E+01
  156     2.8260  11.4872  -0.64589E+00  -0.55844E-01   0.53152E-01   0.50061E+01   0.34362E+01
  157     2.8593  11.5174  -0.65393E+00  -0.56963E-01   0.52034E-01   0.49832E+01   0.34420E+01
  158     2.8929  11.5472  -0.66203E+00  -0.58097E-01   0.50899E-01   0.49606E+01   0.34471E+01
  159     2.9267  11.5766  -0.67019E+00  -0.59246E-01   0.49750E-01   0.49385E+01   0.34519E+01
  160     2.9608  11.6057  -0.67842E+00  -0.60411E-01   0.48585E-01   0.49166E+01   0.34559E+01
  161     2.9953  11.6344  -0.68671E+00  -0.61593E-01   0.47403E-01   0.48952E+01   0.34594E+01
  162     3.0300  11.6628  -0.69507E+00  -0.62791E-01   0.46205E-01   0.48742E+01   0.34627E+01
  163     3.0651  11.6908  -0.70348E+00  -0.64003E-01   0.44993E-01   0.48534E+01   0.34652E+01
  164     3.1004  11.7184  -0.71196E+00  -0.65232E-01   0.43765E-01   0.48330E+01   0.34668E+01
  165     3.1360  11.7458  -0.72051E+00  -0.66477E-01   0.42519E-01   0.48130E+01   0.34680E+01
  166     3.1720  11.7727  -0.72911E+00  -0.67736E-01   0.41260E-01   0.47932E+01   0.34690E+01
  167     3.2083  11.7994  -0.73778E+00  -0.69013E-01   0.39984E-01   0.47739E+01   0.34692E+01
  168     3.2449  11.8257  -0.74653E+00  -0.70312E-01   0.38685E-01   0.47549E+01   0.34687E+01
  169     3.2818  11.8517  -0.75534E+00  -0.71623E-01   0.37373E-01   0.47363E+01   0.34676E+01
  170     3.3190  11.8773  -0.76421E+00  -0.72952E-01   0.36045E-01   0.47180E+01   0.34660E+01
  171     3.3565  11.9026  -0.77315E+00  -0.74299E-01   0.34698E-01   0.47000E+01   0.34643E+01
  172     3.3944  11.9277  -0.78215E+00  -0.75659E-01   0.33338E-01   0.46824E+01   0.34621E+01
  173     3.4326  11.9524  -0.79121E+00  -0.77037E-01   0.31959E-01   0.46651E+01   0.34592E+01
  174     3.4712  11.9768  -0.80035E+00  -0.78435E-01   0.30562E-01   0.46481E+01   0.34555E+01
  175     3.5100  12.0009  -0.80956E+00  -0.79851E-01   0.29145E-01   0.46315E+01   0.34508E+01
  176     3.5492  12.0246  -0.81883E+00  -0.81284E-01   0.27712E-01   0.46152E+01   0.34461E+01
  177     3.5888  12.0481  -0.82817E+00  -0.82734E-01   0.26262E-01   0.45992E+01   0.34408E+01
  178     3.6287  12.0713  -0.83759E+00  -0.84205E-01   0.24791E-01   0.45837E+01   0.34347E+01
  179     3.6689  12.0942  -0.84707E+00  -0.85695E-01   0.23302E-01   0.45684E+01   0.34287E+01
  180     3.7095  12.1169  -0.85662E+00  -0.87201E-01   0.21795E-01   0.45535E+01   0.34216E+01
  181     3.7505  12.1392  -0.86624E+00  -0.88726E-01   0.20270E-01   0.45389E+01   0.34137E+01
  182     3.7918  12.1612  -0.87593E+00  -0.90270E-01   0.18726E-01   0.45245E+01   0.34057E+01
  183     3.8334  12.1830  -0.88568E+00  -0.91832E-01   0.17164E-01   0.45104E+01   0.33970E+01
  184     3.8754  12.2045  -0.89552E+00  -0.93415E-01   0.15581E-01   0.44967E+01   0.33876E+01
  185     3.9178  12.2257  -0.90542E+00  -0.95016E-01   0.13980E-01   0.44833E+01   0.33774E+01
  186     3.9606  12.2467  -0.91540E+00  -0.96639E-01   0.12357E-01   0.44702E+01   0.33668E+01
  187     4.0037  12.2674  -0.92544E+00  -0.98280E-01   0.10716E-01   0.44574E+01   0.33557E+01
  188     4.0472  12.2878  -0.93555E+00  -0.99938E-01   0.90585E-02   0.44449E+01   0.33442E+01
  189     4.0911  12.3080  -0.94574E+00  -0.10162E+00   0.73759E-02   0.44327E+01   0.33318E+01
  190     4.1353  12.3279  -0.95600E+00  -0.10332E+00   0.56750E-02   0.44208E+01   0.33192E+01
  191     4.1800  12.3476  -0.96633E+00  -0.10504E+00   0.39566E-02   0.44091E+01   0.33060E+01
  192     4.2250  12.3670  -0.97673E+00  -0.10678E+00   0.22148E-02   0.43978E+01   0.32919E+01
  193     4.2705  12.3862  -0.98721E+00  -0.10854E+00   0.45323E-03   0.43867E+01   0.32778E+01
  194     4.3163  12.4051  -0.99776E+00  -0.11033E+00  -0.13296E-02   0.43759E+01   0.32630E+01
  195     4.3625  12.4238  -0.10084E+01  -0.11213E+00  -0.31316E-02   0.43654E+01   0.32482E+01
  196     4.4091  12.4423  -0.10191E+01  -0.11395E+00  -0.49554E-02   0.43551E+01   0.32324E+01
  197     4.4561  12.4605  -0.10299E+01  -0.11580E+00  -0.68019E-02   0.43451E+01   0.32159E+01
  198     4.5036  12.4785  -0.10407E+01  -0.11767E+00  -0.86695E-02   0.43353E+01   0.31990E+01
  199     4.5514  12.4962  -0.10516E+01  -0.11956E+00  -0.10559E-01   0.43258E+01   0.31815E+01
  200     4.5997  12.5138  -0.10626E+01  -0.12147E+00  -0.12471E-01   0.43166E+01   0.31636E+01
  201     4.6484  12.5311  -0.10737E+01  -0.12341E+00  -0.14409E-01   0.43076E+01   0.31455E+01
  202     4.6975  12.5482  -0.10849E+01  -0.12537E+00  -0.16370E-01   0.42988E+01   0.31266E+01
  203     4.7470  12.5650  -0.10961E+01  -0.12734E+00  -0.18345E-01   0.42903E+01   0.31075E+01
  204     4.7970  12.5817  -0.11074E+01  -0.12934E+00  -0.20346E-01   0.42819E+01   0.30876E+01
  205     4.8474  12.5981  -0.11188E+01  -0.13137E+00  -0.22370E-01   0.42738E+01   0.30675E+01
  206     4.8982  12.6144  -0.11303E+01  -0.13341E+00  -0.24416E-01   0.42660E+01   0.30469E+01
  207     4.9495  12.6304  -0.11418E+01  -0.13549E+00  -0.26490E-01   0.42584E+01   0.30252E+01
  208     5.0012  12.6462  -0.11535E+01  -0.13758E+00  -0.28584E-01   0.42509E+01   0.30035E+01
  209     5.0534  12.6619  -0.11652E+01  -0.13970E+00  -0.30702E-01   0.42436E+01   0.29818E+01
  210     5.1060  12.6773  -0.11769E+01  -0.14184E+00  -0.32843E-01   0.42366E+01   0.29597E+01
  211     5.1591  12.6925  -0.11888E+01  -0.14400E+00  -0.35008E-01   0.42298E+01   0.29368E+01
  212     5.2126  12.7076  -0.12008E+01  -0.14620E+00  -0.37201E-01   0.42231E+01   0.29131E+01
  213     5.2667  12.7224  -0.12128E+01  -0.14841E+00  -0.39414E-01   0.42167E+01   0.28900E+01
  214     5.3211  12.7371  -0.12249E+01  -0.15065E+00  -0.41650E-01   0.42104E+01   0.28662E+01
  215     5.3761  12.7515  -0.12371E+01  -0.15291E+00  -0.43915E-01   0.42043E+01   0.28419E+01
  216     5.4315  12.7658  -0.12493E+01  -0.15520E+00  -0.46206E-01   0.41984E+01   0.28174E+01
  217     5.4874  12.7799  -0.12617E+01  -0.15751E+00  -0.48519E-01   0.41927E+01   0.27918E+01
  218     5.5438  12.7938  -0.12741E+01  -0.15985E+00  -0.50856E-01   0.41871E+01   0.27667E+01
  219     5.6007  12.8076  -0.12866E+01  -0.16222E+00  -0.53225E-01   0.41817E+01   0.27412E+01
  220     5.6581  12.8211  -0.12992E+01  -0.16461E+00  -0.55612E-01   0.41764E+01   0.27152E+01
  221     5.7160  12.8345  -0.13119E+01  -0.16703E+00  -0.58035E-01   0.41713E+01   0.26889E+01
  222     5.7744  12.8477  -0.13247E+01  -0.16947E+00  -0.60473E-01   0.41663E+01   0.26624E+01
  223     5.8333  12.8608  -0.13375E+01  -0.17193E+00  -0.62938E-01   0.41615E+01   0.26357E+01
  224     5.8927  12.8737  -0.13505E+01  -0.17443E+00  -0.65435E-01   0.41569E+01   0.26083E+01
  225     5.9526  12.8864  -0.13635E+01  -0.17695E+00  -0.67957E-01   0.41523E+01   0.25812E+01
  226     6.0131  12.8990  -0.13766E+01  -0.17950E+00  -0.70507E-01   0.41479E+01   0.25533E+01
  227     6.0740  12.9114  -0.13898E+01  -0.18208E+00  -0.73082E-01   0.41437E+01   0.25260E+01
  228     6.1355  12.9236  -0.14031E+01  -0.18468E+00  -0.75683E-01   0.41395E+01   0.24981E+01
  229     6.1976  12.9357  -0.14165E+01  -0.18731E+00  -0.78315E-01   0.41356E+01   0.24696E+01
  230     6.2602  12.9476  -0.14299E+01  -0.18997E+00  -0.80972E-01   0.41317E+01   0.24411E+01
  231     6.3233  12.9594  -0.14435E+01  -0.19266E+00  -0.83660E-01   0.41279E+01   0.24123E+01
  232     6.3869  12.9710  -0.14571E+01  -0.19537E+00  -0.86373E-01   0.41242E+01   0.23839E+01
  233     6.4512  12.9825  -0.14708E+01  -0.19811E+00  -0.89117E-01   0.41207E+01   0.23547E+01
  234     6.5159  12.9938  -0.14846E+01  -0.20088E+00  -0.91888E-01   0.41172E+01   0.23256E+01
  235     6.5813  13.0050  -0.14985E+01  -0.20368E+00  -0.94686E-01   0.41139E+01   0.22966E+01
  236     6.6472  13.0160  -0.15125E+01  -0.20651E+00  -0.97511E-01   0.41106E+01   0.22671E+01
  237     6.7137  13.0269  -0.15266E+01  -0.20936E+00  -0.10037E+00   0.41075E+01   0.22376E+01
  238     6.7807  13.0377  -0.15408E+01  -0.21225E+00  -0.10325E+00   0.41045E+01   0.22079E+01
  239     6.8484  13.0483  -0.15550E+01  -0.21516E+00  -0.10616E+00   0.41015E+01   0.21786E+01
  240     6.9166  13.0588  -0.15694E+01  -0.21811E+00  -0.10911E+00   0.40987E+01   0.21488E+01
  241     6.9854  13.0691  -0.15838E+01  -0.22108E+00  -0.11208E+00   0.40959E+01   0.21190E+01
  242     7.0549  13.0794  -0.15984E+01  -0.22408E+00  -0.11508E+00   0.40932E+01   0.20890E+01
  243     7.1249  13.0894  -0.16130E+01  -0.22712E+00  -0.11812E+00   0.40906E+01   0.20595E+01
  244     7.1955  13.0994  -0.16277E+01  -0.23018E+00  -0.12119E+00   0.40881E+01   0.20293E+01
  245     7.2668  13.1092  -0.16426E+01  -0.23327E+00  -0.12428E+00   0.40856E+01   0.19993E+01
  246     7.3387  13.1189  -0.16575E+01  -0.23640E+00  -0.12740E+00   0.40832E+01   0.19695E+01
  247     7.4112  13.1285  -0.16725E+01  -0.23955E+00  -0.13055E+00   0.40809E+01   0.19395E+01
  248     7.4843  13.1380  -0.16876E+01  -0.24273E+00  -0.13374E+00   0.40787E+01   0.19091E+01
  249     7.5580  13.1473  -0.17028E+01  -0.24595E+00  -0.13695E+00   0.40765E+01   0.18795E+01
  250     7.6324  13.1565  -0.17181E+01  -0.24920E+00  -0.14020E+00   0.40744E+01   0.18498E+01
  251     7.7075  13.1656  -0.17335E+01  -0.25248E+00  -0.14348E+00   0.40724E+01   0.18202E+01
  252     7.7832  13.1746  -0.17489E+01  -0.25578E+00  -0.14679E+00   0.40704E+01   0.17906E+01
  253     7.8596  13.1834  -0.17645E+01  -0.25912E+00  -0.15013E+00   0.40685E+01   0.17611E+01
  254     7.9366  13.1922  -0.17802E+01  -0.26250E+00  -0.15351E+00   0.40666E+01   0.17312E+01
  255     8.0143  13.2008  -0.17960E+01  -0.26591E+00  -0.15691E+00   0.40648E+01   0.17017E+01
  256     8.0926  13.2093  -0.18119E+01  -0.26935E+00  -0.16035E+00   0.40631E+01   0.16728E+01
  257     8.1717  13.2178  -0.18279E+01  -0.27282E+00  -0.16383E+00   0.40614E+01   0.16432E+01
  258     8.2514  13.2261  -0.18440E+01  -0.27632E+00  -0.16732E+00   0.40597E+01   0.16138E+01
  259     8.3319  13.2343  -0.18601E+01  -0.27986E+00  -0.17086E+00   0.40581E+01   0.15852E+01
  260     8.4130  13.2424  -0.18764E+01  -0.28342E+00  -0.17443E+00   0.40566E+01   0.15558E+01
  261     8.4948  13.2503  -0.18928E+01  -0.28703E+00  -0.17803E+00   0.40551E+01   0.15277E+01
  262     8.5774  13.2582  -0.19093E+01  -0.29066E+00  -0.18166E+00   0.40536E+01   0.14990E+01
  263     8.6606  13.2660  -0.19259E+01  -0.29433E+00  -0.18533E+00   0.40522E+01   0.14708E+01
  264     8.7446  13.2737  -0.19425E+01  -0.29802E+00  -0.18902E+00   0.40508E+01   0.14429E+01
  265     8.8293  13.2813  -0.19594E+01  -0.30177E+00  -0.19277E+00   0.40495E+01   0.14149E+01
  266     8.9148  13.2888  -0.19763E+01  -0.30554E+00  -0.19654E+00   0.40482E+01   0.13871E+01
  267     9.0010  13.2962  -0.19933E+01  -0.30934E+00  -0.20034E+00   0.40470E+01   0.13596E+01
  268     9.0879  13.3035  -0.20104E+01  -0.31319E+00  -0.20419E+00   0.40457E+01   0.13326E+01
  269     9.1756  13.3107  -0.20276E+01  -0.31707E+00  -0.20807E+00   0.40446E+01   0.13045E+01
  270     9.2641  13.3178  -0.20449E+01  -0.32096E+00  -0.21197E+00   0.40434E+01   0.12782E+01
  271     9.3534  13.3248  -0.20623E+01  -0.32491E+00  -0.21592E+00   0.40423E+01   0.12514E+01
  272     9.4434  13.3317  -0.20799E+01  -0.32889E+00  -0.21989E+00   0.40412E+01   0.12248E+01
  273     9.5342  13.3386  -0.20975E+01  -0.33289E+00  -0.22389E+00   0.40402E+01   0.11990E+01
  274     9.6257  13.3453  -0.21152E+01  -0.33694E+00  -0.22795E+00   0.40391E+01   0.11729E+01
  275     9.7181  13.3520  -0.21331E+01  -0.34103E+00  -0.23204E+00   0.40382E+01   0.11473E+01
  276     9.8113  13.3586  -0.21510E+01  -0.34515E+00  -0.23616E+00   0.40372E+01   0.11223E+01
  277     9.9053  13.3651  -0.21691E+01  -0.34931E+00  -0.24031E+00   0.40363E+01   0.10972E+01
  278    10.0001  13.3715  -0.21873E+01  -0.35350E+00  -0.24451E+00   0.40354E+01   0.10714E+01
  279    10.0957  13.3778  -0.22056E+01  -0.35773E+00  -0.24873E+00   0.40345E+01   0.10476E+01
  280    10.1922  13.3841  -0.22240E+01  -0.36201E+00  -0.25301E+00   0.40336E+01   0.10235E+01
  281    10.2895  13.3902  -0.22425E+01  -0.36630E+00  -0.25730E+00   0.40328E+01   0.99937E+00
  282    10.3877  13.3963  -0.22610E+01  -0.37061E+00  -0.26162E+00   0.40320E+01   0.97609E+00
  283    10.4867  13.4023  -0.22798E+01  -0.37501E+00  -0.26601E+00   0.40312E+01   0.95274E+00
  284    10.5865  13.4083  -0.22987E+01  -0.37943E+00  -0.27043E+00   0.40305E+01   0.92958E+00
  285    10.6873  13.4141  -0.23177E+01  -0.38388E+00  -0.27488E+00   0.40297E+01   0.90752E+00
  286    10.7889  13.4199  -0.23367E+01  -0.38837E+00  -0.27937E+00   0.40290E+01   0.88458E+00
  287    10.8914  13.4256  -0.23559E+01  -0.39290E+00  -0.28390E+00   0.40283E+01   0.86243E+00
  288    10.9947  13.4312  -0.23752E+01  -0.39746E+00  -0.28846E+00   0.40276E+01   0.84087E+00
  289    11.0990  13.4368  -0.23947E+01  -0.40206E+00  -0.29307E+00   0.40270E+01   0.81932E+00
  290    11.2042  13.4423  -0.24142E+01  -0.40670E+00  -0.29771E+00   0.40263E+01   0.79810E+00
  291    11.3103  13.4477  -0.24338E+01  -0.41138E+00  -0.30239E+00   0.40257E+01   0.77745E+00
  292    11.4173  13.4530  -0.24536E+01  -0.41610E+00  -0.30711E+00   0.40251E+01   0.75721E+00
  293    11.5253  13.4583  -0.24735E+01  -0.42086E+00  -0.31187E+00   0.40245E+01   0.73707E+00
  294    11.6342  13.4635  -0.24935E+01  -0.42566E+00  -0.31666E+00   0.40239E+01   0.71745E+00
  295    11.7440  13.4687  -0.25137E+01  -0.43050E+00  -0.32151E+00   0.40234E+01   0.69784E+00
  296    11.8548  13.4738  -0.25339E+01  -0.43536E+00  -0.32637E+00   0.40228E+01   0.67875E+00
  297    11.9666  13.4788  -0.25543E+01  -0.44029E+00  -0.33130E+00   0.40223E+01   0.66014E+00
  298    12.0793  13.4837  -0.25748E+01  -0.44525E+00  -0.33626E+00   0.40218E+01   0.64154E+00
  299    12.1930  13.4886  -0.25954E+01  -0.45024E+00  -0.34125E+00   0.40213E+01   0.62377E+00
  300    12.3077  13.4934  -0.26161E+01  -0.45529E+00  -0.34629E+00   0.40208E+01   0.60563E+00
  301    12.4234  13.4982  -0.26369E+01  -0.46036E+00  -0.35136E+00   0.40203E+01   0.58813E+00
  302    12.5401  13.5029  -0.26579E+01  -0.46548E+00  -0.35648E+00   0.40199E+01   0.57134E+00
  303    12.6578  13.5075  -0.26790E+01  -0.47064E+00  -0.36164E+00   0.40194E+01   0.55451E+00
  304    12.7766  13.5121  -0.27002E+01  -0.47583E+00  -0.36684E+00   0.40190E+01   0.53807E+00
  305    12.8963  13.5166  -0.27216E+01  -0.48108E+00  -0.37209E+00   0.40186E+01   0.52218E+00
  306    13.0172  13.5211  -0.27431E+01  -0.48638E+00  -0.37738E+00   0.40182E+01   0.50619E+00
  307    13.1390  13.5255  -0.27647E+01  -0.49169E+00  -0.38269E+00   0.40178E+01   0.49093E+00
  308    13.2619  13.5298  -0.27865E+01  -0.49708E+00  -0.38809E+00   0.40174E+01   0.47573E+00
  309    13.3859  13.5341  -0.28082E+01  -0.50246E+00  -0.39347E+00   0.40170E+01   0.46103E+00
  310    13.5110  13.5383  -0.28302E+01  -0.50792E+00  -0.39893E+00   0.40166E+01   0.44706E+00
  311    13.6372  13.5425  -0.28524E+01  -0.51343E+00  -0.40443E+00   0.40163E+01   0.43264E+00
  312    13.7644  13.5466  -0.28746E+01  -0.51896E+00  -0.40997E+00   0.40159E+01   0.41877E+00
  313    13.8928  13.5507  -0.28971E+01  -0.52457E+00  -0.41558E+00   0.40156E+01   0.40510E+00
  314    14.0223  13.5547  -0.29195E+01  -0.53019E+00  -0.42119E+00   0.40152E+01   0.39191E+00
  315    14.1529  13.5587  -0.29421E+01  -0.53583E+00  -0.42683E+00   0.40149E+01   0.37911E+00
  316    14.2846  13.5626  -0.29648E+01  -0.54154E+00  -0.43255E+00   0.40146E+01   0.36635E+00
  317    14.4175  13.5665  -0.29877E+01  -0.54730E+00  -0.43831E+00   0.40143E+01   0.35459E+00
  318    14.5515  13.5703  -0.30108E+01  -0.55310E+00  -0.44410E+00   0.40140E+01   0.34236E+00
  319    14.6867  13.5741  -0.30339E+01  -0.55894E+00  -0.44994E+00   0.40137E+01   0.33094E+00
  320    14.8231  13.5778  -0.30574E+01  -0.56489E+00  -0.45590E+00   0.40134E+01   0.31963E+00
  321    14.9607  13.5815  -0.30806E+01  -0.57077E+00  -0.46177E+00   0.40131E+01   0.30841E+00
  322    15.0994  13.5851  -0.31042E+01  -0.57675E+00  -0.46775E+00   0.40129E+01   0.29743E+00
  323    15.2394  13.5887  -0.31280E+01  -0.58281E+00  -0.47381E+00   0.40126E+01   0.28695E+00
  324    15.3806  13.5922  -0.31518E+01  -0.58884E+00  -0.47985E+00   0.40124E+01   0.27695E+00
  325    15.5230  13.5957  -0.31757E+01  -0.59495E+00  -0.48595E+00   0.40121E+01   0.26707E+00
  326    15.6666  13.5991  -0.31998E+01  -0.60112E+00  -0.49212E+00   0.40119E+01   0.25731E+00
  327    15.8115  13.6025  -0.32241E+01  -0.60733E+00  -0.49833E+00   0.40116E+01   0.24834E+00
  328    15.9577  13.6059  -0.32485E+01  -0.61358E+00  -0.50458E+00   0.40114E+01   0.23892E+00
  329    16.1051  13.6092  -0.32730E+01  -0.61989E+00  -0.51089E+00   0.40112E+01   0.23005E+00
  330    16.2538  13.6124  -0.32978E+01  -0.62627E+00  -0.51728E+00   0.40109E+01   0.22138E+00
  331    16.4038  13.6157  -0.33225E+01  -0.63263E+00  -0.52363E+00   0.40107E+01   0.21297E+00
  332    16.5551  13.6188  -0.33475E+01  -0.63907E+00  -0.53007E+00   0.40105E+01   0.20483E+00
  333    16.7078  13.6220  -0.33726E+01  -0.64557E+00  -0.53657E+00   0.40103E+01   0.19708E+00
  334    16.8617  13.6251  -0.33978E+01  -0.65208E+00  -0.54309E+00   0.40101E+01   0.18947E+00
  335    17.0170  13.6281  -0.34233E+01  -0.65870E+00  -0.54970E+00   0.40099E+01   0.18211E+00
  336    17.1736  13.6312  -0.34487E+01  -0.66531E+00  -0.55632E+00   0.40097E+01   0.17497E+00
  337    17.3316  13.6342  -0.34744E+01  -0.67200E+00  -0.56300E+00   0.40095E+01   0.16790E+00
  338    17.4910  13.6371  -0.35002E+01  -0.67873E+00  -0.56973E+00   0.40094E+01   0.16122E+00
  339    17.6518  13.6400  -0.35262E+01  -0.68550E+00  -0.57651E+00   0.40092E+01   0.15477E+00
  340    17.8139  13.6429  -0.35523E+01  -0.69233E+00  -0.58333E+00   0.40090E+01   0.14848E+00
  341    17.9775  13.6457  -0.35786E+01  -0.69920E+00  -0.59021E+00   0.40088E+01   0.14245E+00
  342    18.1425  13.6485  -0.36050E+01  -0.70615E+00  -0.59715E+00   0.40087E+01   0.13653E+00
  343    18.3089  13.6513  -0.36316E+01  -0.71313E+00  -0.60413E+00   0.40085E+01   0.13086E+00
  344    18.4768  13.6540  -0.36583E+01  -0.72014E+00  -0.61114E+00   0.40084E+01   0.12532E+00
  345    18.6461  13.6567  -0.36851E+01  -0.72722E+00  -0.61822E+00   0.40082E+01   0.11997E+00
  346    18.8169  13.6593  -0.37121E+01  -0.73434E+00  -0.62534E+00   0.40081E+01   0.11493E+00
  347    18.9892  13.6619  -0.37393E+01  -0.74151E+00  -0.63252E+00   0.40079E+01   0.10998E+00
  348    19.1630  13.6645  -0.37666E+01  -0.74875E+00  -0.63976E+00   0.40078E+01   0.10521E+00
  349    19.3383  13.6671  -0.37941E+01  -0.75604E+00  -0.64704E+00   0.40076E+01   0.10059E+00
  350    19.5151  13.6696  -0.38217E+01  -0.76336E+00  -0.65436E+00   0.40075E+01   0.96188E-01
  351    19.6934  13.6721  -0.38495E+01  -0.77075E+00  -0.66175E+00   0.40074E+01   0.91897E-01
  352    19.8734  13.6745  -0.38775E+01  -0.77818E+00  -0.66919E+00   0.40072E+01   0.87798E-01
  353    20.0548  13.6770  -0.39056E+01  -0.78569E+00  -0.67670E+00   0.40071E+01   0.83851E-01
  354    20.2379  13.6794  -0.39338E+01  -0.79321E+00  -0.68421E+00   0.40070E+01   0.80010E-01
  355    20.4225  13.6817  -0.39623E+01  -0.80082E+00  -0.69182E+00   0.40069E+01   0.76298E-01
  356    20.6088  13.6840  -0.39908E+01  -0.80845E+00  -0.69945E+00   0.40067E+01   0.72835E-01
  357    20.7966  13.6863  -0.40195E+01  -0.81622E+00  -0.70723E+00   0.40000E+01   0.69454E-01
  358    20.9861  13.6886  -0.40484E+01  -0.82398E+00  -0.71498E+00   0.40000E+01   0.66178E-01
  359    21.1773  13.6909  -0.40774E+01  -0.83177E+00  -0.72277E+00   0.40000E+01   0.63048E-01
  360    21.3701  13.6931  -0.41066E+01  -0.83962E+00  -0.73062E+00   0.40000E+01   0.60060E-01
  361    21.5646  13.6953  -0.41360E+01  -0.84753E+00  -0.73853E+00   0.40000E+01   0.57191E-01
  362    21.7607  13.6974  -0.41656E+01  -0.85550E+00  -0.74650E+00   0.40000E+01   0.54411E-01
  363    21.9586  13.6995  -0.41952E+01  -0.86352E+00  -0.75452E+00   0.40000E+01   0.51780E-01
  364    22.1582  13.7016  -0.42251E+01  -0.87159E+00  -0.76260E+00   0.40000E+01   0.49228E-01
  365    22.3596  13.7037  -0.42551E+01  -0.87971E+00  -0.77072E+00   0.40000E+01   0.46776E-01
  366    22.5626  13.7058  -0.42853E+01  -0.88791E+00  -0.77891E+00   0.40000E+01   0.44474E-01
  367    22.7675  13.7078  -0.43157E+01  -0.89614E+00  -0.78714E+00   0.40000E+01   0.42242E-01
  368    22.9741  13.7098  -0.43462E+01  -0.90444E+00  -0.79544E+00   0.40000E+01   0.40100E-01
  369    23.1825  13.7117  -0.43768E+01  -0.91278E+00  -0.80378E+00   0.40000E+01   0.38066E-01
  370    23.3928  13.7137  -0.44077E+01  -0.92118E+00  -0.81219E+00   0.40000E+01   0.36093E-01
  371    23.6049  13.7156  -0.44387E+01  -0.92963E+00  -0.82063E+00   0.40000E+01   0.34263E-01
  372    23.8188  13.7175  -0.44699E+01  -0.93816E+00  -0.82916E+00   0.40000E+01   0.32476E-01
  373    24.0345  13.7194  -0.45013E+01  -0.94673E+00  -0.83774E+00   0.40000E+01   0.30770E-01
  374    24.2522  13.7212  -0.45328E+01  -0.95536E+00  -0.84637E+00   0.40000E+01   0.29142E-01
  375    24.4717  13.7230  -0.45645E+01  -0.96405E+00  -0.85505E+00   0.40000E+01   0.27600E-01
  376    24.6932  13.7248  -0.45964E+01  -0.97279E+00  -0.86380E+00   0.40000E+01   0.26115E-01
  377    24.9166  13.7266  -0.46284E+01  -0.98160E+00  -0.87260E+00   0.40000E+01   0.24734E-01
  378    25.1419  13.7284  -0.46606E+01  -0.99045E+00  -0.88146E+00   0.40000E+01   0.23373E-01
  379    25.3691  13.7301  -0.46931E+01  -0.99941E+00  -0.89041E+00   0.40000E+01   0.22077E-01
  380    25.5984  13.7318  -0.47256E+01  -0.10083E+01  -0.89935E+00   0.40000E+01   0.20886E-01
  381    25.8296  13.7335  -0.47583E+01  -0.10174E+01  -0.90837E+00   0.40000E+01   0.19702E-01
  382    26.0629  13.7351  -0.47913E+01  -0.10265E+01  -0.91750E+00   0.40000E+01   0.18618E-01
  383    26.2982  13.7368  -0.48243E+01  -0.10356E+01  -0.92662E+00   0.40000E+01   0.17576E-01
  384    26.5355  13.7384  -0.48576E+01  -0.10448E+01  -0.93584E+00   0.40000E+01   0.16566E-01
  385    26.7749  13.7400  -0.48910E+01  -0.10541E+01  -0.94509E+00   0.40000E+01   0.15642E-01
  386    27.0164  13.7416  -0.49247E+01  -0.10634E+01  -0.95444E+00   0.40000E+01   0.14733E-01
  387    27.2599  13.7431  -0.49586E+01  -0.10729E+01  -0.96386E+00   0.40000E+01   0.13882E-01
  388    27.5056  13.7447  -0.49925E+01  -0.10823E+01  -0.97330E+00   0.40000E+01   0.13074E-01
  389    27.7534  13.7462  -0.50266E+01  -0.10918E+01  -0.98279E+00   0.40000E+01   0.12286E-01
  390    28.0034  13.7477  -0.50611E+01  -0.11014E+01  -0.99238E+00   0.40000E+01   0.11573E-01
  391    28.2556  13.7492  -0.50956E+01  -0.11110E+01  -0.10020E+01   0.40000E+01   0.10881E-01
  392    28.5099  13.7506  -0.51303E+01  -0.11207E+01  -0.10117E+01   0.40000E+01   0.10226E-01
  393    28.7665  13.7521  -0.51650E+01  -0.11304E+01  -0.10214E+01   0.40000E+01   0.96257E-02
  394    29.0253  13.7535  -0.52001E+01  -0.11402E+01  -0.10312E+01   0.40000E+01   0.90421E-02
  395    29.2863  13.7549  -0.52355E+01  -0.11501E+01  -0.10411E+01   0.40000E+01   0.84844E-02
  396    29.5496  13.7563  -0.52709E+01  -0.11600E+01  -0.10510E+01   0.40000E+01   0.79625E-02
  397    29.8152  13.7577  -0.53064E+01  -0.11700E+01  -0.10610E+01   0.40000E+01   0.74629E-02
  398    30.0831  13.7590  -0.53422E+01  -0.11801E+01  -0.10711E+01   0.40000E+01   0.70061E-02
  399    30.3534  13.7604  -0.53782E+01  -0.11902E+01  -0.10812E+01   0.40000E+01   0.65564E-02
  400    30.6259  13.7617  -0.54143E+01  -0.12003E+01  -0.10913E+01   0.40000E+01   0.61552E-02
