    1     0.0001   0.0014  -0.15259E-04  -0.56949E-06   0.10643E+00   0.12827E+02   0.90499E+00
    2     0.0088   0.1221  -0.11206E-02   0.77140E-05   0.10644E+00   0.12747E+02   0.78523E+00
    3     0.0176   0.2423  -0.23441E-02  -0.54879E-05   0.10643E+00   0.12669E+02   0.83145E+00
    4     0.0264   0.3621  -0.36183E-02  -0.23324E-04   0.10641E+00   0.12591E+02   0.86298E+00
    5     0.0353   0.4814  -0.49503E-02  -0.47710E-04   0.10638E+00   0.12513E+02   0.89429E+00
    6     0.0443   0.6003  -0.63201E-02  -0.73807E-04   0.10636E+00   0.12436E+02   0.92132E+00
    7     0.0534   0.7188  -0.77265E-02  -0.10130E-03   0.10633E+00   0.12360E+02   0.94603E+00
    8     0.0626   0.8368  -0.91683E-02  -0.12973E-03   0.10630E+00   0.12283E+02   0.96980E+00
    9     0.0718   0.9543  -0.10643E-01  -0.15871E-03   0.10627E+00   0.12208E+02   0.99322E+00
   10     0.0811   1.0713  -0.12152E-01  -0.18834E-03   0.10624E+00   0.12132E+02   0.10158E+01
   11     0.0905   1.1879  -0.13692E-01  -0.21858E-03   0.10621E+00   0.12057E+02   0.10383E+01
   12     0.1000   1.3039  -0.15264E-01  -0.24928E-03   0.10618E+00   0.11982E+02   0.10601E+01
   13     0.1096   1.4195  -0.16868E-01  -0.28044E-03   0.10615E+00   0.11907E+02   0.10821E+01
   14     0.1192   1.5346  -0.18503E-01  -0.31214E-03   0.10612E+00   0.11833E+02   0.11042E+01
   15     0.1290   1.6491  -0.20177E-01  -0.34631E-03   0.10609E+00   0.11759E+02   0.11262E+01
   16     0.1388   1.7632  -0.21872E-01  -0.37870E-03   0.10605E+00   0.11685E+02   0.11482E+01
   17     0.1487   1.8767  -0.23599E-01  -0.41152E-03   0.10602E+00   0.11611E+02   0.11698E+01
   18     0.1587   1.9897  -0.25357E-01  -0.44503E-03   0.10599E+00   0.11538E+02   0.11919E+01
   19     0.1687   2.1021  -0.27147E-01  -0.47962E-03   0.10595E+00   0.11465E+02   0.12140E+01
   20     0.1789   2.2140  -0.28967E-01  -0.51487E-03   0.10592E+00   0.11393E+02   0.12360E+01
   21     0.1891   2.3254  -0.30819E-01  -0.55125E-03   0.10588E+00   0.11320E+02   0.12584E+01
   22     0.1995   2.4362  -0.32703E-01  -0.58863E-03   0.10584E+00   0.11248E+02   0.12807E+01
   23     0.2099   2.5465  -0.34619E-01  -0.62720E-03   0.10581E+00   0.11177E+02   0.13033E+01
   24     0.2204   2.6562  -0.36566E-01  -0.66676E-03   0.10577E+00   0.11105E+02   0.13261E+01
   25     0.2310   2.7653  -0.38545E-01  -0.70755E-03   0.10572E+00   0.11034E+02   0.13490E+01
   26     0.2417   2.8738  -0.40556E-01  -0.74966E-03   0.10568E+00   0.10964E+02   0.13722E+01
   27     0.2525   2.9818  -0.42599E-01  -0.79351E-03   0.10564E+00   0.10893E+02   0.13953E+01
   28     0.2634   3.0892  -0.44675E-01  -0.83884E-03   0.10559E+00   0.10823E+02   0.14187E+01
   29     0.2744   3.1959  -0.46783E-01  -0.88589E-03   0.10555E+00   0.10754E+02   0.14424E+01
   30     0.2855   3.3021  -0.48923E-01  -0.93492E-03   0.10550E+00   0.10684E+02   0.14662E+01
   31     0.2967   3.4077  -0.51096E-01  -0.98553E-03   0.10545E+00   0.10615E+02   0.14901E+01
   32     0.3079   3.5127  -0.53303E-01  -0.10385E-02   0.10539E+00   0.10546E+02   0.15144E+01
   33     0.3193   3.6170  -0.55532E-01  -0.10908E-02   0.10534E+00   0.10478E+02   0.15391E+01
   34     0.3308   3.7207  -0.57808E-01  -0.11488E-02   0.10528E+00   0.10410E+02   0.15640E+01
   35     0.3423   3.8238  -0.60118E-01  -0.12095E-02   0.10522E+00   0.10342E+02   0.15889E+01
   36     0.3540   3.9263  -0.62463E-01  -0.12730E-02   0.10516E+00   0.10275E+02   0.16143E+01
   37     0.3658   4.0281  -0.64844E-01  -0.13387E-02   0.10509E+00   0.10208E+02   0.16395E+01
   38     0.3777   4.1293  -0.67258E-01  -0.14071E-02   0.10503E+00   0.10141E+02   0.16645E+01
   39     0.3896   4.2299  -0.69707E-01  -0.14783E-02   0.10495E+00   0.10075E+02   0.16893E+01
   40     0.4017   4.3298  -0.72190E-01  -0.15524E-02   0.10488E+00   0.10009E+02   0.17138E+01
   41     0.4139   4.4291  -0.74708E-01  -0.16297E-02   0.10480E+00   0.99432E+01   0.17386E+01
   42     0.4262   4.5276  -0.77261E-01  -0.17097E-02   0.10472E+00   0.98779E+01   0.17641E+01
   43     0.4386   4.6256  -0.79849E-01  -0.17930E-02   0.10464E+00   0.98130E+01   0.17903E+01
   44     0.4511   4.7229  -0.82475E-01  -0.18800E-02   0.10455E+00   0.97485E+01   0.18179E+01
   45     0.4637   4.8195  -0.85137E-01  -0.19709E-02   0.10446E+00   0.96843E+01   0.18464E+01
   46     0.4764   4.9154  -0.87836E-01  -0.20654E-02   0.10437E+00   0.96205E+01   0.18754E+01
   47     0.4893   5.0106  -0.90573E-01  -0.21640E-02   0.10427E+00   0.95570E+01   0.19043E+01
   48     0.5022   5.1052  -0.93346E-01  -0.22664E-02   0.10417E+00   0.94939E+01   0.19326E+01
   49     0.5153   5.1991  -0.96157E-01  -0.23731E-02   0.10406E+00   0.94312E+01   0.19604E+01
   50     0.5285   5.2923  -0.99006E-01  -0.24840E-02   0.10395E+00   0.93689E+01   0.19883E+01
   51     0.5417   5.3849  -0.10189E+00  -0.25998E-02   0.10383E+00   0.93069E+01   0.20160E+01
   52     0.5552   5.4767  -0.10482E+00  -0.27200E-02   0.10371E+00   0.92453E+01   0.20443E+01
   53     0.5687   5.5679  -0.10779E+00  -0.28448E-02   0.10359E+00   0.91841E+01   0.20732E+01
   54     0.5823   5.6583  -0.11079E+00  -0.29741E-02   0.10346E+00   0.91232E+01   0.21021E+01
   55     0.5961   5.7481  -0.11383E+00  -0.31071E-02   0.10333E+00   0.90627E+01   0.21314E+01
   56     0.6099   5.8371  -0.11691E+00  -0.32434E-02   0.10319E+00   0.90026E+01   0.21609E+01
   57     0.6239   5.9255  -0.12001E+00  -0.33839E-02   0.10305E+00   0.89428E+01   0.21904E+01
   58     0.6381   6.0132  -0.12317E+00  -0.35306E-02   0.10290E+00   0.88835E+01   0.22200E+01
   59     0.6523   6.1001  -0.12638E+00  -0.36863E-02   0.10275E+00   0.88246E+01   0.22498E+01
   60     0.6667   6.1864  -0.12964E+00  -0.38521E-02   0.10258E+00   0.87662E+01   0.22796E+01
   61     0.6812   6.2719  -0.13294E+00  -0.40220E-02   0.10241E+00   0.87082E+01   0.23097E+01
   62     0.6958   6.3568  -0.13625E+00  -0.41871E-02   0.10225E+00   0.86503E+01   0.23400E+01
   63     0.7105   6.4409  -0.13953E+00  -0.43401E-02   0.10209E+00   0.85924E+01   0.23712E+01
   64     0.7254   6.5244  -0.14279E+00  -0.44839E-02   0.10195E+00   0.85345E+01   0.24024E+01
   65     0.7404   6.6071  -0.14610E+00  -0.46342E-02   0.10180E+00   0.84771E+01   0.24340E+01
   66     0.7555   6.6891  -0.14952E+00  -0.48088E-02   0.10162E+00   0.84205E+01   0.24654E+01
   67     0.7708   6.7704  -0.15311E+00  -0.50237E-02   0.10141E+00   0.83651E+01   0.24962E+01
   68     0.7862   6.8511  -0.15683E+00  -0.52691E-02   0.10116E+00   0.83106E+01   0.25268E+01
   69     0.8017   6.9310  -0.16059E+00  -0.55196E-02   0.10091E+00   0.82565E+01   0.25574E+01
   70     0.8174   7.0102  -0.16431E+00  -0.57536E-02   0.10068E+00   0.82023E+01   0.25886E+01
   71     0.8332   7.0886  -0.16800E+00  -0.59740E-02   0.10046E+00   0.81480E+01   0.26203E+01
   72     0.8491   7.1664  -0.17170E+00  -0.61941E-02   0.10024E+00   0.80939E+01   0.26522E+01
   73     0.8652   7.2435  -0.17546E+00  -0.64248E-02   0.10001E+00   0.80403E+01   0.26843E+01
   74     0.8814   7.3199  -0.17929E+00  -0.66682E-02   0.99764E-01   0.79873E+01   0.27165E+01
   75     0.8977   7.3956  -0.18317E+00  -0.69207E-02   0.99512E-01   0.79347E+01   0.27487E+01
   76     0.9142   7.4705  -0.18708E+00  -0.71791E-02   0.99253E-01   0.78824E+01   0.27807E+01
   77     0.9309   7.5448  -0.19104E+00  -0.74421E-02   0.98990E-01   0.78305E+01   0.28122E+01
   78     0.9477   7.6184  -0.19503E+00  -0.77110E-02   0.98721E-01   0.77791E+01   0.28443E+01
   79     0.9646   7.6913  -0.19907E+00  -0.79874E-02   0.98445E-01   0.77280E+01   0.28781E+01
   80     0.9817   7.7635  -0.20316E+00  -0.82718E-02   0.98161E-01   0.76773E+01   0.29142E+01
   81     0.9989   7.8350  -0.20729E+00  -0.85634E-02   0.97869E-01   0.76270E+01   0.29508E+01
   82     1.0163   7.9058  -0.21147E+00  -0.88620E-02   0.97570E-01   0.75771E+01   0.29845E+01
   83     1.0338   7.9759  -0.21569E+00  -0.91690E-02   0.97263E-01   0.75276E+01   0.30142E+01
   84     1.0515   8.0453  -0.21996E+00  -0.94843E-02   0.96948E-01   0.74784E+01   0.30426E+01
   85     1.0693   8.1141  -0.22428E+00  -0.98080E-02   0.96624E-01   0.74298E+01   0.30729E+01
   86     1.0873   8.1821  -0.22864E+00  -0.10140E-01   0.96293E-01   0.73815E+01   0.31056E+01
   87     1.1055   8.2495  -0.23305E+00  -0.10479E-01   0.95954E-01   0.73336E+01   0.31395E+01
   88     1.1238   8.3162  -0.23750E+00  -0.10825E-01   0.95607E-01   0.72861E+01   0.31724E+01
   89     1.1423   8.3823  -0.24200E+00  -0.11179E-01   0.95253E-01   0.72389E+01   0.32049E+01
   90     1.1609   8.4477  -0.24654E+00  -0.11543E-01   0.94890E-01   0.71922E+01   0.32374E+01
   91     1.1797   8.5124  -0.25114E+00  -0.11915E-01   0.94518E-01   0.71459E+01   0.32700E+01
   92     1.1986   8.5764  -0.25578E+00  -0.12295E-01   0.94137E-01   0.71000E+01   0.33028E+01
   93     1.2177   8.6398  -0.26047E+00  -0.12683E-01   0.93749E-01   0.70544E+01   0.33354E+01
   94     1.2370   8.7025  -0.26521E+00  -0.13082E-01   0.93351E-01   0.70093E+01   0.33683E+01
   95     1.2565   8.7646  -0.26999E+00  -0.13489E-01   0.92944E-01   0.69645E+01   0.34010E+01
   96     1.2761   8.8260  -0.27483E+00  -0.13906E-01   0.92527E-01   0.69201E+01   0.34333E+01
   97     1.2959   8.8868  -0.27972E+00  -0.14331E-01   0.92101E-01   0.68762E+01   0.34656E+01
   98     1.3158   8.9469  -0.28465E+00  -0.14765E-01   0.91667E-01   0.68326E+01   0.34975E+01
   99     1.3360   9.0065  -0.28963E+00  -0.15208E-01   0.91224E-01   0.67894E+01   0.35293E+01
  100     1.3563   9.0653  -0.29466E+00  -0.15661E-01   0.90771E-01   0.67466E+01   0.35612E+01
  101     1.3767   9.1236  -0.29973E+00  -0.16124E-01   0.90309E-01   0.67042E+01   0.35931E+01
  102     1.3974   9.1812  -0.30486E+00  -0.16596E-01   0.89837E-01   0.66621E+01   0.36247E+01
  103     1.4183   9.2382  -0.31004E+00  -0.17077E-01   0.89355E-01   0.66205E+01   0.36563E+01
  104     1.4393   9.2945  -0.31527E+00  -0.17568E-01   0.88864E-01   0.65792E+01   0.36876E+01
  105     1.4605   9.3503  -0.32054E+00  -0.18069E-01   0.88363E-01   0.65382E+01   0.37187E+01
  106     1.4819   9.4054  -0.32587E+00  -0.18581E-01   0.87851E-01   0.64977E+01   0.37495E+01
  107     1.5035   9.4600  -0.33125E+00  -0.19103E-01   0.87329E-01   0.64576E+01   0.37800E+01
  108     1.5252   9.5139  -0.33669E+00  -0.19636E-01   0.86796E-01   0.64179E+01   0.38105E+01
  109     1.5472   9.5673  -0.34217E+00  -0.20179E-01   0.86253E-01   0.63785E+01   0.38409E+01
  110     1.5693   9.6200  -0.34770E+00  -0.20731E-01   0.85701E-01   0.63395E+01   0.38708E+01
  111     1.5917   9.6722  -0.35328E+00  -0.21293E-01   0.85140E-01   0.63009E+01   0.39003E+01
  112     1.6142   9.7238  -0.35891E+00  -0.21865E-01   0.84567E-01   0.62626E+01   0.39297E+01
  113     1.6369   9.7748  -0.36460E+00  -0.22450E-01   0.83982E-01   0.62248E+01   0.39591E+01
  114     1.6598   9.8252  -0.37034E+00  -0.23046E-01   0.83386E-01   0.61872E+01   0.39879E+01
  115     1.6830   9.8751  -0.37613E+00  -0.23652E-01   0.82780E-01   0.61501E+01   0.40164E+01
  116     1.7063   9.9244  -0.38198E+00  -0.24270E-01   0.82162E-01   0.61134E+01   0.40447E+01
  117     1.7298   9.9731  -0.38787E+00  -0.24899E-01   0.81534E-01   0.60770E+01   0.40727E+01
  118     1.7536  10.0213  -0.39382E+00  -0.25537E-01   0.80895E-01   0.60411E+01   0.41000E+01
  119     1.7775  10.0689  -0.39982E+00  -0.26187E-01   0.80245E-01   0.60054E+01   0.41270E+01
  120     1.8016  10.1160  -0.40588E+00  -0.26851E-01   0.79582E-01   0.59702E+01   0.41538E+01
  121     1.8260  10.1626  -0.41200E+00  -0.27527E-01   0.78905E-01   0.59354E+01   0.41805E+01
  122     1.8506  10.2086  -0.41816E+00  -0.28214E-01   0.78219E-01   0.59009E+01   0.42067E+01
  123     1.8753  10.2541  -0.42437E+00  -0.28909E-01   0.77524E-01   0.58667E+01   0.42326E+01
  124     1.9003  10.2990  -0.43065E+00  -0.29618E-01   0.76814E-01   0.58329E+01   0.42578E+01
  125     1.9256  10.3434  -0.43698E+00  -0.30340E-01   0.76092E-01   0.57995E+01   0.42827E+01
  126     1.9510  10.3873  -0.44336E+00  -0.31073E-01   0.75359E-01   0.57665E+01   0.43070E+01
  127     1.9766  10.4307  -0.44979E+00  -0.31818E-01   0.74614E-01   0.57339E+01   0.43313E+01
  128     2.0025  10.4736  -0.45629E+00  -0.32577E-01   0.73855E-01   0.57016E+01   0.43551E+01
  129     2.0286  10.5160  -0.46284E+00  -0.33348E-01   0.73084E-01   0.56696E+01   0.43781E+01
  130     2.0550  10.5579  -0.46944E+00  -0.34130E-01   0.72302E-01   0.56380E+01   0.44005E+01
  131     2.0815  10.5993  -0.47610E+00  -0.34926E-01   0.71506E-01   0.56068E+01   0.44223E+01
  132     2.1083  10.6402  -0.48282E+00  -0.35737E-01   0.70696E-01   0.55760E+01   0.44442E+01
  133     2.1353  10.6806  -0.48960E+00  -0.36558E-01   0.69875E-01   0.55456E+01   0.44658E+01
  134     2.1626  10.7205  -0.49642E+00  -0.37391E-01   0.69041E-01   0.55155E+01   0.44860E+01
  135     2.1901  10.7600  -0.50331E+00  -0.38239E-01   0.68193E-01   0.54857E+01   0.45060E+01
  136     2.2178  10.7990  -0.51026E+00  -0.39100E-01   0.67332E-01   0.54564E+01   0.45256E+01
  137     2.2458  10.8375  -0.51726E+00  -0.39975E-01   0.66458E-01   0.54274E+01   0.45444E+01
  138     2.2740  10.8756  -0.52433E+00  -0.40864E-01   0.65569E-01   0.53987E+01   0.45626E+01
  139     2.3025  10.9132  -0.53145E+00  -0.41766E-01   0.64666E-01   0.53704E+01   0.45801E+01
  140     2.3312  10.9504  -0.53863E+00  -0.42680E-01   0.63752E-01   0.53425E+01   0.45976E+01
  141     2.3602  10.9871  -0.54586E+00  -0.43609E-01   0.62823E-01   0.53149E+01   0.46149E+01
  142     2.3894  11.0234  -0.55316E+00  -0.44552E-01   0.61880E-01   0.52877E+01   0.46312E+01
  143     2.4188  11.0592  -0.56052E+00  -0.45509E-01   0.60923E-01   0.52609E+01   0.46456E+01
  144     2.4486  11.0946  -0.56793E+00  -0.46480E-01   0.59953E-01   0.52344E+01   0.46597E+01
  145     2.4785  11.1296  -0.57540E+00  -0.47464E-01   0.58969E-01   0.52083E+01   0.46741E+01
  146     2.5088  11.1641  -0.58294E+00  -0.48464E-01   0.57968E-01   0.51825E+01   0.46875E+01
  147     2.5393  11.1982  -0.59054E+00  -0.49477E-01   0.56955E-01   0.51571E+01   0.47000E+01
  148     2.5701  11.2320  -0.59818E+00  -0.50502E-01   0.55930E-01   0.51321E+01   0.47122E+01
  149     2.6011  11.2653  -0.60590E+00  -0.51544E-01   0.54888E-01   0.51074E+01   0.47236E+01
  150     2.6324  11.2982  -0.61369E+00  -0.52607E-01   0.53825E-01   0.50831E+01   0.47341E+01
  151     2.6640  11.3306  -0.62155E+00  -0.53686E-01   0.52746E-01   0.50592E+01   0.47438E+01
  152     2.6958  11.3627  -0.62943E+00  -0.54767E-01   0.51665E-01   0.50356E+01   0.47535E+01
  153     2.7280  11.3944  -0.63738E+00  -0.55864E-01   0.50568E-01   0.50123E+01   0.47624E+01
  154     2.7604  11.4258  -0.64541E+00  -0.56984E-01   0.49449E-01   0.49894E+01   0.47701E+01
  155     2.7931  11.4567  -0.65350E+00  -0.58117E-01   0.48315E-01   0.49669E+01   0.47773E+01
  156     2.8260  11.4872  -0.66165E+00  -0.59266E-01   0.47166E-01   0.49447E+01   0.47843E+01
  157     2.8593  11.5174  -0.66986E+00  -0.60430E-01   0.46002E-01   0.49229E+01   0.47896E+01
  158     2.8929  11.5472  -0.67814E+00  -0.61610E-01   0.44823E-01   0.49015E+01   0.47930E+01
  159     2.9267  11.5766  -0.68648E+00  -0.62806E-01   0.43626E-01   0.48803E+01   0.47975E+01
  160     2.9608  11.6057  -0.69488E+00  -0.64018E-01   0.42414E-01   0.48596E+01   0.48020E+01
  161     2.9953  11.6344  -0.70335E+00  -0.65247E-01   0.41186E-01   0.48392E+01   0.48048E+01
  162     3.0300  11.6628  -0.71189E+00  -0.66492E-01   0.39940E-01   0.48191E+01   0.48063E+01
  163     3.0651  11.6908  -0.72049E+00  -0.67753E-01   0.38680E-01   0.47993E+01   0.48075E+01
  164     3.1004  11.7184  -0.72915E+00  -0.69029E-01   0.37403E-01   0.47800E+01   0.48079E+01
  165     3.1360  11.7458  -0.73788E+00  -0.70323E-01   0.36109E-01   0.47610E+01   0.48075E+01
  166     3.1720  11.7727  -0.74666E+00  -0.71630E-01   0.34802E-01   0.47423E+01   0.48065E+01
  167     3.2083  11.7994  -0.75552E+00  -0.72957E-01   0.33475E-01   0.47239E+01   0.48043E+01
  168     3.2449  11.8257  -0.76445E+00  -0.74305E-01   0.32128E-01   0.47059E+01   0.48017E+01
  169     3.2818  11.8517  -0.77345E+00  -0.75668E-01   0.30764E-01   0.46882E+01   0.47982E+01
  170     3.3190  11.8773  -0.78250E+00  -0.77044E-01   0.29388E-01   0.46709E+01   0.47939E+01
  171     3.3565  11.9026  -0.79162E+00  -0.78440E-01   0.27992E-01   0.46540E+01   0.47887E+01
  172     3.3944  11.9277  -0.80082E+00  -0.79856E-01   0.26577E-01   0.46373E+01   0.47829E+01
  173     3.4326  11.9524  -0.81008E+00  -0.81288E-01   0.25145E-01   0.46210E+01   0.47762E+01
  174     3.4712  11.9768  -0.81941E+00  -0.82737E-01   0.23695E-01   0.46050E+01   0.47687E+01
  175     3.5100  12.0009  -0.82881E+00  -0.84206E-01   0.22227E-01   0.45893E+01   0.47604E+01
  176     3.5492  12.0246  -0.83829E+00  -0.85694E-01   0.20739E-01   0.45740E+01   0.47515E+01
  177     3.5888  12.0481  -0.84783E+00  -0.87200E-01   0.19233E-01   0.45590E+01   0.47419E+01
  178     3.6287  12.0713  -0.85743E+00  -0.88722E-01   0.17710E-01   0.45443E+01   0.47310E+01
  179     3.6689  12.0942  -0.86710E+00  -0.90264E-01   0.16168E-01   0.45299E+01   0.47192E+01
  180     3.7095  12.1169  -0.87684E+00  -0.91823E-01   0.14609E-01   0.45158E+01   0.47070E+01
  181     3.7505  12.1392  -0.88665E+00  -0.93400E-01   0.13032E-01   0.45020E+01   0.46942E+01
  182     3.7918  12.1612  -0.89655E+00  -0.95004E-01   0.11428E-01   0.44886E+01   0.46801E+01
  183     3.8334  12.1830  -0.90651E+00  -0.96622E-01   0.98102E-02   0.44754E+01   0.46651E+01
  184     3.8754  12.2045  -0.91654E+00  -0.98261E-01   0.81716E-02   0.44626E+01   0.46501E+01
  185     3.9178  12.2257  -0.92664E+00  -0.99919E-01   0.65138E-02   0.44500E+01   0.46342E+01
  186     3.9606  12.2467  -0.93680E+00  -0.10159E+00   0.48398E-02   0.44377E+01   0.46178E+01
  187     4.0037  12.2674  -0.94704E+00  -0.10329E+00   0.31437E-02   0.44257E+01   0.46006E+01
  188     4.0472  12.2878  -0.95735E+00  -0.10501E+00   0.14251E-02   0.44140E+01   0.45817E+01
  189     4.0911  12.3080  -0.96774E+00  -0.10675E+00  -0.31285E-03   0.44026E+01   0.45625E+01
  190     4.1353  12.3279  -0.97820E+00  -0.10850E+00  -0.20700E-02   0.43914E+01   0.45430E+01
  191     4.1800  12.3476  -0.98874E+00  -0.11028E+00  -0.38508E-02   0.43806E+01   0.45224E+01
  192     4.2250  12.3670  -0.99936E+00  -0.11208E+00  -0.56525E-02   0.43701E+01   0.45018E+01
  193     4.2705  12.3862  -0.10100E+01  -0.11391E+00  -0.74749E-02   0.43597E+01   0.44796E+01
  194     4.3163  12.4051  -0.10208E+01  -0.11575E+00  -0.93182E-02   0.43496E+01   0.44568E+01
  195     4.3625  12.4238  -0.10316E+01  -0.11761E+00  -0.11181E-01   0.43398E+01   0.44340E+01
  196     4.4091  12.4423  -0.10425E+01  -0.11950E+00  -0.13068E-01   0.43302E+01   0.44099E+01
  197     4.4561  12.4605  -0.10535E+01  -0.12141E+00  -0.14975E-01   0.43209E+01   0.43849E+01
  198     4.5036  12.4785  -0.10646E+01  -0.12334E+00  -0.16907E-01   0.43118E+01   0.43592E+01
  199     4.5514  12.4962  -0.10757E+01  -0.12529E+00  -0.18859E-01   0.43030E+01   0.43331E+01
  200     4.5997  12.5138  -0.10869E+01  -0.12726E+00  -0.20832E-01   0.42943E+01   0.43063E+01
  201     4.6484  12.5311  -0.10982E+01  -0.12926E+00  -0.22831E-01   0.42859E+01   0.42788E+01
  202     4.6975  12.5482  -0.11096E+01  -0.13128E+00  -0.24850E-01   0.42778E+01   0.42507E+01
  203     4.7470  12.5650  -0.11210E+01  -0.13332E+00  -0.26891E-01   0.42698E+01   0.42222E+01
  204     4.7970  12.5817  -0.11326E+01  -0.13539E+00  -0.28957E-01   0.42621E+01   0.41926E+01
  205     4.8474  12.5981  -0.11442E+01  -0.13748E+00  -0.31046E-01   0.42546E+01   0.41633E+01
  206     4.8982  12.6144  -0.11559E+01  -0.13959E+00  -0.33157E-01   0.42473E+01   0.41331E+01
  207     4.9495  12.6304  -0.11676E+01  -0.14172E+00  -0.35291E-01   0.42402E+01   0.41026E+01
  208     5.0012  12.6462  -0.11794E+01  -0.14388E+00  -0.37452E-01   0.42333E+01   0.40706E+01
  209     5.0534  12.6619  -0.11914E+01  -0.14607E+00  -0.39635E-01   0.42266E+01   0.40388E+01
  210     5.1060  12.6773  -0.12034E+01  -0.14828E+00  -0.41843E-01   0.42201E+01   0.40062E+01
  211     5.1591  12.6925  -0.12154E+01  -0.15051E+00  -0.44076E-01   0.42137E+01   0.39731E+01
  212     5.2126  12.7076  -0.12276E+01  -0.15277E+00  -0.46340E-01   0.42076E+01   0.39395E+01
  213     5.2667  12.7224  -0.12399E+01  -0.15505E+00  -0.48622E-01   0.42016E+01   0.39056E+01
  214     5.3211  12.7371  -0.12522E+01  -0.15736E+00  -0.50926E-01   0.41958E+01   0.38714E+01
  215     5.3761  12.7515  -0.12646E+01  -0.15969E+00  -0.53259E-01   0.41901E+01   0.38360E+01
  216     5.4315  12.7658  -0.12771E+01  -0.16205E+00  -0.55614E-01   0.41847E+01   0.38010E+01
  217     5.4874  12.7799  -0.12897E+01  -0.16443E+00  -0.58000E-01   0.41794E+01   0.37643E+01
  218     5.5438  12.7938  -0.13023E+01  -0.16684E+00  -0.60410E-01   0.41742E+01   0.37279E+01
  219     5.6007  12.8076  -0.13151E+01  -0.16928E+00  -0.62844E-01   0.41692E+01   0.36914E+01
  220     5.6581  12.8211  -0.13279E+01  -0.17174E+00  -0.65304E-01   0.41643E+01   0.36544E+01
  221     5.7160  12.8345  -0.13408E+01  -0.17422E+00  -0.67791E-01   0.41596E+01   0.36173E+01
  222     5.7744  12.8477  -0.13538E+01  -0.17674E+00  -0.70306E-01   0.41550E+01   0.35788E+01
  223     5.8333  12.8608  -0.13669E+01  -0.17928E+00  -0.72845E-01   0.41505E+01   0.35411E+01
  224     5.8927  12.8737  -0.13800E+01  -0.18184E+00  -0.75408E-01   0.41462E+01   0.35024E+01
  225     5.9526  12.8864  -0.13933E+01  -0.18444E+00  -0.78006E-01   0.41420E+01   0.34643E+01
  226     6.0131  12.8990  -0.14066E+01  -0.18706E+00  -0.80626E-01   0.41380E+01   0.34245E+01
  227     6.0740  12.9114  -0.14200E+01  -0.18970E+00  -0.83273E-01   0.41340E+01   0.33852E+01
  228     6.1355  12.9236  -0.14336E+01  -0.19238E+00  -0.85951E-01   0.41302E+01   0.33458E+01
  229     6.1976  12.9357  -0.14472E+01  -0.19509E+00  -0.88654E-01   0.41265E+01   0.33059E+01
  230     6.2602  12.9476  -0.14609E+01  -0.19782E+00  -0.91390E-01   0.41229E+01   0.32658E+01
  231     6.3233  12.9594  -0.14746E+01  -0.20058E+00  -0.94146E-01   0.41194E+01   0.32256E+01
  232     6.3869  12.9710  -0.14885E+01  -0.20336E+00  -0.96929E-01   0.41160E+01   0.31857E+01
  233     6.4512  12.9825  -0.15024E+01  -0.20618E+00  -0.99747E-01   0.41127E+01   0.31446E+01
  234     6.5159  12.9938  -0.15165E+01  -0.20903E+00  -0.10259E+00   0.41096E+01   0.31042E+01
  235     6.5813  13.0050  -0.15306E+01  -0.21190E+00  -0.10547E+00   0.41065E+01   0.30633E+01
  236     6.6472  13.0160  -0.15448E+01  -0.21480E+00  -0.10837E+00   0.41035E+01   0.30226E+01
  237     6.7137  13.0269  -0.15592E+01  -0.21773E+00  -0.11130E+00   0.41006E+01   0.29817E+01
  238     6.7807  13.0377  -0.15736E+01  -0.22069E+00  -0.11426E+00   0.40978E+01   0.29403E+01
  239     6.8484  13.0483  -0.15881E+01  -0.22369E+00  -0.11725E+00   0.40950E+01   0.28989E+01
  240     6.9166  13.0588  -0.16027E+01  -0.22670E+00  -0.12027E+00   0.40924E+01   0.28577E+01
  241     6.9854  13.0691  -0.16174E+01  -0.22976E+00  -0.12332E+00   0.40898E+01   0.28163E+01
  242     7.0549  13.0794  -0.16321E+01  -0.23284E+00  -0.12641E+00   0.40873E+01   0.27745E+01
  243     7.1249  13.0894  -0.16470E+01  -0.23595E+00  -0.12951E+00   0.40849E+01   0.27335E+01
  244     7.1955  13.0994  -0.16620E+01  -0.23909E+00  -0.13265E+00   0.40825E+01   0.26925E+01
  245     7.2668  13.1092  -0.16770E+01  -0.24226E+00  -0.13582E+00   0.40803E+01   0.26504E+01
  246     7.3387  13.1189  -0.16922E+01  -0.24546E+00  -0.13902E+00   0.40781E+01   0.26093E+01
  247     7.4112  13.1285  -0.17074E+01  -0.24869E+00  -0.14226E+00   0.40759E+01   0.25686E+01
  248     7.4843  13.1380  -0.17228E+01  -0.25196E+00  -0.14552E+00   0.40739E+01   0.25271E+01
  249     7.5580  13.1473  -0.17382E+01  -0.25525E+00  -0.14882E+00   0.40718E+01   0.24861E+01
  250     7.6324  13.1565  -0.17537E+01  -0.25857E+00  -0.15214E+00   0.40699E+01   0.24453E+01
  251     7.7075  13.1656  -0.17694E+01  -0.26194E+00  -0.15550E+00   0.40680E+01   0.24044E+01
  252     7.7832  13.1746  -0.17851E+01  -0.26533E+00  -0.15889E+00   0.40662E+01   0.23633E+01
  253     7.8596  13.1834  -0.18010E+01  -0.26875E+00  -0.16232E+00   0.40644E+01   0.23232E+01
  254     7.9366  13.1922  -0.18169E+01  -0.27220E+00  -0.16577E+00   0.40626E+01   0.22827E+01
  255     8.0143  13.2008  -0.18329E+01  -0.27569E+00  -0.16926E+00   0.40610E+01   0.22419E+01
  256     8.0926  13.2093  -0.18490E+01  -0.27920E+00  -0.17277E+00   0.40594E+01   0.22022E+01
  257     8.1717  13.2178  -0.18653E+01  -0.28276E+00  -0.17633E+00   0.40578E+01   0.21623E+01
  258     8.2514  13.2261  -0.18816E+01  -0.28634E+00  -0.17991E+00   0.40562E+01   0.21227E+01
  259     8.3319  13.2343  -0.18980E+01  -0.28995E+00  -0.18352E+00   0.40548E+01   0.20837E+01
  260     8.4130  13.2424  -0.19145E+01  -0.29360E+00  -0.18717E+00   0.40533E+01   0.20446E+01
  261     8.4948  13.2503  -0.19312E+01  -0.29729E+00  -0.19086E+00   0.40519E+01   0.20053E+01
  262     8.5774  13.2582  -0.19479E+01  -0.30101E+00  -0.19458E+00   0.40506E+01   0.19665E+01
  263     8.6606  13.2660  -0.19648E+01  -0.30476E+00  -0.19833E+00   0.40493E+01   0.19286E+01
  264     8.7446  13.2737  -0.19817E+01  -0.30855E+00  -0.20211E+00   0.40480E+01   0.18900E+01
  265     8.8293  13.2813  -0.19987E+01  -0.31236E+00  -0.20593E+00   0.40467E+01   0.18519E+01
  266     8.9148  13.2888  -0.20159E+01  -0.31621E+00  -0.20978E+00   0.40455E+01   0.18145E+01
  267     9.0010  13.2962  -0.20331E+01  -0.32010E+00  -0.21367E+00   0.40444E+01   0.17772E+01
  268     9.0879  13.3035  -0.20505E+01  -0.32402E+00  -0.21759E+00   0.40432E+01   0.17409E+01
  269     9.1756  13.3107  -0.20679E+01  -0.32798E+00  -0.22154E+00   0.40421E+01   0.17040E+01
  270     9.2641  13.3178  -0.20855E+01  -0.33197E+00  -0.22554E+00   0.40411E+01   0.16682E+01
  271     9.3534  13.3248  -0.21032E+01  -0.33599E+00  -0.22956E+00   0.40400E+01   0.16326E+01
  272     9.4434  13.3317  -0.21210E+01  -0.34006E+00  -0.23363E+00   0.40390E+01   0.15969E+01
  273     9.5342  13.3386  -0.21389E+01  -0.34415E+00  -0.23772E+00   0.40380E+01   0.15620E+01
  274     9.6257  13.3453  -0.21569E+01  -0.34829E+00  -0.24186E+00   0.40371E+01   0.15276E+01
  275     9.7181  13.3520  -0.21750E+01  -0.35247E+00  -0.24604E+00   0.40362E+01   0.14921E+01
  276     9.8113  13.3586  -0.21932E+01  -0.35666E+00  -0.25023E+00   0.40353E+01   0.14588E+01
  277     9.9053  13.3651  -0.22115E+01  -0.36091E+00  -0.25448E+00   0.40344E+01   0.14253E+01
  278    10.0001  13.3715  -0.22300E+01  -0.36519E+00  -0.25875E+00   0.40335E+01   0.13916E+01
  279    10.0957  13.3778  -0.22485E+01  -0.36949E+00  -0.26306E+00   0.40327E+01   0.13596E+01
  280    10.1922  13.3841  -0.22672E+01  -0.37385E+00  -0.26741E+00   0.40319E+01   0.13271E+01
  281    10.2895  13.3902  -0.22859E+01  -0.37824E+00  -0.27180E+00   0.40312E+01   0.12952E+01
  282    10.3877  13.3963  -0.23048E+01  -0.38266E+00  -0.27623E+00   0.40304E+01   0.12645E+01
  283    10.4867  13.4023  -0.23238E+01  -0.38713E+00  -0.28069E+00   0.40297E+01   0.12330E+01
  284    10.5865  13.4083  -0.23429E+01  -0.39162E+00  -0.28519E+00   0.40289E+01   0.12019E+01
  285    10.6873  13.4141  -0.23622E+01  -0.39616E+00  -0.28973E+00   0.40283E+01   0.11721E+01
  286    10.7889  13.4199  -0.23815E+01  -0.40075E+00  -0.29431E+00   0.40276E+01   0.11424E+01
  287    10.8914  13.4256  -0.24009E+01  -0.40533E+00  -0.29890E+00   0.40269E+01   0.11133E+01
  288    10.9947  13.4312  -0.24205E+01  -0.41000E+00  -0.30356E+00   0.40263E+01   0.10847E+01
  289    11.0990  13.4368  -0.24402E+01  -0.41469E+00  -0.30826E+00   0.40257E+01   0.10560E+01
  290    11.2042  13.4423  -0.24600E+01  -0.41942E+00  -0.31298E+00   0.40251E+01   0.10286E+01
  291    11.3103  13.4477  -0.24799E+01  -0.42419E+00  -0.31775E+00   0.40245E+01   0.10010E+01
  292    11.4173  13.4530  -0.25000E+01  -0.42900E+00  -0.32257E+00   0.40239E+01   0.97398E+00
  293    11.5253  13.4583  -0.25201E+01  -0.43384E+00  -0.32741E+00   0.40234E+01   0.94757E+00
  294    11.6342  13.4635  -0.25404E+01  -0.43872E+00  -0.33229E+00   0.40228E+01   0.92146E+00
  295    11.7440  13.4687  -0.25607E+01  -0.44365E+00  -0.33721E+00   0.40223E+01   0.89573E+00
  296    11.8548  13.4738  -0.25813E+01  -0.44861E+00  -0.34218E+00   0.40218E+01   0.87087E+00
  297    11.9666  13.4788  -0.26019E+01  -0.45362E+00  -0.34719E+00   0.40213E+01   0.84644E+00
  298    12.0793  13.4837  -0.26227E+01  -0.45866E+00  -0.35223E+00   0.40208E+01   0.82216E+00
  299    12.1930  13.4886  -0.26435E+01  -0.46375E+00  -0.35731E+00   0.40203E+01   0.79879E+00
  300    12.3077  13.4934  -0.26645E+01  -0.46888E+00  -0.36245E+00   0.40199E+01   0.77503E+00
  301    12.4234  13.4982  -0.26856E+01  -0.47403E+00  -0.36760E+00   0.40194E+01   0.75229E+00
  302    12.5401  13.5029  -0.27069E+01  -0.47925E+00  -0.37282E+00   0.40190E+01   0.73015E+00
  303    12.6578  13.5075  -0.27283E+01  -0.48450E+00  -0.37807E+00   0.40186E+01   0.70806E+00
  304    12.7766  13.5121  -0.27497E+01  -0.48978E+00  -0.38335E+00   0.40182E+01   0.68682E+00
  305    12.8963  13.5166  -0.27714E+01  -0.49513E+00  -0.38870E+00   0.40178E+01   0.66562E+00
  306    13.0172  13.5211  -0.27931E+01  -0.50050E+00  -0.39406E+00   0.40174E+01   0.64529E+00
  307    13.1390  13.5255  -0.28150E+01  -0.50591E+00  -0.39947E+00   0.40170E+01   0.62537E+00
  308    13.2619  13.5298  -0.28370E+01  -0.51137E+00  -0.40494E+00   0.40166E+01   0.60547E+00
  309    13.3859  13.5341  -0.28591E+01  -0.51686E+00  -0.41043E+00   0.40163E+01   0.58662E+00
  310    13.5110  13.5383  -0.28814E+01  -0.52241E+00  -0.41598E+00   0.40159E+01   0.56762E+00
  311    13.6372  13.5425  -0.29038E+01  -0.52800E+00  -0.42157E+00   0.40156E+01   0.54924E+00
  312    13.7644  13.5466  -0.29263E+01  -0.53363E+00  -0.42720E+00   0.40153E+01   0.53149E+00
  313    13.8928  13.5507  -0.29489E+01  -0.53930E+00  -0.43286E+00   0.40149E+01   0.51385E+00
  314    14.0223  13.5547  -0.29717E+01  -0.54501E+00  -0.43857E+00   0.40146E+01   0.49703E+00
  315    14.1529  13.5587  -0.29946E+01  -0.55077E+00  -0.44434E+00   0.40143E+01   0.48012E+00
  316    14.2846  13.5626  -0.30176E+01  -0.55657E+00  -0.45014E+00   0.40140E+01   0.46425E+00
  317    14.4175  13.5665  -0.30408E+01  -0.56243E+00  -0.45599E+00   0.40137E+01   0.44834E+00
  318    14.5515  13.5703  -0.30641E+01  -0.56832E+00  -0.46189E+00   0.40134E+01   0.43284E+00
  319    14.6867  13.5741  -0.30875E+01  -0.57425E+00  -0.46781E+00   0.40132E+01   0.41801E+00
  320    14.8231  13.5778  -0.31111E+01  -0.58023E+00  -0.47380E+00   0.40129E+01   0.40294E+00
  321    14.9607  13.5815  -0.31348E+01  -0.58626E+00  -0.47983E+00   0.40126E+01   0.38931E+00
  322    15.0994  13.5851  -0.31586E+01  -0.59233E+00  -0.48590E+00   0.40124E+01   0.37518E+00
  323    15.2394  13.5887  -0.31826E+01  -0.59844E+00  -0.49201E+00   0.40121E+01   0.36184E+00
  324    15.3806  13.5922  -0.32069E+01  -0.60467E+00  -0.49823E+00   0.40119E+01   0.34883E+00
  325    15.5230  13.5957  -0.32310E+01  -0.61081E+00  -0.50438E+00   0.40116E+01   0.33598E+00
  326    15.6666  13.5991  -0.32554E+01  -0.61707E+00  -0.51064E+00   0.40114E+01   0.32327E+00
  327    15.8115  13.6025  -0.32800E+01  -0.62341E+00  -0.51697E+00   0.40112E+01   0.31143E+00
  328    15.9577  13.6059  -0.33046E+01  -0.62972E+00  -0.52329E+00   0.40110E+01   0.29997E+00
  329    16.1051  13.6092  -0.33294E+01  -0.63610E+00  -0.52967E+00   0.40108E+01   0.28865E+00
  330    16.2538  13.6124  -0.33543E+01  -0.64255E+00  -0.53612E+00   0.40105E+01   0.27766E+00
  331    16.4038  13.6157  -0.33794E+01  -0.64904E+00  -0.54261E+00   0.40103E+01   0.26719E+00
  332    16.5551  13.6188  -0.34047E+01  -0.65558E+00  -0.54914E+00   0.40101E+01   0.25669E+00
  333    16.7078  13.6220  -0.34301E+01  -0.66217E+00  -0.55574E+00   0.40099E+01   0.24656E+00
  334    16.8617  13.6251  -0.34556E+01  -0.66879E+00  -0.56236E+00   0.40098E+01   0.23694E+00
  335    17.0170  13.6281  -0.34813E+01  -0.67547E+00  -0.56904E+00   0.40096E+01   0.22749E+00
  336    17.1736  13.6312  -0.35070E+01  -0.68218E+00  -0.57575E+00   0.40094E+01   0.21823E+00
  337    17.3316  13.6342  -0.35330E+01  -0.68896E+00  -0.58252E+00   0.40092E+01   0.20962E+00
  338    17.4910  13.6371  -0.35591E+01  -0.69580E+00  -0.58937E+00   0.40090E+01   0.20112E+00
  339    17.6518  13.6400  -0.35854E+01  -0.70268E+00  -0.59625E+00   0.40089E+01   0.19279E+00
  340    17.8139  13.6429  -0.36118E+01  -0.70960E+00  -0.60317E+00   0.40087E+01   0.18487E+00
  341    17.9775  13.6457  -0.36383E+01  -0.71657E+00  -0.61013E+00   0.40085E+01   0.17712E+00
  342    18.1425  13.6485  -0.36650E+01  -0.72358E+00  -0.61715E+00   0.40084E+01   0.16975E+00
  343    18.3089  13.6513  -0.36918E+01  -0.73065E+00  -0.62422E+00   0.40082E+01   0.16255E+00
  344    18.4768  13.6540  -0.37188E+01  -0.73777E+00  -0.63134E+00   0.40081E+01   0.15567E+00
  345    18.6461  13.6567  -0.37461E+01  -0.74496E+00  -0.63853E+00   0.40079E+01   0.14890E+00
  346    18.8169  13.6593  -0.37733E+01  -0.75218E+00  -0.64575E+00   0.40078E+01   0.14254E+00
  347    18.9892  13.6619  -0.38008E+01  -0.75946E+00  -0.65302E+00   0.40077E+01   0.13624E+00
  348    19.1630  13.6645  -0.38284E+01  -0.76678E+00  -0.66034E+00   0.40075E+01   0.13025E+00
  349    19.3383  13.6671  -0.38562E+01  -0.77415E+00  -0.66772E+00   0.40074E+01   0.12449E+00
  350    19.5151  13.6696  -0.38841E+01  -0.78158E+00  -0.67515E+00   0.40073E+01   0.11895E+00
  351    19.6934  13.6721  -0.39121E+01  -0.78906E+00  -0.68263E+00   0.40071E+01   0.11354E+00
  352    19.8734  13.6745  -0.39404E+01  -0.79660E+00  -0.69017E+00   0.40070E+01   0.10837E+00
  353    20.0548  13.6770  -0.39688E+01  -0.80417E+00  -0.69774E+00   0.40069E+01   0.10344E+00
  354    20.2379  13.6794  -0.39973E+01  -0.81182E+00  -0.70538E+00   0.40068E+01   0.98657E-01
  355    20.4225  13.6817  -0.40260E+01  -0.81951E+00  -0.71307E+00   0.40066E+01   0.94087E-01
  356    20.6088  13.6840  -0.40550E+01  -0.82727E+00  -0.72084E+00   0.40065E+01   0.89699E-01
  357    20.7966  13.6863  -0.40839E+01  -0.83504E+00  -0.72861E+00   0.40064E+01   0.85432E-01
  358    20.9861  13.6886  -0.41131E+01  -0.84298E+00  -0.73655E+00   0.40000E+01   0.81317E-01
  359    21.1773  13.6909  -0.41424E+01  -0.85086E+00  -0.74443E+00   0.40000E+01   0.77464E-01
  360    21.3701  13.6931  -0.41719E+01  -0.85883E+00  -0.75239E+00   0.40000E+01   0.73736E-01
  361    21.5646  13.6953  -0.42016E+01  -0.86684E+00  -0.76041E+00   0.40000E+01   0.70140E-01
  362    21.7607  13.6974  -0.42315E+01  -0.87490E+00  -0.76847E+00   0.40000E+01   0.66695E-01
  363    21.9586  13.6995  -0.42614E+01  -0.88301E+00  -0.77657E+00   0.40000E+01   0.63424E-01
  364    22.1582  13.7016  -0.42916E+01  -0.89118E+00  -0.78475E+00   0.40000E+01   0.60259E-01
  365    22.3596  13.7037  -0.43219E+01  -0.89941E+00  -0.79298E+00   0.40000E+01   0.57255E-01
  366    22.5626  13.7058  -0.43524E+01  -0.90769E+00  -0.80126E+00   0.40000E+01   0.54388E-01
  367    22.7675  13.7078  -0.43830E+01  -0.91603E+00  -0.80960E+00   0.40000E+01   0.51577E-01
  368    22.9741  13.7098  -0.44139E+01  -0.92443E+00  -0.81800E+00   0.40000E+01   0.48967E-01
  369    23.1825  13.7117  -0.44449E+01  -0.93288E+00  -0.82645E+00   0.40000E+01   0.46439E-01
  370    23.3928  13.7137  -0.44759E+01  -0.94136E+00  -0.83493E+00   0.40000E+01   0.44010E-01
  371    23.6049  13.7156  -0.45073E+01  -0.94994E+00  -0.84351E+00   0.40000E+01   0.41690E-01
  372    23.8188  13.7175  -0.45388E+01  -0.95856E+00  -0.85213E+00   0.40000E+01   0.39541E-01
  373    24.0345  13.7194  -0.45704E+01  -0.96722E+00  -0.86079E+00   0.40000E+01   0.37416E-01
  374    24.2522  13.7212  -0.46023E+01  -0.97596E+00  -0.86952E+00   0.40000E+01   0.35421E-01
  375    24.4717  13.7230  -0.46343E+01  -0.98475E+00  -0.87832E+00   0.40000E+01   0.33538E-01
  376    24.6932  13.7248  -0.46665E+01  -0.99360E+00  -0.88717E+00   0.40000E+01   0.31704E-01
  377    24.9166  13.7266  -0.46988E+01  -0.10025E+01  -0.89607E+00   0.40000E+01   0.29963E-01
  378    25.1419  13.7284  -0.47314E+01  -0.10115E+01  -0.90504E+00   0.40000E+01   0.28304E-01
  379    25.3691  13.7301  -0.47640E+01  -0.10205E+01  -0.91405E+00   0.40000E+01   0.26760E-01
  380    25.5984  13.7318  -0.47969E+01  -0.10295E+01  -0.92311E+00   0.40000E+01   0.25260E-01
  381    25.8296  13.7335  -0.48300E+01  -0.10387E+01  -0.93226E+00   0.40000E+01   0.23845E-01
  382    26.0629  13.7351  -0.48632E+01  -0.10479E+01  -0.94147E+00   0.40000E+01   0.22503E-01
  383    26.2982  13.7368  -0.48966E+01  -0.10572E+01  -0.95073E+00   0.40000E+01   0.21207E-01
  384    26.5355  13.7384  -0.49302E+01  -0.10665E+01  -0.96002E+00   0.40000E+01   0.20003E-01
  385    26.7749  13.7400  -0.49640E+01  -0.10759E+01  -0.96943E+00   0.40000E+01   0.18837E-01
  386    27.0164  13.7416  -0.49980E+01  -0.10853E+01  -0.97887E+00   0.40000E+01   0.17735E-01
  387    27.2599  13.7431  -0.50321E+01  -0.10948E+01  -0.98835E+00   0.40000E+01   0.16721E-01
  388    27.5056  13.7447  -0.50664E+01  -0.11043E+01  -0.99791E+00   0.40000E+01   0.15717E-01
  389    27.7534  13.7462  -0.51009E+01  -0.11140E+01  -0.10075E+01   0.40000E+01   0.14790E-01
  390    28.0034  13.7477  -0.51355E+01  -0.11236E+01  -0.10172E+01   0.40000E+01   0.13903E-01
  391    28.2556  13.7492  -0.51704E+01  -0.11334E+01  -0.10269E+01   0.40000E+01   0.13063E-01
  392    28.5099  13.7506  -0.52054E+01  -0.11432E+01  -0.10367E+01   0.40000E+01   0.12281E-01
  393    28.7665  13.7521  -0.52406E+01  -0.11530E+01  -0.10466E+01   0.40000E+01   0.11523E-01
  394    29.0253  13.7535  -0.52761E+01  -0.11630E+01  -0.10565E+01   0.40000E+01   0.10804E-01
  395    29.2863  13.7549  -0.53115E+01  -0.11729E+01  -0.10665E+01   0.40000E+01   0.10153E-01
  396    29.5496  13.7563  -0.53472E+01  -0.11829E+01  -0.10765E+01   0.40000E+01   0.95246E-02
  397    29.8152  13.7577  -0.53833E+01  -0.11931E+01  -0.10866E+01   0.40000E+01   0.89244E-02
  398    30.0831  13.7590  -0.54194E+01  -0.12032E+01  -0.10968E+01   0.40000E+01   0.83628E-02
  399    30.3534  13.7604  -0.54557E+01  -0.12134E+01  -0.11070E+01   0.40000E+01   0.78237E-02
  400    30.6259  13.7617  -0.54922E+01  -0.12237E+01  -0.11173E+01   0.40000E+01   0.73317E-02
