    1     0.0001   0.0014  -0.15259E-04  -0.62126E-06   0.10730E+00   0.12931E+02   0.81045E+00
    2     0.0088   0.1221  -0.11101E-02   0.82834E-05   0.10730E+00   0.12850E+02   0.69312E+00
    3     0.0176   0.2423  -0.23229E-02  -0.42712E-05   0.10729E+00   0.12771E+02   0.73409E+00
    4     0.0264   0.3621  -0.35854E-02  -0.21201E-04   0.10728E+00   0.12692E+02   0.76203E+00
    5     0.0353   0.4814  -0.49052E-02  -0.44448E-04   0.10725E+00   0.12614E+02   0.78966E+00
    6     0.0443   0.6003  -0.62634E-02  -0.69639E-04   0.10723E+00   0.12536E+02   0.81369E+00
    7     0.0534   0.7188  -0.76573E-02  -0.95918E-04   0.10720E+00   0.12459E+02   0.83551E+00
    8     0.0626   0.8368  -0.90864E-02  -0.12321E-03   0.10717E+00   0.12382E+02   0.85662E+00
    9     0.0718   0.9543  -0.10550E-01  -0.15146E-03   0.10715E+00   0.12305E+02   0.87741E+00
   10     0.0811   1.0713  -0.12046E-01  -0.18041E-03   0.10712E+00   0.12229E+02   0.89751E+00
   11     0.0905   1.1879  -0.13574E-01  -0.20923E-03   0.10709E+00   0.12153E+02   0.91739E+00
   12     0.1000   1.3039  -0.15132E-01  -0.23860E-03   0.10706E+00   0.12077E+02   0.93665E+00
   13     0.1096   1.4195  -0.16723E-01  -0.26826E-03   0.10703E+00   0.12002E+02   0.95596E+00
   14     0.1192   1.5346  -0.18344E-01  -0.29849E-03   0.10700E+00   0.11927E+02   0.97513E+00
   15     0.1290   1.6491  -0.20004E-01  -0.33097E-03   0.10697E+00   0.11852E+02   0.99425E+00
   16     0.1388   1.7632  -0.21684E-01  -0.36110E-03   0.10694E+00   0.11778E+02   0.10131E+01
   17     0.1487   1.8767  -0.23395E-01  -0.39214E-03   0.10690E+00   0.11703E+02   0.10316E+01
   18     0.1587   1.9897  -0.25137E-01  -0.42373E-03   0.10687E+00   0.11629E+02   0.10506E+01
   19     0.1687   2.1021  -0.26909E-01  -0.45547E-03   0.10684E+00   0.11556E+02   0.10697E+01
   20     0.1789   2.2140  -0.28713E-01  -0.48812E-03   0.10681E+00   0.11483E+02   0.10889E+01
   21     0.1891   2.3254  -0.30547E-01  -0.52158E-03   0.10677E+00   0.11410E+02   0.11088E+01
   22     0.1995   2.4362  -0.32413E-01  -0.55623E-03   0.10674E+00   0.11337E+02   0.11290E+01
   23     0.2099   2.5465  -0.34311E-01  -0.59182E-03   0.10670E+00   0.11265E+02   0.11495E+01
   24     0.2204   2.6562  -0.36240E-01  -0.62871E-03   0.10667E+00   0.11193E+02   0.11704E+01
   25     0.2310   2.7653  -0.38201E-01  -0.66676E-03   0.10663E+00   0.11121E+02   0.11914E+01
   26     0.2417   2.8738  -0.40194E-01  -0.70651E-03   0.10659E+00   0.11050E+02   0.12126E+01
   27     0.2525   2.9818  -0.42219E-01  -0.74758E-03   0.10655E+00   0.10979E+02   0.12335E+01
   28     0.2634   3.0892  -0.44275E-01  -0.79029E-03   0.10651E+00   0.10908E+02   0.12545E+01
   29     0.2744   3.1959  -0.46365E-01  -0.83454E-03   0.10646E+00   0.10837E+02   0.12755E+01
   30     0.2855   3.3021  -0.48487E-01  -0.88089E-03   0.10642E+00   0.10767E+02   0.12966E+01
   31     0.2967   3.4077  -0.50643E-01  -0.92934E-03   0.10637E+00   0.10698E+02   0.13176E+01
   32     0.3079   3.5127  -0.52832E-01  -0.97998E-03   0.10632E+00   0.10628E+02   0.13390E+01
   33     0.3193   3.6170  -0.55044E-01  -0.10295E-02   0.10627E+00   0.10559E+02   0.13607E+01
   34     0.3308   3.7207  -0.57302E-01  -0.10847E-02   0.10621E+00   0.10490E+02   0.13826E+01
   35     0.3423   3.8238  -0.59592E-01  -0.11421E-02   0.10615E+00   0.10422E+02   0.14045E+01
   36     0.3540   3.9263  -0.61915E-01  -0.12016E-02   0.10609E+00   0.10354E+02   0.14270E+01
   37     0.3658   4.0281  -0.64270E-01  -0.12631E-02   0.10603E+00   0.10286E+02   0.14495E+01
   38     0.3777   4.1293  -0.66654E-01  -0.13263E-02   0.10597E+00   0.10219E+02   0.14722E+01
   39     0.3896   4.2299  -0.69072E-01  -0.13916E-02   0.10590E+00   0.10152E+02   0.14951E+01
   40     0.4017   4.3298  -0.71526E-01  -0.14603E-02   0.10584E+00   0.10085E+02   0.15181E+01
   41     0.4139   4.4291  -0.74021E-01  -0.15336E-02   0.10576E+00   0.10019E+02   0.15413E+01
   42     0.4262   4.5276  -0.76562E-01  -0.16130E-02   0.10568E+00   0.99530E+01   0.15648E+01
   43     0.4386   4.6256  -0.79151E-01  -0.16988E-02   0.10560E+00   0.98875E+01   0.15882E+01
   44     0.4511   4.7229  -0.81775E-01  -0.17878E-02   0.10551E+00   0.98225E+01   0.16119E+01
   45     0.4637   4.8195  -0.84419E-01  -0.18757E-02   0.10542E+00   0.97577E+01   0.16359E+01
   46     0.4764   4.9154  -0.87065E-01  -0.19589E-02   0.10534E+00   0.96930E+01   0.16603E+01
   47     0.4893   5.0106  -0.89701E-01  -0.20334E-02   0.10526E+00   0.96284E+01   0.16850E+01
   48     0.5022   5.1052  -0.92339E-01  -0.21025E-02   0.10519E+00   0.95638E+01   0.17100E+01
   49     0.5153   5.1991  -0.95010E-01  -0.21743E-02   0.10512E+00   0.94997E+01   0.17351E+01
   50     0.5285   5.2923  -0.97748E-01  -0.22582E-02   0.10504E+00   0.94361E+01   0.17605E+01
   51     0.5417   5.3849  -0.10060E+00  -0.23647E-02   0.10493E+00   0.93734E+01   0.17856E+01
   52     0.5552   5.4767  -0.10357E+00  -0.24989E-02   0.10480E+00   0.93117E+01   0.18107E+01
   53     0.5687   5.5679  -0.10663E+00  -0.26518E-02   0.10464E+00   0.92508E+01   0.18360E+01
   54     0.5823   5.6583  -0.10974E+00  -0.28094E-02   0.10449E+00   0.91902E+01   0.18610E+01
   55     0.5961   5.7481  -0.11283E+00  -0.29583E-02   0.10434E+00   0.91297E+01   0.18865E+01
   56     0.6099   5.8371  -0.11590E+00  -0.30953E-02   0.10420E+00   0.90691E+01   0.19126E+01
   57     0.6239   5.9255  -0.11897E+00  -0.32280E-02   0.10407E+00   0.90086E+01   0.19388E+01
   58     0.6381   6.0132  -0.12207E+00  -0.33631E-02   0.10393E+00   0.89485E+01   0.19654E+01
   59     0.6523   6.1001  -0.12522E+00  -0.35062E-02   0.10379E+00   0.88888E+01   0.19921E+01
   60     0.6667   6.1864  -0.12843E+00  -0.36593E-02   0.10364E+00   0.88297E+01   0.20190E+01
   61     0.6812   6.2719  -0.13169E+00  -0.38197E-02   0.10348E+00   0.87710E+01   0.20460E+01
   62     0.6958   6.3568  -0.13499E+00  -0.39856E-02   0.10331E+00   0.87126E+01   0.20730E+01
   63     0.7105   6.4409  -0.13832E+00  -0.41551E-02   0.10314E+00   0.86547E+01   0.21001E+01
   64     0.7254   6.5244  -0.14169E+00  -0.43286E-02   0.10297E+00   0.85971E+01   0.21268E+01
   65     0.7404   6.6071  -0.14510E+00  -0.45075E-02   0.10279E+00   0.85399E+01   0.21542E+01
   66     0.7555   6.6891  -0.14855E+00  -0.46925E-02   0.10260E+00   0.84830E+01   0.21827E+01
   67     0.7708   6.7704  -0.15204E+00  -0.48836E-02   0.10241E+00   0.84266E+01   0.22126E+01
   68     0.7862   6.8511  -0.15558E+00  -0.50808E-02   0.10222E+00   0.83706E+01   0.22433E+01
   69     0.8017   6.9310  -0.15915E+00  -0.52838E-02   0.10201E+00   0.83150E+01   0.22732E+01
   70     0.8174   7.0102  -0.16277E+00  -0.54929E-02   0.10180E+00   0.82597E+01   0.23011E+01
   71     0.8332   7.0886  -0.16643E+00  -0.57086E-02   0.10159E+00   0.82049E+01   0.23271E+01
   72     0.8491   7.1664  -0.17013E+00  -0.59313E-02   0.10137E+00   0.81505E+01   0.23527E+01
   73     0.8652   7.2435  -0.17388E+00  -0.61614E-02   0.10114E+00   0.80965E+01   0.23796E+01
   74     0.8814   7.3199  -0.17768E+00  -0.63981E-02   0.10090E+00   0.80429E+01   0.24081E+01
   75     0.8977   7.3956  -0.18151E+00  -0.66407E-02   0.10066E+00   0.79897E+01   0.24374E+01
   76     0.9142   7.4705  -0.18539E+00  -0.68893E-02   0.10041E+00   0.79369E+01   0.24667E+01
   77     0.9309   7.5448  -0.18931E+00  -0.71445E-02   0.10015E+00   0.78845E+01   0.24956E+01
   78     0.9477   7.6184  -0.19327E+00  -0.74072E-02   0.99889E-01   0.78325E+01   0.25244E+01
   79     0.9646   7.6913  -0.19728E+00  -0.76771E-02   0.99619E-01   0.77809E+01   0.25532E+01
   80     0.9817   7.7635  -0.20133E+00  -0.79545E-02   0.99342E-01   0.77297E+01   0.25823E+01
   81     0.9989   7.8350  -0.20543E+00  -0.82391E-02   0.99057E-01   0.76789E+01   0.26118E+01
   82     1.0163   7.9058  -0.20957E+00  -0.85307E-02   0.98766E-01   0.76284E+01   0.26411E+01
   83     1.0338   7.9759  -0.21376E+00  -0.88297E-02   0.98467E-01   0.75785E+01   0.26705E+01
   84     1.0515   8.0453  -0.21799E+00  -0.91371E-02   0.98159E-01   0.75289E+01   0.26998E+01
   85     1.0693   8.1141  -0.22227E+00  -0.94530E-02   0.97844E-01   0.74797E+01   0.27293E+01
   86     1.0873   8.1821  -0.22660E+00  -0.97764E-02   0.97520E-01   0.74309E+01   0.27586E+01
   87     1.1055   8.2495  -0.23097E+00  -0.10107E-01   0.97189E-01   0.73825E+01   0.27880E+01
   88     1.1238   8.3162  -0.23539E+00  -0.10447E-01   0.96850E-01   0.73345E+01   0.28171E+01
   89     1.1423   8.3823  -0.23985E+00  -0.10793E-01   0.96503E-01   0.72869E+01   0.28464E+01
   90     1.1609   8.4477  -0.24436E+00  -0.11148E-01   0.96148E-01   0.72397E+01   0.28758E+01
   91     1.1797   8.5124  -0.24892E+00  -0.11512E-01   0.95785E-01   0.71929E+01   0.29052E+01
   92     1.1986   8.5764  -0.25352E+00  -0.11884E-01   0.95413E-01   0.71465E+01   0.29346E+01
   93     1.2177   8.6398  -0.25817E+00  -0.12264E-01   0.95032E-01   0.71004E+01   0.29637E+01
   94     1.2370   8.7025  -0.26287E+00  -0.12653E-01   0.94643E-01   0.70548E+01   0.29931E+01
   95     1.2565   8.7646  -0.26761E+00  -0.13051E-01   0.94246E-01   0.70095E+01   0.30224E+01
   96     1.2761   8.8260  -0.27241E+00  -0.13457E-01   0.93839E-01   0.69647E+01   0.30513E+01
   97     1.2959   8.8868  -0.27725E+00  -0.13873E-01   0.93423E-01   0.69202E+01   0.30803E+01
   98     1.3158   8.9469  -0.28214E+00  -0.14300E-01   0.92997E-01   0.68761E+01   0.31091E+01
   99     1.3360   9.0065  -0.28709E+00  -0.14735E-01   0.92562E-01   0.68325E+01   0.31379E+01
  100     1.3563   9.0653  -0.29208E+00  -0.15178E-01   0.92118E-01   0.67893E+01   0.31666E+01
  101     1.3767   9.1236  -0.29711E+00  -0.15631E-01   0.91666E-01   0.67464E+01   0.31953E+01
  102     1.3974   9.1812  -0.30219E+00  -0.16092E-01   0.91205E-01   0.67039E+01   0.32235E+01
  103     1.4183   9.2382  -0.30733E+00  -0.16562E-01   0.90734E-01   0.66617E+01   0.32518E+01
  104     1.4393   9.2945  -0.31251E+00  -0.17044E-01   0.90253E-01   0.66200E+01   0.32800E+01
  105     1.4605   9.3503  -0.31774E+00  -0.17535E-01   0.89761E-01   0.65786E+01   0.33081E+01
  106     1.4819   9.4054  -0.32303E+00  -0.18037E-01   0.89260E-01   0.65376E+01   0.33359E+01
  107     1.5035   9.4600  -0.32836E+00  -0.18549E-01   0.88748E-01   0.64970E+01   0.33636E+01
  108     1.5252   9.5139  -0.33375E+00  -0.19070E-01   0.88227E-01   0.64569E+01   0.33912E+01
  109     1.5472   9.5673  -0.33919E+00  -0.19601E-01   0.87695E-01   0.64171E+01   0.34184E+01
  110     1.5693   9.6200  -0.34467E+00  -0.20142E-01   0.87155E-01   0.63776E+01   0.34453E+01
  111     1.5917   9.6722  -0.35020E+00  -0.20693E-01   0.86604E-01   0.63386E+01   0.34720E+01
  112     1.6142   9.7238  -0.35580E+00  -0.21257E-01   0.86040E-01   0.62999E+01   0.34986E+01
  113     1.6369   9.7748  -0.36145E+00  -0.21833E-01   0.85464E-01   0.62616E+01   0.35252E+01
  114     1.6598   9.8252  -0.36714E+00  -0.22417E-01   0.84879E-01   0.62237E+01   0.35515E+01
  115     1.6830   9.8751  -0.37288E+00  -0.23010E-01   0.84286E-01   0.61862E+01   0.35774E+01
  116     1.7063   9.9244  -0.37867E+00  -0.23615E-01   0.83682E-01   0.61490E+01   0.36030E+01
  117     1.7298   9.9731  -0.38452E+00  -0.24232E-01   0.83064E-01   0.61123E+01   0.36284E+01
  118     1.7536  10.0213  -0.39042E+00  -0.24861E-01   0.82436E-01   0.60758E+01   0.36533E+01
  119     1.7775  10.0689  -0.39638E+00  -0.25499E-01   0.81798E-01   0.60398E+01   0.36781E+01
  120     1.8016  10.1160  -0.40238E+00  -0.26150E-01   0.81147E-01   0.60042E+01   0.37026E+01
  121     1.8260  10.1626  -0.40845E+00  -0.26813E-01   0.80484E-01   0.59689E+01   0.37270E+01
  122     1.8506  10.2086  -0.41456E+00  -0.27486E-01   0.79810E-01   0.59339E+01   0.37507E+01
  123     1.8753  10.2541  -0.42073E+00  -0.28171E-01   0.79126E-01   0.58994E+01   0.37740E+01
  124     1.9003  10.2990  -0.42695E+00  -0.28869E-01   0.78428E-01   0.58652E+01   0.37969E+01
  125     1.9256  10.3434  -0.43323E+00  -0.29579E-01   0.77717E-01   0.58314E+01   0.38199E+01
  126     1.9510  10.3873  -0.43957E+00  -0.30301E-01   0.76996E-01   0.57980E+01   0.38423E+01
  127     1.9766  10.4307  -0.44595E+00  -0.31033E-01   0.76264E-01   0.57650E+01   0.38643E+01
  128     2.0025  10.4736  -0.45239E+00  -0.31779E-01   0.75518E-01   0.57323E+01   0.38858E+01
  129     2.0286  10.5160  -0.45889E+00  -0.32537E-01   0.74759E-01   0.57000E+01   0.39069E+01
  130     2.0550  10.5579  -0.46545E+00  -0.33308E-01   0.73989E-01   0.56680E+01   0.39278E+01
  131     2.0815  10.5993  -0.47206E+00  -0.34092E-01   0.73204E-01   0.56364E+01   0.39478E+01
  132     2.1083  10.6402  -0.47873E+00  -0.34890E-01   0.72407E-01   0.56052E+01   0.39676E+01
  133     2.1353  10.6806  -0.48545E+00  -0.35698E-01   0.71598E-01   0.55743E+01   0.39871E+01
  134     2.1626  10.7205  -0.49223E+00  -0.36519E-01   0.70777E-01   0.55438E+01   0.40062E+01
  135     2.1901  10.7600  -0.49907E+00  -0.37354E-01   0.69942E-01   0.55137E+01   0.40255E+01
  136     2.2178  10.7990  -0.50596E+00  -0.38203E-01   0.69094E-01   0.54839E+01   0.40431E+01
  137     2.2458  10.8375  -0.51291E+00  -0.39064E-01   0.68233E-01   0.54545E+01   0.40597E+01
  138     2.2740  10.8756  -0.51992E+00  -0.39938E-01   0.67359E-01   0.54255E+01   0.40767E+01
  139     2.3025  10.9132  -0.52698E+00  -0.40825E-01   0.66471E-01   0.53968E+01   0.40932E+01
  140     2.3312  10.9504  -0.53411E+00  -0.41727E-01   0.65569E-01   0.53685E+01   0.41092E+01
  141     2.3602  10.9871  -0.54129E+00  -0.42642E-01   0.64655E-01   0.53406E+01   0.41245E+01
  142     2.3894  11.0234  -0.54852E+00  -0.43568E-01   0.63729E-01   0.53130E+01   0.41395E+01
  143     2.4188  11.0592  -0.55582E+00  -0.44509E-01   0.62787E-01   0.52858E+01   0.41538E+01
  144     2.4486  11.0946  -0.56320E+00  -0.45471E-01   0.61826E-01   0.52590E+01   0.41672E+01
  145     2.4785  11.1296  -0.57064E+00  -0.46448E-01   0.60848E-01   0.52326E+01   0.41802E+01
  146     2.5088  11.1641  -0.57810E+00  -0.47428E-01   0.59868E-01   0.52064E+01   0.41931E+01
  147     2.5393  11.1982  -0.58562E+00  -0.48421E-01   0.58875E-01   0.51806E+01   0.42055E+01
  148     2.5701  11.2320  -0.59322E+00  -0.49435E-01   0.57861E-01   0.51552E+01   0.42168E+01
  149     2.6011  11.2653  -0.60088E+00  -0.50465E-01   0.56832E-01   0.51302E+01   0.42275E+01
  150     2.6324  11.2982  -0.60860E+00  -0.51507E-01   0.55789E-01   0.51055E+01   0.42381E+01
  151     2.6640  11.3306  -0.61639E+00  -0.52565E-01   0.54732E-01   0.50812E+01   0.42479E+01
  152     2.6958  11.3627  -0.62423E+00  -0.53637E-01   0.53660E-01   0.50572E+01   0.42560E+01
  153     2.7280  11.3944  -0.63213E+00  -0.54724E-01   0.52572E-01   0.50336E+01   0.42633E+01
  154     2.7604  11.4258  -0.64010E+00  -0.55828E-01   0.51469E-01   0.50104E+01   0.42719E+01
  155     2.7931  11.4567  -0.64813E+00  -0.56946E-01   0.50351E-01   0.49875E+01   0.42798E+01
  156     2.8260  11.4872  -0.65622E+00  -0.58080E-01   0.49216E-01   0.49650E+01   0.42860E+01
  157     2.8593  11.5174  -0.66438E+00  -0.59230E-01   0.48067E-01   0.49428E+01   0.42914E+01
  158     2.8929  11.5472  -0.67259E+00  -0.60394E-01   0.46903E-01   0.49209E+01   0.42966E+01
  159     2.9267  11.5766  -0.68088E+00  -0.61574E-01   0.45723E-01   0.48995E+01   0.43012E+01
  160     2.9608  11.6057  -0.68922E+00  -0.62770E-01   0.44527E-01   0.48784E+01   0.43048E+01
  161     2.9953  11.6344  -0.69762E+00  -0.63978E-01   0.43318E-01   0.48576E+01   0.43080E+01
  162     3.0300  11.6628  -0.70609E+00  -0.65206E-01   0.42090E-01   0.48371E+01   0.43104E+01
  163     3.0651  11.6908  -0.71463E+00  -0.66454E-01   0.40843E-01   0.48171E+01   0.43121E+01
  164     3.1004  11.7184  -0.72324E+00  -0.67716E-01   0.39580E-01   0.47973E+01   0.43131E+01
  165     3.1360  11.7458  -0.73189E+00  -0.68991E-01   0.38306E-01   0.47780E+01   0.43137E+01
  166     3.1720  11.7727  -0.74063E+00  -0.70284E-01   0.37013E-01   0.47590E+01   0.43134E+01
  167     3.2083  11.7994  -0.74943E+00  -0.71596E-01   0.35701E-01   0.47404E+01   0.43120E+01
  168     3.2449  11.8257  -0.75829E+00  -0.72924E-01   0.34373E-01   0.47220E+01   0.43106E+01
  169     3.2818  11.8517  -0.76722E+00  -0.74269E-01   0.33028E-01   0.47040E+01   0.43080E+01
  170     3.3190  11.8773  -0.77622E+00  -0.75630E-01   0.31666E-01   0.46864E+01   0.43048E+01
  171     3.3565  11.9026  -0.78528E+00  -0.77011E-01   0.30285E-01   0.46691E+01   0.43008E+01
  172     3.3944  11.9277  -0.79442E+00  -0.78410E-01   0.28887E-01   0.46522E+01   0.42966E+01
  173     3.4326  11.9524  -0.80362E+00  -0.79824E-01   0.27472E-01   0.46355E+01   0.42912E+01
  174     3.4712  11.9768  -0.81288E+00  -0.81256E-01   0.26040E-01   0.46192E+01   0.42848E+01
  175     3.5100  12.0009  -0.82222E+00  -0.82706E-01   0.24590E-01   0.46032E+01   0.42779E+01
  176     3.5492  12.0246  -0.83161E+00  -0.84172E-01   0.23125E-01   0.45875E+01   0.42708E+01
  177     3.5888  12.0481  -0.84108E+00  -0.85660E-01   0.21637E-01   0.45722E+01   0.42626E+01
  178     3.6287  12.0713  -0.85063E+00  -0.87168E-01   0.20128E-01   0.45572E+01   0.42533E+01
  179     3.6689  12.0942  -0.86024E+00  -0.88691E-01   0.18606E-01   0.45425E+01   0.42436E+01
  180     3.7095  12.1169  -0.86992E+00  -0.90235E-01   0.17062E-01   0.45281E+01   0.42336E+01
  181     3.7505  12.1392  -0.87967E+00  -0.91794E-01   0.15502E-01   0.45141E+01   0.42228E+01
  182     3.7918  12.1612  -0.88948E+00  -0.93372E-01   0.13925E-01   0.45003E+01   0.42117E+01
  183     3.8334  12.1830  -0.89937E+00  -0.94971E-01   0.12326E-01   0.44869E+01   0.41994E+01
  184     3.8754  12.2045  -0.90933E+00  -0.96591E-01   0.10706E-01   0.44737E+01   0.41859E+01
  185     3.9178  12.2257  -0.91936E+00  -0.98229E-01   0.90676E-02   0.44609E+01   0.41722E+01
  186     3.9606  12.2467  -0.92946E+00  -0.99886E-01   0.74103E-02   0.44483E+01   0.41578E+01
  187     4.0037  12.2674  -0.93964E+00  -0.10157E+00   0.57309E-02   0.44361E+01   0.41428E+01
  188     4.0472  12.2878  -0.94990E+00  -0.10327E+00   0.40311E-02   0.44242E+01   0.41277E+01
  189     4.0911  12.3080  -0.96022E+00  -0.10499E+00   0.23115E-02   0.44125E+01   0.41108E+01
  190     4.1353  12.3279  -0.97061E+00  -0.10672E+00   0.57248E-03   0.44011E+01   0.40939E+01
  191     4.1800  12.3476  -0.98108E+00  -0.10848E+00  -0.11858E-02   0.43899E+01   0.40764E+01
  192     4.2250  12.3670  -0.99162E+00  -0.11026E+00  -0.29667E-02   0.43791E+01   0.40579E+01
  193     4.2705  12.3862  -0.10022E+01  -0.11207E+00  -0.47686E-02   0.43685E+01   0.40386E+01
  194     4.3163  12.4051  -0.10129E+01  -0.11389E+00  -0.65924E-02   0.43582E+01   0.40187E+01
  195     4.3625  12.4238  -0.10237E+01  -0.11573E+00  -0.84382E-02   0.43481E+01   0.39983E+01
  196     4.4091  12.4423  -0.10345E+01  -0.11760E+00  -0.10301E-01   0.43383E+01   0.39775E+01
  197     4.4561  12.4605  -0.10455E+01  -0.11949E+00  -0.12191E-01   0.43287E+01   0.39558E+01
  198     4.5036  12.4785  -0.10564E+01  -0.12140E+00  -0.14099E-01   0.43195E+01   0.39334E+01
  199     4.5514  12.4962  -0.10675E+01  -0.12332E+00  -0.16028E-01   0.43104E+01   0.39107E+01
  200     4.5997  12.5138  -0.10786E+01  -0.12528E+00  -0.17982E-01   0.43016E+01   0.38869E+01
  201     4.6484  12.5311  -0.10899E+01  -0.12725E+00  -0.19957E-01   0.42930E+01   0.38631E+01
  202     4.6975  12.5482  -0.11012E+01  -0.12925E+00  -0.21956E-01   0.42847E+01   0.38387E+01
  203     4.7470  12.5650  -0.11125E+01  -0.13127E+00  -0.23974E-01   0.42765E+01   0.38141E+01
  204     4.7970  12.5817  -0.11240E+01  -0.13331E+00  -0.26018E-01   0.42686E+01   0.37883E+01
  205     4.8474  12.5981  -0.11355E+01  -0.13538E+00  -0.28085E-01   0.42609E+01   0.37621E+01
  206     4.8982  12.6144  -0.11471E+01  -0.13747E+00  -0.30175E-01   0.42534E+01   0.37354E+01
  207     4.9495  12.6304  -0.11588E+01  -0.13959E+00  -0.32289E-01   0.42461E+01   0.37080E+01
  208     5.0012  12.6462  -0.11706E+01  -0.14173E+00  -0.34429E-01   0.42390E+01   0.36804E+01
  209     5.0534  12.6619  -0.11824E+01  -0.14389E+00  -0.36597E-01   0.42322E+01   0.36523E+01
  210     5.1060  12.6773  -0.11944E+01  -0.14608E+00  -0.38780E-01   0.42255E+01   0.36237E+01
  211     5.1591  12.6925  -0.12064E+01  -0.14829E+00  -0.40989E-01   0.42190E+01   0.35942E+01
  212     5.2126  12.7076  -0.12185E+01  -0.15052E+00  -0.43224E-01   0.42127E+01   0.35643E+01
  213     5.2667  12.7224  -0.12306E+01  -0.15278E+00  -0.45482E-01   0.42065E+01   0.35346E+01
  214     5.3211  12.7371  -0.12429E+01  -0.15507E+00  -0.47769E-01   0.42006E+01   0.35033E+01
  215     5.3761  12.7515  -0.12552E+01  -0.15737E+00  -0.50078E-01   0.41948E+01   0.34722E+01
  216     5.4315  12.7658  -0.12676E+01  -0.15971E+00  -0.52413E-01   0.41891E+01   0.34410E+01
  217     5.4874  12.7799  -0.12801E+01  -0.16207E+00  -0.54771E-01   0.41837E+01   0.34094E+01
  218     5.5438  12.7938  -0.12927E+01  -0.16445E+00  -0.57158E-01   0.41784E+01   0.33771E+01
  219     5.6007  12.8076  -0.13054E+01  -0.16687E+00  -0.59570E-01   0.41732E+01   0.33441E+01
  220     5.6581  12.8211  -0.13181E+01  -0.16930E+00  -0.62005E-01   0.41682E+01   0.33115E+01
  221     5.7160  12.8345  -0.13310E+01  -0.17176E+00  -0.64466E-01   0.41634E+01   0.32782E+01
  222     5.7744  12.8477  -0.13439E+01  -0.17426E+00  -0.66959E-01   0.41587E+01   0.32451E+01
  223     5.8333  12.8608  -0.13569E+01  -0.17677E+00  -0.69474E-01   0.41541E+01   0.32104E+01
  224     5.8927  12.8737  -0.13700E+01  -0.17931E+00  -0.72015E-01   0.41497E+01   0.31761E+01
  225     5.9526  12.8864  -0.13832E+01  -0.18188E+00  -0.74588E-01   0.41454E+01   0.31418E+01
  226     6.0131  12.8990  -0.13964E+01  -0.18448E+00  -0.77184E-01   0.41412E+01   0.31071E+01
  227     6.0740  12.9114  -0.14098E+01  -0.18711E+00  -0.79812E-01   0.41372E+01   0.30719E+01
  228     6.1355  12.9236  -0.14232E+01  -0.18976E+00  -0.82461E-01   0.41333E+01   0.30366E+01
  229     6.1976  12.9357  -0.14367E+01  -0.19243E+00  -0.85135E-01   0.41294E+01   0.30010E+01
  230     6.2602  12.9476  -0.14503E+01  -0.19514E+00  -0.87843E-01   0.41257E+01   0.29651E+01
  231     6.3233  12.9594  -0.14640E+01  -0.19787E+00  -0.90578E-01   0.41222E+01   0.29294E+01
  232     6.3869  12.9710  -0.14778E+01  -0.20064E+00  -0.93342E-01   0.41187E+01   0.28933E+01
  233     6.4512  12.9825  -0.14917E+01  -0.20343E+00  -0.96133E-01   0.41153E+01   0.28573E+01
  234     6.5159  12.9938  -0.15056E+01  -0.20625E+00  -0.98951E-01   0.41121E+01   0.28211E+01
  235     6.5813  13.0050  -0.15197E+01  -0.20910E+00  -0.10180E+00   0.41089E+01   0.27846E+01
  236     6.6472  13.0160  -0.15339E+01  -0.21198E+00  -0.10468E+00   0.41058E+01   0.27475E+01
  237     6.7137  13.0269  -0.15481E+01  -0.21488E+00  -0.10759E+00   0.41028E+01   0.27108E+01
  238     6.7807  13.0377  -0.15624E+01  -0.21782E+00  -0.11052E+00   0.40999E+01   0.26740E+01
  239     6.8484  13.0483  -0.15769E+01  -0.22078E+00  -0.11349E+00   0.40971E+01   0.26366E+01
  240     6.9166  13.0588  -0.15914E+01  -0.22378E+00  -0.11648E+00   0.40944E+01   0.25998E+01
  241     6.9854  13.0691  -0.16060E+01  -0.22680E+00  -0.11951E+00   0.40917E+01   0.25627E+01
  242     7.0549  13.0794  -0.16207E+01  -0.22985E+00  -0.12256E+00   0.40892E+01   0.25254E+01
  243     7.1249  13.0894  -0.16354E+01  -0.23294E+00  -0.12564E+00   0.40867E+01   0.24882E+01
  244     7.1955  13.0994  -0.16503E+01  -0.23605E+00  -0.12875E+00   0.40843E+01   0.24517E+01
  245     7.2668  13.1092  -0.16653E+01  -0.23920E+00  -0.13190E+00   0.40820E+01   0.24142E+01
  246     7.3387  13.1189  -0.16804E+01  -0.24238E+00  -0.13508E+00   0.40798E+01   0.23771E+01
  247     7.4112  13.1285  -0.16955E+01  -0.24558E+00  -0.13828E+00   0.40776E+01   0.23401E+01
  248     7.4843  13.1380  -0.17108E+01  -0.24882E+00  -0.14152E+00   0.40754E+01   0.23033E+01
  249     7.5580  13.1473  -0.17262E+01  -0.25209E+00  -0.14479E+00   0.40734E+01   0.22657E+01
  250     7.6324  13.1565  -0.17416E+01  -0.25539E+00  -0.14809E+00   0.40714E+01   0.22290E+01
  251     7.7075  13.1656  -0.17572E+01  -0.25872E+00  -0.15142E+00   0.40694E+01   0.21926E+01
  252     7.7832  13.1746  -0.17728E+01  -0.26208E+00  -0.15479E+00   0.40675E+01   0.21556E+01
  253     7.8596  13.1834  -0.17886E+01  -0.26548E+00  -0.15818E+00   0.40657E+01   0.21188E+01
  254     7.9366  13.1922  -0.18044E+01  -0.26890E+00  -0.16161E+00   0.40640E+01   0.20825E+01
  255     8.0143  13.2008  -0.18204E+01  -0.27236E+00  -0.16507E+00   0.40622E+01   0.20465E+01
  256     8.0926  13.2093  -0.18364E+01  -0.27586E+00  -0.16856E+00   0.40606E+01   0.20103E+01
  257     8.1717  13.2178  -0.18526E+01  -0.27937E+00  -0.17208E+00   0.40589E+01   0.19746E+01
  258     8.2514  13.2261  -0.18688E+01  -0.28293E+00  -0.17563E+00   0.40574E+01   0.19385E+01
  259     8.3319  13.2343  -0.18852E+01  -0.28653E+00  -0.17923E+00   0.40559E+01   0.19031E+01
  260     8.4130  13.2424  -0.19016E+01  -0.29015E+00  -0.18285E+00   0.40544E+01   0.18676E+01
  261     8.4948  13.2503  -0.19182E+01  -0.29381E+00  -0.18651E+00   0.40530E+01   0.18327E+01
  262     8.5774  13.2582  -0.19348E+01  -0.29750E+00  -0.19020E+00   0.40516E+01   0.17974E+01
  263     8.6606  13.2660  -0.19516E+01  -0.30122E+00  -0.19392E+00   0.40502E+01   0.17625E+01
  264     8.7446  13.2737  -0.19684E+01  -0.30497E+00  -0.19768E+00   0.40489E+01   0.17278E+01
  265     8.8293  13.2813  -0.19854E+01  -0.30877E+00  -0.20147E+00   0.40476E+01   0.16937E+01
  266     8.9148  13.2888  -0.20024E+01  -0.31259E+00  -0.20529E+00   0.40464E+01   0.16601E+01
  267     9.0010  13.2962  -0.20196E+01  -0.31645E+00  -0.20915E+00   0.40452E+01   0.16263E+01
  268     9.0879  13.3035  -0.20369E+01  -0.32034E+00  -0.21304E+00   0.40440E+01   0.15932E+01
  269     9.1756  13.3107  -0.20543E+01  -0.32427E+00  -0.21697E+00   0.40429E+01   0.15603E+01
  270     9.2641  13.3178  -0.20718E+01  -0.32824E+00  -0.22094E+00   0.40418E+01   0.15273E+01
  271     9.3534  13.3248  -0.20893E+01  -0.33223E+00  -0.22494E+00   0.40408E+01   0.14949E+01
  272     9.4434  13.3317  -0.21070E+01  -0.33627E+00  -0.22897E+00   0.40397E+01   0.14631E+01
  273     9.5342  13.3386  -0.21249E+01  -0.34035E+00  -0.23305E+00   0.40387E+01   0.14302E+01
  274     9.6257  13.3453  -0.21428E+01  -0.34444E+00  -0.23714E+00   0.40378E+01   0.13993E+01
  275     9.7181  13.3520  -0.21608E+01  -0.34859E+00  -0.24129E+00   0.40368E+01   0.13681E+01
  276     9.8113  13.3586  -0.21789E+01  -0.35276E+00  -0.24547E+00   0.40359E+01   0.13369E+01
  277     9.9053  13.3651  -0.21971E+01  -0.35697E+00  -0.24967E+00   0.40350E+01   0.13070E+01
  278    10.0001  13.3715  -0.22155E+01  -0.36122E+00  -0.25392E+00   0.40341E+01   0.12765E+01
  279    10.0957  13.3778  -0.22340E+01  -0.36551E+00  -0.25821E+00   0.40333E+01   0.12470E+01
  280    10.1922  13.3841  -0.22525E+01  -0.36983E+00  -0.26254E+00   0.40325E+01   0.12183E+01
  281    10.2895  13.3902  -0.22712E+01  -0.37419E+00  -0.26690E+00   0.40317E+01   0.11888E+01
  282    10.3877  13.3963  -0.22900E+01  -0.37859E+00  -0.27129E+00   0.40309E+01   0.11596E+01
  283    10.4867  13.4023  -0.23089E+01  -0.38302E+00  -0.27572E+00   0.40302E+01   0.11319E+01
  284    10.5865  13.4083  -0.23280E+01  -0.38750E+00  -0.28021E+00   0.40294E+01   0.11041E+01
  285    10.6873  13.4141  -0.23471E+01  -0.39199E+00  -0.28469E+00   0.40287E+01   0.10767E+01
  286    10.7889  13.4199  -0.23663E+01  -0.39654E+00  -0.28924E+00   0.40280E+01   0.10498E+01
  287    10.8914  13.4256  -0.23857E+01  -0.40113E+00  -0.29383E+00   0.40274E+01   0.10228E+01
  288    10.9947  13.4312  -0.24052E+01  -0.40575E+00  -0.29846E+00   0.40267E+01   0.99685E+00
  289    11.0990  13.4368  -0.24248E+01  -0.41041E+00  -0.30312E+00   0.40261E+01   0.97143E+00
  290    11.2042  13.4423  -0.24445E+01  -0.41512E+00  -0.30783E+00   0.40255E+01   0.94559E+00
  291    11.3103  13.4477  -0.24643E+01  -0.41985E+00  -0.31256E+00   0.40249E+01   0.92056E+00
  292    11.4173  13.4530  -0.24842E+01  -0.42462E+00  -0.31733E+00   0.40243E+01   0.89616E+00
  293    11.5253  13.4583  -0.25043E+01  -0.42944E+00  -0.32215E+00   0.40237E+01   0.87176E+00
  294    11.6342  13.4635  -0.25245E+01  -0.43430E+00  -0.32701E+00   0.40232E+01   0.84807E+00
  295    11.7440  13.4687  -0.25448E+01  -0.43920E+00  -0.33190E+00   0.40227E+01   0.82509E+00
  296    11.8548  13.4738  -0.25652E+01  -0.44413E+00  -0.33683E+00   0.40221E+01   0.80180E+00
  297    11.9666  13.4788  -0.25858E+01  -0.44910E+00  -0.34181E+00   0.40216E+01   0.77945E+00
  298    12.0793  13.4837  -0.26065E+01  -0.45412E+00  -0.34683E+00   0.40211E+01   0.75740E+00
  299    12.1930  13.4886  -0.26272E+01  -0.45918E+00  -0.35188E+00   0.40207E+01   0.73583E+00
  300    12.3077  13.4934  -0.26482E+01  -0.46428E+00  -0.35698E+00   0.40202E+01   0.71442E+00
  301    12.4234  13.4982  -0.26692E+01  -0.46943E+00  -0.36213E+00   0.40197E+01   0.69348E+00
  302    12.5401  13.5029  -0.26903E+01  -0.47459E+00  -0.36730E+00   0.40193E+01   0.67321E+00
  303    12.6578  13.5075  -0.27116E+01  -0.47981E+00  -0.37251E+00   0.40189E+01   0.65308E+00
  304    12.7766  13.5121  -0.27330E+01  -0.48507E+00  -0.37778E+00   0.40184E+01   0.63317E+00
  305    12.8963  13.5166  -0.27545E+01  -0.49037E+00  -0.38308E+00   0.40180E+01   0.61425E+00
  306    13.0172  13.5211  -0.27762E+01  -0.49572E+00  -0.38842E+00   0.40176E+01   0.59563E+00
  307    13.1390  13.5255  -0.27980E+01  -0.50110E+00  -0.39380E+00   0.40173E+01   0.57705E+00
  308    13.2619  13.5298  -0.28199E+01  -0.50653E+00  -0.39923E+00   0.40169E+01   0.55930E+00
  309    13.3859  13.5341  -0.28420E+01  -0.51201E+00  -0.40471E+00   0.40165E+01   0.54138E+00
  310    13.5110  13.5383  -0.28641E+01  -0.51751E+00  -0.41022E+00   0.40162E+01   0.52444E+00
  311    13.6372  13.5425  -0.28864E+01  -0.52309E+00  -0.41579E+00   0.40158E+01   0.50748E+00
  312    13.7644  13.5466  -0.29088E+01  -0.52866E+00  -0.42136E+00   0.40155E+01   0.49109E+00
  313    13.8928  13.5507  -0.29313E+01  -0.53431E+00  -0.42701E+00   0.40151E+01   0.47552E+00
  314    14.0223  13.5547  -0.29541E+01  -0.54000E+00  -0.43271E+00   0.40148E+01   0.45963E+00
  315    14.1529  13.5587  -0.29769E+01  -0.54573E+00  -0.43843E+00   0.40145E+01   0.44422E+00
  316    14.2846  13.5626  -0.29999E+01  -0.55154E+00  -0.44424E+00   0.40142E+01   0.42924E+00
  317    14.4175  13.5665  -0.30230E+01  -0.55735E+00  -0.45005E+00   0.40139E+01   0.41469E+00
  318    14.5515  13.5703  -0.30461E+01  -0.56318E+00  -0.45588E+00   0.40136E+01   0.40063E+00
  319    14.6867  13.5741  -0.30694E+01  -0.56908E+00  -0.46178E+00   0.40133E+01   0.38684E+00
  320    14.8231  13.5778  -0.30929E+01  -0.57503E+00  -0.46773E+00   0.40131E+01   0.37368E+00
  321    14.9607  13.5815  -0.31165E+01  -0.58102E+00  -0.47373E+00   0.40128E+01   0.36025E+00
  322    15.0994  13.5851  -0.31403E+01  -0.58707E+00  -0.47977E+00   0.40125E+01   0.34752E+00
  323    15.2394  13.5887  -0.31643E+01  -0.59319E+00  -0.48589E+00   0.40123E+01   0.33531E+00
  324    15.3806  13.5922  -0.31882E+01  -0.59928E+00  -0.49199E+00   0.40120E+01   0.32315E+00
  325    15.5230  13.5957  -0.32123E+01  -0.60546E+00  -0.49816E+00   0.40118E+01   0.31096E+00
  326    15.6666  13.5991  -0.32367E+01  -0.61171E+00  -0.50441E+00   0.40116E+01   0.29994E+00
  327    15.8115  13.6025  -0.32611E+01  -0.61796E+00  -0.51066E+00   0.40113E+01   0.28894E+00
  328    15.9577  13.6059  -0.32856E+01  -0.62427E+00  -0.51697E+00   0.40111E+01   0.27809E+00
  329    16.1051  13.6092  -0.33104E+01  -0.63063E+00  -0.52334E+00   0.40109E+01   0.26787E+00
  330    16.2538  13.6124  -0.33352E+01  -0.63705E+00  -0.52975E+00   0.40107E+01   0.25766E+00
  331    16.4038  13.6157  -0.33602E+01  -0.64351E+00  -0.53621E+00   0.40105E+01   0.24783E+00
  332    16.5551  13.6188  -0.33855E+01  -0.65005E+00  -0.54275E+00   0.40103E+01   0.23817E+00
  333    16.7078  13.6220  -0.34107E+01  -0.65655E+00  -0.54926E+00   0.40101E+01   0.22893E+00
  334    16.8617  13.6251  -0.34361E+01  -0.66316E+00  -0.55586E+00   0.40099E+01   0.22001E+00
  335    17.0170  13.6281  -0.34616E+01  -0.66980E+00  -0.56250E+00   0.40097E+01   0.21136E+00
  336    17.1736  13.6312  -0.34873E+01  -0.67648E+00  -0.56918E+00   0.40095E+01   0.20295E+00
  337    17.3316  13.6342  -0.35133E+01  -0.68325E+00  -0.57596E+00   0.40093E+01   0.19483E+00
  338    17.4910  13.6371  -0.35393E+01  -0.69004E+00  -0.58275E+00   0.40091E+01   0.18694E+00
  339    17.6518  13.6400  -0.35654E+01  -0.69689E+00  -0.58959E+00   0.40090E+01   0.17927E+00
  340    17.8139  13.6429  -0.35917E+01  -0.70377E+00  -0.59648E+00   0.40088E+01   0.17184E+00
  341    17.9775  13.6457  -0.36182E+01  -0.71071E+00  -0.60341E+00   0.40086E+01   0.16484E+00
  342    18.1425  13.6485  -0.36448E+01  -0.71769E+00  -0.61040E+00   0.40085E+01   0.15795E+00
  343    18.3089  13.6513  -0.36715E+01  -0.72473E+00  -0.61743E+00   0.40083E+01   0.15133E+00
  344    18.4768  13.6540  -0.36985E+01  -0.73185E+00  -0.62455E+00   0.40082E+01   0.14487E+00
  345    18.6461  13.6567  -0.37255E+01  -0.73898E+00  -0.63169E+00   0.40080E+01   0.13869E+00
  346    18.8169  13.6593  -0.37527E+01  -0.74617E+00  -0.63887E+00   0.40079E+01   0.13270E+00
  347    18.9892  13.6619  -0.37801E+01  -0.75341E+00  -0.64611E+00   0.40077E+01   0.12692E+00
  348    19.1630  13.6645  -0.38076E+01  -0.76070E+00  -0.65340E+00   0.40076E+01   0.12138E+00
  349    19.3383  13.6671  -0.38352E+01  -0.76804E+00  -0.66075E+00   0.40075E+01   0.11603E+00
  350    19.5151  13.6696  -0.38631E+01  -0.77544E+00  -0.66814E+00   0.40073E+01   0.11086E+00
  351    19.6934  13.6721  -0.38911E+01  -0.78289E+00  -0.67560E+00   0.40072E+01   0.10586E+00
  352    19.8734  13.6745  -0.39192E+01  -0.79038E+00  -0.68309E+00   0.40071E+01   0.10108E+00
  353    20.0548  13.6770  -0.39475E+01  -0.79794E+00  -0.69065E+00   0.40070E+01   0.96496E-01
  354    20.2379  13.6794  -0.39759E+01  -0.80555E+00  -0.69825E+00   0.40068E+01   0.92068E-01
  355    20.4225  13.6817  -0.40046E+01  -0.81323E+00  -0.70593E+00   0.40067E+01   0.87815E-01
  356    20.6088  13.6840  -0.40333E+01  -0.82091E+00  -0.71361E+00   0.40066E+01   0.83715E-01
  357    20.7966  13.6863  -0.40623E+01  -0.82869E+00  -0.72139E+00   0.40065E+01   0.79721E-01
  358    20.9861  13.6886  -0.40913E+01  -0.83657E+00  -0.72927E+00   0.40000E+01   0.75997E-01
  359    21.1773  13.6909  -0.41206E+01  -0.84444E+00  -0.73714E+00   0.40000E+01   0.72379E-01
  360    21.3701  13.6931  -0.41500E+01  -0.85236E+00  -0.74507E+00   0.40000E+01   0.68890E-01
  361    21.5646  13.6953  -0.41795E+01  -0.86034E+00  -0.75304E+00   0.40000E+01   0.65555E-01
  362    21.7607  13.6974  -0.42092E+01  -0.86836E+00  -0.76106E+00   0.40000E+01   0.62356E-01
  363    21.9586  13.6995  -0.42391E+01  -0.87644E+00  -0.76915E+00   0.40000E+01   0.59311E-01
  364    22.1582  13.7016  -0.42692E+01  -0.88459E+00  -0.77729E+00   0.40000E+01   0.56372E-01
  365    22.3596  13.7037  -0.42994E+01  -0.89278E+00  -0.78548E+00   0.40000E+01   0.53575E-01
  366    22.5626  13.7058  -0.43298E+01  -0.90103E+00  -0.79373E+00   0.40000E+01   0.50866E-01
  367    22.7675  13.7078  -0.43603E+01  -0.90933E+00  -0.80203E+00   0.40000E+01   0.48279E-01
  368    22.9741  13.7098  -0.43911E+01  -0.91770E+00  -0.81041E+00   0.40000E+01   0.45846E-01
  369    23.1825  13.7117  -0.44219E+01  -0.92610E+00  -0.81880E+00   0.40000E+01   0.43487E-01
  370    23.3928  13.7137  -0.44530E+01  -0.93458E+00  -0.82729E+00   0.40000E+01   0.41189E-01
  371    23.6049  13.7156  -0.44842E+01  -0.94311E+00  -0.83581E+00   0.40000E+01   0.39097E-01
  372    23.8188  13.7175  -0.45156E+01  -0.95169E+00  -0.84439E+00   0.40000E+01   0.37043E-01
  373    24.0345  13.7194  -0.45472E+01  -0.96033E+00  -0.85304E+00   0.40000E+01   0.35071E-01
  374    24.2522  13.7212  -0.45789E+01  -0.96903E+00  -0.86173E+00   0.40000E+01   0.33212E-01
  375    24.4717  13.7230  -0.46108E+01  -0.97779E+00  -0.87049E+00   0.40000E+01   0.31440E-01
  376    24.6932  13.7248  -0.46429E+01  -0.98660E+00  -0.87930E+00   0.40000E+01   0.29725E-01
  377    24.9166  13.7266  -0.46751E+01  -0.99547E+00  -0.88818E+00   0.40000E+01   0.28104E-01
  378    25.1419  13.7284  -0.47075E+01  -0.10044E+01  -0.89710E+00   0.40000E+01   0.26573E-01
  379    25.3691  13.7301  -0.47401E+01  -0.10134E+01  -0.90608E+00   0.40000E+01   0.25117E-01
  380    25.5984  13.7318  -0.47729E+01  -0.10224E+01  -0.91512E+00   0.40000E+01   0.23729E-01
  381    25.8296  13.7335  -0.48059E+01  -0.10315E+01  -0.92425E+00   0.40000E+01   0.22382E-01
  382    26.0629  13.7351  -0.48390E+01  -0.10407E+01  -0.93340E+00   0.40000E+01   0.21142E-01
  383    26.2982  13.7368  -0.48722E+01  -0.10499E+01  -0.94258E+00   0.40000E+01   0.19945E-01
  384    26.5355  13.7384  -0.49058E+01  -0.10592E+01  -0.95192E+00   0.40000E+01   0.18793E-01
  385    26.7749  13.7400  -0.49395E+01  -0.10686E+01  -0.96126E+00   0.40000E+01   0.17721E-01
  386    27.0164  13.7416  -0.49733E+01  -0.10780E+01  -0.97065E+00   0.40000E+01   0.16684E-01
  387    27.2599  13.7431  -0.50073E+01  -0.10874E+01  -0.98011E+00   0.40000E+01   0.15733E-01
  388    27.5056  13.7447  -0.50416E+01  -0.10969E+01  -0.98964E+00   0.40000E+01   0.14784E-01
  389    27.7534  13.7462  -0.50761E+01  -0.11066E+01  -0.99928E+00   0.40000E+01   0.13908E-01
  390    28.0034  13.7477  -0.51105E+01  -0.11161E+01  -0.10088E+01   0.40000E+01   0.13076E-01
  391    28.2556  13.7492  -0.51452E+01  -0.11258E+01  -0.10186E+01   0.40000E+01   0.12310E-01
  392    28.5099  13.7506  -0.51801E+01  -0.11356E+01  -0.10283E+01   0.40000E+01   0.11561E-01
  393    28.7665  13.7521  -0.52153E+01  -0.11454E+01  -0.10381E+01   0.40000E+01   0.10853E-01
  394    29.0253  13.7535  -0.52505E+01  -0.11553E+01  -0.10480E+01   0.40000E+01   0.10193E-01
  395    29.2863  13.7549  -0.52859E+01  -0.11652E+01  -0.10579E+01   0.40000E+01   0.95627E-02
  396    29.5496  13.7563  -0.53216E+01  -0.11752E+01  -0.10679E+01   0.40000E+01   0.89772E-02
  397    29.8152  13.7577  -0.53575E+01  -0.11853E+01  -0.10780E+01   0.40000E+01   0.84196E-02
  398    30.0831  13.7590  -0.53935E+01  -0.11954E+01  -0.10881E+01   0.40000E+01   0.78961E-02
  399    30.3534  13.7604  -0.54297E+01  -0.12056E+01  -0.10983E+01   0.40000E+01   0.73842E-02
  400    30.6259  13.7617  -0.54662E+01  -0.12159E+01  -0.11086E+01   0.40000E+01   0.69172E-02
