    1     0.0001   0.0014  -0.15259E-04  -0.46595E-06   0.10469E+00   0.12619E+02   0.11444E+01
    2     0.0088   0.1221  -0.11429E-02   0.59537E-05   0.10470E+00   0.12541E+02   0.10074E+01
    3     0.0176   0.2423  -0.23899E-02  -0.94744E-05   0.10468E+00   0.12464E+02   0.10665E+01
    4     0.0264   0.3621  -0.36905E-02  -0.30055E-04   0.10466E+00   0.12388E+02   0.11072E+01
    5     0.0353   0.4814  -0.50484E-02  -0.56875E-04   0.10463E+00   0.12312E+02   0.11472E+01
    6     0.0443   0.6003  -0.64458E-02  -0.85820E-04   0.10461E+00   0.12236E+02   0.11820E+01
    7     0.0534   0.7188  -0.78801E-02  -0.11630E-03   0.10457E+00   0.12161E+02   0.12135E+01
    8     0.0626   0.8368  -0.93502E-02  -0.14796E-03   0.10454E+00   0.12086E+02   0.12439E+01
    9     0.0718   0.9543  -0.10854E-01  -0.18044E-03   0.10451E+00   0.12012E+02   0.12738E+01
   10     0.0811   1.0713  -0.12393E-01  -0.21392E-03   0.10448E+00   0.11938E+02   0.13028E+01
   11     0.0905   1.1879  -0.13963E-01  -0.24814E-03   0.10444E+00   0.11864E+02   0.13314E+01
   12     0.1000   1.3039  -0.15566E-01  -0.28277E-03   0.10441E+00   0.11790E+02   0.13594E+01
   13     0.1096   1.4195  -0.17202E-01  -0.31800E-03   0.10437E+00   0.11717E+02   0.13875E+01
   14     0.1192   1.5346  -0.18869E-01  -0.35369E-03   0.10434E+00   0.11644E+02   0.14156E+01
   15     0.1290   1.6491  -0.20577E-01  -0.39243E-03   0.10430E+00   0.11572E+02   0.14438E+01
   16     0.1388   1.7632  -0.22305E-01  -0.42896E-03   0.10426E+00   0.11499E+02   0.14718E+01
   17     0.1487   1.8767  -0.24066E-01  -0.46664E-03   0.10422E+00   0.11427E+02   0.14994E+01
   18     0.1587   1.9897  -0.25859E-01  -0.50512E-03   0.10419E+00   0.11356E+02   0.15276E+01
   19     0.1687   2.1021  -0.27684E-01  -0.54441E-03   0.10415E+00   0.11284E+02   0.15557E+01
   20     0.1789   2.2140  -0.29540E-01  -0.58505E-03   0.10411E+00   0.11213E+02   0.15837E+01
   21     0.1891   2.3254  -0.31429E-01  -0.62627E-03   0.10406E+00   0.11142E+02   0.16123E+01
   22     0.1995   2.4362  -0.33349E-01  -0.66848E-03   0.10402E+00   0.11072E+02   0.16407E+01
   23     0.2099   2.5465  -0.35301E-01  -0.71206E-03   0.10398E+00   0.11001E+02   0.16694E+01
   24     0.2204   2.6562  -0.37285E-01  -0.75705E-03   0.10393E+00   0.10932E+02   0.16983E+01
   25     0.2310   2.7653  -0.39301E-01  -0.80326E-03   0.10389E+00   0.10862E+02   0.17274E+01
   26     0.2417   2.8738  -0.41350E-01  -0.85142E-03   0.10384E+00   0.10793E+02   0.17569E+01
   27     0.2525   2.9818  -0.43432E-01  -0.90094E-03   0.10379E+00   0.10724E+02   0.17863E+01
   28     0.2634   3.0892  -0.45546E-01  -0.95217E-03   0.10374E+00   0.10655E+02   0.18162E+01
   29     0.2744   3.1959  -0.47693E-01  -0.10052E-02   0.10369E+00   0.10587E+02   0.18463E+01
   30     0.2855   3.3021  -0.49875E-01  -0.10604E-02   0.10363E+00   0.10519E+02   0.18767E+01
   31     0.2967   3.4077  -0.52089E-01  -0.11177E-02   0.10357E+00   0.10451E+02   0.19072E+01
   32     0.3079   3.5127  -0.54338E-01  -0.11775E-02   0.10351E+00   0.10384E+02   0.19380E+01
   33     0.3193   3.6170  -0.56609E-01  -0.12366E-02   0.10345E+00   0.10316E+02   0.19693E+01
   34     0.3308   3.7207  -0.58927E-01  -0.13009E-02   0.10339E+00   0.10250E+02   0.20006E+01
   35     0.3423   3.8238  -0.61280E-01  -0.13679E-02   0.10332E+00   0.10183E+02   0.20318E+01
   36     0.3540   3.9263  -0.63667E-01  -0.14376E-02   0.10325E+00   0.10117E+02   0.20638E+01
   37     0.3658   4.0281  -0.66089E-01  -0.15102E-02   0.10318E+00   0.10052E+02   0.20959E+01
   38     0.3777   4.1293  -0.68547E-01  -0.15860E-02   0.10310E+00   0.99863E+01   0.21283E+01
   39     0.3896   4.2299  -0.71040E-01  -0.16645E-02   0.10303E+00   0.99213E+01   0.21609E+01
   40     0.4017   4.3298  -0.73569E-01  -0.17463E-02   0.10294E+00   0.98566E+01   0.21938E+01
   41     0.4139   4.4291  -0.76135E-01  -0.18317E-02   0.10286E+00   0.97923E+01   0.22270E+01
   42     0.4262   4.5276  -0.78737E-01  -0.19202E-02   0.10277E+00   0.97284E+01   0.22606E+01
   43     0.4386   4.6256  -0.81377E-01  -0.20130E-02   0.10268E+00   0.96648E+01   0.22940E+01
   44     0.4511   4.7229  -0.84052E-01  -0.21091E-02   0.10258E+00   0.96015E+01   0.23279E+01
   45     0.4637   4.8195  -0.86766E-01  -0.22091E-02   0.10248E+00   0.95386E+01   0.23622E+01
   46     0.4764   4.9154  -0.89514E-01  -0.23126E-02   0.10238E+00   0.94761E+01   0.23968E+01
   47     0.4893   5.0106  -0.92300E-01  -0.24200E-02   0.10227E+00   0.94139E+01   0.24316E+01
   48     0.5022   5.1052  -0.95123E-01  -0.25317E-02   0.10216E+00   0.93520E+01   0.24666E+01
   49     0.5153   5.1991  -0.97984E-01  -0.26473E-02   0.10204E+00   0.92905E+01   0.25018E+01
   50     0.5285   5.2923  -0.10088E+00  -0.27669E-02   0.10192E+00   0.92294E+01   0.25375E+01
   51     0.5417   5.3849  -0.10382E+00  -0.28910E-02   0.10180E+00   0.91687E+01   0.25731E+01
   52     0.5552   5.4767  -0.10680E+00  -0.30200E-02   0.10167E+00   0.91083E+01   0.26091E+01
   53     0.5687   5.5679  -0.10981E+00  -0.31539E-02   0.10154E+00   0.90483E+01   0.26456E+01
   54     0.5823   5.6583  -0.11287E+00  -0.32922E-02   0.10140E+00   0.89886E+01   0.26818E+01
   55     0.5961   5.7481  -0.11596E+00  -0.34353E-02   0.10126E+00   0.89294E+01   0.27186E+01
   56     0.6099   5.8371  -0.11910E+00  -0.35837E-02   0.10111E+00   0.88706E+01   0.27557E+01
   57     0.6239   5.9255  -0.12227E+00  -0.37372E-02   0.10095E+00   0.88121E+01   0.27929E+01
   58     0.6381   6.0132  -0.12549E+00  -0.38962E-02   0.10079E+00   0.87539E+01   0.28304E+01
   59     0.6523   6.1001  -0.12875E+00  -0.40604E-02   0.10063E+00   0.86962E+01   0.28681E+01
   60     0.6667   6.1864  -0.13204E+00  -0.42305E-02   0.10046E+00   0.86388E+01   0.29060E+01
   61     0.6812   6.2719  -0.13538E+00  -0.44059E-02   0.10029E+00   0.85818E+01   0.29442E+01
   62     0.6958   6.3568  -0.13876E+00  -0.45872E-02   0.10010E+00   0.85252E+01   0.29824E+01
   63     0.7105   6.4409  -0.14218E+00  -0.47741E-02   0.99917E-01   0.84689E+01   0.30211E+01
   64     0.7254   6.5244  -0.14564E+00  -0.49660E-02   0.99725E-01   0.84131E+01   0.30593E+01
   65     0.7404   6.6071  -0.14915E+00  -0.51643E-02   0.99527E-01   0.83577E+01   0.30979E+01
   66     0.7555   6.6891  -0.15269E+00  -0.53683E-02   0.99323E-01   0.83026E+01   0.31368E+01
   67     0.7708   6.7704  -0.15628E+00  -0.55791E-02   0.99112E-01   0.82479E+01   0.31763E+01
   68     0.7862   6.8511  -0.15992E+00  -0.57968E-02   0.98894E-01   0.81936E+01   0.32166E+01
   69     0.8017   6.9310  -0.16359E+00  -0.60213E-02   0.98670E-01   0.81397E+01   0.32564E+01
   70     0.8174   7.0102  -0.16732E+00  -0.62524E-02   0.98439E-01   0.80862E+01   0.32949E+01
   71     0.8332   7.0886  -0.17108E+00  -0.64894E-02   0.98202E-01   0.80331E+01   0.33314E+01
   72     0.8491   7.1664  -0.17488E+00  -0.67318E-02   0.97959E-01   0.79804E+01   0.33671E+01
   73     0.8652   7.2435  -0.17873E+00  -0.69812E-02   0.97710E-01   0.79281E+01   0.34050E+01
   74     0.8814   7.3199  -0.18262E+00  -0.72377E-02   0.97453E-01   0.78761E+01   0.34468E+01
   75     0.8977   7.3956  -0.18656E+00  -0.75015E-02   0.97189E-01   0.78246E+01   0.34912E+01
   76     0.9142   7.4705  -0.19054E+00  -0.77725E-02   0.96918E-01   0.77734E+01   0.35356E+01
   77     0.9309   7.5448  -0.19457E+00  -0.80510E-02   0.96640E-01   0.77226E+01   0.35772E+01
   78     0.9477   7.6184  -0.19864E+00  -0.83372E-02   0.96354E-01   0.76722E+01   0.36171E+01
   79     0.9646   7.6913  -0.20276E+00  -0.86306E-02   0.96060E-01   0.76222E+01   0.36567E+01
   80     0.9817   7.7635  -0.20693E+00  -0.89326E-02   0.95758E-01   0.75726E+01   0.36970E+01
   81     0.9989   7.8350  -0.21114E+00  -0.92419E-02   0.95449E-01   0.75234E+01   0.37382E+01
   82     1.0163   7.9058  -0.21539E+00  -0.95569E-02   0.95134E-01   0.74745E+01   0.37793E+01
   83     1.0338   7.9759  -0.21967E+00  -0.98773E-02   0.94814E-01   0.74260E+01   0.38199E+01
   84     1.0515   8.0453  -0.22401E+00  -0.10208E-01   0.94483E-01   0.73779E+01   0.38603E+01
   85     1.0693   8.1141  -0.22843E+00  -0.10554E-01   0.94137E-01   0.73304E+01   0.39007E+01
   86     1.0873   8.1821  -0.23290E+00  -0.10911E-01   0.93780E-01   0.72833E+01   0.39409E+01
   87     1.1055   8.2495  -0.23735E+00  -0.11258E-01   0.93433E-01   0.72362E+01   0.39819E+01
   88     1.1238   8.3162  -0.24174E+00  -0.11581E-01   0.93110E-01   0.71890E+01   0.40238E+01
   89     1.1423   8.3823  -0.24614E+00  -0.11903E-01   0.92787E-01   0.71420E+01   0.40659E+01
   90     1.1609   8.4477  -0.25071E+00  -0.12269E-01   0.92422E-01   0.70960E+01   0.41071E+01
   91     1.1797   8.5124  -0.25553E+00  -0.12700E-01   0.91991E-01   0.70514E+01   0.41463E+01
   92     1.1986   8.5764  -0.26046E+00  -0.13155E-01   0.91536E-01   0.70074E+01   0.41849E+01
   93     1.2177   8.6398  -0.26530E+00  -0.13583E-01   0.91107E-01   0.69632E+01   0.42242E+01
   94     1.2370   8.7025  -0.27009E+00  -0.13991E-01   0.90699E-01   0.69188E+01   0.42645E+01
   95     1.2565   8.7646  -0.27492E+00  -0.14407E-01   0.90283E-01   0.68749E+01   0.43050E+01
   96     1.2761   8.8260  -0.27984E+00  -0.14843E-01   0.89848E-01   0.68314E+01   0.43452E+01
   97     1.2959   8.8868  -0.28482E+00  -0.15291E-01   0.89400E-01   0.67885E+01   0.43852E+01
   98     1.3158   8.9469  -0.28984E+00  -0.15745E-01   0.88946E-01   0.67458E+01   0.44236E+01
   99     1.3360   9.0065  -0.29490E+00  -0.16206E-01   0.88485E-01   0.67035E+01   0.44620E+01
  100     1.3563   9.0653  -0.30001E+00  -0.16677E-01   0.88013E-01   0.66616E+01   0.45044E+01
  101     1.3767   9.1236  -0.30517E+00  -0.17159E-01   0.87532E-01   0.66201E+01   0.45513E+01
  102     1.3974   9.1812  -0.31038E+00  -0.17650E-01   0.87041E-01   0.65789E+01   0.45946E+01
  103     1.4183   9.2382  -0.31564E+00  -0.18150E-01   0.86540E-01   0.65381E+01   0.46286E+01
  104     1.4393   9.2945  -0.32096E+00  -0.18663E-01   0.86028E-01   0.64977E+01   0.46591E+01
  105     1.4605   9.3503  -0.32633E+00  -0.19186E-01   0.85505E-01   0.64578E+01   0.46945E+01
  106     1.4819   9.4054  -0.33175E+00  -0.19719E-01   0.84972E-01   0.64181E+01   0.47339E+01
  107     1.5035   9.4600  -0.33721E+00  -0.20260E-01   0.84431E-01   0.63789E+01   0.47724E+01
  108     1.5252   9.5139  -0.34273E+00  -0.20812E-01   0.83879E-01   0.63400E+01   0.48092E+01
  109     1.5472   9.5673  -0.34830E+00  -0.21375E-01   0.83315E-01   0.63015E+01   0.48458E+01
  110     1.5693   9.6200  -0.35392E+00  -0.21949E-01   0.82742E-01   0.62634E+01   0.48826E+01
  111     1.5917   9.6722  -0.35959E+00  -0.22534E-01   0.82157E-01   0.62257E+01   0.49192E+01
  112     1.6142   9.7238  -0.36532E+00  -0.23129E-01   0.81562E-01   0.61883E+01   0.49554E+01
  113     1.6369   9.7748  -0.37111E+00  -0.23737E-01   0.80954E-01   0.61513E+01   0.49914E+01
  114     1.6598   9.8252  -0.37694E+00  -0.24356E-01   0.80335E-01   0.61147E+01   0.50267E+01
  115     1.6830   9.8751  -0.38283E+00  -0.24985E-01   0.79706E-01   0.60784E+01   0.50611E+01
  116     1.7063   9.9244  -0.38877E+00  -0.25625E-01   0.79066E-01   0.60425E+01   0.50952E+01
  117     1.7298   9.9731  -0.39476E+00  -0.26277E-01   0.78414E-01   0.60070E+01   0.51291E+01
  118     1.7536  10.0213  -0.40081E+00  -0.26940E-01   0.77751E-01   0.59719E+01   0.51625E+01
  119     1.7775  10.0689  -0.40691E+00  -0.27615E-01   0.77076E-01   0.59371E+01   0.51957E+01
  120     1.8016  10.1160  -0.41307E+00  -0.28302E-01   0.76389E-01   0.59027E+01   0.52281E+01
  121     1.8260  10.1626  -0.41928E+00  -0.29000E-01   0.75691E-01   0.58686E+01   0.52602E+01
  122     1.8506  10.2086  -0.42554E+00  -0.29710E-01   0.74981E-01   0.58349E+01   0.52915E+01
  123     1.8753  10.2541  -0.43186E+00  -0.30434E-01   0.74257E-01   0.58016E+01   0.53224E+01
  124     1.9003  10.2990  -0.43824E+00  -0.31170E-01   0.73521E-01   0.57687E+01   0.53528E+01
  125     1.9256  10.3434  -0.44468E+00  -0.31917E-01   0.72774E-01   0.57361E+01   0.53828E+01
  126     1.9510  10.3873  -0.45116E+00  -0.32675E-01   0.72016E-01   0.57039E+01   0.54117E+01
  127     1.9766  10.4307  -0.45770E+00  -0.33445E-01   0.71246E-01   0.56720E+01   0.54404E+01
  128     2.0025  10.4736  -0.46429E+00  -0.34229E-01   0.70462E-01   0.56405E+01   0.54685E+01
  129     2.0286  10.5160  -0.47095E+00  -0.35027E-01   0.69664E-01   0.56093E+01   0.54957E+01
  130     2.0550  10.5579  -0.47766E+00  -0.35837E-01   0.68854E-01   0.55786E+01   0.55226E+01
  131     2.0815  10.5993  -0.48443E+00  -0.36659E-01   0.68032E-01   0.55482E+01   0.55488E+01
  132     2.1083  10.6402  -0.49125E+00  -0.37494E-01   0.67197E-01   0.55181E+01   0.55742E+01
  133     2.1353  10.6806  -0.49813E+00  -0.38341E-01   0.66350E-01   0.54884E+01   0.55988E+01
  134     2.1626  10.7205  -0.50507E+00  -0.39203E-01   0.65488E-01   0.54591E+01   0.56225E+01
  135     2.1901  10.7600  -0.51207E+00  -0.40081E-01   0.64610E-01   0.54302E+01   0.56463E+01
  136     2.2178  10.7990  -0.51913E+00  -0.40969E-01   0.63722E-01   0.54016E+01   0.56691E+01
  137     2.2458  10.8375  -0.52623E+00  -0.41868E-01   0.62823E-01   0.53733E+01   0.56909E+01
  138     2.2740  10.8756  -0.53341E+00  -0.42784E-01   0.61907E-01   0.53455E+01   0.57123E+01
  139     2.3025  10.9132  -0.54064E+00  -0.43713E-01   0.60978E-01   0.53180E+01   0.57326E+01
  140     2.3312  10.9504  -0.54792E+00  -0.44655E-01   0.60036E-01   0.52908E+01   0.57527E+01
  141     2.3602  10.9871  -0.55527E+00  -0.45612E-01   0.59079E-01   0.52640E+01   0.57719E+01
  142     2.3894  11.0234  -0.56268E+00  -0.46583E-01   0.58108E-01   0.52375E+01   0.57904E+01
  143     2.4188  11.0592  -0.57014E+00  -0.47567E-01   0.57124E-01   0.52114E+01   0.58072E+01
  144     2.4486  11.0946  -0.57767E+00  -0.48567E-01   0.56124E-01   0.51857E+01   0.58234E+01
  145     2.4785  11.1296  -0.58526E+00  -0.49582E-01   0.55109E-01   0.51604E+01   0.58397E+01
  146     2.5088  11.1641  -0.59291E+00  -0.50609E-01   0.54082E-01   0.51353E+01   0.58549E+01
  147     2.5393  11.1982  -0.60062E+00  -0.51652E-01   0.53039E-01   0.51107E+01   0.58687E+01
  148     2.5701  11.2320  -0.60839E+00  -0.52710E-01   0.51981E-01   0.50864E+01   0.58822E+01
  149     2.6011  11.2653  -0.61622E+00  -0.53782E-01   0.50909E-01   0.50625E+01   0.58946E+01
  150     2.6324  11.2982  -0.62412E+00  -0.54871E-01   0.49819E-01   0.50389E+01   0.59059E+01
  151     2.6640  11.3306  -0.63208E+00  -0.55975E-01   0.48716E-01   0.50157E+01   0.59163E+01
  152     2.6958  11.3627  -0.64010E+00  -0.57092E-01   0.47599E-01   0.49928E+01   0.59263E+01
  153     2.7280  11.3944  -0.64818E+00  -0.58226E-01   0.46465E-01   0.49702E+01   0.59363E+01
  154     2.7604  11.4258  -0.65633E+00  -0.59376E-01   0.45315E-01   0.49481E+01   0.59440E+01
  155     2.7931  11.4567  -0.66453E+00  -0.60540E-01   0.44151E-01   0.49263E+01   0.59498E+01
  156     2.8260  11.4872  -0.67280E+00  -0.61719E-01   0.42972E-01   0.49048E+01   0.59561E+01
  157     2.8593  11.5174  -0.68114E+00  -0.62916E-01   0.41775E-01   0.48837E+01   0.59613E+01
  158     2.8929  11.5472  -0.68953E+00  -0.64128E-01   0.40563E-01   0.48629E+01   0.59652E+01
  159     2.9267  11.5766  -0.69799E+00  -0.65353E-01   0.39338E-01   0.48425E+01   0.59690E+01
  160     2.9608  11.6057  -0.70651E+00  -0.66596E-01   0.38095E-01   0.48224E+01   0.59710E+01
  161     2.9953  11.6344  -0.71513E+00  -0.67864E-01   0.36827E-01   0.48028E+01   0.59720E+01
  162     3.0300  11.6628  -0.72380E+00  -0.69145E-01   0.35546E-01   0.47834E+01   0.59725E+01
  163     3.0651  11.6908  -0.73249E+00  -0.70430E-01   0.34261E-01   0.47643E+01   0.59725E+01
  164     3.1004  11.7184  -0.74127E+00  -0.71738E-01   0.32953E-01   0.47457E+01   0.59711E+01
  165     3.1360  11.7458  -0.75013E+00  -0.73067E-01   0.31624E-01   0.47273E+01   0.59684E+01
  166     3.1720  11.7727  -0.75905E+00  -0.74411E-01   0.30280E-01   0.47093E+01   0.59656E+01
  167     3.2083  11.7994  -0.76803E+00  -0.75772E-01   0.28918E-01   0.46917E+01   0.59610E+01
  168     3.2449  11.8257  -0.77709E+00  -0.77151E-01   0.27540E-01   0.46743E+01   0.59540E+01
  169     3.2818  11.8517  -0.78621E+00  -0.78548E-01   0.26143E-01   0.46573E+01   0.59473E+01
  170     3.3190  11.8773  -0.79540E+00  -0.79962E-01   0.24729E-01   0.46407E+01   0.59415E+01
  171     3.3565  11.9026  -0.80466E+00  -0.81395E-01   0.23296E-01   0.46243E+01   0.59331E+01
  172     3.3944  11.9277  -0.81398E+00  -0.82845E-01   0.21846E-01   0.46083E+01   0.59233E+01
  173     3.4326  11.9524  -0.82337E+00  -0.84312E-01   0.20379E-01   0.45926E+01   0.59131E+01
  174     3.4712  11.9768  -0.83283E+00  -0.85798E-01   0.18893E-01   0.45773E+01   0.59018E+01
  175     3.5100  12.0009  -0.84236E+00  -0.87301E-01   0.17390E-01   0.45622E+01   0.58896E+01
  176     3.5492  12.0246  -0.85194E+00  -0.88820E-01   0.15871E-01   0.45475E+01   0.58766E+01
  177     3.5888  12.0481  -0.86162E+00  -0.90364E-01   0.14327E-01   0.45330E+01   0.58623E+01
  178     3.6287  12.0713  -0.87137E+00  -0.91926E-01   0.12764E-01   0.45189E+01   0.58470E+01
  179     3.6689  12.0942  -0.88117E+00  -0.93503E-01   0.11188E-01   0.45051E+01   0.58312E+01
  180     3.7095  12.1169  -0.89104E+00  -0.95101E-01   0.95902E-02   0.44917E+01   0.58140E+01
  181     3.7505  12.1392  -0.90100E+00  -0.96719E-01   0.79718E-02   0.44785E+01   0.57959E+01
  182     3.7918  12.1612  -0.91102E+00  -0.98356E-01   0.63348E-02   0.44656E+01   0.57770E+01
  183     3.8334  12.1830  -0.92111E+00  -0.10001E+00   0.46782E-02   0.44530E+01   0.57569E+01
  184     3.8754  12.2045  -0.93127E+00  -0.10169E+00   0.30011E-02   0.44407E+01   0.57362E+01
  185     3.9178  12.2257  -0.94152E+00  -0.10339E+00   0.13024E-02   0.44287E+01   0.57143E+01
  186     3.9606  12.2467  -0.95183E+00  -0.10511E+00  -0.41478E-03   0.44170E+01   0.56917E+01
  187     4.0037  12.2674  -0.96221E+00  -0.10684E+00  -0.21509E-02   0.44055E+01   0.56676E+01
  188     4.0472  12.2878  -0.97266E+00  -0.10860E+00  -0.39080E-02   0.43943E+01   0.56427E+01
  189     4.0911  12.3080  -0.98318E+00  -0.11037E+00  -0.56824E-02   0.43834E+01   0.56173E+01
  190     4.1353  12.3279  -0.99379E+00  -0.11218E+00  -0.74846E-02   0.43728E+01   0.55910E+01
  191     4.1800  12.3476  -0.10045E+01  -0.11400E+00  -0.93058E-02   0.43624E+01   0.55630E+01
  192     4.2250  12.3670  -0.10152E+01  -0.11584E+00  -0.11147E-01   0.43523E+01   0.55348E+01
  193     4.2705  12.3862  -0.10260E+01  -0.11770E+00  -0.13010E-01   0.43424E+01   0.55062E+01
  194     4.3163  12.4051  -0.10369E+01  -0.11958E+00  -0.14891E-01   0.43328E+01   0.54767E+01
  195     4.3625  12.4238  -0.10479E+01  -0.12149E+00  -0.16795E-01   0.43234E+01   0.54466E+01
  196     4.4091  12.4423  -0.10590E+01  -0.12342E+00  -0.18724E-01   0.43143E+01   0.54143E+01
  197     4.4561  12.4605  -0.10701E+01  -0.12536E+00  -0.20673E-01   0.43054E+01   0.53821E+01
  198     4.5036  12.4785  -0.10813E+01  -0.12733E+00  -0.22644E-01   0.42968E+01   0.53487E+01
  199     4.5514  12.4962  -0.10926E+01  -0.12933E+00  -0.24641E-01   0.42884E+01   0.53151E+01
  200     4.5997  12.5138  -0.11039E+01  -0.13135E+00  -0.26659E-01   0.42802E+01   0.52808E+01
  201     4.6484  12.5311  -0.11154E+01  -0.13339E+00  -0.28700E-01   0.42723E+01   0.52447E+01
  202     4.6975  12.5482  -0.11269E+01  -0.13545E+00  -0.30762E-01   0.42645E+01   0.52088E+01
  203     4.7470  12.5650  -0.11385E+01  -0.13754E+00  -0.32848E-01   0.42569E+01   0.51721E+01
  204     4.7970  12.5817  -0.11501E+01  -0.13965E+00  -0.34959E-01   0.42496E+01   0.51339E+01
  205     4.8474  12.5981  -0.11619E+01  -0.14178E+00  -0.37092E-01   0.42424E+01   0.50954E+01
  206     4.8982  12.6144  -0.11737E+01  -0.14394E+00  -0.39252E-01   0.42355E+01   0.50560E+01
  207     4.9495  12.6304  -0.11856E+01  -0.14612E+00  -0.41430E-01   0.42287E+01   0.50165E+01
  208     5.0012  12.6462  -0.11976E+01  -0.14833E+00  -0.43638E-01   0.42222E+01   0.49755E+01
  209     5.0534  12.6619  -0.12097E+01  -0.15056E+00  -0.45866E-01   0.42158E+01   0.49346E+01
  210     5.1060  12.6773  -0.12218E+01  -0.15281E+00  -0.48118E-01   0.42096E+01   0.48931E+01
  211     5.1591  12.6925  -0.12341E+01  -0.15509E+00  -0.50397E-01   0.42036E+01   0.48501E+01
  212     5.2126  12.7076  -0.12464E+01  -0.15739E+00  -0.52701E-01   0.41978E+01   0.48074E+01
  213     5.2667  12.7224  -0.12588E+01  -0.15972E+00  -0.55027E-01   0.41921E+01   0.47648E+01
  214     5.3211  12.7371  -0.12712E+01  -0.16207E+00  -0.57379E-01   0.41865E+01   0.47210E+01
  215     5.3761  12.7515  -0.12838E+01  -0.16445E+00  -0.59758E-01   0.41812E+01   0.46762E+01
  216     5.4315  12.7658  -0.12964E+01  -0.16685E+00  -0.62162E-01   0.41760E+01   0.46312E+01
  217     5.4874  12.7799  -0.13092E+01  -0.16928E+00  -0.64593E-01   0.41709E+01   0.45855E+01
  218     5.5438  12.7938  -0.13220E+01  -0.17174E+00  -0.67052E-01   0.41660E+01   0.45401E+01
  219     5.6007  12.8076  -0.13349E+01  -0.17423E+00  -0.69539E-01   0.41613E+01   0.44935E+01
  220     5.6581  12.8211  -0.13478E+01  -0.17674E+00  -0.72044E-01   0.41567E+01   0.44466E+01
  221     5.7160  12.8345  -0.13609E+01  -0.17927E+00  -0.74580E-01   0.41522E+01   0.43994E+01
  222     5.7744  12.8477  -0.13741E+01  -0.18183E+00  -0.77140E-01   0.41478E+01   0.43519E+01
  223     5.8333  12.8608  -0.13873E+01  -0.18442E+00  -0.79730E-01   0.41436E+01   0.43031E+01
  224     5.8927  12.8737  -0.14006E+01  -0.18704E+00  -0.82347E-01   0.41395E+01   0.42543E+01
  225     5.9526  12.8864  -0.14140E+01  -0.18968E+00  -0.84990E-01   0.41355E+01   0.42058E+01
  226     6.0131  12.8990  -0.14275E+01  -0.19235E+00  -0.87660E-01   0.41317E+01   0.41569E+01
  227     6.0740  12.9114  -0.14411E+01  -0.19505E+00  -0.90358E-01   0.41280E+01   0.41077E+01
  228     6.1355  12.9236  -0.14548E+01  -0.19778E+00  -0.93085E-01   0.41243E+01   0.40574E+01
  229     6.1976  12.9357  -0.14685E+01  -0.20053E+00  -0.95836E-01   0.41208E+01   0.40078E+01
  230     6.2602  12.9476  -0.14823E+01  -0.20331E+00  -0.98616E-01   0.41174E+01   0.39576E+01
  231     6.3233  12.9594  -0.14963E+01  -0.20612E+00  -0.10143E+00   0.41141E+01   0.39079E+01
  232     6.3869  12.9710  -0.15103E+01  -0.20896E+00  -0.10427E+00   0.41109E+01   0.38568E+01
  233     6.4512  12.9825  -0.15244E+01  -0.21182E+00  -0.10713E+00   0.41077E+01   0.38061E+01
  234     6.5159  12.9938  -0.15386E+01  -0.21472E+00  -0.11003E+00   0.41047E+01   0.37556E+01
  235     6.5813  13.0050  -0.15529E+01  -0.21764E+00  -0.11295E+00   0.41018E+01   0.37048E+01
  236     6.6472  13.0160  -0.15673E+01  -0.22060E+00  -0.11591E+00   0.40990E+01   0.36531E+01
  237     6.7137  13.0269  -0.15818E+01  -0.22358E+00  -0.11889E+00   0.40962E+01   0.36026E+01
  238     6.7807  13.0377  -0.15963E+01  -0.22659E+00  -0.12190E+00   0.40935E+01   0.35509E+01
  239     6.8484  13.0483  -0.16110E+01  -0.22963E+00  -0.12494E+00   0.40909E+01   0.34999E+01
  240     6.9166  13.0588  -0.16258E+01  -0.23271E+00  -0.12802E+00   0.40884E+01   0.34483E+01
  241     6.9854  13.0691  -0.16406E+01  -0.23581E+00  -0.13112E+00   0.40860E+01   0.33975E+01
  242     7.0549  13.0794  -0.16555E+01  -0.23894E+00  -0.13425E+00   0.40836E+01   0.33462E+01
  243     7.1249  13.0894  -0.16706E+01  -0.24210E+00  -0.13741E+00   0.40813E+01   0.32951E+01
  244     7.1955  13.0994  -0.16857E+01  -0.24530E+00  -0.14061E+00   0.40791E+01   0.32440E+01
  245     7.2668  13.1092  -0.17009E+01  -0.24852E+00  -0.14383E+00   0.40769E+01   0.31924E+01
  246     7.3387  13.1189  -0.17162E+01  -0.25178E+00  -0.14709E+00   0.40748E+01   0.31414E+01
  247     7.4112  13.1285  -0.17317E+01  -0.25507E+00  -0.15037E+00   0.40728E+01   0.30904E+01
  248     7.4843  13.1380  -0.17472E+01  -0.25838E+00  -0.15369E+00   0.40708E+01   0.30394E+01
  249     7.5580  13.1473  -0.17628E+01  -0.26173E+00  -0.15704E+00   0.40689E+01   0.29890E+01
  250     7.6324  13.1565  -0.17785E+01  -0.26511E+00  -0.16042E+00   0.40670E+01   0.29380E+01
  251     7.7075  13.1656  -0.17943E+01  -0.26852E+00  -0.16383E+00   0.40652E+01   0.28883E+01
  252     7.7832  13.1746  -0.18102E+01  -0.27196E+00  -0.16727E+00   0.40635E+01   0.28383E+01
  253     7.8596  13.1834  -0.18262E+01  -0.27544E+00  -0.17075E+00   0.40618E+01   0.27885E+01
  254     7.9366  13.1922  -0.18423E+01  -0.27895E+00  -0.17426E+00   0.40602E+01   0.27385E+01
  255     8.0143  13.2008  -0.18584E+01  -0.28249E+00  -0.17780E+00   0.40586E+01   0.26897E+01
  256     8.0926  13.2093  -0.18748E+01  -0.28607E+00  -0.18137E+00   0.40570E+01   0.26400E+01
  257     8.1717  13.2178  -0.18912E+01  -0.28967E+00  -0.18498E+00   0.40555E+01   0.25910E+01
  258     8.2514  13.2261  -0.19076E+01  -0.29331E+00  -0.18862E+00   0.40541E+01   0.25426E+01
  259     8.3319  13.2343  -0.19242E+01  -0.29698E+00  -0.19229E+00   0.40526E+01   0.24943E+01
  260     8.4130  13.2424  -0.19409E+01  -0.30068E+00  -0.19599E+00   0.40513E+01   0.24460E+01
  261     8.4948  13.2503  -0.19577E+01  -0.30442E+00  -0.19973E+00   0.40499E+01   0.23987E+01
  262     8.5774  13.2582  -0.19746E+01  -0.30820E+00  -0.20351E+00   0.40487E+01   0.23516E+01
  263     8.6606  13.2660  -0.19916E+01  -0.31200E+00  -0.20731E+00   0.40474E+01   0.23046E+01
  264     8.7446  13.2737  -0.20087E+01  -0.31584E+00  -0.21115E+00   0.40462E+01   0.22585E+01
  265     8.8293  13.2813  -0.20260E+01  -0.31971E+00  -0.21502E+00   0.40450E+01   0.22118E+01
  266     8.9148  13.2888  -0.20433E+01  -0.32363E+00  -0.21894E+00   0.40438E+01   0.21661E+01
  267     9.0010  13.2962  -0.20607E+01  -0.32757E+00  -0.22288E+00   0.40427E+01   0.21212E+01
  268     9.0879  13.3035  -0.20782E+01  -0.33155E+00  -0.22686E+00   0.40417E+01   0.20761E+01
  269     9.1756  13.3107  -0.20959E+01  -0.33556E+00  -0.23087E+00   0.40406E+01   0.20312E+01
  270     9.2641  13.3178  -0.21136E+01  -0.33961E+00  -0.23492E+00   0.40396E+01   0.19875E+01
  271     9.3534  13.3248  -0.21315E+01  -0.34369E+00  -0.23900E+00   0.40386E+01   0.19434E+01
  272     9.4434  13.3317  -0.21494E+01  -0.34781E+00  -0.24312E+00   0.40376E+01   0.19011E+01
  273     9.5342  13.3386  -0.21675E+01  -0.35196E+00  -0.24727E+00   0.40367E+01   0.18582E+01
  274     9.6257  13.3453  -0.21856E+01  -0.35615E+00  -0.25146E+00   0.40358E+01   0.18164E+01
  275     9.7181  13.3520  -0.22039E+01  -0.36037E+00  -0.25568E+00   0.40349E+01   0.17752E+01
  276     9.8113  13.3586  -0.22223E+01  -0.36464E+00  -0.25995E+00   0.40340E+01   0.17337E+01
  277     9.9053  13.3651  -0.22408E+01  -0.36894E+00  -0.26425E+00   0.40332E+01   0.16934E+01
  278    10.0001  13.3715  -0.22594E+01  -0.37328E+00  -0.26859E+00   0.40324E+01   0.16534E+01
  279    10.0957  13.3778  -0.22782E+01  -0.37765E+00  -0.27296E+00   0.40316E+01   0.16129E+01
  280    10.1922  13.3841  -0.22970E+01  -0.38205E+00  -0.27736E+00   0.40308E+01   0.15747E+01
  281    10.2895  13.3902  -0.23159E+01  -0.38650E+00  -0.28181E+00   0.40301E+01   0.15359E+01
  282    10.3877  13.3963  -0.23350E+01  -0.39098E+00  -0.28629E+00   0.40294E+01   0.14978E+01
  283    10.4867  13.4023  -0.23541E+01  -0.39550E+00  -0.29081E+00   0.40287E+01   0.14610E+01
  284    10.5865  13.4083  -0.23734E+01  -0.40006E+00  -0.29537E+00   0.40280E+01   0.14238E+01
  285    10.6873  13.4141  -0.23928E+01  -0.40466E+00  -0.29997E+00   0.40273E+01   0.13876E+01
  286    10.7889  13.4199  -0.24123E+01  -0.40929E+00  -0.30460E+00   0.40267E+01   0.13523E+01
  287    10.8914  13.4256  -0.24320E+01  -0.41396E+00  -0.30927E+00   0.40261E+01   0.13159E+01
  288    10.9947  13.4312  -0.24517E+01  -0.41867E+00  -0.31398E+00   0.40254E+01   0.12820E+01
  289    11.0990  13.4368  -0.24716E+01  -0.42343E+00  -0.31874E+00   0.40249E+01   0.12481E+01
  290    11.2042  13.4423  -0.24916E+01  -0.42821E+00  -0.32352E+00   0.40243E+01   0.12145E+01
  291    11.3103  13.4477  -0.25116E+01  -0.43301E+00  -0.32832E+00   0.40237E+01   0.11817E+01
  292    11.4173  13.4530  -0.25318E+01  -0.43790E+00  -0.33321E+00   0.40232E+01   0.11494E+01
  293    11.5253  13.4583  -0.25522E+01  -0.44280E+00  -0.33811E+00   0.40226E+01   0.11176E+01
  294    11.6342  13.4635  -0.25726E+01  -0.44775E+00  -0.34305E+00   0.40221E+01   0.10870E+01
  295    11.7440  13.4687  -0.25932E+01  -0.45274E+00  -0.34805E+00   0.40216E+01   0.10558E+01
  296    11.8548  13.4738  -0.26139E+01  -0.45776E+00  -0.35307E+00   0.40211E+01   0.10259E+01
  297    11.9666  13.4788  -0.26347E+01  -0.46281E+00  -0.35812E+00   0.40207E+01   0.99650E+00
  298    12.0793  13.4837  -0.26556E+01  -0.46792E+00  -0.36323E+00   0.40202E+01   0.96735E+00
  299    12.1930  13.4886  -0.26767E+01  -0.47307E+00  -0.36838E+00   0.40197E+01   0.93933E+00
  300    12.3077  13.4934  -0.26979E+01  -0.47826E+00  -0.37356E+00   0.40193E+01   0.91159E+00
  301    12.4234  13.4982  -0.27192E+01  -0.48348E+00  -0.37879E+00   0.40189E+01   0.88418E+00
  302    12.5401  13.5029  -0.27406E+01  -0.48874E+00  -0.38405E+00   0.40185E+01   0.85781E+00
  303    12.6578  13.5075  -0.27621E+01  -0.49406E+00  -0.38937E+00   0.40181E+01   0.83155E+00
  304    12.7766  13.5121  -0.27838E+01  -0.49940E+00  -0.39470E+00   0.40177E+01   0.80596E+00
  305    12.8963  13.5166  -0.28056E+01  -0.50480E+00  -0.40011E+00   0.40173E+01   0.78119E+00
  306    13.0172  13.5211  -0.28276E+01  -0.51024E+00  -0.40555E+00   0.40169E+01   0.75671E+00
  307    13.1390  13.5255  -0.28496E+01  -0.51570E+00  -0.41101E+00   0.40165E+01   0.73292E+00
  308    13.2619  13.5298  -0.28718E+01  -0.52123E+00  -0.41654E+00   0.40162E+01   0.70929E+00
  309    13.3859  13.5341  -0.28941E+01  -0.52679E+00  -0.42210E+00   0.40158E+01   0.68668E+00
  310    13.5110  13.5383  -0.29165E+01  -0.53239E+00  -0.42770E+00   0.40155E+01   0.66471E+00
  311    13.6372  13.5425  -0.29391E+01  -0.53804E+00  -0.43335E+00   0.40152E+01   0.64264E+00
  312    13.7644  13.5466  -0.29618E+01  -0.54372E+00  -0.43903E+00   0.40149E+01   0.62180E+00
  313    13.8928  13.5507  -0.29846E+01  -0.54947E+00  -0.44477E+00   0.40145E+01   0.60068E+00
  314    14.0223  13.5547  -0.30076E+01  -0.55524E+00  -0.45055E+00   0.40142E+01   0.58059E+00
  315    14.1529  13.5587  -0.30307E+01  -0.56107E+00  -0.45638E+00   0.40139E+01   0.56092E+00
  316    14.2846  13.5626  -0.30538E+01  -0.56691E+00  -0.46222E+00   0.40137E+01   0.54183E+00
  317    14.4175  13.5665  -0.30772E+01  -0.57283E+00  -0.46814E+00   0.40134E+01   0.52356E+00
  318    14.5515  13.5703  -0.31007E+01  -0.57879E+00  -0.47410E+00   0.40131E+01   0.50503E+00
  319    14.6867  13.5741  -0.31243E+01  -0.58478E+00  -0.48009E+00   0.40128E+01   0.48743E+00
  320    14.8231  13.5778  -0.31482E+01  -0.59086E+00  -0.48617E+00   0.40126E+01   0.46989E+00
  321    14.9607  13.5815  -0.31721E+01  -0.59694E+00  -0.49225E+00   0.40123E+01   0.45309E+00
  322    15.0994  13.5851  -0.31960E+01  -0.60304E+00  -0.49835E+00   0.40121E+01   0.43689E+00
  323    15.2394  13.5887  -0.32201E+01  -0.60922E+00  -0.50453E+00   0.40118E+01   0.42094E+00
  324    15.3806  13.5922  -0.32445E+01  -0.61544E+00  -0.51075E+00   0.40116E+01   0.40584E+00
  325    15.5230  13.5957  -0.32689E+01  -0.62171E+00  -0.51702E+00   0.40114E+01   0.39056E+00
  326    15.6666  13.5991  -0.32935E+01  -0.62805E+00  -0.52336E+00   0.40111E+01   0.37586E+00
  327    15.8115  13.6025  -0.33182E+01  -0.63441E+00  -0.52972E+00   0.40109E+01   0.36198E+00
  328    15.9577  13.6059  -0.33430E+01  -0.64080E+00  -0.53611E+00   0.40107E+01   0.34832E+00
  329    16.1051  13.6092  -0.33680E+01  -0.64726E+00  -0.54256E+00   0.40105E+01   0.33451E+00
  330    16.2538  13.6124  -0.33932E+01  -0.65376E+00  -0.54907E+00   0.40103E+01   0.32203E+00
  331    16.4038  13.6157  -0.34185E+01  -0.66031E+00  -0.55562E+00   0.40101E+01   0.30955E+00
  332    16.5551  13.6188  -0.34439E+01  -0.66691E+00  -0.56222E+00   0.40099E+01   0.29726E+00
  333    16.7078  13.6220  -0.34695E+01  -0.67355E+00  -0.56886E+00   0.40097E+01   0.28603E+00
  334    16.8617  13.6251  -0.34952E+01  -0.68025E+00  -0.57555E+00   0.40095E+01   0.27428E+00
  335    17.0170  13.6281  -0.35210E+01  -0.68700E+00  -0.58231E+00   0.40093E+01   0.26331E+00
  336    17.1736  13.6312  -0.35472E+01  -0.69383E+00  -0.58914E+00   0.40092E+01   0.25253E+00
  337    17.3316  13.6342  -0.35732E+01  -0.70062E+00  -0.59593E+00   0.40090E+01   0.24219E+00
  338    17.4910  13.6371  -0.35995E+01  -0.70750E+00  -0.60281E+00   0.40088E+01   0.23214E+00
  339    17.6518  13.6400  -0.36259E+01  -0.71445E+00  -0.60976E+00   0.40087E+01   0.22272E+00
  340    17.8139  13.6429  -0.36525E+01  -0.72143E+00  -0.61674E+00   0.40085E+01   0.21344E+00
  341    17.9775  13.6457  -0.36793E+01  -0.72849E+00  -0.62380E+00   0.40084E+01   0.20443E+00
  342    18.1425  13.6485  -0.37062E+01  -0.73556E+00  -0.63087E+00   0.40082E+01   0.19584E+00
  343    18.3089  13.6513  -0.37332E+01  -0.74269E+00  -0.63800E+00   0.40081E+01   0.18731E+00
  344    18.4768  13.6540  -0.37604E+01  -0.74987E+00  -0.64518E+00   0.40079E+01   0.17930E+00
  345    18.6461  13.6567  -0.37877E+01  -0.75711E+00  -0.65241E+00   0.40078E+01   0.17152E+00
  346    18.8169  13.6593  -0.38152E+01  -0.76439E+00  -0.65970E+00   0.40076E+01   0.16410E+00
  347    18.9892  13.6619  -0.38429E+01  -0.77174E+00  -0.66705E+00   0.40075E+01   0.15679E+00
  348    19.1630  13.6645  -0.38707E+01  -0.77913E+00  -0.67444E+00   0.40074E+01   0.14985E+00
  349    19.3383  13.6671  -0.38986E+01  -0.78658E+00  -0.68188E+00   0.40072E+01   0.14307E+00
  350    19.5151  13.6696  -0.39267E+01  -0.79406E+00  -0.68937E+00   0.40071E+01   0.13664E+00
  351    19.6934  13.6721  -0.39550E+01  -0.80161E+00  -0.69692E+00   0.40070E+01   0.13042E+00
  352    19.8734  13.6745  -0.39834E+01  -0.80920E+00  -0.70451E+00   0.40069E+01   0.12445E+00
  353    20.0548  13.6770  -0.40120E+01  -0.81685E+00  -0.71216E+00   0.40067E+01   0.11869E+00
  354    20.2379  13.6794  -0.40408E+01  -0.82456E+00  -0.71987E+00   0.40066E+01   0.11313E+00
  355    20.4225  13.6817  -0.40696E+01  -0.83230E+00  -0.72761E+00   0.40065E+01   0.10784E+00
  356    20.6088  13.6840  -0.40987E+01  -0.84012E+00  -0.73543E+00   0.40064E+01   0.10276E+00
  357    20.7966  13.6863  -0.41279E+01  -0.84798E+00  -0.74329E+00   0.40063E+01   0.97869E-01
  358    20.9861  13.6886  -0.41574E+01  -0.85598E+00  -0.75129E+00   0.40000E+01   0.93166E-01
  359    21.1773  13.6909  -0.41868E+01  -0.86393E+00  -0.75924E+00   0.40000E+01   0.88635E-01
  360    21.3701  13.6931  -0.42166E+01  -0.87197E+00  -0.76728E+00   0.40000E+01   0.84269E-01
  361    21.5646  13.6953  -0.42464E+01  -0.88002E+00  -0.77533E+00   0.40000E+01   0.80173E-01
  362    21.7607  13.6974  -0.42764E+01  -0.88816E+00  -0.78347E+00   0.40000E+01   0.76182E-01
  363    21.9586  13.6995  -0.43066E+01  -0.89635E+00  -0.79166E+00   0.40000E+01   0.72427E-01
  364    22.1582  13.7016  -0.43371E+01  -0.90460E+00  -0.79991E+00   0.40000E+01   0.68786E-01
  365    22.3596  13.7037  -0.43675E+01  -0.91287E+00  -0.80818E+00   0.40000E+01   0.65316E-01
  366    22.5626  13.7058  -0.43982E+01  -0.92123E+00  -0.81654E+00   0.40000E+01   0.61971E-01
  367    22.7675  13.7078  -0.44291E+01  -0.92964E+00  -0.82495E+00   0.40000E+01   0.58807E-01
  368    22.9741  13.7098  -0.44601E+01  -0.93810E+00  -0.83340E+00   0.40000E+01   0.55788E-01
  369    23.1825  13.7117  -0.44913E+01  -0.94661E+00  -0.84192E+00   0.40000E+01   0.52861E-01
  370    23.3928  13.7137  -0.45227E+01  -0.95519E+00  -0.85050E+00   0.40000E+01   0.50099E-01
  371    23.6049  13.7156  -0.45541E+01  -0.96380E+00  -0.85911E+00   0.40000E+01   0.47469E-01
  372    23.8188  13.7175  -0.45859E+01  -0.97250E+00  -0.86781E+00   0.40000E+01   0.44937E-01
  373    24.0345  13.7194  -0.46177E+01  -0.98124E+00  -0.87655E+00   0.40000E+01   0.42516E-01
  374    24.2522  13.7212  -0.46498E+01  -0.99004E+00  -0.88535E+00   0.40000E+01   0.40213E-01
  375    24.4717  13.7230  -0.46818E+01  -0.99886E+00  -0.89417E+00   0.40000E+01   0.38063E-01
  376    24.6932  13.7248  -0.47143E+01  -0.10078E+01  -0.90312E+00   0.40000E+01   0.35963E-01
  377    24.9166  13.7266  -0.47469E+01  -0.10168E+01  -0.91210E+00   0.40000E+01   0.34010E-01
  378    25.1419  13.7284  -0.47796E+01  -0.10258E+01  -0.92113E+00   0.40000E+01   0.32105E-01
  379    25.3691  13.7301  -0.48125E+01  -0.10349E+01  -0.93022E+00   0.40000E+01   0.30321E-01
  380    25.5984  13.7318  -0.48456E+01  -0.10441E+01  -0.93936E+00   0.40000E+01   0.28607E-01
  381    25.8296  13.7335  -0.48789E+01  -0.10533E+01  -0.94857E+00   0.40000E+01   0.27005E-01
  382    26.0629  13.7351  -0.49123E+01  -0.10625E+01  -0.95784E+00   0.40000E+01   0.25447E-01
  383    26.2982  13.7368  -0.49461E+01  -0.10719E+01  -0.96720E+00   0.40000E+01   0.23954E-01
  384    26.5355  13.7384  -0.49797E+01  -0.10812E+01  -0.97654E+00   0.40000E+01   0.22607E-01
  385    26.7749  13.7400  -0.50136E+01  -0.10906E+01  -0.98596E+00   0.40000E+01   0.21275E-01
  386    27.0164  13.7416  -0.50479E+01  -0.11002E+01  -0.99551E+00   0.40000E+01   0.20030E-01
  387    27.2599  13.7431  -0.50822E+01  -0.11098E+01  -0.10051E+01   0.40000E+01   0.18879E-01
  388    27.5056  13.7447  -0.51167E+01  -0.11194E+01  -0.10147E+01   0.40000E+01   0.17727E-01
  389    27.7534  13.7462  -0.51514E+01  -0.11291E+01  -0.10244E+01   0.40000E+01   0.16703E-01
  390    28.0034  13.7477  -0.51863E+01  -0.11388E+01  -0.10341E+01   0.40000E+01   0.15662E-01
  391    28.2556  13.7492  -0.52216E+01  -0.11487E+01  -0.10440E+01   0.40000E+01   0.14713E-01
  392    28.5099  13.7506  -0.52566E+01  -0.11585E+01  -0.10538E+01   0.40000E+01   0.13812E-01
  393    28.7665  13.7521  -0.52920E+01  -0.11684E+01  -0.10637E+01   0.40000E+01   0.12964E-01
  394    29.0253  13.7535  -0.53276E+01  -0.11784E+01  -0.10737E+01   0.40000E+01   0.12168E-01
  395    29.2863  13.7549  -0.53634E+01  -0.11885E+01  -0.10838E+01   0.40000E+01   0.11407E-01
  396    29.5496  13.7563  -0.53994E+01  -0.11986E+01  -0.10939E+01   0.40000E+01   0.10694E-01
  397    29.8152  13.7577  -0.54355E+01  -0.12087E+01  -0.11040E+01   0.40000E+01   0.10014E-01
  398    30.0831  13.7590  -0.54719E+01  -0.12190E+01  -0.11143E+01   0.40000E+01   0.93889E-02
  399    30.3534  13.7604  -0.55085E+01  -0.12293E+01  -0.11246E+01   0.40000E+01   0.87892E-02
  400    30.6259  13.7617  -0.55451E+01  -0.12396E+01  -0.11349E+01   0.40000E+01   0.82278E-02
