    1     0.0001   0.0014  -0.15259E-04  -0.41418E-06   0.10381E+00   0.12516E+02   0.13060E+01
    2     0.0088   0.1221  -0.11532E-02   0.55396E-05   0.10382E+00   0.12439E+02   0.11412E+01
    3     0.0176   0.2423  -0.24117E-02  -0.10536E-04   0.10380E+00   0.12362E+02   0.12081E+01
    4     0.0264   0.3621  -0.37243E-02  -0.32022E-04   0.10378E+00   0.12287E+02   0.12543E+01
    5     0.0353   0.4814  -0.50946E-02  -0.60189E-04   0.10375E+00   0.12211E+02   0.12996E+01
    6     0.0443   0.6003  -0.65044E-02  -0.90300E-04   0.10372E+00   0.12137E+02   0.13388E+01
    7     0.0534   0.7188  -0.79515E-02  -0.12207E-03   0.10369E+00   0.12062E+02   0.13746E+01
    8     0.0626   0.8368  -0.94348E-02  -0.15532E-03   0.10366E+00   0.11988E+02   0.14089E+01
    9     0.0718   0.9543  -0.10952E-01  -0.18932E-03   0.10363E+00   0.11914E+02   0.14426E+01
   10     0.0811   1.0713  -0.12504E-01  -0.22428E-03   0.10359E+00   0.11841E+02   0.14754E+01
   11     0.0905   1.1879  -0.14088E-01  -0.25956E-03   0.10356E+00   0.11768E+02   0.15077E+01
   12     0.1000   1.3039  -0.15706E-01  -0.29567E-03   0.10352E+00   0.11695E+02   0.15394E+01
   13     0.1096   1.4195  -0.17356E-01  -0.33250E-03   0.10348E+00   0.11622E+02   0.15711E+01
   14     0.1192   1.5346  -0.19037E-01  -0.36994E-03   0.10345E+00   0.11550E+02   0.16029E+01
   15     0.1290   1.6491  -0.20760E-01  -0.41015E-03   0.10340E+00   0.11478E+02   0.16347E+01
   16     0.1388   1.7632  -0.22504E-01  -0.44881E-03   0.10337E+00   0.11407E+02   0.16663E+01
   17     0.1487   1.8767  -0.24281E-01  -0.48861E-03   0.10333E+00   0.11335E+02   0.16975E+01
   18     0.1587   1.9897  -0.26091E-01  -0.52925E-03   0.10329E+00   0.11264E+02   0.17293E+01
   19     0.1687   2.1021  -0.27933E-01  -0.57098E-03   0.10324E+00   0.11194E+02   0.17611E+01
   20     0.1789   2.2140  -0.29807E-01  -0.61380E-03   0.10320E+00   0.11123E+02   0.17927E+01
   21     0.1891   2.3254  -0.31713E-01  -0.65766E-03   0.10316E+00   0.11053E+02   0.18250E+01
   22     0.1995   2.4362  -0.33652E-01  -0.70301E-03   0.10311E+00   0.10983E+02   0.18570E+01
   23     0.2099   2.5465  -0.35623E-01  -0.74955E-03   0.10307E+00   0.10914E+02   0.18895E+01
   24     0.2204   2.6562  -0.37627E-01  -0.79766E-03   0.10302E+00   0.10844E+02   0.19221E+01
   25     0.2310   2.7653  -0.39663E-01  -0.84696E-03   0.10297E+00   0.10776E+02   0.19550E+01
   26     0.2417   2.8738  -0.41732E-01  -0.89793E-03   0.10292E+00   0.10707E+02   0.19883E+01
   27     0.2525   2.9818  -0.43833E-01  -0.95043E-03   0.10286E+00   0.10639E+02   0.20214E+01
   28     0.2634   3.0892  -0.45969E-01  -0.10050E-02   0.10281E+00   0.10571E+02   0.20552E+01
   29     0.2744   3.1959  -0.48138E-01  -0.10614E-02   0.10275E+00   0.10503E+02   0.20892E+01
   30     0.2855   3.3021  -0.50340E-01  -0.11201E-02   0.10269E+00   0.10436E+02   0.21234E+01
   31     0.2967   3.4077  -0.52577E-01  -0.11810E-02   0.10263E+00   0.10369E+02   0.21578E+01
   32     0.3079   3.5127  -0.54848E-01  -0.12442E-02   0.10257E+00   0.10302E+02   0.21926E+01
   33     0.3193   3.6170  -0.57141E-01  -0.13064E-02   0.10251E+00   0.10236E+02   0.22278E+01
   34     0.3308   3.7207  -0.59481E-01  -0.13745E-02   0.10244E+00   0.10170E+02   0.22632E+01
   35     0.3423   3.8238  -0.61856E-01  -0.14455E-02   0.10237E+00   0.10104E+02   0.22984E+01
   36     0.3540   3.9263  -0.64267E-01  -0.15194E-02   0.10230E+00   0.10039E+02   0.23345E+01
   37     0.3658   4.0281  -0.66712E-01  -0.15961E-02   0.10222E+00   0.99735E+01   0.23707E+01
   38     0.3777   4.1293  -0.69195E-01  -0.16761E-02   0.10214E+00   0.99089E+01   0.24071E+01
   39     0.3896   4.2299  -0.71712E-01  -0.17590E-02   0.10206E+00   0.98445E+01   0.24439E+01
   40     0.4017   4.3298  -0.74267E-01  -0.18452E-02   0.10197E+00   0.97806E+01   0.24809E+01
   41     0.4139   4.4291  -0.76858E-01  -0.19351E-02   0.10188E+00   0.97169E+01   0.25184E+01
   42     0.4262   4.5276  -0.79484E-01  -0.20282E-02   0.10179E+00   0.96536E+01   0.25562E+01
   43     0.4386   4.6256  -0.82148E-01  -0.21252E-02   0.10169E+00   0.95906E+01   0.25939E+01
   44     0.4511   4.7229  -0.84849E-01  -0.22255E-02   0.10159E+00   0.95280E+01   0.26320E+01
   45     0.4637   4.8195  -0.87586E-01  -0.23297E-02   0.10149E+00   0.94658E+01   0.26706E+01
   46     0.4764   4.9154  -0.90360E-01  -0.24378E-02   0.10138E+00   0.94039E+01   0.27095E+01
   47     0.4893   5.0106  -0.93173E-01  -0.25499E-02   0.10127E+00   0.93423E+01   0.27486E+01
   48     0.5022   5.1052  -0.96022E-01  -0.26663E-02   0.10115E+00   0.92811E+01   0.27879E+01
   49     0.5153   5.1991  -0.98911E-01  -0.27868E-02   0.10103E+00   0.92202E+01   0.28273E+01
   50     0.5285   5.2923  -0.10184E+00  -0.29117E-02   0.10090E+00   0.91598E+01   0.28675E+01
   51     0.5417   5.3849  -0.10480E+00  -0.30414E-02   0.10077E+00   0.90997E+01   0.29074E+01
   52     0.5552   5.4767  -0.10781E+00  -0.31757E-02   0.10064E+00   0.90399E+01   0.29478E+01
   53     0.5687   5.5679  -0.11085E+00  -0.33151E-02   0.10050E+00   0.89805E+01   0.29888E+01
   54     0.5823   5.6583  -0.11394E+00  -0.34590E-02   0.10036E+00   0.89216E+01   0.30295E+01
   55     0.5961   5.7481  -0.11706E+00  -0.36079E-02   0.10021E+00   0.88629E+01   0.30708E+01
   56     0.6099   5.8371  -0.12023E+00  -0.37622E-02   0.10005E+00   0.88047E+01   0.31125E+01
   57     0.6239   5.9255  -0.12343E+00  -0.39215E-02   0.99893E-01   0.87468E+01   0.31542E+01
   58     0.6381   6.0132  -0.12668E+00  -0.40863E-02   0.99729E-01   0.86893E+01   0.31962E+01
   59     0.6523   6.1001  -0.12997E+00  -0.42567E-02   0.99558E-01   0.86321E+01   0.32385E+01
   60     0.6667   6.1864  -0.13330E+00  -0.44328E-02   0.99382E-01   0.85754E+01   0.32808E+01
   61     0.6812   6.2719  -0.13667E+00  -0.46146E-02   0.99200E-01   0.85190E+01   0.33235E+01
   62     0.6958   6.3568  -0.14008E+00  -0.48017E-02   0.99013E-01   0.84630E+01   0.33662E+01
   63     0.7105   6.4409  -0.14353E+00  -0.49942E-02   0.98821E-01   0.84073E+01   0.34097E+01
   64     0.7254   6.5244  -0.14702E+00  -0.51927E-02   0.98622E-01   0.83521E+01   0.34528E+01
   65     0.7404   6.6071  -0.15056E+00  -0.53974E-02   0.98418E-01   0.82972E+01   0.34964E+01
   66     0.7555   6.6891  -0.15413E+00  -0.56080E-02   0.98207E-01   0.82426E+01   0.35401E+01
   67     0.7708   6.7704  -0.15775E+00  -0.58248E-02   0.97990E-01   0.81886E+01   0.35840E+01
   68     0.7862   6.8511  -0.16142E+00  -0.60481E-02   0.97767E-01   0.81348E+01   0.36281E+01
   69     0.8017   6.9310  -0.16513E+00  -0.62782E-02   0.97537E-01   0.80815E+01   0.36723E+01
   70     0.8174   7.0102  -0.16888E+00  -0.65148E-02   0.97300E-01   0.80285E+01   0.37167E+01
   71     0.8332   7.0886  -0.17267E+00  -0.67582E-02   0.97057E-01   0.79760E+01   0.37614E+01
   72     0.8491   7.1664  -0.17651E+00  -0.70082E-02   0.96807E-01   0.79238E+01   0.38060E+01
   73     0.8652   7.2435  -0.18039E+00  -0.72655E-02   0.96550E-01   0.78720E+01   0.38509E+01
   74     0.8814   7.3199  -0.18432E+00  -0.75298E-02   0.96285E-01   0.78206E+01   0.38959E+01
   75     0.8977   7.3956  -0.18829E+00  -0.78012E-02   0.96014E-01   0.77695E+01   0.39409E+01
   76     0.9142   7.4705  -0.19231E+00  -0.80801E-02   0.95735E-01   0.77189E+01   0.39861E+01
   77     0.9309   7.5448  -0.19637E+00  -0.83660E-02   0.95449E-01   0.76686E+01   0.40309E+01
   78     0.9477   7.6184  -0.20048E+00  -0.86588E-02   0.95156E-01   0.76187E+01   0.40758E+01
   79     0.9646   7.6913  -0.20463E+00  -0.89593E-02   0.94856E-01   0.75692E+01   0.41212E+01
   80     0.9817   7.7635  -0.20883E+00  -0.92682E-02   0.94547E-01   0.75201E+01   0.41675E+01
   81     0.9989   7.8350  -0.21307E+00  -0.95854E-02   0.94230E-01   0.74715E+01   0.42141E+01
   82     1.0163   7.9058  -0.21737E+00  -0.99100E-02   0.93905E-01   0.74232E+01   0.42581E+01
   83     1.0338   7.9759  -0.22171E+00  -0.10243E-01   0.93572E-01   0.73752E+01   0.42981E+01
   84     1.0515   8.0453  -0.22609E+00  -0.10582E-01   0.93233E-01   0.73277E+01   0.43378E+01
   85     1.0693   8.1141  -0.23052E+00  -0.10930E-01   0.92885E-01   0.72806E+01   0.43822E+01
   86     1.0873   8.1821  -0.23500E+00  -0.11286E-01   0.92529E-01   0.72338E+01   0.44324E+01
   87     1.1055   8.2495  -0.23952E+00  -0.11651E-01   0.92165E-01   0.71874E+01   0.44842E+01
   88     1.1238   8.3162  -0.24409E+00  -0.12023E-01   0.91792E-01   0.71415E+01   0.45321E+01
   89     1.1423   8.3823  -0.24871E+00  -0.12406E-01   0.91409E-01   0.70958E+01   0.45765E+01
   90     1.1609   8.4477  -0.25339E+00  -0.12797E-01   0.91018E-01   0.70506E+01   0.46206E+01
   91     1.1797   8.5124  -0.25811E+00  -0.13198E-01   0.90617E-01   0.70058E+01   0.46655E+01
   92     1.1986   8.5764  -0.26287E+00  -0.13607E-01   0.90208E-01   0.69613E+01   0.47110E+01
   93     1.2177   8.6398  -0.26768E+00  -0.14021E-01   0.89794E-01   0.69172E+01   0.47559E+01
   94     1.2370   8.7025  -0.27253E+00  -0.14444E-01   0.89371E-01   0.68734E+01   0.48007E+01
   95     1.2565   8.7646  -0.27746E+00  -0.14884E-01   0.88931E-01   0.68302E+01   0.48449E+01
   96     1.2761   8.8260  -0.28245E+00  -0.15340E-01   0.88475E-01   0.67874E+01   0.48885E+01
   97     1.2959   8.8868  -0.28743E+00  -0.15785E-01   0.88030E-01   0.67447E+01   0.49331E+01
   98     1.3158   8.9469  -0.29232E+00  -0.16200E-01   0.87615E-01   0.67017E+01   0.49788E+01
   99     1.3360   9.0065  -0.29724E+00  -0.16620E-01   0.87195E-01   0.66591E+01   0.50245E+01
  100     1.3563   9.0653  -0.30241E+00  -0.17105E-01   0.86710E-01   0.66177E+01   0.50679E+01
  101     1.3767   9.1236  -0.30783E+00  -0.17659E-01   0.86156E-01   0.65777E+01   0.51090E+01
  102     1.3974   9.1812  -0.31325E+00  -0.18207E-01   0.85608E-01   0.65377E+01   0.51501E+01
  103     1.4183   9.2382  -0.31856E+00  -0.18719E-01   0.85096E-01   0.64974E+01   0.51926E+01
  104     1.4393   9.2945  -0.32388E+00  -0.19228E-01   0.84587E-01   0.64573E+01   0.52354E+01
  105     1.4605   9.3503  -0.32928E+00  -0.19760E-01   0.84055E-01   0.64177E+01   0.52781E+01
  106     1.4819   9.4054  -0.33476E+00  -0.20308E-01   0.83507E-01   0.63786E+01   0.53201E+01
  107     1.5035   9.4600  -0.34028E+00  -0.20862E-01   0.82953E-01   0.63398E+01   0.53601E+01
  108     1.5252   9.5139  -0.34584E+00  -0.21424E-01   0.82391E-01   0.63013E+01   0.54005E+01
  109     1.5472   9.5673  -0.35145E+00  -0.21997E-01   0.81818E-01   0.62633E+01   0.54473E+01
  110     1.5693   9.6200  -0.35712E+00  -0.22582E-01   0.81233E-01   0.62256E+01   0.54977E+01
  111     1.5917   9.6722  -0.36284E+00  -0.23177E-01   0.80638E-01   0.61882E+01   0.55386E+01
  112     1.6142   9.7238  -0.36861E+00  -0.23783E-01   0.80032E-01   0.61513E+01   0.55684E+01
  113     1.6369   9.7748  -0.37445E+00  -0.24403E-01   0.79412E-01   0.61147E+01   0.56009E+01
  114     1.6598   9.8252  -0.38033E+00  -0.25034E-01   0.78781E-01   0.60785E+01   0.56405E+01
  115     1.6830   9.8751  -0.38626E+00  -0.25674E-01   0.78141E-01   0.60427E+01   0.56804E+01
  116     1.7063   9.9244  -0.39225E+00  -0.26325E-01   0.77490E-01   0.60072E+01   0.57177E+01
  117     1.7298   9.9731  -0.39829E+00  -0.26988E-01   0.76827E-01   0.59721E+01   0.57544E+01
  118     1.7536  10.0213  -0.40439E+00  -0.27663E-01   0.76152E-01   0.59374E+01   0.57912E+01
  119     1.7775  10.0689  -0.41054E+00  -0.28349E-01   0.75466E-01   0.59030E+01   0.58279E+01
  120     1.8016  10.1160  -0.41674E+00  -0.29048E-01   0.74767E-01   0.58690E+01   0.58639E+01
  121     1.8260  10.1626  -0.42301E+00  -0.29760E-01   0.74055E-01   0.58354E+01   0.58993E+01
  122     1.8506  10.2086  -0.42932E+00  -0.30483E-01   0.73332E-01   0.58021E+01   0.59338E+01
  123     1.8753  10.2541  -0.43570E+00  -0.31218E-01   0.72597E-01   0.57692E+01   0.59674E+01
  124     1.9003  10.2990  -0.44212E+00  -0.31966E-01   0.71849E-01   0.57367E+01   0.60003E+01
  125     1.9256  10.3434  -0.44860E+00  -0.32725E-01   0.71090E-01   0.57045E+01   0.60332E+01
  126     1.9510  10.3873  -0.45514E+00  -0.33497E-01   0.70318E-01   0.56727E+01   0.60651E+01
  127     1.9766  10.4307  -0.46174E+00  -0.34282E-01   0.69533E-01   0.56412E+01   0.60968E+01
  128     2.0025  10.4736  -0.46838E+00  -0.35078E-01   0.68737E-01   0.56101E+01   0.61275E+01
  129     2.0286  10.5160  -0.47509E+00  -0.35889E-01   0.67926E-01   0.55794E+01   0.61570E+01
  130     2.0550  10.5579  -0.48186E+00  -0.36712E-01   0.67103E-01   0.55490E+01   0.61860E+01
  131     2.0815  10.5993  -0.48869E+00  -0.37550E-01   0.66265E-01   0.55190E+01   0.62145E+01
  132     2.1083  10.6402  -0.49557E+00  -0.38400E-01   0.65415E-01   0.54894E+01   0.62423E+01
  133     2.1353  10.6806  -0.50250E+00  -0.39260E-01   0.64555E-01   0.54601E+01   0.62691E+01
  134     2.1626  10.7205  -0.50949E+00  -0.40134E-01   0.63681E-01   0.54312E+01   0.62948E+01
  135     2.1901  10.7600  -0.51654E+00  -0.41023E-01   0.62792E-01   0.54026E+01   0.63204E+01
  136     2.2178  10.7990  -0.52365E+00  -0.41927E-01   0.61888E-01   0.53743E+01   0.63446E+01
  137     2.2458  10.8375  -0.53082E+00  -0.42843E-01   0.60972E-01   0.53465E+01   0.63682E+01
  138     2.2740  10.8756  -0.53805E+00  -0.43773E-01   0.60042E-01   0.53190E+01   0.63912E+01
  139     2.3025  10.9132  -0.54533E+00  -0.44715E-01   0.59100E-01   0.52919E+01   0.64126E+01
  140     2.3312  10.9504  -0.55268E+00  -0.45671E-01   0.58144E-01   0.52651E+01   0.64336E+01
  141     2.3602  10.9871  -0.56009E+00  -0.46646E-01   0.57169E-01   0.52387E+01   0.64539E+01
  142     2.3894  11.0234  -0.56756E+00  -0.47632E-01   0.56183E-01   0.52127E+01   0.64735E+01
  143     2.4188  11.0592  -0.57508E+00  -0.48629E-01   0.55186E-01   0.51869E+01   0.64919E+01
  144     2.4486  11.0946  -0.58267E+00  -0.49644E-01   0.54171E-01   0.51616E+01   0.65091E+01
  145     2.4785  11.1296  -0.59031E+00  -0.50673E-01   0.53142E-01   0.51366E+01   0.65258E+01
  146     2.5088  11.1641  -0.59802E+00  -0.51715E-01   0.52100E-01   0.51120E+01   0.65416E+01
  147     2.5393  11.1982  -0.60579E+00  -0.52774E-01   0.51041E-01   0.50877E+01   0.65567E+01
  148     2.5701  11.2320  -0.61362E+00  -0.53846E-01   0.49969E-01   0.50638E+01   0.65706E+01
  149     2.6011  11.2653  -0.62150E+00  -0.54933E-01   0.48882E-01   0.50402E+01   0.65828E+01
  150     2.6324  11.2982  -0.62946E+00  -0.56037E-01   0.47778E-01   0.50170E+01   0.65946E+01
  151     2.6640  11.3306  -0.63748E+00  -0.57156E-01   0.46659E-01   0.49941E+01   0.66060E+01
  152     2.6958  11.3627  -0.64555E+00  -0.58288E-01   0.45527E-01   0.49716E+01   0.66157E+01
  153     2.7280  11.3944  -0.65370E+00  -0.59437E-01   0.44378E-01   0.49495E+01   0.66243E+01
  154     2.7604  11.4258  -0.66190E+00  -0.60602E-01   0.43213E-01   0.49277E+01   0.66324E+01
  155     2.7931  11.4567  -0.67017E+00  -0.61783E-01   0.42032E-01   0.49062E+01   0.66389E+01
  156     2.8260  11.4872  -0.67851E+00  -0.62981E-01   0.40834E-01   0.48851E+01   0.66444E+01
  157     2.8593  11.5174  -0.68690E+00  -0.64193E-01   0.39622E-01   0.48644E+01   0.66490E+01
  158     2.8929  11.5472  -0.69536E+00  -0.65421E-01   0.38394E-01   0.48439E+01   0.66537E+01
  159     2.9267  11.5766  -0.70389E+00  -0.66666E-01   0.37149E-01   0.48239E+01   0.66571E+01
  160     2.9608  11.6057  -0.71248E+00  -0.67927E-01   0.35888E-01   0.48042E+01   0.66567E+01
  161     2.9953  11.6344  -0.72113E+00  -0.69203E-01   0.34612E-01   0.47848E+01   0.66571E+01
  162     3.0300  11.6628  -0.72985E+00  -0.70498E-01   0.33317E-01   0.47658E+01   0.66568E+01
  163     3.0651  11.6908  -0.73864E+00  -0.71809E-01   0.32006E-01   0.47471E+01   0.66547E+01
  164     3.1004  11.7184  -0.74748E+00  -0.73133E-01   0.30682E-01   0.47287E+01   0.66520E+01
  165     3.1360  11.7458  -0.75639E+00  -0.74476E-01   0.29339E-01   0.47107E+01   0.66483E+01
  166     3.1720  11.7727  -0.76540E+00  -0.75846E-01   0.27969E-01   0.46931E+01   0.66430E+01
  167     3.2083  11.7994  -0.77446E+00  -0.77228E-01   0.26587E-01   0.46758E+01   0.66365E+01
  168     3.2449  11.8257  -0.78355E+00  -0.78615E-01   0.25200E-01   0.46587E+01   0.66304E+01
  169     3.2818  11.8517  -0.79273E+00  -0.80028E-01   0.23787E-01   0.46421E+01   0.66221E+01
  170     3.3190  11.8773  -0.80199E+00  -0.81461E-01   0.22354E-01   0.46257E+01   0.66123E+01
  171     3.3565  11.9026  -0.81131E+00  -0.82911E-01   0.20904E-01   0.46097E+01   0.66027E+01
  172     3.3944  11.9277  -0.82070E+00  -0.84378E-01   0.19437E-01   0.45940E+01   0.65908E+01
  173     3.4326  11.9524  -0.83016E+00  -0.85864E-01   0.17951E-01   0.45787E+01   0.65759E+01
  174     3.4712  11.9768  -0.83969E+00  -0.87368E-01   0.16447E-01   0.45636E+01   0.65632E+01
  175     3.5100  12.0009  -0.84928E+00  -0.88891E-01   0.14924E-01   0.45489E+01   0.65498E+01
  176     3.5492  12.0246  -0.85895E+00  -0.90434E-01   0.13381E-01   0.45345E+01   0.65334E+01
  177     3.5888  12.0481  -0.86869E+00  -0.91994E-01   0.11821E-01   0.45204E+01   0.65163E+01
  178     3.6287  12.0713  -0.87849E+00  -0.93573E-01   0.10242E-01   0.45066E+01   0.64984E+01
  179     3.6689  12.0942  -0.88837E+00  -0.95171E-01   0.86440E-02   0.44931E+01   0.64793E+01
  180     3.7095  12.1169  -0.89830E+00  -0.96784E-01   0.70307E-02   0.44798E+01   0.64592E+01
  181     3.7505  12.1392  -0.90832E+00  -0.98421E-01   0.53935E-02   0.44669E+01   0.64379E+01
  182     3.7918  12.1612  -0.91842E+00  -0.10008E+00   0.37332E-02   0.44543E+01   0.64157E+01
  183     3.8334  12.1830  -0.92858E+00  -0.10176E+00   0.20585E-02   0.44420E+01   0.63925E+01
  184     3.8754  12.2045  -0.93881E+00  -0.10345E+00   0.36398E-03   0.44300E+01   0.63684E+01
  185     3.9178  12.2257  -0.94912E+00  -0.10517E+00  -0.13538E-02   0.44182E+01   0.63426E+01
  186     3.9606  12.2467  -0.95949E+00  -0.10691E+00  -0.30904E-02   0.44068E+01   0.63164E+01
  187     4.0037  12.2674  -0.96994E+00  -0.10866E+00  -0.48470E-02   0.43956E+01   0.62889E+01
  188     4.0472  12.2878  -0.98047E+00  -0.11044E+00  -0.66253E-02   0.43847E+01   0.62605E+01
  189     4.0911  12.3080  -0.99108E+00  -0.11224E+00  -0.84263E-02   0.43740E+01   0.62310E+01
  190     4.1353  12.3279  -0.10018E+01  -0.11406E+00  -0.10247E-01   0.43637E+01   0.62011E+01
  191     4.1800  12.3476  -0.10125E+01  -0.11590E+00  -0.12087E-01   0.43535E+01   0.61690E+01
  192     4.2250  12.3670  -0.10233E+01  -0.11776E+00  -0.13948E-01   0.43436E+01   0.61363E+01
  193     4.2705  12.3862  -0.10342E+01  -0.11964E+00  -0.15828E-01   0.43340E+01   0.61034E+01
  194     4.3163  12.4051  -0.10452E+01  -0.12155E+00  -0.17737E-01   0.43246E+01   0.60686E+01
  195     4.3625  12.4238  -0.10562E+01  -0.12348E+00  -0.19664E-01   0.43155E+01   0.60330E+01
  196     4.4091  12.4423  -0.10674E+01  -0.12543E+00  -0.21615E-01   0.43066E+01   0.59972E+01
  197     4.4561  12.4605  -0.10786E+01  -0.12740E+00  -0.23585E-01   0.42979E+01   0.59606E+01
  198     4.5036  12.4785  -0.10898E+01  -0.12939E+00  -0.25575E-01   0.42895E+01   0.59233E+01
  199     4.5514  12.4962  -0.11012E+01  -0.13141E+00  -0.27591E-01   0.42813E+01   0.58845E+01
  200     4.5997  12.5138  -0.11126E+01  -0.13345E+00  -0.29632E-01   0.42733E+01   0.58441E+01
  201     4.6484  12.5311  -0.11241E+01  -0.13551E+00  -0.31692E-01   0.42655E+01   0.58039E+01
  202     4.6975  12.5482  -0.11357E+01  -0.13759E+00  -0.33778E-01   0.42579E+01   0.57625E+01
  203     4.7470  12.5650  -0.11474E+01  -0.13970E+00  -0.35888E-01   0.42506E+01   0.57214E+01
  204     4.7970  12.5817  -0.11591E+01  -0.14184E+00  -0.38022E-01   0.42435E+01   0.56783E+01
  205     4.8474  12.5981  -0.11709E+01  -0.14399E+00  -0.40178E-01   0.42365E+01   0.56348E+01
  206     4.8982  12.6144  -0.11828E+01  -0.14617E+00  -0.42355E-01   0.42297E+01   0.55909E+01
  207     4.9495  12.6304  -0.11948E+01  -0.14838E+00  -0.44561E-01   0.42232E+01   0.55457E+01
  208     5.0012  12.6462  -0.12069E+01  -0.15060E+00  -0.46788E-01   0.42168E+01   0.54993E+01
  209     5.0534  12.6619  -0.12190E+01  -0.15286E+00  -0.49045E-01   0.42106E+01   0.54527E+01
  210     5.1060  12.6773  -0.12313E+01  -0.15513E+00  -0.51318E-01   0.42045E+01   0.54059E+01
  211     5.1591  12.6925  -0.12436E+01  -0.15744E+00  -0.53622E-01   0.41987E+01   0.53576E+01
  212     5.2126  12.7076  -0.12560E+01  -0.15976E+00  -0.55950E-01   0.41929E+01   0.53087E+01
  213     5.2667  12.7224  -0.12684E+01  -0.16211E+00  -0.58299E-01   0.41874E+01   0.52602E+01
  214     5.3211  12.7371  -0.12810E+01  -0.16449E+00  -0.60677E-01   0.41821E+01   0.52103E+01
  215     5.3761  12.7515  -0.12936E+01  -0.16689E+00  -0.63080E-01   0.41768E+01   0.51604E+01
  216     5.4315  12.7658  -0.13063E+01  -0.16932E+00  -0.65507E-01   0.41718E+01   0.51101E+01
  217     5.4874  12.7799  -0.13191E+01  -0.17177E+00  -0.67960E-01   0.41669E+01   0.50591E+01
  218     5.5438  12.7938  -0.13320E+01  -0.17426E+00  -0.70440E-01   0.41621E+01   0.50071E+01
  219     5.6007  12.8076  -0.13450E+01  -0.17676E+00  -0.72946E-01   0.41575E+01   0.49551E+01
  220     5.6581  12.8211  -0.13580E+01  -0.17929E+00  -0.75479E-01   0.41530E+01   0.49018E+01
  221     5.7160  12.8345  -0.13712E+01  -0.18186E+00  -0.78041E-01   0.41486E+01   0.48497E+01
  222     5.7744  12.8477  -0.13844E+01  -0.18445E+00  -0.80634E-01   0.41444E+01   0.47959E+01
  223     5.8333  12.8608  -0.13977E+01  -0.18706E+00  -0.83243E-01   0.41403E+01   0.47420E+01
  224     5.8927  12.8737  -0.14111E+01  -0.18970E+00  -0.85884E-01   0.41363E+01   0.46875E+01
  225     5.9526  12.8864  -0.14246E+01  -0.19237E+00  -0.88550E-01   0.41324E+01   0.46333E+01
  226     6.0131  12.8990  -0.14382E+01  -0.19506E+00  -0.91248E-01   0.41286E+01   0.45774E+01
  227     6.0740  12.9114  -0.14518E+01  -0.19779E+00  -0.93972E-01   0.41250E+01   0.45219E+01
  228     6.1355  12.9236  -0.14656E+01  -0.20054E+00  -0.96723E-01   0.41214E+01   0.44666E+01
  229     6.1976  12.9357  -0.14794E+01  -0.20332E+00  -0.99500E-01   0.41180E+01   0.44105E+01
  230     6.2602  12.9476  -0.14933E+01  -0.20612E+00  -0.10231E+00   0.41147E+01   0.43547E+01
  231     6.3233  12.9594  -0.15074E+01  -0.20896E+00  -0.10514E+00   0.41115E+01   0.42979E+01
  232     6.3869  12.9710  -0.15214E+01  -0.21182E+00  -0.10801E+00   0.41084E+01   0.42425E+01
  233     6.4512  12.9825  -0.15356E+01  -0.21471E+00  -0.11090E+00   0.41053E+01   0.41855E+01
  234     6.5159  12.9938  -0.15499E+01  -0.21764E+00  -0.11382E+00   0.41024E+01   0.41292E+01
  235     6.5813  13.0050  -0.15643E+01  -0.22059E+00  -0.11677E+00   0.40995E+01   0.40717E+01
  236     6.6472  13.0160  -0.15788E+01  -0.22357E+00  -0.11975E+00   0.40967E+01   0.40147E+01
  237     6.7137  13.0269  -0.15933E+01  -0.22658E+00  -0.12276E+00   0.40941E+01   0.39582E+01
  238     6.7807  13.0377  -0.16080E+01  -0.22962E+00  -0.12580E+00   0.40915E+01   0.39006E+01
  239     6.8484  13.0483  -0.16227E+01  -0.23269E+00  -0.12887E+00   0.40889E+01   0.38435E+01
  240     6.9166  13.0588  -0.16375E+01  -0.23578E+00  -0.13196E+00   0.40865E+01   0.37868E+01
  241     6.9854  13.0691  -0.16525E+01  -0.23891E+00  -0.13509E+00   0.40841E+01   0.37292E+01
  242     7.0549  13.0794  -0.16675E+01  -0.24207E+00  -0.13825E+00   0.40818E+01   0.36721E+01
  243     7.1249  13.0894  -0.16826E+01  -0.24526E+00  -0.14144E+00   0.40796E+01   0.36152E+01
  244     7.1955  13.0994  -0.16978E+01  -0.24848E+00  -0.14466E+00   0.40774E+01   0.35593E+01
  245     7.2668  13.1092  -0.17131E+01  -0.25173E+00  -0.14791E+00   0.40753E+01   0.35019E+01
  246     7.3387  13.1189  -0.17285E+01  -0.25501E+00  -0.15119E+00   0.40732E+01   0.34449E+01
  247     7.4112  13.1285  -0.17440E+01  -0.25832E+00  -0.15451E+00   0.40713E+01   0.33884E+01
  248     7.4843  13.1380  -0.17596E+01  -0.26167E+00  -0.15785E+00   0.40693E+01   0.33320E+01
  249     7.5580  13.1473  -0.17753E+01  -0.26505E+00  -0.16123E+00   0.40675E+01   0.32754E+01
  250     7.6324  13.1565  -0.17911E+01  -0.26845E+00  -0.16464E+00   0.40657E+01   0.32194E+01
  251     7.7075  13.1656  -0.18070E+01  -0.27189E+00  -0.16808E+00   0.40639E+01   0.31640E+01
  252     7.7832  13.1746  -0.18229E+01  -0.27536E+00  -0.17154E+00   0.40622E+01   0.31082E+01
  253     7.8596  13.1834  -0.18390E+01  -0.27886E+00  -0.17505E+00   0.40606E+01   0.30529E+01
  254     7.9366  13.1922  -0.18552E+01  -0.28240E+00  -0.17858E+00   0.40589E+01   0.29983E+01
  255     8.0143  13.2008  -0.18715E+01  -0.28597E+00  -0.18215E+00   0.40574E+01   0.29435E+01
  256     8.0926  13.2093  -0.18879E+01  -0.28957E+00  -0.18575E+00   0.40559E+01   0.28892E+01
  257     8.1717  13.2178  -0.19043E+01  -0.29320E+00  -0.18938E+00   0.40544E+01   0.28350E+01
  258     8.2514  13.2261  -0.19209E+01  -0.29687E+00  -0.19306E+00   0.40530E+01   0.27808E+01
  259     8.3319  13.2343  -0.19376E+01  -0.30057E+00  -0.19676E+00   0.40516E+01   0.27277E+01
  260     8.4130  13.2424  -0.19544E+01  -0.30430E+00  -0.20049E+00   0.40503E+01   0.26750E+01
  261     8.4948  13.2503  -0.19713E+01  -0.30807E+00  -0.20425E+00   0.40490E+01   0.26221E+01
  262     8.5774  13.2582  -0.19883E+01  -0.31187E+00  -0.20805E+00   0.40477E+01   0.25693E+01
  263     8.6606  13.2660  -0.20053E+01  -0.31570E+00  -0.21189E+00   0.40465E+01   0.25179E+01
  264     8.7446  13.2737  -0.20225E+01  -0.31957E+00  -0.21576E+00   0.40453E+01   0.24667E+01
  265     8.8293  13.2813  -0.20398E+01  -0.32347E+00  -0.21966E+00   0.40441E+01   0.24155E+01
  266     8.9148  13.2888  -0.20572E+01  -0.32741E+00  -0.22359E+00   0.40430E+01   0.23658E+01
  267     9.0010  13.2962  -0.20747E+01  -0.33138E+00  -0.22757E+00   0.40419E+01   0.23153E+01
  268     9.0879  13.3035  -0.20924E+01  -0.33539E+00  -0.23158E+00   0.40409E+01   0.22658E+01
  269     9.1756  13.3107  -0.21101E+01  -0.33943E+00  -0.23562E+00   0.40399E+01   0.22169E+01
  270     9.2641  13.3178  -0.21279E+01  -0.34351E+00  -0.23970E+00   0.40389E+01   0.21685E+01
  271     9.3534  13.3248  -0.21458E+01  -0.34762E+00  -0.24380E+00   0.40379E+01   0.21199E+01
  272     9.4434  13.3317  -0.21639E+01  -0.35177E+00  -0.24795E+00   0.40369E+01   0.20728E+01
  273     9.5342  13.3386  -0.21820E+01  -0.35595E+00  -0.25214E+00   0.40360E+01   0.20255E+01
  274     9.6257  13.3453  -0.22003E+01  -0.36017E+00  -0.25635E+00   0.40351E+01   0.19799E+01
  275     9.7181  13.3520  -0.22186E+01  -0.36442E+00  -0.26060E+00   0.40343E+01   0.19337E+01
  276     9.8113  13.3586  -0.22371E+01  -0.36871E+00  -0.26489E+00   0.40334E+01   0.18889E+01
  277     9.9053  13.3651  -0.22557E+01  -0.37304E+00  -0.26922E+00   0.40326E+01   0.18447E+01
  278    10.0001  13.3715  -0.22744E+01  -0.37740E+00  -0.27359E+00   0.40318E+01   0.18001E+01
  279    10.0957  13.3778  -0.22932E+01  -0.38180E+00  -0.27799E+00   0.40311E+01   0.17570E+01
  280    10.1922  13.3841  -0.23122E+01  -0.38625E+00  -0.28243E+00   0.40303E+01   0.17145E+01
  281    10.2895  13.3902  -0.23312E+01  -0.39072E+00  -0.28691E+00   0.40296E+01   0.16711E+01
  282    10.3877  13.3963  -0.23503E+01  -0.39523E+00  -0.29142E+00   0.40289E+01   0.16301E+01
  283    10.4867  13.4023  -0.23696E+01  -0.39978E+00  -0.29597E+00   0.40282E+01   0.15890E+01
  284    10.5865  13.4083  -0.23890E+01  -0.40436E+00  -0.30055E+00   0.40275E+01   0.15483E+01
  285    10.6873  13.4141  -0.24084E+01  -0.40899E+00  -0.30517E+00   0.40269E+01   0.15090E+01
  286    10.7889  13.4199  -0.24280E+01  -0.41365E+00  -0.30984E+00   0.40263E+01   0.14695E+01
  287    10.8914  13.4256  -0.24478E+01  -0.41836E+00  -0.31454E+00   0.40256E+01   0.14312E+01
  288    10.9947  13.4312  -0.24676E+01  -0.42310E+00  -0.31928E+00   0.40250E+01   0.13935E+01
  289    11.0990  13.4368  -0.24875E+01  -0.42787E+00  -0.32406E+00   0.40245E+01   0.13550E+01
  290    11.2042  13.4423  -0.25076E+01  -0.43269E+00  -0.32888E+00   0.40239E+01   0.13191E+01
  291    11.3103  13.4477  -0.25278E+01  -0.43756E+00  -0.33374E+00   0.40233E+01   0.12830E+01
  292    11.4173  13.4530  -0.25481E+01  -0.44243E+00  -0.33861E+00   0.40228E+01   0.12478E+01
  293    11.5253  13.4583  -0.25685E+01  -0.44737E+00  -0.34355E+00   0.40223E+01   0.12132E+01
  294    11.6342  13.4635  -0.25891E+01  -0.45235E+00  -0.34853E+00   0.40218E+01   0.11787E+01
  295    11.7440  13.4687  -0.26097E+01  -0.45736E+00  -0.35354E+00   0.40213E+01   0.11458E+01
  296    11.8548  13.4738  -0.26305E+01  -0.46242E+00  -0.35860E+00   0.40208E+01   0.11129E+01
  297    11.9666  13.4788  -0.26514E+01  -0.46752E+00  -0.36371E+00   0.40203E+01   0.10804E+01
  298    12.0793  13.4837  -0.26724E+01  -0.47265E+00  -0.36883E+00   0.40199E+01   0.10490E+01
  299    12.1930  13.4886  -0.26936E+01  -0.47782E+00  -0.37400E+00   0.40194E+01   0.10181E+01
  300    12.3077  13.4934  -0.27148E+01  -0.48303E+00  -0.37922E+00   0.40190E+01   0.98725E+00
  301    12.4234  13.4982  -0.27362E+01  -0.48829E+00  -0.38447E+00   0.40186E+01   0.95797E+00
  302    12.5401  13.5029  -0.27577E+01  -0.49359E+00  -0.38977E+00   0.40182E+01   0.92885E+00
  303    12.6578  13.5075  -0.27794E+01  -0.49893E+00  -0.39511E+00   0.40178E+01   0.90054E+00
  304    12.7766  13.5121  -0.28011E+01  -0.50431E+00  -0.40049E+00   0.40174E+01   0.87288E+00
  305    12.8963  13.5166  -0.28230E+01  -0.50974E+00  -0.40592E+00   0.40170E+01   0.84552E+00
  306    13.0172  13.5211  -0.28450E+01  -0.51519E+00  -0.41138E+00   0.40167E+01   0.81913E+00
  307    13.1390  13.5255  -0.28672E+01  -0.52071E+00  -0.41690E+00   0.40163E+01   0.79279E+00
  308    13.2619  13.5298  -0.28895E+01  -0.52625E+00  -0.42244E+00   0.40160E+01   0.76747E+00
  309    13.3859  13.5341  -0.29119E+01  -0.53184E+00  -0.42803E+00   0.40156E+01   0.74270E+00
  310    13.5110  13.5383  -0.29344E+01  -0.53748E+00  -0.43366E+00   0.40153E+01   0.71817E+00
  311    13.6372  13.5425  -0.29570E+01  -0.54315E+00  -0.43934E+00   0.40150E+01   0.69479E+00
  312    13.7644  13.5466  -0.29798E+01  -0.54887E+00  -0.44506E+00   0.40146E+01   0.67168E+00
  313    13.8928  13.5507  -0.30027E+01  -0.55463E+00  -0.45081E+00   0.40143E+01   0.64916E+00
  314    14.0223  13.5547  -0.30258E+01  -0.56044E+00  -0.45663E+00   0.40140E+01   0.62721E+00
  315    14.1529  13.5587  -0.30490E+01  -0.56630E+00  -0.46249E+00   0.40138E+01   0.60555E+00
  316    14.2846  13.5626  -0.30723E+01  -0.57219E+00  -0.46837E+00   0.40135E+01   0.58510E+00
  317    14.4175  13.5665  -0.30957E+01  -0.57813E+00  -0.47432E+00   0.40132E+01   0.56447E+00
  318    14.5515  13.5703  -0.31193E+01  -0.58410E+00  -0.48029E+00   0.40129E+01   0.54487E+00
  319    14.6867  13.5741  -0.31430E+01  -0.59014E+00  -0.48632E+00   0.40127E+01   0.52563E+00
  320    14.8231  13.5778  -0.31669E+01  -0.59621E+00  -0.49239E+00   0.40124E+01   0.50704E+00
  321    14.9607  13.5815  -0.31909E+01  -0.60233E+00  -0.49852E+00   0.40122E+01   0.48874E+00
  322    15.0994  13.5851  -0.32150E+01  -0.60851E+00  -0.50469E+00   0.40119E+01   0.47092E+00
  323    15.2394  13.5887  -0.32392E+01  -0.61470E+00  -0.51089E+00   0.40117E+01   0.45375E+00
  324    15.3806  13.5922  -0.32636E+01  -0.62096E+00  -0.51714E+00   0.40114E+01   0.43663E+00
  325    15.5230  13.5957  -0.32882E+01  -0.62726E+00  -0.52345E+00   0.40112E+01   0.42109E+00
  326    15.6666  13.5991  -0.33128E+01  -0.63361E+00  -0.52979E+00   0.40110E+01   0.40492E+00
  327    15.8115  13.6025  -0.33376E+01  -0.64000E+00  -0.53618E+00   0.40108E+01   0.38976E+00
  328    15.9577  13.6059  -0.33627E+01  -0.64648E+00  -0.54267E+00   0.40106E+01   0.37513E+00
  329    16.1051  13.6092  -0.33877E+01  -0.65293E+00  -0.54911E+00   0.40104E+01   0.36056E+00
  330    16.2538  13.6124  -0.34129E+01  -0.65946E+00  -0.55564E+00   0.40102E+01   0.34605E+00
  331    16.4038  13.6157  -0.34383E+01  -0.66606E+00  -0.56225E+00   0.40100E+01   0.33305E+00
  332    16.5551  13.6188  -0.34638E+01  -0.67268E+00  -0.56886E+00   0.40098E+01   0.31997E+00
  333    16.7078  13.6220  -0.34895E+01  -0.67935E+00  -0.57554E+00   0.40096E+01   0.30695E+00
  334    16.8617  13.6251  -0.35153E+01  -0.68608E+00  -0.58226E+00   0.40094E+01   0.29517E+00
  335    17.0170  13.6281  -0.35412E+01  -0.69285E+00  -0.58904E+00   0.40092E+01   0.28308E+00
  336    17.1736  13.6312  -0.35674E+01  -0.69968E+00  -0.59587E+00   0.40091E+01   0.27149E+00
  337    17.3316  13.6342  -0.35938E+01  -0.70661E+00  -0.60280E+00   0.40089E+01   0.26021E+00
  338    17.4910  13.6371  -0.36200E+01  -0.71347E+00  -0.60965E+00   0.40087E+01   0.24948E+00
  339    17.6518  13.6400  -0.36465E+01  -0.72043E+00  -0.61662E+00   0.40086E+01   0.23902E+00
  340    17.8139  13.6429  -0.36732E+01  -0.72746E+00  -0.62365E+00   0.40084E+01   0.22915E+00
  341    17.9775  13.6457  -0.37000E+01  -0.73451E+00  -0.63070E+00   0.40083E+01   0.21951E+00
  342    18.1425  13.6485  -0.37271E+01  -0.74166E+00  -0.63784E+00   0.40081E+01   0.21009E+00
  343    18.3089  13.6513  -0.37542E+01  -0.74881E+00  -0.64499E+00   0.40080E+01   0.20112E+00
  344    18.4768  13.6540  -0.37814E+01  -0.75602E+00  -0.65221E+00   0.40078E+01   0.19227E+00
  345    18.6461  13.6567  -0.38089E+01  -0.76329E+00  -0.65947E+00   0.40077E+01   0.18389E+00
  346    18.8169  13.6593  -0.38365E+01  -0.77061E+00  -0.66679E+00   0.40075E+01   0.17591E+00
  347    18.9892  13.6619  -0.38642E+01  -0.77797E+00  -0.67416E+00   0.40074E+01   0.16811E+00
  348    19.1630  13.6645  -0.38921E+01  -0.78541E+00  -0.68159E+00   0.40073E+01   0.16056E+00
  349    19.3383  13.6671  -0.39202E+01  -0.79288E+00  -0.68906E+00   0.40072E+01   0.15335E+00
  350    19.5151  13.6696  -0.39484E+01  -0.80041E+00  -0.69659E+00   0.40070E+01   0.14635E+00
  351    19.6934  13.6721  -0.39767E+01  -0.80798E+00  -0.70416E+00   0.40069E+01   0.13965E+00
  352    19.8734  13.6745  -0.40053E+01  -0.81561E+00  -0.71180E+00   0.40068E+01   0.13323E+00
  353    20.0548  13.6770  -0.40340E+01  -0.82329E+00  -0.71948E+00   0.40067E+01   0.12707E+00
  354    20.2379  13.6794  -0.40628E+01  -0.83102E+00  -0.72721E+00   0.40066E+01   0.12108E+00
  355    20.4225  13.6817  -0.40918E+01  -0.83882E+00  -0.73500E+00   0.40064E+01   0.11536E+00
  356    20.6088  13.6840  -0.41209E+01  -0.84665E+00  -0.74283E+00   0.40063E+01   0.10992E+00
  357    20.7966  13.6863  -0.41503E+01  -0.85455E+00  -0.75073E+00   0.40062E+01   0.10464E+00
  358    20.9861  13.6886  -0.41797E+01  -0.86256E+00  -0.75875E+00   0.40000E+01   0.99618E-01
  359    21.1773  13.6909  -0.42094E+01  -0.87058E+00  -0.76677E+00   0.40000E+01   0.94754E-01
  360    21.3701  13.6931  -0.42392E+01  -0.87862E+00  -0.77480E+00   0.40000E+01   0.90113E-01
  361    21.5646  13.6953  -0.42692E+01  -0.88675E+00  -0.78293E+00   0.40000E+01   0.85621E-01
  362    21.7607  13.6974  -0.42993E+01  -0.89489E+00  -0.79107E+00   0.40000E+01   0.81381E-01
  363    21.9586  13.6995  -0.43296E+01  -0.90311E+00  -0.79929E+00   0.40000E+01   0.77307E-01
  364    22.1582  13.7016  -0.43600E+01  -0.91138E+00  -0.80757E+00   0.40000E+01   0.73438E-01
  365    22.3596  13.7037  -0.43907E+01  -0.91973E+00  -0.81591E+00   0.40000E+01   0.69710E-01
  366    22.5626  13.7058  -0.44214E+01  -0.92809E+00  -0.82428E+00   0.40000E+01   0.66164E-01
  367    22.7675  13.7078  -0.44524E+01  -0.93654E+00  -0.83272E+00   0.40000E+01   0.62713E-01
  368    22.9741  13.7098  -0.44835E+01  -0.94503E+00  -0.84122E+00   0.40000E+01   0.59491E-01
  369    23.1825  13.7117  -0.45148E+01  -0.95358E+00  -0.84977E+00   0.40000E+01   0.56378E-01
  370    23.3928  13.7137  -0.45463E+01  -0.96218E+00  -0.85837E+00   0.40000E+01   0.53389E-01
  371    23.6049  13.7156  -0.45779E+01  -0.97086E+00  -0.86704E+00   0.40000E+01   0.50588E-01
  372    23.8188  13.7175  -0.46097E+01  -0.97956E+00  -0.87575E+00   0.40000E+01   0.47891E-01
  373    24.0345  13.7194  -0.46417E+01  -0.98836E+00  -0.88455E+00   0.40000E+01   0.45283E-01
  374    24.2522  13.7212  -0.46738E+01  -0.99718E+00  -0.89336E+00   0.40000E+01   0.42844E-01
  375    24.4717  13.7230  -0.47061E+01  -0.10061E+01  -0.90226E+00   0.40000E+01   0.40497E-01
  376    24.6932  13.7248  -0.47386E+01  -0.10150E+01  -0.91119E+00   0.40000E+01   0.38285E-01
  377    24.9166  13.7266  -0.47713E+01  -0.10240E+01  -0.92021E+00   0.40000E+01   0.36168E-01
  378    25.1419  13.7284  -0.48041E+01  -0.10331E+01  -0.92928E+00   0.40000E+01   0.34159E-01
  379    25.3691  13.7301  -0.48371E+01  -0.10422E+01  -0.93840E+00   0.40000E+01   0.32250E-01
  380    25.5984  13.7318  -0.48703E+01  -0.10514E+01  -0.94759E+00   0.40000E+01   0.30415E-01
  381    25.8296  13.7335  -0.49036E+01  -0.10606E+01  -0.95682E+00   0.40000E+01   0.28681E-01
  382    26.0629  13.7351  -0.49372E+01  -0.10699E+01  -0.96612E+00   0.40000E+01   0.27046E-01
  383    26.2982  13.7368  -0.49709E+01  -0.10793E+01  -0.97548E+00   0.40000E+01   0.25493E-01
  384    26.5355  13.7384  -0.50048E+01  -0.10887E+01  -0.98492E+00   0.40000E+01   0.23993E-01
  385    26.7749  13.7400  -0.50389E+01  -0.10982E+01  -0.99439E+00   0.40000E+01   0.22612E-01
  386    27.0164  13.7416  -0.50730E+01  -0.11077E+01  -0.10039E+01   0.40000E+01   0.21285E-01
  387    27.2599  13.7431  -0.51076E+01  -0.11174E+01  -0.10135E+01   0.40000E+01   0.20021E-01
  388    27.5056  13.7447  -0.51422E+01  -0.11270E+01  -0.10232E+01   0.40000E+01   0.18825E-01
  389    27.7534  13.7462  -0.51770E+01  -0.11367E+01  -0.10329E+01   0.40000E+01   0.17696E-01
  390    28.0034  13.7477  -0.52120E+01  -0.11465E+01  -0.10427E+01   0.40000E+01   0.16619E-01
  391    28.2556  13.7492  -0.52472E+01  -0.11564E+01  -0.10526E+01   0.40000E+01   0.15613E-01
  392    28.5099  13.7506  -0.52826E+01  -0.11663E+01  -0.10625E+01   0.40000E+01   0.14652E-01
  393    28.7665  13.7521  -0.53180E+01  -0.11762E+01  -0.10724E+01   0.40000E+01   0.13741E-01
  394    29.0253  13.7535  -0.53538E+01  -0.11862E+01  -0.10824E+01   0.40000E+01   0.12903E-01
  395    29.2863  13.7549  -0.53897E+01  -0.11963E+01  -0.10925E+01   0.40000E+01   0.12086E-01
  396    29.5496  13.7563  -0.54259E+01  -0.12065E+01  -0.11027E+01   0.40000E+01   0.11310E-01
  397    29.8152  13.7577  -0.54620E+01  -0.12167E+01  -0.11129E+01   0.40000E+01   0.10611E-01
  398    30.0831  13.7590  -0.54984E+01  -0.12269E+01  -0.11231E+01   0.40000E+01   0.99409E-02
  399    30.3534  13.7604  -0.55352E+01  -0.12373E+01  -0.11335E+01   0.40000E+01   0.92955E-02
  400    30.6259  13.7617  -0.55719E+01  -0.12477E+01  -0.11439E+01   0.40000E+01   0.86956E-02
