    1     0.0001   0.0014  -0.15259E-04  -0.46595E-06   0.10116E+00   0.12206E+02   0.18151E+01
    2     0.0088   0.1221  -0.11889E-02   0.24850E-05   0.10117E+00   0.12131E+02   0.16605E+01
    3     0.0176   0.2423  -0.24851E-02  -0.17266E-04   0.10115E+00   0.12056E+02   0.17562E+01
    4     0.0264   0.3621  -0.38396E-02  -0.43491E-04   0.10112E+00   0.11983E+02   0.18247E+01
    5     0.0353   0.4814  -0.52520E-02  -0.76293E-04   0.10109E+00   0.11910E+02   0.18901E+01
    6     0.0443   0.6003  -0.67049E-02  -0.11117E-03   0.10105E+00   0.11837E+02   0.19469E+01
    7     0.0534   0.7188  -0.81966E-02  -0.14796E-03   0.10102E+00   0.11765E+02   0.19985E+01
    8     0.0626   0.8368  -0.97252E-02  -0.18637E-03   0.10098E+00   0.11693E+02   0.20481E+01
    9     0.0718   0.9543  -0.11289E-01  -0.22571E-03   0.10094E+00   0.11622E+02   0.20970E+01
   10     0.0811   1.0713  -0.12889E-01  -0.26666E-03   0.10090E+00   0.11551E+02   0.21443E+01
   11     0.0905   1.1879  -0.14522E-01  -0.30828E-03   0.10085E+00   0.11480E+02   0.21911E+01
   12     0.1000   1.3039  -0.16189E-01  -0.35105E-03   0.10081E+00   0.11409E+02   0.22366E+01
   13     0.1096   1.4195  -0.17889E-01  -0.39479E-03   0.10077E+00   0.11339E+02   0.22825E+01
   14     0.1192   1.5346  -0.19623E-01  -0.43922E-03   0.10072E+00   0.11269E+02   0.23283E+01
   15     0.1290   1.6491  -0.21397E-01  -0.48657E-03   0.10068E+00   0.11199E+02   0.23742E+01
   16     0.1388   1.7632  -0.23194E-01  -0.53236E-03   0.10063E+00   0.11129E+02   0.24198E+01
   17     0.1487   1.8767  -0.25024E-01  -0.57948E-03   0.10058E+00   0.11060E+02   0.24647E+01
   18     0.1587   1.9897  -0.26887E-01  -0.62757E-03   0.10054E+00   0.10991E+02   0.25105E+01
   19     0.1687   2.1021  -0.28783E-01  -0.67690E-03   0.10049E+00   0.10923E+02   0.25563E+01
   20     0.1789   2.2140  -0.30712E-01  -0.72756E-03   0.10044E+00   0.10854E+02   0.26017E+01
   21     0.1891   2.3254  -0.32674E-01  -0.77945E-03   0.10038E+00   0.10786E+02   0.26482E+01
   22     0.1995   2.4362  -0.34669E-01  -0.83267E-03   0.10033E+00   0.10719E+02   0.26943E+01
   23     0.2099   2.5465  -0.36697E-01  -0.88716E-03   0.10028E+00   0.10651E+02   0.27409E+01
   24     0.2204   2.6562  -0.38758E-01  -0.94369E-03   0.10022E+00   0.10584E+02   0.27878E+01
   25     0.2310   2.7653  -0.40854E-01  -0.10020E-02   0.10016E+00   0.10517E+02   0.28352E+01
   26     0.2417   2.8738  -0.42983E-01  -0.10621E-02   0.10010E+00   0.10451E+02   0.28830E+01
   27     0.2525   2.9818  -0.45147E-01  -0.11244E-02   0.10004E+00   0.10385E+02   0.29307E+01
   28     0.2634   3.0892  -0.47344E-01  -0.11885E-02   0.99975E-01   0.10319E+02   0.29791E+01
   29     0.2744   3.1959  -0.49577E-01  -0.12550E-02   0.99908E-01   0.10253E+02   0.30279E+01
   30     0.2855   3.3021  -0.51845E-01  -0.13239E-02   0.99839E-01   0.10188E+02   0.30771E+01
   31     0.2967   3.4077  -0.54147E-01  -0.13952E-02   0.99768E-01   0.10123E+02   0.31263E+01
   32     0.3079   3.5127  -0.56485E-01  -0.14693E-02   0.99694E-01   0.10058E+02   0.31760E+01
   33     0.3193   3.6170  -0.58845E-01  -0.15429E-02   0.99620E-01   0.99940E+01   0.32264E+01
   34     0.3308   3.7207  -0.61253E-01  -0.16220E-02   0.99541E-01   0.99300E+01   0.32770E+01
   35     0.3423   3.8238  -0.63698E-01  -0.17043E-02   0.99459E-01   0.98664E+01   0.33272E+01
   36     0.3540   3.9263  -0.66178E-01  -0.17898E-02   0.99373E-01   0.98030E+01   0.33788E+01
   37     0.3658   4.0281  -0.68695E-01  -0.18785E-02   0.99285E-01   0.97400E+01   0.34304E+01
   38     0.3777   4.1293  -0.71249E-01  -0.19705E-02   0.99193E-01   0.96773E+01   0.34824E+01
   39     0.3896   4.2299  -0.73840E-01  -0.20662E-02   0.99097E-01   0.96150E+01   0.35349E+01
   40     0.4017   4.3298  -0.76467E-01  -0.21652E-02   0.98998E-01   0.95530E+01   0.35877E+01
   41     0.4139   4.4291  -0.79133E-01  -0.22679E-02   0.98895E-01   0.94913E+01   0.36410E+01
   42     0.4262   4.5276  -0.81835E-01  -0.23744E-02   0.98789E-01   0.94299E+01   0.36948E+01
   43     0.4386   4.6256  -0.84576E-01  -0.24849E-02   0.98678E-01   0.93689E+01   0.37486E+01
   44     0.4511   4.7229  -0.87354E-01  -0.25993E-02   0.98564E-01   0.93082E+01   0.38028E+01
   45     0.4637   4.8195  -0.90171E-01  -0.27178E-02   0.98445E-01   0.92479E+01   0.38578E+01
   46     0.4764   4.9154  -0.93026E-01  -0.28404E-02   0.98323E-01   0.91880E+01   0.39130E+01
   47     0.4893   5.0106  -0.95921E-01  -0.29677E-02   0.98195E-01   0.91283E+01   0.39686E+01
   48     0.5022   5.1052  -0.98855E-01  -0.30997E-02   0.98063E-01   0.90690E+01   0.40245E+01
   49     0.5153   5.1991  -0.10183E+00  -0.32361E-02   0.97927E-01   0.90101E+01   0.40806E+01
   50     0.5285   5.2923  -0.10484E+00  -0.33767E-02   0.97786E-01   0.89515E+01   0.41376E+01
   51     0.5417   5.3849  -0.10789E+00  -0.35221E-02   0.97641E-01   0.88933E+01   0.41943E+01
   52     0.5552   5.4767  -0.11098E+00  -0.36723E-02   0.97491E-01   0.88354E+01   0.42517E+01
   53     0.5687   5.5679  -0.11411E+00  -0.38276E-02   0.97335E-01   0.87779E+01   0.43099E+01
   54     0.5823   5.6583  -0.11728E+00  -0.39882E-02   0.97175E-01   0.87207E+01   0.43674E+01
   55     0.5961   5.7481  -0.12049E+00  -0.41542E-02   0.97009E-01   0.86639E+01   0.44259E+01
   56     0.6099   5.8371  -0.12375E+00  -0.43260E-02   0.96837E-01   0.86074E+01   0.44849E+01
   57     0.6239   5.9255  -0.12704E+00  -0.45035E-02   0.96660E-01   0.85513E+01   0.45440E+01
   58     0.6381   6.0132  -0.13038E+00  -0.46866E-02   0.96476E-01   0.84955E+01   0.46034E+01
   59     0.6523   6.1001  -0.13376E+00  -0.48749E-02   0.96288E-01   0.84402E+01   0.46631E+01
   60     0.6667   6.1864  -0.13718E+00  -0.50694E-02   0.96094E-01   0.83852E+01   0.47229E+01
   61     0.6812   6.2719  -0.14065E+00  -0.52697E-02   0.95893E-01   0.83306E+01   0.47831E+01
   62     0.6958   6.3568  -0.14415E+00  -0.54759E-02   0.95687E-01   0.82764E+01   0.48435E+01
   63     0.7105   6.4409  -0.14770E+00  -0.56879E-02   0.95475E-01   0.82225E+01   0.49046E+01
   64     0.7254   6.5244  -0.15129E+00  -0.59059E-02   0.95257E-01   0.81690E+01   0.49653E+01
   65     0.7404   6.6071  -0.15493E+00  -0.61305E-02   0.95033E-01   0.81159E+01   0.50266E+01
   66     0.7555   6.6891  -0.15861E+00  -0.63616E-02   0.94801E-01   0.80631E+01   0.50880E+01
   67     0.7708   6.7704  -0.16233E+00  -0.65990E-02   0.94564E-01   0.80107E+01   0.51497E+01
   68     0.7862   6.8511  -0.16609E+00  -0.68433E-02   0.94320E-01   0.79587E+01   0.52117E+01
   69     0.8017   6.9310  -0.16990E+00  -0.70947E-02   0.94068E-01   0.79070E+01   0.52737E+01
   70     0.8174   7.0102  -0.17376E+00  -0.73533E-02   0.93810E-01   0.78558E+01   0.53360E+01
   71     0.8332   7.0886  -0.17766E+00  -0.76190E-02   0.93544E-01   0.78049E+01   0.53986E+01
   72     0.8491   7.1664  -0.18161E+00  -0.78923E-02   0.93271E-01   0.77544E+01   0.54609E+01
   73     0.8652   7.2435  -0.18560E+00  -0.81728E-02   0.92990E-01   0.77043E+01   0.55237E+01
   74     0.8814   7.3199  -0.18964E+00  -0.84603E-02   0.92703E-01   0.76545E+01   0.55864E+01
   75     0.8977   7.3956  -0.19372E+00  -0.87550E-02   0.92408E-01   0.76051E+01   0.56491E+01
   76     0.9142   7.4705  -0.19785E+00  -0.90575E-02   0.92106E-01   0.75561E+01   0.57121E+01
   77     0.9309   7.5448  -0.20202E+00  -0.93677E-02   0.91795E-01   0.75074E+01   0.57750E+01
   78     0.9477   7.6184  -0.20624E+00  -0.96853E-02   0.91478E-01   0.74592E+01   0.58381E+01
   79     0.9646   7.6913  -0.21051E+00  -0.10011E-01   0.91152E-01   0.74113E+01   0.59012E+01
   80     0.9817   7.7635  -0.21482E+00  -0.10345E-01   0.90818E-01   0.73638E+01   0.59644E+01
   81     0.9989   7.8350  -0.21919E+00  -0.10687E-01   0.90476E-01   0.73167E+01   0.60280E+01
   82     1.0163   7.9058  -0.22360E+00  -0.11037E-01   0.90126E-01   0.72700E+01   0.60911E+01
   83     1.0338   7.9759  -0.22805E+00  -0.11396E-01   0.89767E-01   0.72236E+01   0.61539E+01
   84     1.0515   8.0453  -0.23256E+00  -0.11762E-01   0.89401E-01   0.71776E+01   0.62166E+01
   85     1.0693   8.1141  -0.23711E+00  -0.12137E-01   0.89026E-01   0.71320E+01   0.62795E+01
   86     1.0873   8.1821  -0.24171E+00  -0.12521E-01   0.88642E-01   0.70867E+01   0.63420E+01
   87     1.1055   8.2495  -0.24635E+00  -0.12913E-01   0.88250E-01   0.70418E+01   0.64048E+01
   88     1.1238   8.3162  -0.25105E+00  -0.13313E-01   0.87850E-01   0.69973E+01   0.64670E+01
   89     1.1423   8.3823  -0.25579E+00  -0.13722E-01   0.87441E-01   0.69532E+01   0.65293E+01
   90     1.1609   8.4477  -0.26058E+00  -0.14141E-01   0.87022E-01   0.69094E+01   0.65918E+01
   91     1.1797   8.5124  -0.26543E+00  -0.14569E-01   0.86594E-01   0.68661E+01   0.66538E+01
   92     1.1986   8.5764  -0.27032E+00  -0.15006E-01   0.86157E-01   0.68231E+01   0.67156E+01
   93     1.2177   8.6398  -0.27526E+00  -0.15452E-01   0.85711E-01   0.67805E+01   0.67768E+01
   94     1.2370   8.7025  -0.28025E+00  -0.15908E-01   0.85255E-01   0.67382E+01   0.68381E+01
   95     1.2565   8.7646  -0.28530E+00  -0.16374E-01   0.84789E-01   0.66964E+01   0.68992E+01
   96     1.2761   8.8260  -0.29039E+00  -0.16849E-01   0.84314E-01   0.66549E+01   0.69597E+01
   97     1.2959   8.8868  -0.29553E+00  -0.17333E-01   0.83830E-01   0.66137E+01   0.70205E+01
   98     1.3158   8.9469  -0.30072E+00  -0.17827E-01   0.83336E-01   0.65729E+01   0.70807E+01
   99     1.3360   9.0065  -0.30596E+00  -0.18331E-01   0.82832E-01   0.65325E+01   0.71404E+01
  100     1.3563   9.0653  -0.31125E+00  -0.18844E-01   0.82319E-01   0.64925E+01   0.71996E+01
  101     1.3767   9.1236  -0.31659E+00  -0.19368E-01   0.81795E-01   0.64528E+01   0.72587E+01
  102     1.3974   9.1812  -0.32199E+00  -0.19903E-01   0.81260E-01   0.64135E+01   0.73172E+01
  103     1.4183   9.2382  -0.32744E+00  -0.20448E-01   0.80715E-01   0.63746E+01   0.73753E+01
  104     1.4393   9.2945  -0.33294E+00  -0.21004E-01   0.80159E-01   0.63361E+01   0.74331E+01
  105     1.4605   9.3503  -0.33849E+00  -0.21570E-01   0.79593E-01   0.62979E+01   0.74905E+01
  106     1.4819   9.4054  -0.34410E+00  -0.22146E-01   0.79017E-01   0.62601E+01   0.75469E+01
  107     1.5035   9.4600  -0.34975E+00  -0.22734E-01   0.78430E-01   0.62226E+01   0.76021E+01
  108     1.5252   9.5139  -0.35546E+00  -0.23332E-01   0.77832E-01   0.61855E+01   0.76579E+01
  109     1.5472   9.5673  -0.36123E+00  -0.23942E-01   0.77221E-01   0.61488E+01   0.77156E+01
  110     1.5693   9.6200  -0.36705E+00  -0.24564E-01   0.76599E-01   0.61124E+01   0.77679E+01
  111     1.5917   9.6722  -0.37292E+00  -0.25196E-01   0.75967E-01   0.60764E+01   0.78084E+01
  112     1.6142   9.7238  -0.37885E+00  -0.25839E-01   0.75324E-01   0.60408E+01   0.78516E+01
  113     1.6369   9.7748  -0.38483E+00  -0.26493E-01   0.74671E-01   0.60056E+01   0.79133E+01
  114     1.6598   9.8252  -0.39086E+00  -0.27159E-01   0.74004E-01   0.59707E+01   0.79788E+01
  115     1.6830   9.8751  -0.39695E+00  -0.27837E-01   0.73326E-01   0.59361E+01   0.80315E+01
  116     1.7063   9.9244  -0.40309E+00  -0.28527E-01   0.72636E-01   0.59020E+01   0.80784E+01
  117     1.7298   9.9731  -0.40930E+00  -0.29230E-01   0.71933E-01   0.58682E+01   0.81276E+01
  118     1.7536  10.0213  -0.41554E+00  -0.29943E-01   0.71220E-01   0.58347E+01   0.81769E+01
  119     1.7775  10.0689  -0.42184E+00  -0.30663E-01   0.70500E-01   0.58016E+01   0.82246E+01
  120     1.8016  10.1160  -0.42822E+00  -0.31407E-01   0.69756E-01   0.57689E+01   0.82700E+01
  121     1.8260  10.1626  -0.43467E+00  -0.32166E-01   0.68997E-01   0.57366E+01   0.83150E+01
  122     1.8506  10.2086  -0.44100E+00  -0.32886E-01   0.68278E-01   0.57041E+01   0.83624E+01
  123     1.8753  10.2541  -0.44729E+00  -0.33589E-01   0.67574E-01   0.56716E+01   0.84111E+01
  124     1.9003  10.2990  -0.45393E+00  -0.34391E-01   0.66772E-01   0.56405E+01   0.84531E+01
  125     1.9256  10.3434  -0.46085E+00  -0.35272E-01   0.65891E-01   0.56105E+01   0.84903E+01
  126     1.9510  10.3873  -0.46761E+00  -0.36101E-01   0.65062E-01   0.55801E+01   0.85295E+01
  127     1.9766  10.4307  -0.47431E+00  -0.36910E-01   0.64253E-01   0.55497E+01   0.85706E+01
  128     2.0025  10.4736  -0.48113E+00  -0.37749E-01   0.63414E-01   0.55198E+01   0.86108E+01
  129     2.0286  10.5160  -0.48801E+00  -0.38604E-01   0.62559E-01   0.54904E+01   0.86474E+01
  130     2.0550  10.5579  -0.49494E+00  -0.39467E-01   0.61696E-01   0.54612E+01   0.86817E+01
  131     2.0815  10.5993  -0.50192E+00  -0.40342E-01   0.60821E-01   0.54324E+01   0.87289E+01
  132     2.1083  10.6402  -0.50896E+00  -0.41232E-01   0.59931E-01   0.54039E+01   0.87811E+01
  133     2.1353  10.6806  -0.51606E+00  -0.42135E-01   0.59028E-01   0.53758E+01   0.88058E+01
  134     2.1626  10.7205  -0.52322E+00  -0.43054E-01   0.58110E-01   0.53480E+01   0.88207E+01
  135     2.1901  10.7600  -0.53045E+00  -0.43987E-01   0.57176E-01   0.53206E+01   0.88527E+01
  136     2.2178  10.7990  -0.53773E+00  -0.44931E-01   0.56232E-01   0.52936E+01   0.88854E+01
  137     2.2458  10.8375  -0.54507E+00  -0.45890E-01   0.55273E-01   0.52669E+01   0.89128E+01
  138     2.2740  10.8756  -0.55247E+00  -0.46863E-01   0.54300E-01   0.52406E+01   0.89408E+01
  139     2.3025  10.9132  -0.55993E+00  -0.47850E-01   0.53313E-01   0.52147E+01   0.89680E+01
  140     2.3312  10.9504  -0.56745E+00  -0.48852E-01   0.52311E-01   0.51891E+01   0.89945E+01
  141     2.3602  10.9871  -0.57503E+00  -0.49870E-01   0.51293E-01   0.51638E+01   0.90191E+01
  142     2.3894  11.0234  -0.58268E+00  -0.50902E-01   0.50261E-01   0.51389E+01   0.90414E+01
  143     2.4188  11.0592  -0.59038E+00  -0.51947E-01   0.49216E-01   0.51144E+01   0.90622E+01
  144     2.4486  11.0946  -0.59815E+00  -0.53008E-01   0.48155E-01   0.50902E+01   0.90822E+01
  145     2.4785  11.1296  -0.60598E+00  -0.54083E-01   0.47080E-01   0.50663E+01   0.91016E+01
  146     2.5088  11.1641  -0.61386E+00  -0.55173E-01   0.45990E-01   0.50428E+01   0.91193E+01
  147     2.5393  11.1982  -0.62181E+00  -0.56277E-01   0.44886E-01   0.50197E+01   0.91354E+01
  148     2.5701  11.2320  -0.62983E+00  -0.57399E-01   0.43764E-01   0.49969E+01   0.91495E+01
  149     2.6011  11.2653  -0.63791E+00  -0.58537E-01   0.42626E-01   0.49745E+01   0.91629E+01
  150     2.6324  11.2982  -0.64605E+00  -0.59689E-01   0.41474E-01   0.49524E+01   0.91752E+01
  151     2.6640  11.3306  -0.65425E+00  -0.60854E-01   0.40309E-01   0.49306E+01   0.91850E+01
  152     2.6958  11.3627  -0.66251E+00  -0.62035E-01   0.39128E-01   0.49092E+01   0.91941E+01
  153     2.7280  11.3944  -0.67084E+00  -0.63234E-01   0.37929E-01   0.48881E+01   0.92015E+01
  154     2.7604  11.4258  -0.67924E+00  -0.64449E-01   0.36714E-01   0.48674E+01   0.92076E+01
  155     2.7931  11.4567  -0.68769E+00  -0.65679E-01   0.35484E-01   0.48471E+01   0.92124E+01
  156     2.8260  11.4872  -0.69621E+00  -0.66924E-01   0.34239E-01   0.48271E+01   0.92151E+01
  157     2.8593  11.5174  -0.70480E+00  -0.68186E-01   0.32977E-01   0.48074E+01   0.92163E+01
  158     2.8929  11.5472  -0.71346E+00  -0.69469E-01   0.31694E-01   0.47881E+01   0.92168E+01
  159     2.9267  11.5766  -0.72217E+00  -0.70762E-01   0.30401E-01   0.47691E+01   0.92162E+01
  160     2.9608  11.6057  -0.73095E+00  -0.72073E-01   0.29090E-01   0.47504E+01   0.92131E+01
  161     2.9953  11.6344  -0.73980E+00  -0.73403E-01   0.27760E-01   0.47321E+01   0.92088E+01
  162     3.0300  11.6628  -0.74871E+00  -0.74747E-01   0.26416E-01   0.47141E+01   0.92034E+01
  163     3.0651  11.6908  -0.75769E+00  -0.76111E-01   0.25052E-01   0.46965E+01   0.91970E+01
  164     3.1004  11.7184  -0.76673E+00  -0.77490E-01   0.23673E-01   0.46791E+01   0.91879E+01
  165     3.1360  11.7458  -0.77585E+00  -0.78888E-01   0.22275E-01   0.46621E+01   0.91769E+01
  166     3.1720  11.7727  -0.78503E+00  -0.80304E-01   0.20859E-01   0.46455E+01   0.91664E+01
  167     3.2083  11.7994  -0.79428E+00  -0.81736E-01   0.19427E-01   0.46292E+01   0.91528E+01
  168     3.2449  11.8257  -0.80360E+00  -0.83187E-01   0.17976E-01   0.46132E+01   0.91383E+01
  169     3.2818  11.8517  -0.81298E+00  -0.84655E-01   0.16508E-01   0.45975E+01   0.91224E+01
  170     3.3190  11.8773  -0.82244E+00  -0.86143E-01   0.15020E-01   0.45821E+01   0.91038E+01
  171     3.3565  11.9026  -0.83197E+00  -0.87650E-01   0.13514E-01   0.45671E+01   0.90845E+01
  172     3.3944  11.9277  -0.84155E+00  -0.89172E-01   0.11991E-01   0.45523E+01   0.90647E+01
  173     3.4326  11.9524  -0.85122E+00  -0.90715E-01   0.10448E-01   0.45379E+01   0.90441E+01
  174     3.4712  11.9768  -0.86095E+00  -0.92277E-01   0.88863E-02   0.45238E+01   0.90184E+01
  175     3.5100  12.0009  -0.87075E+00  -0.93855E-01   0.73077E-02   0.45100E+01   0.89926E+01
  176     3.5492  12.0246  -0.88062E+00  -0.95455E-01   0.57085E-02   0.44965E+01   0.89665E+01
  177     3.5888  12.0481  -0.89056E+00  -0.97073E-01   0.40904E-02   0.44833E+01   0.89380E+01
  178     3.6287  12.0713  -0.90057E+00  -0.98706E-01   0.24567E-02   0.44703E+01   0.89087E+01
  179     3.6689  12.0942  -0.91066E+00  -0.10037E+00   0.79747E-03   0.44577E+01   0.88773E+01
  180     3.7095  12.1169  -0.92084E+00  -0.10205E+00  -0.88898E-03   0.44455E+01   0.88442E+01
  181     3.7505  12.1392  -0.93105E+00  -0.10374E+00  -0.25772E-02   0.44334E+01   0.88110E+01
  182     3.7918  12.1612  -0.94134E+00  -0.10545E+00  -0.42908E-02   0.44216E+01   0.87762E+01
  183     3.8334  12.1830  -0.95172E+00  -0.10719E+00  -0.60293E-02   0.44101E+01   0.87389E+01
  184     3.8754  12.2045  -0.96216E+00  -0.10895E+00  -0.77863E-02   0.43989E+01   0.87021E+01
  185     3.9178  12.2257  -0.97268E+00  -0.11073E+00  -0.95637E-02   0.43880E+01   0.86609E+01
  186     3.9606  12.2467  -0.98327E+00  -0.11253E+00  -0.11362E-01   0.43773E+01   0.86176E+01
  187     4.0037  12.2674  -0.99394E+00  -0.11435E+00  -0.13182E-01   0.43669E+01   0.85783E+01
  188     4.0472  12.2878  -0.10047E+01  -0.11619E+00  -0.15023E-01   0.43567E+01   0.85348E+01
  189     4.0911  12.3080  -0.10155E+01  -0.11805E+00  -0.16886E-01   0.43468E+01   0.84888E+01
  190     4.1353  12.3279  -0.10264E+01  -0.11993E+00  -0.18768E-01   0.43371E+01   0.84433E+01
  191     4.1800  12.3476  -0.10374E+01  -0.12184E+00  -0.20674E-01   0.43278E+01   0.83956E+01
  192     4.2250  12.3670  -0.10484E+01  -0.12376E+00  -0.22596E-01   0.43186E+01   0.83467E+01
  193     4.2705  12.3862  -0.10595E+01  -0.12571E+00  -0.24544E-01   0.43096E+01   0.82967E+01
  194     4.3163  12.4051  -0.10707E+01  -0.12768E+00  -0.26519E-01   0.43009E+01   0.82452E+01
  195     4.3625  12.4238  -0.10820E+01  -0.12967E+00  -0.28509E-01   0.42924E+01   0.81935E+01
  196     4.4091  12.4423  -0.10933E+01  -0.13169E+00  -0.30524E-01   0.42842E+01   0.81396E+01
  197     4.4561  12.4605  -0.11047E+01  -0.13373E+00  -0.32563E-01   0.42762E+01   0.80849E+01
  198     4.5036  12.4785  -0.11162E+01  -0.13579E+00  -0.34623E-01   0.42684E+01   0.80286E+01
  199     4.5514  12.4962  -0.11278E+01  -0.13787E+00  -0.36707E-01   0.42608E+01   0.79716E+01
  200     4.5997  12.5138  -0.11395E+01  -0.13998E+00  -0.38816E-01   0.42534E+01   0.79131E+01
  201     4.6484  12.5311  -0.11512E+01  -0.14211E+00  -0.40948E-01   0.42462E+01   0.78540E+01
  202     4.6975  12.5482  -0.11630E+01  -0.14426E+00  -0.43101E-01   0.42392E+01   0.77929E+01
  203     4.7470  12.5650  -0.11749E+01  -0.14644E+00  -0.45277E-01   0.42324E+01   0.77313E+01
  204     4.7970  12.5817  -0.11869E+01  -0.14864E+00  -0.47475E-01   0.42258E+01   0.76691E+01
  205     4.8474  12.5981  -0.11989E+01  -0.15087E+00  -0.49706E-01   0.42194E+01   0.76051E+01
  206     4.8982  12.6144  -0.12111E+01  -0.15312E+00  -0.51955E-01   0.42131E+01   0.75402E+01
  207     4.9495  12.6304  -0.12233E+01  -0.15539E+00  -0.54231E-01   0.42070E+01   0.74757E+01
  208     5.0012  12.6462  -0.12356E+01  -0.15769E+00  -0.56526E-01   0.42011E+01   0.74096E+01
  209     5.0534  12.6619  -0.12479E+01  -0.16001E+00  -0.58848E-01   0.41954E+01   0.73437E+01
  210     5.1060  12.6773  -0.12604E+01  -0.16236E+00  -0.61197E-01   0.41898E+01   0.72750E+01
  211     5.1591  12.6925  -0.12729E+01  -0.16473E+00  -0.63570E-01   0.41844E+01   0.72061E+01
  212     5.2126  12.7076  -0.12855E+01  -0.16713E+00  -0.65969E-01   0.41792E+01   0.71361E+01
  213     5.2667  12.7224  -0.12982E+01  -0.16956E+00  -0.68396E-01   0.41741E+01   0.70676E+01
  214     5.3211  12.7371  -0.13110E+01  -0.17201E+00  -0.70847E-01   0.41692E+01   0.69965E+01
  215     5.3761  12.7515  -0.13239E+01  -0.17449E+00  -0.73323E-01   0.41643E+01   0.69249E+01
  216     5.4315  12.7658  -0.13368E+01  -0.17699E+00  -0.75824E-01   0.41596E+01   0.68531E+01
  217     5.4874  12.7799  -0.13499E+01  -0.17952E+00  -0.78354E-01   0.41551E+01   0.67797E+01
  218     5.5438  12.7938  -0.13630E+01  -0.18207E+00  -0.80909E-01   0.41507E+01   0.67058E+01
  219     5.6007  12.8076  -0.13762E+01  -0.18465E+00  -0.83491E-01   0.41464E+01   0.66318E+01
  220     5.6581  12.8211  -0.13895E+01  -0.18726E+00  -0.86098E-01   0.41423E+01   0.65568E+01
  221     5.7160  12.8345  -0.14029E+01  -0.18990E+00  -0.88736E-01   0.41383E+01   0.64820E+01
  222     5.7744  12.8477  -0.14163E+01  -0.19256E+00  -0.91395E-01   0.41343E+01   0.64063E+01
  223     5.8333  12.8608  -0.14299E+01  -0.19525E+00  -0.94085E-01   0.41306E+01   0.63295E+01
  224     5.8927  12.8737  -0.14435E+01  -0.19796E+00  -0.96802E-01   0.41269E+01   0.62537E+01
  225     5.9526  12.8864  -0.14573E+01  -0.20071E+00  -0.99545E-01   0.41233E+01   0.61776E+01
  226     6.0131  12.8990  -0.14711E+01  -0.20348E+00  -0.10232E+00   0.41198E+01   0.61005E+01
  227     6.0740  12.9114  -0.14850E+01  -0.20628E+00  -0.10512E+00   0.41165E+01   0.60229E+01
  228     6.1355  12.9236  -0.14990E+01  -0.20911E+00  -0.10794E+00   0.41132E+01   0.59453E+01
  229     6.1976  12.9357  -0.15130E+01  -0.21196E+00  -0.11080E+00   0.41101E+01   0.58666E+01
  230     6.2602  12.9476  -0.15272E+01  -0.21485E+00  -0.11369E+00   0.41070E+01   0.57893E+01
  231     6.3233  12.9594  -0.15415E+01  -0.21777E+00  -0.11661E+00   0.41040E+01   0.57107E+01
  232     6.3869  12.9710  -0.15558E+01  -0.22071E+00  -0.11955E+00   0.41011E+01   0.56329E+01
  233     6.4512  12.9825  -0.15703E+01  -0.22368E+00  -0.12252E+00   0.40983E+01   0.55538E+01
  234     6.5159  12.9938  -0.15848E+01  -0.22668E+00  -0.12552E+00   0.40956E+01   0.54750E+01
  235     6.5813  13.0050  -0.15994E+01  -0.22971E+00  -0.12855E+00   0.40930E+01   0.53956E+01
  236     6.6472  13.0160  -0.16141E+01  -0.23277E+00  -0.13161E+00   0.40904E+01   0.53165E+01
  237     6.7137  13.0269  -0.16289E+01  -0.23586E+00  -0.13470E+00   0.40879E+01   0.52384E+01
  238     6.7807  13.0377  -0.16438E+01  -0.23898E+00  -0.13782E+00   0.40855E+01   0.51592E+01
  239     6.8484  13.0483  -0.16588E+01  -0.24213E+00  -0.14097E+00   0.40832E+01   0.50799E+01
  240     6.9166  13.0588  -0.16739E+01  -0.24531E+00  -0.14414E+00   0.40809E+01   0.50018E+01
  241     6.9854  13.0691  -0.16891E+01  -0.24852E+00  -0.14735E+00   0.40787E+01   0.49235E+01
  242     7.0549  13.0794  -0.17043E+01  -0.25176E+00  -0.15059E+00   0.40766E+01   0.48443E+01
  243     7.1249  13.0894  -0.17197E+01  -0.25503E+00  -0.15386E+00   0.40745E+01   0.47660E+01
  244     7.1955  13.0994  -0.17352E+01  -0.25833E+00  -0.15717E+00   0.40725E+01   0.46885E+01
  245     7.2668  13.1092  -0.17507E+01  -0.26166E+00  -0.16050E+00   0.40706E+01   0.46102E+01
  246     7.3387  13.1189  -0.17664E+01  -0.26503E+00  -0.16387E+00   0.40687E+01   0.45323E+01
  247     7.4112  13.1285  -0.17821E+01  -0.26842E+00  -0.16726E+00   0.40668E+01   0.44556E+01
  248     7.4843  13.1380  -0.17979E+01  -0.27185E+00  -0.17068E+00   0.40651E+01   0.43778E+01
  249     7.5580  13.1473  -0.18139E+01  -0.27531E+00  -0.17414E+00   0.40633E+01   0.43016E+01
  250     7.6324  13.1565  -0.18299E+01  -0.27880E+00  -0.17763E+00   0.40617E+01   0.42248E+01
  251     7.7075  13.1656  -0.18461E+01  -0.28232E+00  -0.18115E+00   0.40600E+01   0.41501E+01
  252     7.7832  13.1746  -0.18623E+01  -0.28587E+00  -0.18471E+00   0.40585E+01   0.40743E+01
  253     7.8596  13.1834  -0.18786E+01  -0.28946E+00  -0.18830E+00   0.40569E+01   0.39992E+01
  254     7.9366  13.1922  -0.18951E+01  -0.29308E+00  -0.19192E+00   0.40554E+01   0.39241E+01
  255     8.0143  13.2008  -0.19116E+01  -0.29673E+00  -0.19557E+00   0.40540E+01   0.38504E+01
  256     8.0926  13.2093  -0.19283E+01  -0.30042E+00  -0.19926E+00   0.40526E+01   0.37764E+01
  257     8.1717  13.2178  -0.19450E+01  -0.30414E+00  -0.20297E+00   0.40512E+01   0.37030E+01
  258     8.2514  13.2261  -0.19618E+01  -0.30789E+00  -0.20672E+00   0.40499E+01   0.36306E+01
  259     8.3319  13.2343  -0.19788E+01  -0.31167E+00  -0.21051E+00   0.40486E+01   0.35584E+01
  260     8.4130  13.2424  -0.19958E+01  -0.31549E+00  -0.21432E+00   0.40474E+01   0.34873E+01
  261     8.4948  13.2503  -0.20129E+01  -0.31934E+00  -0.21818E+00   0.40462E+01   0.34165E+01
  262     8.5774  13.2582  -0.20302E+01  -0.32323E+00  -0.22206E+00   0.40450E+01   0.33464E+01
  263     8.6606  13.2660  -0.20475E+01  -0.32714E+00  -0.22598E+00   0.40439E+01   0.32766E+01
  264     8.7446  13.2737  -0.20650E+01  -0.33110E+00  -0.22994E+00   0.40428E+01   0.32078E+01
  265     8.8293  13.2813  -0.20826E+01  -0.33509E+00  -0.23393E+00   0.40417E+01   0.31388E+01
  266     8.9148  13.2888  -0.21002E+01  -0.33911E+00  -0.23795E+00   0.40406E+01   0.30717E+01
  267     9.0010  13.2962  -0.21180E+01  -0.34317E+00  -0.24201E+00   0.40396E+01   0.30050E+01
  268     9.0879  13.3035  -0.21359E+01  -0.34726E+00  -0.24610E+00   0.40387E+01   0.29379E+01
  269     9.1756  13.3107  -0.21538E+01  -0.35139E+00  -0.25023E+00   0.40377E+01   0.28727E+01
  270     9.2641  13.3178  -0.21719E+01  -0.35556E+00  -0.25439E+00   0.40368E+01   0.28085E+01
  271     9.3534  13.3248  -0.21901E+01  -0.35975E+00  -0.25859E+00   0.40359E+01   0.27441E+01
  272     9.4434  13.3317  -0.22084E+01  -0.36398E+00  -0.26282E+00   0.40350E+01   0.26818E+01
  273     9.5342  13.3386  -0.22269E+01  -0.36826E+00  -0.26709E+00   0.40341E+01   0.26187E+01
  274     9.6257  13.3453  -0.22454E+01  -0.37257E+00  -0.27140E+00   0.40333E+01   0.25571E+01
  275     9.7181  13.3520  -0.22640E+01  -0.37691E+00  -0.27575E+00   0.40325E+01   0.24967E+01
  276     9.8113  13.3586  -0.22828E+01  -0.38129E+00  -0.28013E+00   0.40317E+01   0.24362E+01
  277     9.9053  13.3651  -0.23016E+01  -0.38570E+00  -0.28454E+00   0.40310E+01   0.23770E+01
  278    10.0001  13.3715  -0.23206E+01  -0.39015E+00  -0.28899E+00   0.40302E+01   0.23181E+01
  279    10.0957  13.3778  -0.23396E+01  -0.39464E+00  -0.29348E+00   0.40295E+01   0.22613E+01
  280    10.1922  13.3841  -0.23588E+01  -0.39916E+00  -0.29800E+00   0.40288E+01   0.22047E+01
  281    10.2895  13.3902  -0.23781E+01  -0.40373E+00  -0.30257E+00   0.40281E+01   0.21488E+01
  282    10.3877  13.3963  -0.23975E+01  -0.40832E+00  -0.30716E+00   0.40274E+01   0.20948E+01
  283    10.4867  13.4023  -0.24171E+01  -0.41297E+00  -0.31181E+00   0.40268E+01   0.20401E+01
  284    10.5865  13.4083  -0.24367E+01  -0.41764E+00  -0.31648E+00   0.40262E+01   0.19872E+01
  285    10.6873  13.4141  -0.24565E+01  -0.42236E+00  -0.32120E+00   0.40256E+01   0.19352E+01
  286    10.7889  13.4199  -0.24764E+01  -0.42712E+00  -0.32596E+00   0.40250E+01   0.18822E+01
  287    10.8914  13.4256  -0.24963E+01  -0.43190E+00  -0.33074E+00   0.40244E+01   0.18322E+01
  288    10.9947  13.4312  -0.25164E+01  -0.43674E+00  -0.33557E+00   0.40238E+01   0.17825E+01
  289    11.0990  13.4368  -0.25366E+01  -0.44160E+00  -0.34044E+00   0.40233E+01   0.17332E+01
  290    11.2042  13.4423  -0.25570E+01  -0.44650E+00  -0.34534E+00   0.40228E+01   0.16858E+01
  291    11.3103  13.4477  -0.25774E+01  -0.45145E+00  -0.35029E+00   0.40223E+01   0.16383E+01
  292    11.4173  13.4530  -0.25980E+01  -0.45644E+00  -0.35528E+00   0.40218E+01   0.15925E+01
  293    11.5253  13.4583  -0.26187E+01  -0.46146E+00  -0.36030E+00   0.40213E+01   0.15472E+01
  294    11.6342  13.4635  -0.26395E+01  -0.46653E+00  -0.36536E+00   0.40208E+01   0.15014E+01
  295    11.7440  13.4687  -0.26604E+01  -0.47163E+00  -0.37047E+00   0.40203E+01   0.14585E+01
  296    11.8548  13.4738  -0.26815E+01  -0.47679E+00  -0.37562E+00   0.40199E+01   0.14158E+01
  297    11.9666  13.4788  -0.27026E+01  -0.48193E+00  -0.38077E+00   0.40194E+01   0.13741E+01
  298    12.0793  13.4837  -0.27240E+01  -0.48718E+00  -0.38602E+00   0.40190E+01   0.13332E+01
  299    12.1930  13.4886  -0.27454E+01  -0.49245E+00  -0.39129E+00   0.40186E+01   0.12928E+01
  300    12.3077  13.4934  -0.27669E+01  -0.49775E+00  -0.39659E+00   0.40182E+01   0.12539E+01
  301    12.4234  13.4982  -0.27886E+01  -0.50311E+00  -0.40194E+00   0.40178E+01   0.12148E+01
  302    12.5401  13.5029  -0.28104E+01  -0.50850E+00  -0.40733E+00   0.40174E+01   0.11772E+01
  303    12.6578  13.5075  -0.28323E+01  -0.51392E+00  -0.41275E+00   0.40170E+01   0.11405E+01
  304    12.7766  13.5121  -0.28543E+01  -0.51939E+00  -0.41823E+00   0.40167E+01   0.11041E+01
  305    12.8963  13.5166  -0.28765E+01  -0.52491E+00  -0.42375E+00   0.40163E+01   0.10691E+01
  306    13.0172  13.5211  -0.28988E+01  -0.53047E+00  -0.42930E+00   0.40160E+01   0.10353E+01
  307    13.1390  13.5255  -0.29212E+01  -0.53606E+00  -0.43490E+00   0.40156E+01   0.10012E+01
  308    13.2619  13.5298  -0.29438E+01  -0.54170E+00  -0.44054E+00   0.40153E+01   0.96871E+00
  309    13.3859  13.5341  -0.29665E+01  -0.54740E+00  -0.44623E+00   0.40150E+01   0.93665E+00
  310    13.5110  13.5383  -0.29892E+01  -0.55311E+00  -0.45195E+00   0.40147E+01   0.90541E+00
  311    13.6372  13.5425  -0.30122E+01  -0.55889E+00  -0.45773E+00   0.40144E+01   0.87490E+00
  312    13.7644  13.5466  -0.30352E+01  -0.56470E+00  -0.46354E+00   0.40141E+01   0.84525E+00
  313    13.8928  13.5507  -0.30584E+01  -0.57055E+00  -0.46939E+00   0.40138E+01   0.81639E+00
  314    14.0223  13.5547  -0.30818E+01  -0.57646E+00  -0.47529E+00   0.40135E+01   0.78781E+00
  315    14.1529  13.5587  -0.31052E+01  -0.58240E+00  -0.48123E+00   0.40132E+01   0.76074E+00
  316    14.2846  13.5626  -0.31288E+01  -0.58839E+00  -0.48722E+00   0.40129E+01   0.73426E+00
  317    14.4175  13.5665  -0.31525E+01  -0.59441E+00  -0.49325E+00   0.40127E+01   0.70817E+00
  318    14.5515  13.5703  -0.31764E+01  -0.60050E+00  -0.49933E+00   0.40124E+01   0.68291E+00
  319    14.6867  13.5741  -0.32004E+01  -0.60662E+00  -0.50546E+00   0.40122E+01   0.65832E+00
  320    14.8231  13.5778  -0.32245E+01  -0.61279E+00  -0.51162E+00   0.40119E+01   0.63453E+00
  321    14.9607  13.5815  -0.32488E+01  -0.61899E+00  -0.51783E+00   0.40117E+01   0.61103E+00
  322    15.0994  13.5851  -0.32732E+01  -0.62525E+00  -0.52408E+00   0.40115E+01   0.58890E+00
  323    15.2394  13.5887  -0.32977E+01  -0.63156E+00  -0.53040E+00   0.40112E+01   0.56669E+00
  324    15.3806  13.5922  -0.33224E+01  -0.63791E+00  -0.53674E+00   0.40110E+01   0.54556E+00
  325    15.5230  13.5957  -0.33473E+01  -0.64434E+00  -0.54317E+00   0.40108E+01   0.52472E+00
  326    15.6666  13.5991  -0.33723E+01  -0.65078E+00  -0.54961E+00   0.40106E+01   0.50464E+00
  327    15.8115  13.6025  -0.33973E+01  -0.65723E+00  -0.55607E+00   0.40104E+01   0.48543E+00
  328    15.9577  13.6059  -0.34225E+01  -0.66376E+00  -0.56260E+00   0.40102E+01   0.46675E+00
  329    16.1051  13.6092  -0.34479E+01  -0.67035E+00  -0.56918E+00   0.40100E+01   0.44857E+00
  330    16.2538  13.6124  -0.34734E+01  -0.67698E+00  -0.57581E+00   0.40098E+01   0.43066E+00
  331    16.4038  13.6157  -0.34992E+01  -0.68370E+00  -0.58254E+00   0.40096E+01   0.41346E+00
  332    16.5551  13.6188  -0.35249E+01  -0.69037E+00  -0.58921E+00   0.40094E+01   0.39705E+00
  333    16.7078  13.6220  -0.35508E+01  -0.69715E+00  -0.59599E+00   0.40093E+01   0.38081E+00
  334    16.8617  13.6251  -0.35770E+01  -0.70400E+00  -0.60284E+00   0.40091E+01   0.36512E+00
  335    17.0170  13.6281  -0.36031E+01  -0.71084E+00  -0.60968E+00   0.40089E+01   0.35048E+00
  336    17.1736  13.6312  -0.36295E+01  -0.71775E+00  -0.61658E+00   0.40088E+01   0.33594E+00
  337    17.3316  13.6342  -0.36561E+01  -0.72472E+00  -0.62356E+00   0.40086E+01   0.32203E+00
  338    17.4910  13.6371  -0.36828E+01  -0.73174E+00  -0.63058E+00   0.40084E+01   0.30858E+00
  339    17.6518  13.6400  -0.37096E+01  -0.73881E+00  -0.63765E+00   0.40083E+01   0.29541E+00
  340    17.8139  13.6429  -0.37367E+01  -0.74597E+00  -0.64481E+00   0.40081E+01   0.28261E+00
  341    17.9775  13.6457  -0.37637E+01  -0.75308E+00  -0.65192E+00   0.40080E+01   0.27056E+00
  342    18.1425  13.6485  -0.37910E+01  -0.76030E+00  -0.65914E+00   0.40078E+01   0.25890E+00
  343    18.3089  13.6513  -0.38184E+01  -0.76757E+00  -0.66641E+00   0.40077E+01   0.24762E+00
  344    18.4768  13.6540  -0.38459E+01  -0.77486E+00  -0.67370E+00   0.40076E+01   0.23672E+00
  345    18.6461  13.6567  -0.38737E+01  -0.78226E+00  -0.68110E+00   0.40074E+01   0.22616E+00
  346    18.8169  13.6593  -0.39016E+01  -0.78966E+00  -0.68850E+00   0.40073E+01   0.21621E+00
  347    18.9892  13.6619  -0.39296E+01  -0.79713E+00  -0.69596E+00   0.40072E+01   0.20627E+00
  348    19.1630  13.6645  -0.39578E+01  -0.80465E+00  -0.70348E+00   0.40071E+01   0.19698E+00
  349    19.3383  13.6671  -0.39861E+01  -0.81221E+00  -0.71105E+00   0.40069E+01   0.18802E+00
  350    19.5151  13.6696  -0.40146E+01  -0.81983E+00  -0.71867E+00   0.40068E+01   0.17941E+00
  351    19.6934  13.6721  -0.40433E+01  -0.82752E+00  -0.72636E+00   0.40067E+01   0.17101E+00
  352    19.8734  13.6745  -0.40721E+01  -0.83525E+00  -0.73408E+00   0.40066E+01   0.16304E+00
  353    20.0548  13.6770  -0.41011E+01  -0.84303E+00  -0.74186E+00   0.40065E+01   0.15532E+00
  354    20.2379  13.6794  -0.41302E+01  -0.85085E+00  -0.74969E+00   0.40064E+01   0.14794E+00
  355    20.4225  13.6817  -0.41595E+01  -0.85874E+00  -0.75758E+00   0.40063E+01   0.14088E+00
  356    20.6088  13.6840  -0.41889E+01  -0.86667E+00  -0.76551E+00   0.40061E+01   0.13412E+00
  357    20.7966  13.6863  -0.42186E+01  -0.87468E+00  -0.77351E+00   0.40060E+01   0.12758E+00
  358    20.9861  13.6886  -0.42484E+01  -0.88272E+00  -0.78156E+00   0.40059E+01   0.12135E+00
  359    21.1773  13.6909  -0.42783E+01  -0.89089E+00  -0.78972E+00   0.40000E+01   0.11539E+00
  360    21.3701  13.6931  -0.43084E+01  -0.89904E+00  -0.79788E+00   0.40000E+01   0.10962E+00
  361    21.5646  13.6953  -0.43386E+01  -0.90724E+00  -0.80608E+00   0.40000E+01   0.10418E+00
  362    21.7607  13.6974  -0.43691E+01  -0.91552E+00  -0.81435E+00   0.40000E+01   0.98878E-01
  363    21.9586  13.6995  -0.43997E+01  -0.92384E+00  -0.82267E+00   0.40000E+01   0.93913E-01
  364    22.1582  13.7016  -0.44305E+01  -0.93221E+00  -0.83105E+00   0.40000E+01   0.89083E-01
  365    22.3596  13.7037  -0.44614E+01  -0.94064E+00  -0.83947E+00   0.40000E+01   0.84513E-01
  366    22.5626  13.7058  -0.44925E+01  -0.94912E+00  -0.84796E+00   0.40000E+01   0.80110E-01
  367    22.7675  13.7078  -0.45237E+01  -0.95765E+00  -0.85648E+00   0.40000E+01   0.75930E-01
  368    22.9741  13.7098  -0.45551E+01  -0.96625E+00  -0.86509E+00   0.40000E+01   0.71964E-01
  369    23.1825  13.7117  -0.45867E+01  -0.97490E+00  -0.87374E+00   0.40000E+01   0.68154E-01
  370    23.3928  13.7137  -0.46185E+01  -0.98362E+00  -0.88245E+00   0.40000E+01   0.64492E-01
  371    23.6049  13.7156  -0.46504E+01  -0.99238E+00  -0.89122E+00   0.40000E+01   0.61070E-01
  372    23.8188  13.7175  -0.46826E+01  -0.10012E+01  -0.90004E+00   0.40000E+01   0.57726E-01
  373    24.0345  13.7194  -0.47148E+01  -0.10101E+01  -0.90893E+00   0.40000E+01   0.54582E-01
  374    24.2522  13.7212  -0.47473E+01  -0.10190E+01  -0.91786E+00   0.40000E+01   0.51591E-01
  375    24.4717  13.7230  -0.47798E+01  -0.10280E+01  -0.92684E+00   0.40000E+01   0.48744E-01
  376    24.6932  13.7248  -0.48127E+01  -0.10371E+01  -0.93591E+00   0.40000E+01   0.45997E-01
  377    24.9166  13.7266  -0.48457E+01  -0.10462E+01  -0.94502E+00   0.40000E+01   0.43453E-01
  378    25.1419  13.7284  -0.48787E+01  -0.10553E+01  -0.95415E+00   0.40000E+01   0.41016E-01
  379    25.3691  13.7301  -0.49121E+01  -0.10646E+01  -0.96341E+00   0.40000E+01   0.38690E-01
  380    25.5984  13.7318  -0.49456E+01  -0.10739E+01  -0.97270E+00   0.40000E+01   0.36492E-01
  381    25.8296  13.7335  -0.49793E+01  -0.10832E+01  -0.98205E+00   0.40000E+01   0.34361E-01
  382    26.0629  13.7351  -0.50132E+01  -0.10926E+01  -0.99145E+00   0.40000E+01   0.32372E-01
  383    26.2982  13.7368  -0.50472E+01  -0.11021E+01  -0.10009E+01   0.40000E+01   0.30476E-01
  384    26.5355  13.7384  -0.50814E+01  -0.11116E+01  -0.10104E+01   0.40000E+01   0.28704E-01
  385    26.7749  13.7400  -0.51158E+01  -0.11212E+01  -0.10200E+01   0.40000E+01   0.26990E-01
  386    27.0164  13.7416  -0.51505E+01  -0.11309E+01  -0.10297E+01   0.40000E+01   0.25353E-01
  387    27.2599  13.7431  -0.51851E+01  -0.11405E+01  -0.10394E+01   0.40000E+01   0.23885E-01
  388    27.5056  13.7447  -0.52199E+01  -0.11503E+01  -0.10491E+01   0.40000E+01   0.22435E-01
  389    27.7534  13.7462  -0.52552E+01  -0.11601E+01  -0.10590E+01   0.40000E+01   0.21061E-01
  390    28.0034  13.7477  -0.52905E+01  -0.11700E+01  -0.10689E+01   0.40000E+01   0.19782E-01
  391    28.2556  13.7492  -0.53260E+01  -0.11800E+01  -0.10788E+01   0.40000E+01   0.18567E-01
  392    28.5099  13.7506  -0.53617E+01  -0.11900E+01  -0.10888E+01   0.40000E+01   0.17410E-01
  393    28.7665  13.7521  -0.53976E+01  -0.12001E+01  -0.10989E+01   0.40000E+01   0.16321E-01
  394    29.0253  13.7535  -0.54336E+01  -0.12102E+01  -0.11090E+01   0.40000E+01   0.15297E-01
  395    29.2863  13.7549  -0.54698E+01  -0.12204E+01  -0.11192E+01   0.40000E+01   0.14320E-01
  396    29.5496  13.7563  -0.55062E+01  -0.12306E+01  -0.11295E+01   0.40000E+01   0.13421E-01
  397    29.8152  13.7577  -0.55428E+01  -0.12410E+01  -0.11398E+01   0.40000E+01   0.12547E-01
  398    30.0831  13.7590  -0.55796E+01  -0.12514E+01  -0.11502E+01   0.40000E+01   0.11735E-01
  399    30.3534  13.7604  -0.56164E+01  -0.12617E+01  -0.11606E+01   0.40000E+01   0.10991E-01
  400    30.6259  13.7617  -0.56536E+01  -0.12723E+01  -0.11711E+01   0.40000E+01   0.10273E-01
