    1     0.0001   0.0014  -0.15259E-04  -0.38829E-06   0.99376E-01   0.11999E+02   0.22759E+01
    2     0.0088   0.1221  -0.12137E-02   0.82835E-06   0.99377E-01   0.11926E+02   0.21336E+01
    3     0.0176   0.2423  -0.25361E-02  -0.21279E-04   0.99355E-01   0.11853E+02   0.22564E+01
    4     0.0264   0.3621  -0.39188E-02  -0.50532E-04   0.99326E-01   0.11781E+02   0.23440E+01
    5     0.0353   0.4814  -0.53609E-02  -0.86520E-04   0.99290E-01   0.11710E+02   0.24281E+01
    6     0.0443   0.6003  -0.68442E-02  -0.12507E-03   0.99251E-01   0.11639E+02   0.25008E+01
    7     0.0534   0.7188  -0.83672E-02  -0.16596E-03   0.99210E-01   0.11568E+02   0.25671E+01
    8     0.0626   0.8368  -0.99270E-02  -0.20838E-03   0.99168E-01   0.11497E+02   0.26304E+01
    9     0.0718   0.9543  -0.11524E-01  -0.25220E-03   0.99124E-01   0.11427E+02   0.26931E+01
   10     0.0811   1.0713  -0.13156E-01  -0.29745E-03   0.99079E-01   0.11357E+02   0.27534E+01
   11     0.0905   1.1879  -0.14822E-01  -0.34325E-03   0.99033E-01   0.11288E+02   0.28131E+01
   12     0.1000   1.3039  -0.16523E-01  -0.39025E-03   0.98986E-01   0.11219E+02   0.28713E+01
   13     0.1096   1.4195  -0.18257E-01  -0.43834E-03   0.98938E-01   0.11150E+02   0.29298E+01
   14     0.1192   1.5346  -0.20034E-01  -0.48973E-03   0.98887E-01   0.11081E+02   0.29896E+01
   15     0.1290   1.6491  -0.21832E-01  -0.53910E-03   0.98837E-01   0.11013E+02   0.30466E+01
   16     0.1388   1.7632  -0.23664E-01  -0.58977E-03   0.98787E-01   0.10945E+02   0.31050E+01
   17     0.1487   1.8767  -0.25530E-01  -0.64182E-03   0.98734E-01   0.10877E+02   0.31622E+01
   18     0.1587   1.9897  -0.27430E-01  -0.69489E-03   0.98681E-01   0.10810E+02   0.32207E+01
   19     0.1687   2.1021  -0.29364E-01  -0.74963E-03   0.98627E-01   0.10742E+02   0.32791E+01
   20     0.1789   2.2140  -0.31333E-01  -0.80601E-03   0.98570E-01   0.10676E+02   0.33371E+01
   21     0.1891   2.3254  -0.33336E-01  -0.86403E-03   0.98512E-01   0.10609E+02   0.33962E+01
   22     0.1995   2.4362  -0.35374E-01  -0.92415E-03   0.98452E-01   0.10543E+02   0.34550E+01
   23     0.2099   2.5465  -0.37447E-01  -0.98637E-03   0.98390E-01   0.10477E+02   0.35143E+01
   24     0.2204   2.6562  -0.39554E-01  -0.10502E-02   0.98326E-01   0.10411E+02   0.35739E+01
   25     0.2310   2.7653  -0.41695E-01  -0.11159E-02   0.98260E-01   0.10346E+02   0.36341E+01
   26     0.2417   2.8738  -0.43871E-01  -0.11839E-02   0.98192E-01   0.10281E+02   0.36949E+01
   27     0.2525   2.9818  -0.46081E-01  -0.12535E-02   0.98123E-01   0.10216E+02   0.37555E+01
   28     0.2634   3.0892  -0.48324E-01  -0.13252E-02   0.98051E-01   0.10151E+02   0.38169E+01
   29     0.2744   3.1959  -0.50602E-01  -0.13994E-02   0.97977E-01   0.10087E+02   0.38790E+01
   30     0.2855   3.3021  -0.52915E-01  -0.14759E-02   0.97900E-01   0.10023E+02   0.39414E+01
   31     0.2967   3.4077  -0.55263E-01  -0.15549E-02   0.97821E-01   0.99597E+01   0.40040E+01
   32     0.3079   3.5127  -0.57647E-01  -0.16365E-02   0.97740E-01   0.98964E+01   0.40672E+01
   33     0.3193   3.6170  -0.60054E-01  -0.17177E-02   0.97659E-01   0.98334E+01   0.41313E+01
   34     0.3308   3.7207  -0.62510E-01  -0.18053E-02   0.97571E-01   0.97707E+01   0.41954E+01
   35     0.3423   3.8238  -0.65002E-01  -0.18959E-02   0.97480E-01   0.97084E+01   0.42591E+01
   36     0.3540   3.9263  -0.67531E-01  -0.19902E-02   0.97386E-01   0.96463E+01   0.43245E+01
   37     0.3658   4.0281  -0.70098E-01  -0.20873E-02   0.97289E-01   0.95847E+01   0.43899E+01
   38     0.3777   4.1293  -0.72701E-01  -0.21878E-02   0.97189E-01   0.95233E+01   0.44558E+01
   39     0.3896   4.2299  -0.75341E-01  -0.22917E-02   0.97085E-01   0.94623E+01   0.45223E+01
   40     0.4017   4.3298  -0.78017E-01  -0.23988E-02   0.96977E-01   0.94016E+01   0.45893E+01
   41     0.4139   4.4291  -0.80729E-01  -0.25098E-02   0.96867E-01   0.93411E+01   0.46570E+01
   42     0.4262   4.5276  -0.83480E-01  -0.26244E-02   0.96752E-01   0.92811E+01   0.47254E+01
   43     0.4386   4.6256  -0.86268E-01  -0.27428E-02   0.96633E-01   0.92213E+01   0.47936E+01
   44     0.4511   4.7229  -0.89096E-01  -0.28660E-02   0.96510E-01   0.91619E+01   0.48624E+01
   45     0.4637   4.8195  -0.91966E-01  -0.29941E-02   0.96382E-01   0.91029E+01   0.49320E+01
   46     0.4764   4.9154  -0.94877E-01  -0.31276E-02   0.96249E-01   0.90441E+01   0.50018E+01
   47     0.4893   5.0106  -0.97829E-01  -0.32654E-02   0.96111E-01   0.89858E+01   0.50720E+01
   48     0.5022   5.1052  -0.10082E+00  -0.34079E-02   0.95968E-01   0.89278E+01   0.51424E+01
   49     0.5153   5.1991  -0.10385E+00  -0.35553E-02   0.95821E-01   0.88701E+01   0.52130E+01
   50     0.5285   5.2923  -0.10692E+00  -0.37074E-02   0.95669E-01   0.88128E+01   0.52849E+01
   51     0.5417   5.3849  -0.11003E+00  -0.38648E-02   0.95511E-01   0.87558E+01   0.53563E+01
   52     0.5552   5.4767  -0.11319E+00  -0.40268E-02   0.95349E-01   0.86992E+01   0.54286E+01
   53     0.5687   5.5679  -0.11638E+00  -0.41944E-02   0.95182E-01   0.86430E+01   0.55019E+01
   54     0.5823   5.6583  -0.11962E+00  -0.43675E-02   0.95009E-01   0.85871E+01   0.55745E+01
   55     0.5961   5.7481  -0.12289E+00  -0.45464E-02   0.94830E-01   0.85315E+01   0.56483E+01
   56     0.6099   5.8371  -0.12621E+00  -0.47302E-02   0.94646E-01   0.84763E+01   0.57225E+01
   57     0.6239   5.9255  -0.12957E+00  -0.49197E-02   0.94457E-01   0.84214E+01   0.57969E+01
   58     0.6381   6.0132  -0.13297E+00  -0.51152E-02   0.94261E-01   0.83669E+01   0.58718E+01
   59     0.6523   6.1001  -0.13642E+00  -0.53166E-02   0.94060E-01   0.83127E+01   0.59469E+01
   60     0.6667   6.1864  -0.13990E+00  -0.55239E-02   0.93852E-01   0.82589E+01   0.60223E+01
   61     0.6812   6.2719  -0.14343E+00  -0.57371E-02   0.93639E-01   0.82055E+01   0.60982E+01
   62     0.6958   6.3568  -0.14701E+00  -0.59569E-02   0.93419E-01   0.81525E+01   0.61742E+01
   63     0.7105   6.4409  -0.15062E+00  -0.61833E-02   0.93193E-01   0.80998E+01   0.62511E+01
   64     0.7254   6.5244  -0.15429E+00  -0.64161E-02   0.92960E-01   0.80474E+01   0.63271E+01
   65     0.7404   6.6071  -0.15799E+00  -0.66555E-02   0.92721E-01   0.79955E+01   0.64040E+01
   66     0.7555   6.6891  -0.16174E+00  -0.69014E-02   0.92475E-01   0.79439E+01   0.64808E+01
   67     0.7708   6.7704  -0.16554E+00  -0.71544E-02   0.92222E-01   0.78927E+01   0.65580E+01
   68     0.7862   6.8511  -0.16938E+00  -0.74144E-02   0.91962E-01   0.78418E+01   0.66355E+01
   69     0.8017   6.9310  -0.17326E+00  -0.76813E-02   0.91695E-01   0.77913E+01   0.67131E+01
   70     0.8174   7.0102  -0.17719E+00  -0.79557E-02   0.91421E-01   0.77412E+01   0.67907E+01
   71     0.8332   7.0886  -0.18117E+00  -0.82375E-02   0.91139E-01   0.76914E+01   0.68688E+01
   72     0.8491   7.1664  -0.18519E+00  -0.85261E-02   0.90850E-01   0.76420E+01   0.69465E+01
   73     0.8652   7.2435  -0.18925E+00  -0.88221E-02   0.90554E-01   0.75930E+01   0.70248E+01
   74     0.8814   7.3199  -0.19337E+00  -0.91259E-02   0.90250E-01   0.75443E+01   0.71030E+01
   75     0.8977   7.3956  -0.19753E+00  -0.94377E-02   0.89939E-01   0.74960E+01   0.71811E+01
   76     0.9142   7.4705  -0.20173E+00  -0.97568E-02   0.89619E-01   0.74481E+01   0.72596E+01
   77     0.9309   7.5448  -0.20598E+00  -0.10083E-01   0.89293E-01   0.74006E+01   0.73381E+01
   78     0.9477   7.6184  -0.21028E+00  -0.10418E-01   0.88958E-01   0.73533E+01   0.74167E+01
   79     0.9646   7.6913  -0.21462E+00  -0.10760E-01   0.88616E-01   0.73065E+01   0.74952E+01
   80     0.9817   7.7635  -0.21902E+00  -0.11111E-01   0.88266E-01   0.72600E+01   0.75736E+01
   81     0.9989   7.8350  -0.22346E+00  -0.11470E-01   0.87906E-01   0.72139E+01   0.76526E+01
   82     1.0163   7.9058  -0.22794E+00  -0.11838E-01   0.87539E-01   0.71682E+01   0.77309E+01
   83     1.0338   7.9759  -0.23248E+00  -0.12214E-01   0.87162E-01   0.71229E+01   0.78089E+01
   84     1.0515   8.0453  -0.23707E+00  -0.12600E-01   0.86777E-01   0.70779E+01   0.78867E+01
   85     1.0693   8.1141  -0.24170E+00  -0.12993E-01   0.86383E-01   0.70333E+01   0.79649E+01
   86     1.0873   8.1821  -0.24639E+00  -0.13395E-01   0.85981E-01   0.69891E+01   0.80425E+01
   87     1.1055   8.2495  -0.25112E+00  -0.13805E-01   0.85571E-01   0.69452E+01   0.81206E+01
   88     1.1238   8.3162  -0.25589E+00  -0.14225E-01   0.85151E-01   0.69017E+01   0.81978E+01
   89     1.1423   8.3823  -0.26072E+00  -0.14653E-01   0.84723E-01   0.68586E+01   0.82750E+01
   90     1.1609   8.4477  -0.26560E+00  -0.15091E-01   0.84285E-01   0.68158E+01   0.83523E+01
   91     1.1797   8.5124  -0.27053E+00  -0.15539E-01   0.83837E-01   0.67734E+01   0.84290E+01
   92     1.1986   8.5764  -0.27551E+00  -0.15996E-01   0.83380E-01   0.67314E+01   0.85054E+01
   93     1.2177   8.6398  -0.28054E+00  -0.16463E-01   0.82913E-01   0.66898E+01   0.85809E+01
   94     1.2370   8.7025  -0.28562E+00  -0.16941E-01   0.82436E-01   0.66485E+01   0.86567E+01
   95     1.2565   8.7646  -0.29076E+00  -0.17427E-01   0.81949E-01   0.66076E+01   0.87322E+01
   96     1.2761   8.8260  -0.29594E+00  -0.17923E-01   0.81453E-01   0.65670E+01   0.88066E+01
   97     1.2959   8.8868  -0.30117E+00  -0.18430E-01   0.80947E-01   0.65268E+01   0.88810E+01
   98     1.3158   8.9469  -0.30646E+00  -0.18946E-01   0.80431E-01   0.64870E+01   0.89548E+01
   99     1.3360   9.0065  -0.31180E+00  -0.19472E-01   0.79904E-01   0.64476E+01   0.90282E+01
  100     1.3563   9.0653  -0.31719E+00  -0.20009E-01   0.79367E-01   0.64085E+01   0.91010E+01
  101     1.3767   9.1236  -0.32263E+00  -0.20557E-01   0.78819E-01   0.63698E+01   0.91734E+01
  102     1.3974   9.1812  -0.32813E+00  -0.21115E-01   0.78261E-01   0.63315E+01   0.92446E+01
  103     1.4183   9.2382  -0.33368E+00  -0.21684E-01   0.77692E-01   0.62935E+01   0.93154E+01
  104     1.4393   9.2945  -0.33927E+00  -0.22263E-01   0.77114E-01   0.62558E+01   0.93854E+01
  105     1.4605   9.3503  -0.34492E+00  -0.22852E-01   0.76524E-01   0.62186E+01   0.94547E+01
  106     1.4819   9.4054  -0.35063E+00  -0.23452E-01   0.75925E-01   0.61816E+01   0.95235E+01
  107     1.5035   9.4600  -0.35638E+00  -0.24063E-01   0.75313E-01   0.61451E+01   0.95916E+01
  108     1.5252   9.5139  -0.36219E+00  -0.24685E-01   0.74691E-01   0.61089E+01   0.96590E+01
  109     1.5472   9.5673  -0.36806E+00  -0.25319E-01   0.74057E-01   0.60731E+01   0.97254E+01
  110     1.5693   9.6200  -0.37398E+00  -0.25964E-01   0.73413E-01   0.60376E+01   0.97909E+01
  111     1.5917   9.6722  -0.37995E+00  -0.26621E-01   0.72756E-01   0.60025E+01   0.98554E+01
  112     1.6142   9.7238  -0.38598E+00  -0.27289E-01   0.72087E-01   0.59678E+01   0.99188E+01
  113     1.6369   9.7748  -0.39206E+00  -0.27969E-01   0.71407E-01   0.59334E+01   0.99823E+01
  114     1.6598   9.8252  -0.39820E+00  -0.28659E-01   0.70717E-01   0.58993E+01   0.10045E+02
  115     1.6830   9.8751  -0.40439E+00  -0.29361E-01   0.70015E-01   0.58657E+01   0.10106E+02
  116     1.7063   9.9244  -0.41063E+00  -0.30076E-01   0.69300E-01   0.58323E+01   0.10166E+02
  117     1.7298   9.9731  -0.41693E+00  -0.30802E-01   0.68574E-01   0.57994E+01   0.10225E+02
  118     1.7536  10.0213  -0.42329E+00  -0.31541E-01   0.67835E-01   0.57668E+01   0.10283E+02
  119     1.7775  10.0689  -0.42970E+00  -0.32292E-01   0.67084E-01   0.57345E+01   0.10340E+02
  120     1.8016  10.1160  -0.43617E+00  -0.33057E-01   0.66320E-01   0.57026E+01   0.10396E+02
  121     1.8260  10.1626  -0.44270E+00  -0.33833E-01   0.65543E-01   0.56711E+01   0.10451E+02
  122     1.8506  10.2086  -0.44928E+00  -0.34621E-01   0.64755E-01   0.56399E+01   0.10503E+02
  123     1.8753  10.2541  -0.45592E+00  -0.35423E-01   0.63953E-01   0.56091E+01   0.10557E+02
  124     1.9003  10.2990  -0.46262E+00  -0.36238E-01   0.63138E-01   0.55786E+01   0.10612E+02
  125     1.9256  10.3434  -0.46938E+00  -0.37067E-01   0.62310E-01   0.55485E+01   0.10653E+02
  126     1.9510  10.3873  -0.47619E+00  -0.37907E-01   0.61469E-01   0.55187E+01   0.10679E+02
  127     1.9766  10.4307  -0.48306E+00  -0.38760E-01   0.60617E-01   0.54894E+01   0.10730E+02
  128     2.0025  10.4736  -0.48999E+00  -0.39626E-01   0.59750E-01   0.54603E+01   0.10799E+02
  129     2.0286  10.5160  -0.49698E+00  -0.40506E-01   0.58870E-01   0.54316E+01   0.10848E+02
  130     2.0550  10.5579  -0.50403E+00  -0.41401E-01   0.57975E-01   0.54033E+01   0.10886E+02
  131     2.0815  10.5993  -0.51114E+00  -0.42310E-01   0.57066E-01   0.53753E+01   0.10929E+02
  132     2.1083  10.6402  -0.51829E+00  -0.43227E-01   0.56149E-01   0.53476E+01   0.10970E+02
  133     2.1353  10.6806  -0.52551E+00  -0.44161E-01   0.55215E-01   0.53203E+01   0.11008E+02
  134     2.1626  10.7205  -0.53284E+00  -0.45123E-01   0.54253E-01   0.52936E+01   0.11043E+02
  135     2.1901  10.7600  -0.54007E+00  -0.46052E-01   0.53324E-01   0.52667E+01   0.11082E+02
  136     2.2178  10.7990  -0.54720E+00  -0.46947E-01   0.52429E-01   0.52397E+01   0.11122E+02
  137     2.2458  10.8375  -0.55474E+00  -0.47961E-01   0.51415E-01   0.52140E+01   0.11152E+02
  138     2.2740  10.8756  -0.56255E+00  -0.49051E-01   0.50325E-01   0.51893E+01   0.11177E+02
  139     2.3025  10.9132  -0.57013E+00  -0.50069E-01   0.49308E-01   0.51641E+01   0.11205E+02
  140     2.3312  10.9504  -0.57773E+00  -0.51091E-01   0.48286E-01   0.51392E+01   0.11235E+02
  141     2.3602  10.9871  -0.58546E+00  -0.52144E-01   0.47232E-01   0.51148E+01   0.11261E+02
  142     2.3894  11.0234  -0.59322E+00  -0.53206E-01   0.46170E-01   0.50906E+01   0.11281E+02
  143     2.4188  11.0592  -0.60104E+00  -0.54281E-01   0.45095E-01   0.50668E+01   0.11315E+02
  144     2.4486  11.0946  -0.60892E+00  -0.55372E-01   0.44004E-01   0.50434E+01   0.11362E+02
  145     2.4785  11.1296  -0.61687E+00  -0.56477E-01   0.42899E-01   0.50203E+01   0.11366E+02
  146     2.5088  11.1641  -0.62488E+00  -0.57601E-01   0.41775E-01   0.49976E+01   0.11364E+02
  147     2.5393  11.1982  -0.63296E+00  -0.58740E-01   0.40637E-01   0.49752E+01   0.11384E+02
  148     2.5701  11.2320  -0.64110E+00  -0.59891E-01   0.39485E-01   0.49532E+01   0.11399E+02
  149     2.6011  11.2653  -0.64930E+00  -0.61060E-01   0.38317E-01   0.49315E+01   0.11410E+02
  150     2.6324  11.2982  -0.65756E+00  -0.62243E-01   0.37133E-01   0.49101E+01   0.11422E+02
  151     2.6640  11.3306  -0.66589E+00  -0.63443E-01   0.35933E-01   0.48891E+01   0.11433E+02
  152     2.6958  11.3627  -0.67429E+00  -0.64661E-01   0.34716E-01   0.48685E+01   0.11441E+02
  153     2.7280  11.3944  -0.68275E+00  -0.65894E-01   0.33483E-01   0.48482E+01   0.11446E+02
  154     2.7604  11.4258  -0.69127E+00  -0.67142E-01   0.32234E-01   0.48282E+01   0.11449E+02
  155     2.7931  11.4567  -0.69986E+00  -0.68407E-01   0.30970E-01   0.48086E+01   0.11451E+02
  156     2.8260  11.4872  -0.70851E+00  -0.69688E-01   0.29688E-01   0.47893E+01   0.11452E+02
  157     2.8593  11.5174  -0.71723E+00  -0.70985E-01   0.28391E-01   0.47703E+01   0.11450E+02
  158     2.8929  11.5472  -0.72601E+00  -0.72299E-01   0.27077E-01   0.47517E+01   0.11446E+02
  159     2.9267  11.5766  -0.73487E+00  -0.73632E-01   0.25744E-01   0.47334E+01   0.11440E+02
  160     2.9608  11.6057  -0.74379E+00  -0.74982E-01   0.24394E-01   0.47155E+01   0.11433E+02
  161     2.9953  11.6344  -0.75277E+00  -0.76346E-01   0.23030E-01   0.46979E+01   0.11423E+02
  162     3.0300  11.6628  -0.76181E+00  -0.77727E-01   0.21649E-01   0.46806E+01   0.11412E+02
  163     3.0651  11.6908  -0.77093E+00  -0.79127E-01   0.20249E-01   0.46636E+01   0.11399E+02
  164     3.1004  11.7184  -0.78011E+00  -0.80545E-01   0.18831E-01   0.46470E+01   0.11384E+02
  165     3.1360  11.7458  -0.78936E+00  -0.81980E-01   0.17396E-01   0.46307E+01   0.11367E+02
  166     3.1720  11.7727  -0.79868E+00  -0.83430E-01   0.15946E-01   0.46147E+01   0.11348E+02
  167     3.2083  11.7994  -0.80807E+00  -0.84903E-01   0.14473E-01   0.45991E+01   0.11327E+02
  168     3.2449  11.8257  -0.81753E+00  -0.86394E-01   0.12983E-01   0.45837E+01   0.11305E+02
  169     3.2818  11.8517  -0.82704E+00  -0.87897E-01   0.11479E-01   0.45687E+01   0.11281E+02
  170     3.3190  11.8773  -0.83664E+00  -0.89423E-01   0.99532E-02   0.45540E+01   0.11254E+02
  171     3.3565  11.9026  -0.84630E+00  -0.90966E-01   0.84108E-02   0.45396E+01   0.11227E+02
  172     3.3944  11.9277  -0.85603E+00  -0.92528E-01   0.68479E-02   0.45255E+01   0.11198E+02
  173     3.4326  11.9524  -0.86583E+00  -0.94109E-01   0.52675E-02   0.45117E+01   0.11166E+02
  174     3.4712  11.9768  -0.87570E+00  -0.95708E-01   0.36681E-02   0.44982E+01   0.11131E+02
  175     3.5100  12.0009  -0.88564E+00  -0.97329E-01   0.20472E-02   0.44850E+01   0.11097E+02
  176     3.5492  12.0246  -0.89565E+00  -0.98966E-01   0.40980E-03   0.44721E+01   0.11060E+02
  177     3.5888  12.0481  -0.90574E+00  -0.10063E+00  -0.12488E-02   0.44595E+01   0.11021E+02
  178     3.6287  12.0713  -0.91590E+00  -0.10230E+00  -0.29267E-02   0.44471E+01   0.10981E+02
  179     3.6689  12.0942  -0.92613E+00  -0.10400E+00  -0.46261E-02   0.44351E+01   0.10938E+02
  180     3.7095  12.1169  -0.93643E+00  -0.10572E+00  -0.63438E-02   0.44233E+01   0.10894E+02
  181     3.7505  12.1392  -0.94680E+00  -0.10746E+00  -0.80813E-02   0.44118E+01   0.10850E+02
  182     3.7918  12.1612  -0.95725E+00  -0.10922E+00  -0.98409E-02   0.44006E+01   0.10802E+02
  183     3.8334  12.1830  -0.96776E+00  -0.11100E+00  -0.11619E-01   0.43897E+01   0.10750E+02
  184     3.8754  12.2045  -0.97835E+00  -0.11279E+00  -0.13418E-01   0.43790E+01   0.10700E+02
  185     3.9178  12.2257  -0.98902E+00  -0.11462E+00  -0.15239E-01   0.43686E+01   0.10647E+02
  186     3.9606  12.2467  -0.99975E+00  -0.11645E+00  -0.17076E-01   0.43584E+01   0.10593E+02
  187     4.0037  12.2674  -0.10106E+01  -0.11832E+00  -0.18941E-01   0.43485E+01   0.10536E+02
  188     4.0472  12.2878  -0.10215E+01  -0.12021E+00  -0.20834E-01   0.43389E+01   0.10478E+02
  189     4.0911  12.3080  -0.10324E+01  -0.12211E+00  -0.22730E-01   0.43294E+01   0.10420E+02
  190     4.1353  12.3279  -0.10435E+01  -0.12403E+00  -0.24656E-01   0.43202E+01   0.10360E+02
  191     4.1800  12.3476  -0.10546E+01  -0.12598E+00  -0.26606E-01   0.43113E+01   0.10297E+02
  192     4.2250  12.3670  -0.10658E+01  -0.12795E+00  -0.28576E-01   0.43026E+01   0.10234E+02
  193     4.2705  12.3862  -0.10770E+01  -0.12995E+00  -0.30569E-01   0.42941E+01   0.10165E+02
  194     4.3163  12.4051  -0.10884E+01  -0.13196E+00  -0.32585E-01   0.42859E+01   0.10098E+02
  195     4.3625  12.4238  -0.10998E+01  -0.13400E+00  -0.34624E-01   0.42778E+01   0.10033E+02
  196     4.4091  12.4423  -0.11113E+01  -0.13606E+00  -0.36686E-01   0.42700E+01   0.99623E+01
  197     4.4561  12.4605  -0.11229E+01  -0.13815E+00  -0.38769E-01   0.42624E+01   0.98913E+01
  198     4.5036  12.4785  -0.11345E+01  -0.14025E+00  -0.40876E-01   0.42550E+01   0.98188E+01
  199     4.5514  12.4962  -0.11462E+01  -0.14238E+00  -0.43003E-01   0.42478E+01   0.97451E+01
  200     4.5997  12.5138  -0.11580E+01  -0.14453E+00  -0.45156E-01   0.42407E+01   0.96698E+01
  201     4.6484  12.5311  -0.11699E+01  -0.14671E+00  -0.47338E-01   0.42339E+01   0.95931E+01
  202     4.6975  12.5482  -0.11819E+01  -0.14891E+00  -0.49535E-01   0.42273E+01   0.95162E+01
  203     4.7470  12.5650  -0.11939E+01  -0.15114E+00  -0.51761E-01   0.42208E+01   0.94370E+01
  204     4.7970  12.5817  -0.12061E+01  -0.15339E+00  -0.54011E-01   0.42146E+01   0.93573E+01
  205     4.8474  12.5981  -0.12183E+01  -0.15566E+00  -0.56284E-01   0.42085E+01   0.92763E+01
  206     4.8982  12.6144  -0.12306E+01  -0.15796E+00  -0.58582E-01   0.42026E+01   0.91939E+01
  207     4.9495  12.6304  -0.12429E+01  -0.16028E+00  -0.60908E-01   0.41968E+01   0.91113E+01
  208     5.0012  12.6462  -0.12554E+01  -0.16263E+00  -0.63256E-01   0.41912E+01   0.90262E+01
  209     5.0534  12.6619  -0.12679E+01  -0.16500E+00  -0.65628E-01   0.41858E+01   0.89405E+01
  210     5.1060  12.6773  -0.12805E+01  -0.16740E+00  -0.68022E-01   0.41805E+01   0.88548E+01
  211     5.1591  12.6925  -0.12932E+01  -0.16982E+00  -0.70448E-01   0.41754E+01   0.87667E+01
  212     5.2126  12.7076  -0.13060E+01  -0.17227E+00  -0.72898E-01   0.41704E+01   0.86771E+01
  213     5.2667  12.7224  -0.13189E+01  -0.17475E+00  -0.75374E-01   0.41656E+01   0.85892E+01
  214     5.3211  12.7371  -0.13318E+01  -0.17725E+00  -0.77872E-01   0.41609E+01   0.85004E+01
  215     5.3761  12.7515  -0.13448E+01  -0.17977E+00  -0.80395E-01   0.41564E+01   0.84109E+01
  216     5.4315  12.7658  -0.13580E+01  -0.18233E+00  -0.82949E-01   0.41519E+01   0.83182E+01
  217     5.4874  12.7799  -0.13711E+01  -0.18490E+00  -0.85527E-01   0.41476E+01   0.82267E+01
  218     5.5438  12.7938  -0.13844E+01  -0.18751E+00  -0.88133E-01   0.41435E+01   0.81337E+01
  219     5.6007  12.8076  -0.13978E+01  -0.19014E+00  -0.90767E-01   0.41395E+01   0.80421E+01
  220     5.6581  12.8211  -0.14113E+01  -0.19280E+00  -0.93428E-01   0.41355E+01   0.79474E+01
  221     5.7160  12.8345  -0.14248E+01  -0.19549E+00  -0.96115E-01   0.41317E+01   0.78539E+01
  222     5.7744  12.8477  -0.14384E+01  -0.19820E+00  -0.98827E-01   0.41280E+01   0.77593E+01
  223     5.8333  12.8608  -0.14521E+01  -0.20095E+00  -0.10157E+00   0.41244E+01   0.76632E+01
  224     5.8927  12.8737  -0.14660E+01  -0.20372E+00  -0.10434E+00   0.41209E+01   0.75670E+01
  225     5.9526  12.8864  -0.14798E+01  -0.20651E+00  -0.10714E+00   0.41176E+01   0.74710E+01
  226     6.0131  12.8990  -0.14938E+01  -0.20934E+00  -0.10996E+00   0.41143E+01   0.73743E+01
  227     6.0740  12.9114  -0.15079E+01  -0.21219E+00  -0.11282E+00   0.41111E+01   0.72774E+01
  228     6.1355  12.9236  -0.15220E+01  -0.21507E+00  -0.11570E+00   0.41080E+01   0.71803E+01
  229     6.1976  12.9357  -0.15363E+01  -0.21798E+00  -0.11861E+00   0.41050E+01   0.70820E+01
  230     6.2602  12.9476  -0.15506E+01  -0.22092E+00  -0.12154E+00   0.41021E+01   0.69856E+01
  231     6.3233  12.9594  -0.15650E+01  -0.22389E+00  -0.12451E+00   0.40993E+01   0.68888E+01
  232     6.3869  12.9710  -0.15795E+01  -0.22688E+00  -0.12751E+00   0.40966E+01   0.67916E+01
  233     6.4512  12.9825  -0.15941E+01  -0.22991E+00  -0.13053E+00   0.40939E+01   0.66933E+01
  234     6.5159  12.9938  -0.16088E+01  -0.23296E+00  -0.13359E+00   0.40913E+01   0.65955E+01
  235     6.5813  13.0050  -0.16236E+01  -0.23605E+00  -0.13667E+00   0.40888E+01   0.64989E+01
  236     6.6472  13.0160  -0.16385E+01  -0.23917E+00  -0.13979E+00   0.40864E+01   0.64002E+01
  237     6.7137  13.0269  -0.16535E+01  -0.24231E+00  -0.14293E+00   0.40841E+01   0.63034E+01
  238     6.7807  13.0377  -0.16686E+01  -0.24548E+00  -0.14611E+00   0.40818E+01   0.62052E+01
  239     6.8484  13.0483  -0.16837E+01  -0.24868E+00  -0.14931E+00   0.40796E+01   0.61078E+01
  240     6.9166  13.0588  -0.16990E+01  -0.25192E+00  -0.15255E+00   0.40774E+01   0.60096E+01
  241     6.9854  13.0691  -0.17143E+01  -0.25519E+00  -0.15581E+00   0.40753E+01   0.59128E+01
  242     7.0549  13.0794  -0.17297E+01  -0.25848E+00  -0.15910E+00   0.40733E+01   0.58161E+01
  243     7.1249  13.0894  -0.17453E+01  -0.26181E+00  -0.16243E+00   0.40713E+01   0.57197E+01
  244     7.1955  13.0994  -0.17609E+01  -0.26517E+00  -0.16579E+00   0.40694E+01   0.56238E+01
  245     7.2668  13.1092  -0.17766E+01  -0.26855E+00  -0.16917E+00   0.40676E+01   0.55274E+01
  246     7.3387  13.1189  -0.17925E+01  -0.27197E+00  -0.17260E+00   0.40658E+01   0.54328E+01
  247     7.4112  13.1285  -0.18084E+01  -0.27542E+00  -0.17605E+00   0.40641E+01   0.53370E+01
  248     7.4843  13.1380  -0.18244E+01  -0.27890E+00  -0.17953E+00   0.40624E+01   0.52422E+01
  249     7.5580  13.1473  -0.18405E+01  -0.28242E+00  -0.18305E+00   0.40607E+01   0.51484E+01
  250     7.6324  13.1565  -0.18567E+01  -0.28597E+00  -0.18659E+00   0.40591E+01   0.50545E+01
  251     7.7075  13.1656  -0.18730E+01  -0.28955E+00  -0.19017E+00   0.40576E+01   0.49618E+01
  252     7.7832  13.1746  -0.18894E+01  -0.29316E+00  -0.19378E+00   0.40561E+01   0.48694E+01
  253     7.8596  13.1834  -0.19059E+01  -0.29680E+00  -0.19742E+00   0.40546E+01   0.47775E+01
  254     7.9366  13.1922  -0.19226E+01  -0.30048E+00  -0.20110E+00   0.40532E+01   0.46857E+01
  255     8.0143  13.2008  -0.19393E+01  -0.30419E+00  -0.20481E+00   0.40518E+01   0.45960E+01
  256     8.0926  13.2093  -0.19561E+01  -0.30793E+00  -0.20855E+00   0.40505E+01   0.45065E+01
  257     8.1717  13.2178  -0.19730E+01  -0.31170E+00  -0.21233E+00   0.40492E+01   0.44166E+01
  258     8.2514  13.2261  -0.19900E+01  -0.31552E+00  -0.21614E+00   0.40480E+01   0.43277E+01
  259     8.3319  13.2343  -0.20071E+01  -0.31936E+00  -0.21998E+00   0.40468E+01   0.42407E+01
  260     8.4130  13.2424  -0.20243E+01  -0.32324E+00  -0.22386E+00   0.40456E+01   0.41531E+01
  261     8.4948  13.2503  -0.20417E+01  -0.32714E+00  -0.22777E+00   0.40444E+01   0.40669E+01
  262     8.5774  13.2582  -0.20591E+01  -0.33109E+00  -0.23171E+00   0.40433E+01   0.39817E+01
  263     8.6606  13.2660  -0.20766E+01  -0.33506E+00  -0.23569E+00   0.40422E+01   0.38967E+01
  264     8.7446  13.2737  -0.20942E+01  -0.33907E+00  -0.23970E+00   0.40412E+01   0.38130E+01
  265     8.8293  13.2813  -0.21120E+01  -0.34312E+00  -0.24375E+00   0.40401E+01   0.37304E+01
  266     8.9148  13.2888  -0.21298E+01  -0.34721E+00  -0.24783E+00   0.40391E+01   0.36486E+01
  267     9.0010  13.2962  -0.21477E+01  -0.35132E+00  -0.25194E+00   0.40382E+01   0.35674E+01
  268     9.0879  13.3035  -0.21658E+01  -0.35548E+00  -0.25610E+00   0.40372E+01   0.34876E+01
  269     9.1756  13.3107  -0.21840E+01  -0.35966E+00  -0.26029E+00   0.40363E+01   0.34075E+01
  270     9.2641  13.3178  -0.22022E+01  -0.36389E+00  -0.26451E+00   0.40354E+01   0.33299E+01
  271     9.3534  13.3248  -0.22206E+01  -0.36814E+00  -0.26877E+00   0.40346E+01   0.32522E+01
  272     9.4434  13.3317  -0.22391E+01  -0.37243E+00  -0.27306E+00   0.40337E+01   0.31754E+01
  273     9.5342  13.3386  -0.22577E+01  -0.37676E+00  -0.27739E+00   0.40329E+01   0.31005E+01
  274     9.6257  13.3453  -0.22764E+01  -0.38113E+00  -0.28175E+00   0.40321E+01   0.30265E+01
  275     9.7181  13.3520  -0.22952E+01  -0.38553E+00  -0.28615E+00   0.40314E+01   0.29530E+01
  276     9.8113  13.3586  -0.23141E+01  -0.38996E+00  -0.29059E+00   0.40306E+01   0.28811E+01
  277     9.9053  13.3651  -0.23332E+01  -0.39445E+00  -0.29507E+00   0.40299E+01   0.28097E+01
  278    10.0001  13.3715  -0.23523E+01  -0.39896E+00  -0.29958E+00   0.40292E+01   0.27390E+01
  279    10.0957  13.3778  -0.23716E+01  -0.40351E+00  -0.30413E+00   0.40285E+01   0.26706E+01
  280    10.1922  13.3841  -0.23909E+01  -0.40809E+00  -0.30872E+00   0.40278E+01   0.26021E+01
  281    10.2895  13.3902  -0.24104E+01  -0.41272E+00  -0.31334E+00   0.40272E+01   0.25349E+01
  282    10.3877  13.3963  -0.24300E+01  -0.41738E+00  -0.31800E+00   0.40265E+01   0.24686E+01
  283    10.4867  13.4023  -0.24497E+01  -0.42207E+00  -0.32269E+00   0.40259E+01   0.24046E+01
  284    10.5865  13.4083  -0.24695E+01  -0.42681E+00  -0.32743E+00   0.40253E+01   0.23404E+01
  285    10.6873  13.4141  -0.24894E+01  -0.43158E+00  -0.33220E+00   0.40247E+01   0.22781E+01
  286    10.7889  13.4199  -0.25095E+01  -0.43640E+00  -0.33702E+00   0.40242E+01   0.22165E+01
  287    10.8914  13.4256  -0.25297E+01  -0.44124E+00  -0.34187E+00   0.40236E+01   0.21557E+01
  288    10.9947  13.4312  -0.25500E+01  -0.44613E+00  -0.34676E+00   0.40231E+01   0.20965E+01
  289    11.0990  13.4368  -0.25704E+01  -0.45108E+00  -0.35170E+00   0.40226E+01   0.20373E+01
  290    11.2042  13.4423  -0.25909E+01  -0.45603E+00  -0.35665E+00   0.40221E+01   0.19804E+01
  291    11.3103  13.4477  -0.26116E+01  -0.46105E+00  -0.36167E+00   0.40216E+01   0.19239E+01
  292    11.4173  13.4530  -0.26323E+01  -0.46609E+00  -0.36671E+00   0.40211E+01   0.18683E+01
  293    11.5253  13.4583  -0.26531E+01  -0.47117E+00  -0.37179E+00   0.40206E+01   0.18150E+01
  294    11.6342  13.4635  -0.26742E+01  -0.47630E+00  -0.37692E+00   0.40202E+01   0.17615E+01
  295    11.7440  13.4687  -0.26953E+01  -0.48146E+00  -0.38209E+00   0.40197E+01   0.17098E+01
  296    11.8548  13.4738  -0.27165E+01  -0.48667E+00  -0.38729E+00   0.40193E+01   0.16593E+01
  297    11.9666  13.4788  -0.27379E+01  -0.49191E+00  -0.39254E+00   0.40189E+01   0.16079E+01
  298    12.0793  13.4837  -0.27594E+01  -0.49720E+00  -0.39783E+00   0.40184E+01   0.15600E+01
  299    12.1930  13.4886  -0.27810E+01  -0.50254E+00  -0.40316E+00   0.40180E+01   0.15125E+01
  300    12.3077  13.4934  -0.28026E+01  -0.50787E+00  -0.40849E+00   0.40176E+01   0.14655E+01
  301    12.4234  13.4982  -0.28245E+01  -0.51330E+00  -0.41393E+00   0.40173E+01   0.14201E+01
  302    12.5401  13.5029  -0.28465E+01  -0.51876E+00  -0.41938E+00   0.40169E+01   0.13751E+01
  303    12.6578  13.5075  -0.28686E+01  -0.52424E+00  -0.42487E+00   0.40165E+01   0.13324E+01
  304    12.7766  13.5121  -0.28909E+01  -0.52979E+00  -0.43041E+00   0.40162E+01   0.12889E+01
  305    12.8963  13.5166  -0.29132E+01  -0.53536E+00  -0.43598E+00   0.40159E+01   0.12473E+01
  306    13.0172  13.5211  -0.29356E+01  -0.54097E+00  -0.44159E+00   0.40155E+01   0.12069E+01
  307    13.1390  13.5255  -0.29583E+01  -0.54663E+00  -0.44726E+00   0.40152E+01   0.11667E+01
  308    13.2619  13.5298  -0.29810E+01  -0.55234E+00  -0.45296E+00   0.40149E+01   0.11281E+01
  309    13.3859  13.5341  -0.30039E+01  -0.55808E+00  -0.45871E+00   0.40146E+01   0.10907E+01
  310    13.5110  13.5383  -0.30269E+01  -0.56387E+00  -0.46450E+00   0.40143E+01   0.10539E+01
  311    13.6372  13.5425  -0.30500E+01  -0.56970E+00  -0.47033E+00   0.40140E+01   0.10182E+01
  312    13.7644  13.5466  -0.30732E+01  -0.57558E+00  -0.47621E+00   0.40137E+01   0.98306E+00
  313    13.8928  13.5507  -0.30966E+01  -0.58150E+00  -0.48212E+00   0.40134E+01   0.94907E+00
  314    14.0223  13.5547  -0.31202E+01  -0.58747E+00  -0.48810E+00   0.40131E+01   0.91561E+00
  315    14.1529  13.5587  -0.31438E+01  -0.59347E+00  -0.49409E+00   0.40129E+01   0.88354E+00
  316    14.2846  13.5626  -0.31676E+01  -0.59952E+00  -0.50015E+00   0.40126E+01   0.85215E+00
  317    14.4175  13.5665  -0.31915E+01  -0.60562E+00  -0.50624E+00   0.40124E+01   0.82138E+00
  318    14.5515  13.5703  -0.32155E+01  -0.61175E+00  -0.51237E+00   0.40121E+01   0.79206E+00
  319    14.6867  13.5741  -0.32397E+01  -0.61794E+00  -0.51856E+00   0.40119E+01   0.76312E+00
  320    14.8231  13.5778  -0.32640E+01  -0.62417E+00  -0.52479E+00   0.40116E+01   0.73541E+00
  321    14.9607  13.5815  -0.32885E+01  -0.63045E+00  -0.53108E+00   0.40114E+01   0.70752E+00
  322    15.0994  13.5851  -0.33131E+01  -0.63676E+00  -0.53739E+00   0.40112E+01   0.68139E+00
  323    15.2394  13.5887  -0.33379E+01  -0.64315E+00  -0.54378E+00   0.40110E+01   0.65553E+00
  324    15.3806  13.5922  -0.33626E+01  -0.64953E+00  -0.55016E+00   0.40108E+01   0.63062E+00
  325    15.5230  13.5957  -0.33877E+01  -0.65600E+00  -0.55662E+00   0.40105E+01   0.60666E+00
  326    15.6666  13.5991  -0.34128E+01  -0.66250E+00  -0.56313E+00   0.40103E+01   0.58319E+00
  327    15.8115  13.6025  -0.34381E+01  -0.66905E+00  -0.56968E+00   0.40101E+01   0.56054E+00
  328    15.9577  13.6059  -0.34635E+01  -0.67566E+00  -0.57629E+00   0.40100E+01   0.53844E+00
  329    16.1051  13.6092  -0.34891E+01  -0.68230E+00  -0.58292E+00   0.40098E+01   0.51716E+00
  330    16.2538  13.6124  -0.35148E+01  -0.68899E+00  -0.58962E+00   0.40096E+01   0.49609E+00
  331    16.4038  13.6157  -0.35407E+01  -0.69574E+00  -0.59636E+00   0.40094E+01   0.47697E+00
  332    16.5551  13.6188  -0.35667E+01  -0.70252E+00  -0.60315E+00   0.40092E+01   0.45733E+00
  333    16.7078  13.6220  -0.35928E+01  -0.70938E+00  -0.61000E+00   0.40091E+01   0.43845E+00
  334    16.8617  13.6251  -0.36191E+01  -0.71626E+00  -0.61688E+00   0.40089E+01   0.42059E+00
  335    17.0170  13.6281  -0.36455E+01  -0.72318E+00  -0.62380E+00   0.40087E+01   0.40324E+00
  336    17.1736  13.6312  -0.36721E+01  -0.73017E+00  -0.63079E+00   0.40086E+01   0.38580E+00
  337    17.3316  13.6342  -0.36988E+01  -0.73719E+00  -0.63781E+00   0.40084E+01   0.36999E+00
  338    17.4910  13.6371  -0.37257E+01  -0.74426E+00  -0.64488E+00   0.40083E+01   0.35436E+00
  339    17.6518  13.6400  -0.37527E+01  -0.75140E+00  -0.65202E+00   0.40081E+01   0.33914E+00
  340    17.8139  13.6429  -0.37799E+01  -0.75858E+00  -0.65921E+00   0.40080E+01   0.32471E+00
  341    17.9775  13.6457  -0.38072E+01  -0.76581E+00  -0.66644E+00   0.40078E+01   0.31047E+00
  342    18.1425  13.6485  -0.38348E+01  -0.77313E+00  -0.67375E+00   0.40077E+01   0.29670E+00
  343    18.3089  13.6513  -0.38623E+01  -0.78042E+00  -0.68104E+00   0.40075E+01   0.28362E+00
  344    18.4768  13.6540  -0.38901E+01  -0.78780E+00  -0.68842E+00   0.40074E+01   0.27109E+00
  345    18.6461  13.6567  -0.39180E+01  -0.79523E+00  -0.69586E+00   0.40073E+01   0.25894E+00
  346    18.8169  13.6593  -0.39460E+01  -0.80270E+00  -0.70332E+00   0.40071E+01   0.24732E+00
  347    18.9892  13.6619  -0.39744E+01  -0.81026E+00  -0.71088E+00   0.40070E+01   0.23602E+00
  348    19.1630  13.6645  -0.40027E+01  -0.81783E+00  -0.71845E+00   0.40069E+01   0.22529E+00
  349    19.3383  13.6671  -0.40312E+01  -0.82546E+00  -0.72609E+00   0.40068E+01   0.21470E+00
  350    19.5151  13.6696  -0.40599E+01  -0.83315E+00  -0.73377E+00   0.40067E+01   0.20481E+00
  351    19.6934  13.6721  -0.40888E+01  -0.84088E+00  -0.74151E+00   0.40066E+01   0.19522E+00
  352    19.8734  13.6745  -0.41178E+01  -0.84867E+00  -0.74930E+00   0.40064E+01   0.18604E+00
  353    20.0548  13.6770  -0.41470E+01  -0.85654E+00  -0.75717E+00   0.40063E+01   0.17716E+00
  354    20.2379  13.6794  -0.41763E+01  -0.86444E+00  -0.76506E+00   0.40062E+01   0.16870E+00
  355    20.4225  13.6817  -0.42058E+01  -0.87238E+00  -0.77301E+00   0.40061E+01   0.16048E+00
  356    20.6088  13.6840  -0.42355E+01  -0.88039E+00  -0.78101E+00   0.40060E+01   0.15268E+00
  357    20.7966  13.6863  -0.42652E+01  -0.88844E+00  -0.78906E+00   0.40059E+01   0.14523E+00
  358    20.9861  13.6886  -0.42952E+01  -0.89655E+00  -0.79717E+00   0.40058E+01   0.13803E+00
  359    21.1773  13.6909  -0.43254E+01  -0.90480E+00  -0.80543E+00   0.40000E+01   0.13118E+00
  360    21.3701  13.6931  -0.43557E+01  -0.91302E+00  -0.81364E+00   0.40000E+01   0.12462E+00
  361    21.5646  13.6953  -0.43861E+01  -0.92129E+00  -0.82191E+00   0.40000E+01   0.11833E+00
  362    21.7607  13.6974  -0.44168E+01  -0.92962E+00  -0.83024E+00   0.40000E+01   0.11225E+00
  363    21.9586  13.6995  -0.44476E+01  -0.93802E+00  -0.83864E+00   0.40000E+01   0.10658E+00
  364    22.1582  13.7016  -0.44785E+01  -0.94645E+00  -0.84707E+00   0.40000E+01   0.10104E+00
  365    22.3596  13.7037  -0.45097E+01  -0.95495E+00  -0.85558E+00   0.40000E+01   0.95748E-01
  366    22.5626  13.7058  -0.45409E+01  -0.96349E+00  -0.86412E+00   0.40000E+01   0.90804E-01
  367    22.7675  13.7078  -0.45724E+01  -0.97211E+00  -0.87273E+00   0.40000E+01   0.86010E-01
  368    22.9741  13.7098  -0.46041E+01  -0.98077E+00  -0.88140E+00   0.40000E+01   0.81465E-01
  369    23.1825  13.7117  -0.46359E+01  -0.98951E+00  -0.89013E+00   0.40000E+01   0.77103E-01
  370    23.3928  13.7137  -0.46678E+01  -0.99826E+00  -0.89888E+00   0.40000E+01   0.72936E-01
  371    23.6049  13.7156  -0.47000E+01  -0.10071E+01  -0.90772E+00   0.40000E+01   0.68984E-01
  372    23.8188  13.7175  -0.47323E+01  -0.10160E+01  -0.91662E+00   0.40000E+01   0.65246E-01
  373    24.0345  13.7194  -0.47648E+01  -0.10249E+01  -0.92556E+00   0.40000E+01   0.61639E-01
  374    24.2522  13.7212  -0.47974E+01  -0.10339E+01  -0.93456E+00   0.40000E+01   0.58225E-01
  375    24.4717  13.7230  -0.48302E+01  -0.10430E+01  -0.94363E+00   0.40000E+01   0.54996E-01
  376    24.6932  13.7248  -0.48632E+01  -0.10521E+01  -0.95275E+00   0.40000E+01   0.51904E-01
  377    24.9166  13.7266  -0.48964E+01  -0.10613E+01  -0.96194E+00   0.40000E+01   0.48961E-01
  378    25.1419  13.7284  -0.49298E+01  -0.10705E+01  -0.97116E+00   0.40000E+01   0.46193E-01
  379    25.3691  13.7301  -0.49633E+01  -0.10798E+01  -0.98046E+00   0.40000E+01   0.43559E-01
  380    25.5984  13.7318  -0.49970E+01  -0.10892E+01  -0.98982E+00   0.40000E+01   0.41040E-01
  381    25.8296  13.7335  -0.50309E+01  -0.10986E+01  -0.99923E+00   0.40000E+01   0.38666E-01
  382    26.0629  13.7351  -0.50649E+01  -0.11081E+01  -0.10087E+01   0.40000E+01   0.36410E-01
  383    26.2982  13.7368  -0.50992E+01  -0.11176E+01  -0.10182E+01   0.40000E+01   0.34244E-01
  384    26.5355  13.7384  -0.51336E+01  -0.11272E+01  -0.10278E+01   0.40000E+01   0.32205E-01
  385    26.7749  13.7400  -0.51682E+01  -0.11369E+01  -0.10375E+01   0.40000E+01   0.30307E-01
  386    27.0164  13.7416  -0.52029E+01  -0.11466E+01  -0.10472E+01   0.40000E+01   0.28478E-01
  387    27.2599  13.7431  -0.52380E+01  -0.11564E+01  -0.10570E+01   0.40000E+01   0.26753E-01
  388    27.5056  13.7447  -0.52731E+01  -0.11662E+01  -0.10668E+01   0.40000E+01   0.25141E-01
  389    27.7534  13.7462  -0.53084E+01  -0.11761E+01  -0.10767E+01   0.40000E+01   0.23573E-01
  390    28.0034  13.7477  -0.53440E+01  -0.11861E+01  -0.10867E+01   0.40000E+01   0.22137E-01
  391    28.2556  13.7492  -0.53796E+01  -0.11961E+01  -0.10967E+01   0.40000E+01   0.20793E-01
  392    28.5099  13.7506  -0.54155E+01  -0.12062E+01  -0.11068E+01   0.40000E+01   0.19467E-01
  393    28.7665  13.7521  -0.54516E+01  -0.12163E+01  -0.11169E+01   0.40000E+01   0.18282E-01
  394    29.0253  13.7535  -0.54879E+01  -0.12265E+01  -0.11271E+01   0.40000E+01   0.17090E-01
  395    29.2863  13.7549  -0.55246E+01  -0.12369E+01  -0.11375E+01   0.40000E+01   0.15996E-01
  396    29.5496  13.7563  -0.55609E+01  -0.12471E+01  -0.11477E+01   0.40000E+01   0.14968E-01
  397    29.8152  13.7577  -0.55978E+01  -0.12575E+01  -0.11581E+01   0.40000E+01   0.14018E-01
  398    30.0831  13.7590  -0.56347E+01  -0.12679E+01  -0.11686E+01   0.40000E+01   0.13106E-01
  399    30.3534  13.7604  -0.56721E+01  -0.12785E+01  -0.11791E+01   0.40000E+01   0.12224E-01
  400    30.6259  13.7617  -0.57093E+01  -0.12890E+01  -0.11897E+01   0.40000E+01   0.11440E-01
