    1     0.0001   0.0014  -0.15259E-04  -0.33652E-06   0.10027E+00   0.12103E+02   0.20409E+01
    2     0.0088   0.1221  -0.12013E-02   0.16049E-05   0.10027E+00   0.12028E+02   0.18823E+01
    3     0.0176   0.2423  -0.25098E-02  -0.19104E-04   0.10025E+00   0.11955E+02   0.19903E+01
    4     0.0264   0.3621  -0.38777E-02  -0.46701E-04   0.10023E+00   0.11882E+02   0.20679E+01
    5     0.0353   0.4814  -0.53046E-02  -0.80953E-04   0.10019E+00   0.11810E+02   0.21422E+01
    6     0.0443   0.6003  -0.67724E-02  -0.11759E-03   0.10016E+00   0.11738E+02   0.22066E+01
    7     0.0534   0.7188  -0.82785E-02  -0.15628E-03   0.10012E+00   0.11667E+02   0.22649E+01
    8     0.0626   0.8368  -0.98223E-02  -0.19657E-03   0.10008E+00   0.11595E+02   0.23212E+01
    9     0.0718   0.9543  -0.11402E-01  -0.23803E-03   0.10003E+00   0.11525E+02   0.23764E+01
   10     0.0811   1.0713  -0.13017E-01  -0.28085E-03   0.99992E-01   0.11454E+02   0.24297E+01
   11     0.0905   1.1879  -0.14666E-01  -0.32489E-03   0.99948E-01   0.11384E+02   0.24827E+01
   12     0.1000   1.3039  -0.16349E-01  -0.36971E-03   0.99903E-01   0.11314E+02   0.25342E+01
   13     0.1096   1.4195  -0.18066E-01  -0.41554E-03   0.99857E-01   0.11244E+02   0.25860E+01
   14     0.1192   1.5346  -0.19816E-01  -0.46197E-03   0.99811E-01   0.11175E+02   0.26377E+01
   15     0.1290   1.6491  -0.21608E-01  -0.51165E-03   0.99761E-01   0.11106E+02   0.26895E+01
   16     0.1388   1.7632  -0.23422E-01  -0.55983E-03   0.99713E-01   0.11037E+02   0.27410E+01
   17     0.1487   1.8767  -0.25269E-01  -0.60921E-03   0.99664E-01   0.10969E+02   0.27917E+01
   18     0.1587   1.9897  -0.27149E-01  -0.65951E-03   0.99613E-01   0.10900E+02   0.28435E+01
   19     0.1687   2.1021  -0.29061E-01  -0.71092E-03   0.99562E-01   0.10833E+02   0.28952E+01
   20     0.1789   2.2140  -0.31006E-01  -0.76337E-03   0.99510E-01   0.10765E+02   0.29466E+01
   21     0.1891   2.3254  -0.32983E-01  -0.81700E-03   0.99456E-01   0.10698E+02   0.29990E+01
   22     0.1995   2.4362  -0.34995E-01  -0.87230E-03   0.99401E-01   0.10631E+02   0.30512E+01
   23     0.2099   2.5465  -0.37040E-01  -0.92926E-03   0.99344E-01   0.10564E+02   0.31038E+01
   24     0.2204   2.6562  -0.39120E-01  -0.98836E-03   0.99285E-01   0.10497E+02   0.31568E+01
   25     0.2310   2.7653  -0.41236E-01  -0.10498E-02   0.99223E-01   0.10431E+02   0.32101E+01
   26     0.2417   2.8738  -0.43387E-01  -0.11136E-02   0.99159E-01   0.10365E+02   0.32640E+01
   27     0.2525   2.9818  -0.45573E-01  -0.11792E-02   0.99094E-01   0.10300E+02   0.33177E+01
   28     0.2634   3.0892  -0.47794E-01  -0.12472E-02   0.99026E-01   0.10235E+02   0.33721E+01
   29     0.2744   3.1959  -0.50050E-01  -0.13178E-02   0.98955E-01   0.10170E+02   0.34270E+01
   30     0.2855   3.3021  -0.52340E-01  -0.13906E-02   0.98882E-01   0.10105E+02   0.34823E+01
   31     0.2967   3.4077  -0.54665E-01  -0.14659E-02   0.98807E-01   0.10041E+02   0.35376E+01
   32     0.3079   3.5127  -0.57026E-01  -0.15439E-02   0.98729E-01   0.99771E+01   0.35937E+01
   33     0.3193   3.6170  -0.59410E-01  -0.16210E-02   0.98652E-01   0.99134E+01   0.36505E+01
   34     0.3308   3.7207  -0.61842E-01  -0.17042E-02   0.98569E-01   0.98501E+01   0.37075E+01
   35     0.3423   3.8238  -0.64311E-01  -0.17908E-02   0.98482E-01   0.97872E+01   0.37642E+01
   36     0.3540   3.9263  -0.66816E-01  -0.18805E-02   0.98392E-01   0.97245E+01   0.38222E+01
   37     0.3658   4.0281  -0.69358E-01  -0.19737E-02   0.98299E-01   0.96621E+01   0.38804E+01
   38     0.3777   4.1293  -0.71937E-01  -0.20702E-02   0.98203E-01   0.96001E+01   0.39389E+01
   39     0.3896   4.2299  -0.74553E-01  -0.21700E-02   0.98103E-01   0.95385E+01   0.39981E+01
   40     0.4017   4.3298  -0.77206E-01  -0.22734E-02   0.97999E-01   0.94771E+01   0.40576E+01
   41     0.4139   4.4291  -0.79896E-01  -0.23807E-02   0.97892E-01   0.94160E+01   0.41177E+01
   42     0.4262   4.5276  -0.82624E-01  -0.24917E-02   0.97781E-01   0.93553E+01   0.41784E+01
   43     0.4386   4.6256  -0.85390E-01  -0.26069E-02   0.97666E-01   0.92949E+01   0.42389E+01
   44     0.4511   4.7229  -0.88194E-01  -0.27255E-02   0.97547E-01   0.92349E+01   0.43001E+01
   45     0.4637   4.8195  -0.91037E-01  -0.28486E-02   0.97424E-01   0.91753E+01   0.43620E+01
   46     0.4764   4.9154  -0.93919E-01  -0.29762E-02   0.97297E-01   0.91159E+01   0.44243E+01
   47     0.4893   5.0106  -0.96840E-01  -0.31085E-02   0.97164E-01   0.90569E+01   0.44871E+01
   48     0.5022   5.1052  -0.99801E-01  -0.32452E-02   0.97028E-01   0.89983E+01   0.45500E+01
   49     0.5153   5.1991  -0.10280E+00  -0.33868E-02   0.96886E-01   0.89400E+01   0.46131E+01
   50     0.5285   5.2923  -0.10584E+00  -0.35333E-02   0.96740E-01   0.88820E+01   0.46771E+01
   51     0.5417   5.3849  -0.10893E+00  -0.36846E-02   0.96588E-01   0.88244E+01   0.47407E+01
   52     0.5552   5.4767  -0.11205E+00  -0.38410E-02   0.96432E-01   0.87672E+01   0.48050E+01
   53     0.5687   5.5679  -0.11521E+00  -0.40022E-02   0.96271E-01   0.87103E+01   0.48703E+01
   54     0.5823   5.6583  -0.11841E+00  -0.41691E-02   0.96104E-01   0.86538E+01   0.49349E+01
   55     0.5961   5.7481  -0.12166E+00  -0.43416E-02   0.95931E-01   0.85976E+01   0.50005E+01
   56     0.6099   5.8371  -0.12495E+00  -0.45198E-02   0.95753E-01   0.85418E+01   0.50667E+01
   57     0.6239   5.9255  -0.12828E+00  -0.47034E-02   0.95570E-01   0.84863E+01   0.51328E+01
   58     0.6381   6.0132  -0.13165E+00  -0.48924E-02   0.95380E-01   0.84312E+01   0.51994E+01
   59     0.6523   6.1001  -0.13506E+00  -0.50875E-02   0.95185E-01   0.83765E+01   0.52663E+01
   60     0.6667   6.1864  -0.13851E+00  -0.52884E-02   0.94985E-01   0.83221E+01   0.53333E+01
   61     0.6812   6.2719  -0.14201E+00  -0.54958E-02   0.94777E-01   0.82681E+01   0.54008E+01
   62     0.6958   6.3568  -0.14555E+00  -0.57089E-02   0.94564E-01   0.82145E+01   0.54683E+01
   63     0.7105   6.4409  -0.14914E+00  -0.59285E-02   0.94344E-01   0.81612E+01   0.55368E+01
   64     0.7254   6.5244  -0.15276E+00  -0.61544E-02   0.94118E-01   0.81083E+01   0.56046E+01
   65     0.7404   6.6071  -0.15643E+00  -0.63865E-02   0.93886E-01   0.80557E+01   0.56734E+01
   66     0.7555   6.6891  -0.16015E+00  -0.66245E-02   0.93648E-01   0.80035E+01   0.57422E+01
   67     0.7708   6.7704  -0.16390E+00  -0.68695E-02   0.93403E-01   0.79517E+01   0.58112E+01
   68     0.7862   6.8511  -0.16770E+00  -0.71214E-02   0.93151E-01   0.79002E+01   0.58806E+01
   69     0.8017   6.9310  -0.17155E+00  -0.73805E-02   0.92892E-01   0.78491E+01   0.59500E+01
   70     0.8174   7.0102  -0.17544E+00  -0.76468E-02   0.92626E-01   0.77984E+01   0.60195E+01
   71     0.8332   7.0886  -0.17938E+00  -0.79204E-02   0.92352E-01   0.77480E+01   0.60895E+01
   72     0.8491   7.1664  -0.18336E+00  -0.82018E-02   0.92071E-01   0.76980E+01   0.61592E+01
   73     0.8652   7.2435  -0.18739E+00  -0.84897E-02   0.91783E-01   0.76484E+01   0.62293E+01
   74     0.8814   7.3199  -0.19146E+00  -0.87847E-02   0.91488E-01   0.75993E+01   0.62994E+01
   75     0.8977   7.3956  -0.19558E+00  -0.90872E-02   0.91186E-01   0.75504E+01   0.63694E+01
   76     0.9142   7.4705  -0.19975E+00  -0.93972E-02   0.90876E-01   0.75019E+01   0.64399E+01
   77     0.9309   7.5448  -0.20396E+00  -0.97146E-02   0.90558E-01   0.74539E+01   0.65102E+01
   78     0.9477   7.6184  -0.20822E+00  -0.10040E-01   0.90233E-01   0.74061E+01   0.65806E+01
   79     0.9646   7.6913  -0.21252E+00  -0.10374E-01   0.89899E-01   0.73587E+01   0.66509E+01
   80     0.9817   7.7635  -0.21687E+00  -0.10715E-01   0.89558E-01   0.73118E+01   0.67213E+01
   81     0.9989   7.8350  -0.22127E+00  -0.11065E-01   0.89208E-01   0.72652E+01   0.67922E+01
   82     1.0163   7.9058  -0.22572E+00  -0.11423E-01   0.88849E-01   0.72190E+01   0.68626E+01
   83     1.0338   7.9759  -0.23021E+00  -0.11791E-01   0.88482E-01   0.71731E+01   0.69327E+01
   84     1.0515   8.0453  -0.23476E+00  -0.12167E-01   0.88106E-01   0.71276E+01   0.70026E+01
   85     1.0693   8.1141  -0.23935E+00  -0.12552E-01   0.87721E-01   0.70825E+01   0.70728E+01
   86     1.0873   8.1821  -0.24399E+00  -0.12945E-01   0.87328E-01   0.70377E+01   0.71425E+01
   87     1.1055   8.2495  -0.24868E+00  -0.13346E-01   0.86927E-01   0.69934E+01   0.72126E+01
   88     1.1238   8.3162  -0.25342E+00  -0.13757E-01   0.86516E-01   0.69494E+01   0.72819E+01
   89     1.1423   8.3823  -0.25821E+00  -0.14176E-01   0.86097E-01   0.69058E+01   0.73514E+01
   90     1.1609   8.4477  -0.26305E+00  -0.14605E-01   0.85668E-01   0.68625E+01   0.74212E+01
   91     1.1797   8.5124  -0.26793E+00  -0.15043E-01   0.85230E-01   0.68197E+01   0.74903E+01
   92     1.1986   8.5764  -0.27287E+00  -0.15492E-01   0.84781E-01   0.67772E+01   0.75590E+01
   93     1.2177   8.6398  -0.27786E+00  -0.15948E-01   0.84324E-01   0.67351E+01   0.76270E+01
   94     1.2370   8.7025  -0.28290E+00  -0.16415E-01   0.83858E-01   0.66933E+01   0.76953E+01
   95     1.2565   8.7646  -0.28799E+00  -0.16891E-01   0.83382E-01   0.66519E+01   0.77631E+01
   96     1.2761   8.8260  -0.29312E+00  -0.17376E-01   0.82897E-01   0.66109E+01   0.78301E+01
   97     1.2959   8.8868  -0.29831E+00  -0.17871E-01   0.82402E-01   0.65702E+01   0.78971E+01
   98     1.3158   8.9469  -0.30354E+00  -0.18376E-01   0.81897E-01   0.65299E+01   0.79635E+01
   99     1.3360   9.0065  -0.30883E+00  -0.18891E-01   0.81382E-01   0.64900E+01   0.80296E+01
  100     1.3563   9.0653  -0.31418E+00  -0.19416E-01   0.80857E-01   0.64504E+01   0.80950E+01
  101     1.3767   9.1236  -0.31957E+00  -0.19952E-01   0.80321E-01   0.64112E+01   0.81604E+01
  102     1.3974   9.1812  -0.32501E+00  -0.20498E-01   0.79775E-01   0.63724E+01   0.82248E+01
  103     1.4183   9.2382  -0.33051E+00  -0.21055E-01   0.79218E-01   0.63340E+01   0.82887E+01
  104     1.4393   9.2945  -0.33606E+00  -0.21622E-01   0.78650E-01   0.62959E+01   0.83520E+01
  105     1.4605   9.3503  -0.34167E+00  -0.22200E-01   0.78073E-01   0.62582E+01   0.84151E+01
  106     1.4819   9.4054  -0.34732E+00  -0.22788E-01   0.77485E-01   0.62208E+01   0.84779E+01
  107     1.5035   9.4600  -0.35302E+00  -0.23387E-01   0.76886E-01   0.61838E+01   0.85400E+01
  108     1.5252   9.5139  -0.35878E+00  -0.23996E-01   0.76277E-01   0.61471E+01   0.86011E+01
  109     1.5472   9.5673  -0.36459E+00  -0.24617E-01   0.75656E-01   0.61108E+01   0.86615E+01
  110     1.5693   9.6200  -0.37046E+00  -0.25249E-01   0.75024E-01   0.60749E+01   0.87213E+01
  111     1.5917   9.6722  -0.37638E+00  -0.25893E-01   0.74380E-01   0.60394E+01   0.87803E+01
  112     1.6142   9.7238  -0.38235E+00  -0.26548E-01   0.73725E-01   0.60042E+01   0.88387E+01
  113     1.6369   9.7748  -0.38838E+00  -0.27215E-01   0.73058E-01   0.59694E+01   0.88969E+01
  114     1.6598   9.8252  -0.39447E+00  -0.27894E-01   0.72379E-01   0.59349E+01   0.89531E+01
  115     1.6830   9.8751  -0.40061E+00  -0.28584E-01   0.71689E-01   0.59008E+01   0.90076E+01
  116     1.7063   9.9244  -0.40680E+00  -0.29286E-01   0.70987E-01   0.58670E+01   0.90638E+01
  117     1.7298   9.9731  -0.41305E+00  -0.30001E-01   0.70272E-01   0.58336E+01   0.91210E+01
  118     1.7536  10.0213  -0.41936E+00  -0.30728E-01   0.69545E-01   0.58006E+01   0.91661E+01
  119     1.7775  10.0689  -0.42572E+00  -0.31466E-01   0.68807E-01   0.57679E+01   0.92006E+01
  120     1.8016  10.1160  -0.43214E+00  -0.32216E-01   0.68057E-01   0.57356E+01   0.92513E+01
  121     1.8260  10.1626  -0.43861E+00  -0.32978E-01   0.67295E-01   0.57037E+01   0.93199E+01
  122     1.8506  10.2086  -0.44514E+00  -0.33754E-01   0.66519E-01   0.56721E+01   0.93769E+01
  123     1.8753  10.2541  -0.45172E+00  -0.34543E-01   0.65730E-01   0.56409E+01   0.94217E+01
  124     1.9003  10.2990  -0.45837E+00  -0.35346E-01   0.64927E-01   0.56100E+01   0.94675E+01
  125     1.9256  10.3434  -0.46507E+00  -0.36159E-01   0.64114E-01   0.55795E+01   0.95148E+01
  126     1.9510  10.3873  -0.47181E+00  -0.36980E-01   0.63293E-01   0.55492E+01   0.95593E+01
  127     1.9766  10.4307  -0.47865E+00  -0.37827E-01   0.62446E-01   0.55195E+01   0.96018E+01
  128     2.0025  10.4736  -0.48555E+00  -0.38686E-01   0.61587E-01   0.54901E+01   0.96433E+01
  129     2.0286  10.5160  -0.49228E+00  -0.39494E-01   0.60778E-01   0.54604E+01   0.96881E+01
  130     2.0550  10.5579  -0.49905E+00  -0.40309E-01   0.59963E-01   0.54310E+01   0.97327E+01
  131     2.0815  10.5993  -0.50628E+00  -0.41254E-01   0.59019E-01   0.54032E+01   0.97676E+01
  132     2.1083  10.6402  -0.51362E+00  -0.42229E-01   0.58044E-01   0.53758E+01   0.98000E+01
  133     2.1353  10.6806  -0.52075E+00  -0.43141E-01   0.57132E-01   0.53481E+01   0.98361E+01
  134     2.1626  10.7205  -0.52795E+00  -0.44065E-01   0.56208E-01   0.53206E+01   0.98718E+01
  135     2.1901  10.7600  -0.53524E+00  -0.45017E-01   0.55256E-01   0.52937E+01   0.99058E+01
  136     2.2178  10.7990  -0.54258E+00  -0.45977E-01   0.54296E-01   0.52671E+01   0.99337E+01
  137     2.2458  10.8375  -0.54998E+00  -0.46950E-01   0.53323E-01   0.52408E+01   0.99708E+01
  138     2.2740  10.8756  -0.55743E+00  -0.47937E-01   0.52336E-01   0.52148E+01   0.10024E+02
  139     2.3025  10.9132  -0.56495E+00  -0.48938E-01   0.51335E-01   0.51892E+01   0.10047E+02
  140     2.3312  10.9504  -0.57253E+00  -0.49956E-01   0.50317E-01   0.51640E+01   0.10052E+02
  141     2.3602  10.9871  -0.58018E+00  -0.50990E-01   0.49283E-01   0.51391E+01   0.10076E+02
  142     2.3894  11.0234  -0.58788E+00  -0.52035E-01   0.48238E-01   0.51146E+01   0.10103E+02
  143     2.4188  11.0592  -0.59564E+00  -0.53096E-01   0.47177E-01   0.50904E+01   0.10124E+02
  144     2.4486  11.0946  -0.60347E+00  -0.54171E-01   0.46102E-01   0.50666E+01   0.10144E+02
  145     2.4785  11.1296  -0.61135E+00  -0.55261E-01   0.45011E-01   0.50432E+01   0.10165E+02
  146     2.5088  11.1641  -0.61930E+00  -0.56368E-01   0.43905E-01   0.50201E+01   0.10184E+02
  147     2.5393  11.1982  -0.62732E+00  -0.57491E-01   0.42782E-01   0.49973E+01   0.10200E+02
  148     2.5701  11.2320  -0.63540E+00  -0.58628E-01   0.41645E-01   0.49749E+01   0.10214E+02
  149     2.6011  11.2653  -0.64354E+00  -0.59780E-01   0.40493E-01   0.49529E+01   0.10227E+02
  150     2.6324  11.2982  -0.65174E+00  -0.60948E-01   0.39325E-01   0.49311E+01   0.10239E+02
  151     2.6640  11.3306  -0.66001E+00  -0.62131E-01   0.38142E-01   0.49098E+01   0.10249E+02
  152     2.6958  11.3627  -0.66833E+00  -0.63330E-01   0.36943E-01   0.48887E+01   0.10258E+02
  153     2.7280  11.3944  -0.67673E+00  -0.64545E-01   0.35728E-01   0.48680E+01   0.10264E+02
  154     2.7604  11.4258  -0.68519E+00  -0.65778E-01   0.34495E-01   0.48477E+01   0.10269E+02
  155     2.7931  11.4567  -0.69372E+00  -0.67027E-01   0.33246E-01   0.48278E+01   0.10273E+02
  156     2.8260  11.4872  -0.70230E+00  -0.68289E-01   0.31984E-01   0.48081E+01   0.10274E+02
  157     2.8593  11.5174  -0.71095E+00  -0.69568E-01   0.30705E-01   0.47888E+01   0.10274E+02
  158     2.8929  11.5472  -0.71966E+00  -0.70865E-01   0.29408E-01   0.47698E+01   0.10273E+02
  159     2.9267  11.5766  -0.72845E+00  -0.72179E-01   0.28094E-01   0.47511E+01   0.10270E+02
  160     2.9608  11.6057  -0.73730E+00  -0.73509E-01   0.26764E-01   0.47328E+01   0.10265E+02
  161     2.9953  11.6344  -0.74621E+00  -0.74854E-01   0.25419E-01   0.47149E+01   0.10258E+02
  162     3.0300  11.6628  -0.75519E+00  -0.76219E-01   0.24054E-01   0.46972E+01   0.10249E+02
  163     3.0651  11.6908  -0.76425E+00  -0.77603E-01   0.22669E-01   0.46800E+01   0.10240E+02
  164     3.1004  11.7184  -0.77336E+00  -0.79000E-01   0.21273E-01   0.46630E+01   0.10228E+02
  165     3.1360  11.7458  -0.78254E+00  -0.80415E-01   0.19858E-01   0.46463E+01   0.10215E+02
  166     3.1720  11.7727  -0.79179E+00  -0.81849E-01   0.18424E-01   0.46300E+01   0.10200E+02
  167     3.2083  11.7994  -0.80110E+00  -0.83299E-01   0.16974E-01   0.46140E+01   0.10184E+02
  168     3.2449  11.8257  -0.81049E+00  -0.84769E-01   0.15503E-01   0.45983E+01   0.10166E+02
  169     3.2818  11.8517  -0.81993E+00  -0.86255E-01   0.14018E-01   0.45830E+01   0.10146E+02
  170     3.3190  11.8773  -0.82946E+00  -0.87762E-01   0.12511E-01   0.45679E+01   0.10123E+02
  171     3.3565  11.9026  -0.83905E+00  -0.89286E-01   0.10986E-01   0.45532E+01   0.10101E+02
  172     3.3944  11.9277  -0.84871E+00  -0.90828E-01   0.94448E-02   0.45388E+01   0.10076E+02
  173     3.4326  11.9524  -0.85844E+00  -0.92390E-01   0.78827E-02   0.45247E+01   0.10050E+02
  174     3.4712  11.9768  -0.86825E+00  -0.93971E-01   0.63022E-02   0.45109E+01   0.10021E+02
  175     3.5100  12.0009  -0.87812E+00  -0.95572E-01   0.47008E-02   0.44974E+01   0.99910E+01
  176     3.5492  12.0246  -0.88806E+00  -0.97190E-01   0.30828E-02   0.44842E+01   0.99599E+01
  177     3.5888  12.0481  -0.89808E+00  -0.98828E-01   0.14448E-02   0.44712E+01   0.99290E+01
  178     3.6287  12.0713  -0.90816E+00  -0.10049E+00  -0.21397E-03   0.44586E+01   0.98932E+01
  179     3.6689  12.0942  -0.91832E+00  -0.10216E+00  -0.18905E-02   0.44463E+01   0.98553E+01
  180     3.7095  12.1169  -0.92854E+00  -0.10386E+00  -0.35872E-02   0.44343E+01   0.98180E+01
  181     3.7505  12.1392  -0.93885E+00  -0.10558E+00  -0.53049E-02   0.44225E+01   0.97779E+01
  182     3.7918  12.1612  -0.94921E+00  -0.10731E+00  -0.70385E-02   0.44110E+01   0.97373E+01
  183     3.8334  12.1830  -0.95965E+00  -0.10907E+00  -0.87973E-02   0.43998E+01   0.96942E+01
  184     3.8754  12.2045  -0.97021E+00  -0.11086E+00  -0.10586E-01   0.43889E+01   0.96497E+01
  185     3.9178  12.2257  -0.98077E+00  -0.11265E+00  -0.12377E-01   0.43782E+01   0.96045E+01
  186     3.9606  12.2467  -0.99143E+00  -0.11447E+00  -0.14193E-01   0.43677E+01   0.95578E+01
  187     4.0037  12.2674  -0.10022E+01  -0.11631E+00  -0.16035E-01   0.43576E+01   0.95088E+01
  188     4.0472  12.2878  -0.10130E+01  -0.11817E+00  -0.17897E-01   0.43477E+01   0.94599E+01
  189     4.0911  12.3080  -0.10239E+01  -0.12005E+00  -0.19780E-01   0.43380E+01   0.94060E+01
  190     4.1353  12.3279  -0.10348E+01  -0.12196E+00  -0.21686E-01   0.43286E+01   0.93515E+01
  191     4.1800  12.3476  -0.10459E+01  -0.12389E+00  -0.23613E-01   0.43195E+01   0.93000E+01
  192     4.2250  12.3670  -0.10570E+01  -0.12584E+00  -0.25562E-01   0.43105E+01   0.92433E+01
  193     4.2705  12.3862  -0.10682E+01  -0.12781E+00  -0.27533E-01   0.43018E+01   0.91858E+01
  194     4.3163  12.4051  -0.10795E+01  -0.12980E+00  -0.29526E-01   0.42933E+01   0.91273E+01
  195     4.3625  12.4238  -0.10908E+01  -0.13181E+00  -0.31540E-01   0.42851E+01   0.90678E+01
  196     4.4091  12.4423  -0.11022E+01  -0.13385E+00  -0.33574E-01   0.42770E+01   0.90068E+01
  197     4.4561  12.4605  -0.11137E+01  -0.13591E+00  -0.35638E-01   0.42692E+01   0.89441E+01
  198     4.5036  12.4785  -0.11253E+01  -0.13800E+00  -0.37723E-01   0.42616E+01   0.88804E+01
  199     4.5514  12.4962  -0.11369E+01  -0.14010E+00  -0.39827E-01   0.42542E+01   0.88157E+01
  200     4.5997  12.5138  -0.11487E+01  -0.14223E+00  -0.41958E-01   0.42470E+01   0.87491E+01
  201     4.6484  12.5311  -0.11605E+01  -0.14439E+00  -0.44112E-01   0.42400E+01   0.86818E+01
  202     4.6975  12.5482  -0.11724E+01  -0.14656E+00  -0.46289E-01   0.42332E+01   0.86134E+01
  203     4.7470  12.5650  -0.11843E+01  -0.14876E+00  -0.48491E-01   0.42266E+01   0.85436E+01
  204     4.7970  12.5817  -0.11964E+01  -0.15099E+00  -0.50719E-01   0.42201E+01   0.84736E+01
  205     4.8474  12.5981  -0.12085E+01  -0.15324E+00  -0.52968E-01   0.42139E+01   0.84015E+01
  206     4.8982  12.6144  -0.12207E+01  -0.15551E+00  -0.55241E-01   0.42078E+01   0.83279E+01
  207     4.9495  12.6304  -0.12330E+01  -0.15781E+00  -0.57536E-01   0.42019E+01   0.82548E+01
  208     5.0012  12.6462  -0.12454E+01  -0.16014E+00  -0.59863E-01   0.41961E+01   0.81789E+01
  209     5.0534  12.6619  -0.12578E+01  -0.16248E+00  -0.62211E-01   0.41906E+01   0.81029E+01
  210     5.1060  12.6773  -0.12704E+01  -0.16486E+00  -0.64585E-01   0.41851E+01   0.80271E+01
  211     5.1591  12.6925  -0.12830E+01  -0.16725E+00  -0.66981E-01   0.41799E+01   0.79498E+01
  212     5.2126  12.7076  -0.12957E+01  -0.16968E+00  -0.69402E-01   0.41747E+01   0.78721E+01
  213     5.2667  12.7224  -0.13085E+01  -0.17213E+00  -0.71853E-01   0.41698E+01   0.77925E+01
  214     5.3211  12.7371  -0.13213E+01  -0.17460E+00  -0.74327E-01   0.41649E+01   0.77132E+01
  215     5.3761  12.7515  -0.13343E+01  -0.17710E+00  -0.76827E-01   0.41603E+01   0.76322E+01
  216     5.4315  12.7658  -0.13473E+01  -0.17963E+00  -0.79358E-01   0.41557E+01   0.75522E+01
  217     5.4874  12.7799  -0.13604E+01  -0.18219E+00  -0.81912E-01   0.41514E+01   0.74700E+01
  218     5.5438  12.7938  -0.13736E+01  -0.18477E+00  -0.84492E-01   0.41471E+01   0.73876E+01
  219     5.6007  12.8076  -0.13869E+01  -0.18737E+00  -0.87097E-01   0.41429E+01   0.73052E+01
  220     5.6581  12.8211  -0.14003E+01  -0.19001E+00  -0.89732E-01   0.41389E+01   0.72205E+01
  221     5.7160  12.8345  -0.14138E+01  -0.19267E+00  -0.92395E-01   0.41349E+01   0.71365E+01
  222     5.7744  12.8477  -0.14273E+01  -0.19536E+00  -0.95083E-01   0.41311E+01   0.70515E+01
  223     5.8333  12.8608  -0.14409E+01  -0.19807E+00  -0.97798E-01   0.41274E+01   0.69661E+01
  224     5.8927  12.8737  -0.14547E+01  -0.20082E+00  -0.10054E+00   0.41239E+01   0.68803E+01
  225     5.9526  12.8864  -0.14685E+01  -0.20358E+00  -0.10331E+00   0.41204E+01   0.67946E+01
  226     6.0131  12.8990  -0.14824E+01  -0.20638E+00  -0.10611E+00   0.41170E+01   0.67075E+01
  227     6.0740  12.9114  -0.14963E+01  -0.20921E+00  -0.10894E+00   0.41138E+01   0.66217E+01
  228     6.1355  12.9236  -0.15104E+01  -0.21206E+00  -0.11179E+00   0.41106E+01   0.65357E+01
  229     6.1976  12.9357  -0.15246E+01  -0.21494E+00  -0.11467E+00   0.41075E+01   0.64477E+01
  230     6.2602  12.9476  -0.15388E+01  -0.21786E+00  -0.11758E+00   0.41045E+01   0.63607E+01
  231     6.3233  12.9594  -0.15531E+01  -0.22079E+00  -0.12052E+00   0.41016E+01   0.62729E+01
  232     6.3869  12.9710  -0.15676E+01  -0.22376E+00  -0.12349E+00   0.40988E+01   0.61865E+01
  233     6.4512  12.9825  -0.15821E+01  -0.22677E+00  -0.12650E+00   0.40961E+01   0.60984E+01
  234     6.5159  12.9938  -0.15967E+01  -0.22980E+00  -0.12952E+00   0.40935E+01   0.60111E+01
  235     6.5813  13.0050  -0.16114E+01  -0.23285E+00  -0.13258E+00   0.40909E+01   0.59233E+01
  236     6.6472  13.0160  -0.16262E+01  -0.23594E+00  -0.13566E+00   0.40884E+01   0.58353E+01
  237     6.7137  13.0269  -0.16411E+01  -0.23906E+00  -0.13878E+00   0.40860E+01   0.57468E+01
  238     6.7807  13.0377  -0.16561E+01  -0.24220E+00  -0.14193E+00   0.40836E+01   0.56587E+01
  239     6.8484  13.0483  -0.16712E+01  -0.24538E+00  -0.14511E+00   0.40814E+01   0.55714E+01
  240     6.9166  13.0588  -0.16863E+01  -0.24858E+00  -0.14831E+00   0.40792E+01   0.54844E+01
  241     6.9854  13.0691  -0.17016E+01  -0.25182E+00  -0.15155E+00   0.40770E+01   0.53961E+01
  242     7.0549  13.0794  -0.17169E+01  -0.25509E+00  -0.15482E+00   0.40749E+01   0.53094E+01
  243     7.1249  13.0894  -0.17324E+01  -0.25839E+00  -0.15811E+00   0.40729E+01   0.52225E+01
  244     7.1955  13.0994  -0.17479E+01  -0.26172E+00  -0.16145E+00   0.40710E+01   0.51369E+01
  245     7.2668  13.1092  -0.17636E+01  -0.26508E+00  -0.16480E+00   0.40691E+01   0.50486E+01
  246     7.3387  13.1189  -0.17793E+01  -0.26847E+00  -0.16820E+00   0.40672E+01   0.49629E+01
  247     7.4112  13.1285  -0.17951E+01  -0.27189E+00  -0.17162E+00   0.40654E+01   0.48779E+01
  248     7.4843  13.1380  -0.18111E+01  -0.27535E+00  -0.17508E+00   0.40637E+01   0.47916E+01
  249     7.5580  13.1473  -0.18271E+01  -0.27883E+00  -0.17856E+00   0.40620E+01   0.47069E+01
  250     7.6324  13.1565  -0.18432E+01  -0.28235E+00  -0.18208E+00   0.40604E+01   0.46223E+01
  251     7.7075  13.1656  -0.18594E+01  -0.28590E+00  -0.18563E+00   0.40588E+01   0.45387E+01
  252     7.7832  13.1746  -0.18758E+01  -0.28949E+00  -0.18921E+00   0.40573E+01   0.44544E+01
  253     7.8596  13.1834  -0.18922E+01  -0.29310E+00  -0.19283E+00   0.40558E+01   0.43724E+01
  254     7.9366  13.1922  -0.19087E+01  -0.29675E+00  -0.19647E+00   0.40543E+01   0.42897E+01
  255     8.0143  13.2008  -0.19253E+01  -0.30043E+00  -0.20015E+00   0.40529E+01   0.42077E+01
  256     8.0926  13.2093  -0.19421E+01  -0.30414E+00  -0.20387E+00   0.40516E+01   0.41262E+01
  257     8.1717  13.2178  -0.19589E+01  -0.30789E+00  -0.20762E+00   0.40502E+01   0.40452E+01
  258     8.2514  13.2261  -0.19758E+01  -0.31167E+00  -0.21140E+00   0.40489E+01   0.39644E+01
  259     8.3319  13.2343  -0.19928E+01  -0.31548E+00  -0.21521E+00   0.40477E+01   0.38855E+01
  260     8.4130  13.2424  -0.20100E+01  -0.31933E+00  -0.21906E+00   0.40465E+01   0.38068E+01
  261     8.4948  13.2503  -0.20272E+01  -0.32321E+00  -0.22294E+00   0.40453E+01   0.37280E+01
  262     8.5774  13.2582  -0.20445E+01  -0.32712E+00  -0.22685E+00   0.40441E+01   0.36509E+01
  263     8.6606  13.2660  -0.20620E+01  -0.33107E+00  -0.23080E+00   0.40430E+01   0.35744E+01
  264     8.7446  13.2737  -0.20795E+01  -0.33506E+00  -0.23479E+00   0.40420E+01   0.34983E+01
  265     8.8293  13.2813  -0.20971E+01  -0.33907E+00  -0.23880E+00   0.40409E+01   0.34228E+01
  266     8.9148  13.2888  -0.21149E+01  -0.34313E+00  -0.24286E+00   0.40399E+01   0.33487E+01
  267     9.0010  13.2962  -0.21328E+01  -0.34722E+00  -0.24694E+00   0.40389E+01   0.32745E+01
  268     9.0879  13.3035  -0.21507E+01  -0.35134E+00  -0.25107E+00   0.40379E+01   0.32021E+01
  269     9.1756  13.3107  -0.21688E+01  -0.35549E+00  -0.25522E+00   0.40370E+01   0.31299E+01
  270     9.2641  13.3178  -0.21870E+01  -0.35969E+00  -0.25941E+00   0.40361E+01   0.30581E+01
  271     9.3534  13.3248  -0.22053E+01  -0.36391E+00  -0.26364E+00   0.40352E+01   0.29879E+01
  272     9.4434  13.3317  -0.22237E+01  -0.36818E+00  -0.26791E+00   0.40343E+01   0.29190E+01
  273     9.5342  13.3386  -0.22422E+01  -0.37248E+00  -0.27221E+00   0.40335E+01   0.28502E+01
  274     9.6257  13.3453  -0.22608E+01  -0.37681E+00  -0.27654E+00   0.40327E+01   0.27832E+01
  275     9.7181  13.3520  -0.22795E+01  -0.38119E+00  -0.28091E+00   0.40319E+01   0.27157E+01
  276     9.8113  13.3586  -0.22983E+01  -0.38560E+00  -0.28532E+00   0.40312E+01   0.26497E+01
  277     9.9053  13.3651  -0.23173E+01  -0.39004E+00  -0.28977E+00   0.40304E+01   0.25855E+01
  278    10.0001  13.3715  -0.23363E+01  -0.39452E+00  -0.29425E+00   0.40297E+01   0.25205E+01
  279    10.0957  13.3778  -0.23555E+01  -0.39904E+00  -0.29877E+00   0.40290E+01   0.24577E+01
  280    10.1922  13.3841  -0.23748E+01  -0.40360E+00  -0.30332E+00   0.40283E+01   0.23952E+01
  281    10.2895  13.3902  -0.23942E+01  -0.40819E+00  -0.30792E+00   0.40276E+01   0.23346E+01
  282    10.3877  13.3963  -0.24136E+01  -0.41282E+00  -0.31254E+00   0.40270E+01   0.22743E+01
  283    10.4867  13.4023  -0.24333E+01  -0.41749E+00  -0.31721E+00   0.40264E+01   0.22153E+01
  284    10.5865  13.4083  -0.24530E+01  -0.42219E+00  -0.32191E+00   0.40257E+01   0.21576E+01
  285    10.6873  13.4141  -0.24729E+01  -0.42694E+00  -0.32667E+00   0.40252E+01   0.20998E+01
  286    10.7889  13.4199  -0.24928E+01  -0.43172E+00  -0.33145E+00   0.40246E+01   0.20435E+01
  287    10.8914  13.4256  -0.25129E+01  -0.43655E+00  -0.33628E+00   0.40240E+01   0.19881E+01
  288    10.9947  13.4312  -0.25331E+01  -0.44140E+00  -0.34113E+00   0.40235E+01   0.19331E+01
  289    11.0990  13.4368  -0.25534E+01  -0.44630E+00  -0.34603E+00   0.40229E+01   0.18800E+01
  290    11.2042  13.4423  -0.25738E+01  -0.45124E+00  -0.35097E+00   0.40224E+01   0.18272E+01
  291    11.3103  13.4477  -0.25944E+01  -0.45621E+00  -0.35593E+00   0.40219E+01   0.17758E+01
  292    11.4173  13.4530  -0.26150E+01  -0.46123E+00  -0.36095E+00   0.40214E+01   0.17253E+01
  293    11.5253  13.4583  -0.26358E+01  -0.46628E+00  -0.36601E+00   0.40209E+01   0.16758E+01
  294    11.6342  13.4635  -0.26567E+01  -0.47138E+00  -0.37111E+00   0.40205E+01   0.16279E+01
  295    11.7440  13.4687  -0.26778E+01  -0.47652E+00  -0.37624E+00   0.40200E+01   0.15792E+01
  296    11.8548  13.4738  -0.26989E+01  -0.48169E+00  -0.38142E+00   0.40196E+01   0.15328E+01
  297    11.9666  13.4788  -0.27202E+01  -0.48691E+00  -0.38664E+00   0.40191E+01   0.14871E+01
  298    12.0793  13.4837  -0.27416E+01  -0.49216E+00  -0.39189E+00   0.40187E+01   0.14422E+01
  299    12.1930  13.4886  -0.27630E+01  -0.49744E+00  -0.39716E+00   0.40183E+01   0.13990E+01
  300    12.3077  13.4934  -0.27847E+01  -0.50279E+00  -0.40252E+00   0.40179E+01   0.13553E+01
  301    12.4234  13.4982  -0.28064E+01  -0.50817E+00  -0.40790E+00   0.40175E+01   0.13138E+01
  302    12.5401  13.5029  -0.28283E+01  -0.51359E+00  -0.41332E+00   0.40172E+01   0.12730E+01
  303    12.6578  13.5075  -0.28504E+01  -0.51906E+00  -0.41879E+00   0.40168E+01   0.12325E+01
  304    12.7766  13.5121  -0.28725E+01  -0.52456E+00  -0.42428E+00   0.40164E+01   0.11934E+01
  305    12.8963  13.5166  -0.28947E+01  -0.53010E+00  -0.42983E+00   0.40161E+01   0.11550E+01
  306    13.0172  13.5211  -0.29171E+01  -0.53568E+00  -0.43541E+00   0.40157E+01   0.11177E+01
  307    13.1390  13.5255  -0.29396E+01  -0.54131E+00  -0.44104E+00   0.40154E+01   0.10814E+01
  308    13.2619  13.5298  -0.29623E+01  -0.54698E+00  -0.44671E+00   0.40151E+01   0.10453E+01
  309    13.3859  13.5341  -0.29850E+01  -0.55270E+00  -0.45243E+00   0.40148E+01   0.10110E+01
  310    13.5110  13.5383  -0.30079E+01  -0.55846E+00  -0.45819E+00   0.40145E+01   0.97712E+00
  311    13.6372  13.5425  -0.30309E+01  -0.56425E+00  -0.46398E+00   0.40142E+01   0.94390E+00
  312    13.7644  13.5466  -0.30541E+01  -0.57011E+00  -0.46983E+00   0.40139E+01   0.91196E+00
  313    13.8928  13.5507  -0.30774E+01  -0.57600E+00  -0.47572E+00   0.40136E+01   0.88025E+00
  314    14.0223  13.5547  -0.31008E+01  -0.58192E+00  -0.48164E+00   0.40133E+01   0.84985E+00
  315    14.1529  13.5587  -0.31244E+01  -0.58791E+00  -0.48763E+00   0.40130E+01   0.81967E+00
  316    14.2846  13.5626  -0.31481E+01  -0.59392E+00  -0.49365E+00   0.40128E+01   0.79116E+00
  317    14.4175  13.5665  -0.31719E+01  -0.59998E+00  -0.49971E+00   0.40125E+01   0.76311E+00
  318    14.5515  13.5703  -0.31958E+01  -0.60609E+00  -0.50582E+00   0.40123E+01   0.73549E+00
  319    14.6867  13.5741  -0.32199E+01  -0.61224E+00  -0.51197E+00   0.40120E+01   0.70941E+00
  320    14.8231  13.5778  -0.32442E+01  -0.61845E+00  -0.51818E+00   0.40118E+01   0.68287E+00
  321    14.9607  13.5815  -0.32685E+01  -0.62468E+00  -0.52441E+00   0.40116E+01   0.65796E+00
  322    15.0994  13.5851  -0.32930E+01  -0.63098E+00  -0.53071E+00   0.40113E+01   0.63326E+00
  323    15.2394  13.5887  -0.33176E+01  -0.63730E+00  -0.53703E+00   0.40111E+01   0.60962E+00
  324    15.3806  13.5922  -0.33424E+01  -0.64369E+00  -0.54341E+00   0.40109E+01   0.58651E+00
  325    15.5230  13.5957  -0.33673E+01  -0.65011E+00  -0.54984E+00   0.40107E+01   0.56443E+00
  326    15.6666  13.5991  -0.33924E+01  -0.65660E+00  -0.55633E+00   0.40105E+01   0.54260E+00
  327    15.8115  13.6025  -0.34176E+01  -0.66313E+00  -0.56286E+00   0.40103E+01   0.52160E+00
  328    15.9577  13.6059  -0.34429E+01  -0.66967E+00  -0.56940E+00   0.40101E+01   0.50142E+00
  329    16.1051  13.6092  -0.34684E+01  -0.67629E+00  -0.57601E+00   0.40099E+01   0.48148E+00
  330    16.2538  13.6124  -0.34940E+01  -0.68295E+00  -0.58268E+00   0.40097E+01   0.46287E+00
  331    16.4038  13.6157  -0.35197E+01  -0.68966E+00  -0.58939E+00   0.40095E+01   0.44410E+00
  332    16.5551  13.6188  -0.35457E+01  -0.69645E+00  -0.59618E+00   0.40093E+01   0.42611E+00
  333    16.7078  13.6220  -0.35717E+01  -0.70322E+00  -0.60295E+00   0.40092E+01   0.40885E+00
  334    16.8617  13.6251  -0.35979E+01  -0.71007E+00  -0.60980E+00   0.40090E+01   0.39213E+00
  335    17.0170  13.6281  -0.36243E+01  -0.71699E+00  -0.61672E+00   0.40088E+01   0.37564E+00
  336    17.1736  13.6312  -0.36507E+01  -0.72392E+00  -0.62365E+00   0.40087E+01   0.36028E+00
  337    17.3316  13.6342  -0.36773E+01  -0.73091E+00  -0.63064E+00   0.40085E+01   0.34528E+00
  338    17.4910  13.6371  -0.37041E+01  -0.73797E+00  -0.63769E+00   0.40083E+01   0.33074E+00
  339    17.6518  13.6400  -0.37310E+01  -0.74507E+00  -0.64480E+00   0.40082E+01   0.31675E+00
  340    17.8139  13.6429  -0.37581E+01  -0.75222E+00  -0.65194E+00   0.40080E+01   0.30303E+00
  341    17.9775  13.6457  -0.37855E+01  -0.75945E+00  -0.65918E+00   0.40079E+01   0.28981E+00
  342    18.1425  13.6485  -0.38127E+01  -0.76666E+00  -0.66638E+00   0.40078E+01   0.27722E+00
  343    18.3089  13.6513  -0.38402E+01  -0.77396E+00  -0.67368E+00   0.40076E+01   0.26509E+00
  344    18.4768  13.6540  -0.38679E+01  -0.78131E+00  -0.68103E+00   0.40075E+01   0.25343E+00
  345    18.6461  13.6567  -0.38957E+01  -0.78869E+00  -0.68841E+00   0.40074E+01   0.24206E+00
  346    18.8169  13.6593  -0.39238E+01  -0.79617E+00  -0.69589E+00   0.40072E+01   0.23125E+00
  347    18.9892  13.6619  -0.39518E+01  -0.80365E+00  -0.70338E+00   0.40071E+01   0.22084E+00
  348    19.1630  13.6645  -0.39801E+01  -0.81120E+00  -0.71093E+00   0.40070E+01   0.21060E+00
  349    19.3383  13.6671  -0.40086E+01  -0.81880E+00  -0.71853E+00   0.40069E+01   0.20098E+00
  350    19.5151  13.6696  -0.40372E+01  -0.82645E+00  -0.72618E+00   0.40067E+01   0.19175E+00
  351    19.6934  13.6721  -0.40659E+01  -0.83416E+00  -0.73389E+00   0.40066E+01   0.18281E+00
  352    19.8734  13.6745  -0.40949E+01  -0.84194E+00  -0.74166E+00   0.40065E+01   0.17416E+00
  353    20.0548  13.6770  -0.41239E+01  -0.84975E+00  -0.74948E+00   0.40064E+01   0.16599E+00
  354    20.2379  13.6794  -0.41532E+01  -0.85761E+00  -0.75734E+00   0.40063E+01   0.15798E+00
  355    20.4225  13.6817  -0.41825E+01  -0.86553E+00  -0.76525E+00   0.40062E+01   0.15039E+00
  356    20.6088  13.6840  -0.42121E+01  -0.87349E+00  -0.77322E+00   0.40061E+01   0.14316E+00
  357    20.7966  13.6863  -0.42418E+01  -0.88151E+00  -0.78124E+00   0.40060E+01   0.13616E+00
  358    20.9861  13.6886  -0.42717E+01  -0.88961E+00  -0.78934E+00   0.40059E+01   0.12947E+00
  359    21.1773  13.6909  -0.43017E+01  -0.89781E+00  -0.79754E+00   0.40000E+01   0.12306E+00
  360    21.3701  13.6931  -0.43319E+01  -0.90599E+00  -0.80572E+00   0.40000E+01   0.11696E+00
  361    21.5646  13.6953  -0.43623E+01  -0.91423E+00  -0.81396E+00   0.40000E+01   0.11101E+00
  362    21.7607  13.6974  -0.43928E+01  -0.92253E+00  -0.82226E+00   0.40000E+01   0.10542E+00
  363    21.9586  13.6995  -0.44235E+01  -0.93089E+00  -0.83061E+00   0.40000E+01   0.10004E+00
  364    22.1582  13.7016  -0.44544E+01  -0.93930E+00  -0.83902E+00   0.40000E+01   0.94896E-01
  365    22.3596  13.7037  -0.44854E+01  -0.94776E+00  -0.84748E+00   0.40000E+01   0.89998E-01
  366    22.5626  13.7058  -0.45166E+01  -0.95628E+00  -0.85600E+00   0.40000E+01   0.85352E-01
  367    22.7675  13.7078  -0.45480E+01  -0.96485E+00  -0.86458E+00   0.40000E+01   0.80826E-01
  368    22.9741  13.7098  -0.45795E+01  -0.97348E+00  -0.87321E+00   0.40000E+01   0.76581E-01
  369    23.1825  13.7117  -0.46112E+01  -0.98216E+00  -0.88188E+00   0.40000E+01   0.72504E-01
  370    23.3928  13.7137  -0.46430E+01  -0.99090E+00  -0.89063E+00   0.40000E+01   0.68583E-01
  371    23.6049  13.7156  -0.46751E+01  -0.99971E+00  -0.89944E+00   0.40000E+01   0.64931E-01
  372    23.8188  13.7175  -0.47073E+01  -0.10086E+01  -0.90829E+00   0.40000E+01   0.61412E-01
  373    24.0345  13.7194  -0.47397E+01  -0.10175E+01  -0.91720E+00   0.40000E+01   0.57998E-01
  374    24.2522  13.7212  -0.47723E+01  -0.10265E+01  -0.92618E+00   0.40000E+01   0.54837E-01
  375    24.4717  13.7230  -0.48049E+01  -0.10355E+01  -0.93519E+00   0.40000E+01   0.51796E-01
  376    24.6932  13.7248  -0.48379E+01  -0.10446E+01  -0.94430E+00   0.40000E+01   0.48877E-01
  377    24.9166  13.7266  -0.48709E+01  -0.10537E+01  -0.95343E+00   0.40000E+01   0.46151E-01
  378    25.1419  13.7284  -0.49042E+01  -0.10629E+01  -0.96264E+00   0.40000E+01   0.43515E-01
  379    25.3691  13.7301  -0.49375E+01  -0.10722E+01  -0.97188E+00   0.40000E+01   0.41070E-01
  380    25.5984  13.7318  -0.49712E+01  -0.10815E+01  -0.98122E+00   0.40000E+01   0.38692E-01
  381    25.8296  13.7335  -0.50050E+01  -0.10909E+01  -0.99060E+00   0.40000E+01   0.36456E-01
  382    26.0629  13.7351  -0.50389E+01  -0.11003E+01  -0.10000E+01   0.40000E+01   0.34333E-01
  383    26.2982  13.7368  -0.50731E+01  -0.11098E+01  -0.10095E+01   0.40000E+01   0.32305E-01
  384    26.5355  13.7384  -0.51074E+01  -0.11194E+01  -0.10191E+01   0.40000E+01   0.30405E-01
  385    26.7749  13.7400  -0.51418E+01  -0.11290E+01  -0.10287E+01   0.40000E+01   0.28597E-01
  386    27.0164  13.7416  -0.51765E+01  -0.11387E+01  -0.10384E+01   0.40000E+01   0.26902E-01
  387    27.2599  13.7431  -0.52114E+01  -0.11484E+01  -0.10481E+01   0.40000E+01   0.25295E-01
  388    27.5056  13.7447  -0.52465E+01  -0.11582E+01  -0.10579E+01   0.40000E+01   0.23742E-01
  389    27.7534  13.7462  -0.52816E+01  -0.11681E+01  -0.10678E+01   0.40000E+01   0.22306E-01
  390    28.0034  13.7477  -0.53171E+01  -0.11780E+01  -0.10777E+01   0.40000E+01   0.20927E-01
  391    28.2556  13.7492  -0.53527E+01  -0.11880E+01  -0.10877E+01   0.40000E+01   0.19631E-01
  392    28.5099  13.7506  -0.53884E+01  -0.11980E+01  -0.10977E+01   0.40000E+01   0.18432E-01
  393    28.7665  13.7521  -0.54244E+01  -0.12081E+01  -0.11079E+01   0.40000E+01   0.17268E-01
  394    29.0253  13.7535  -0.54607E+01  -0.12183E+01  -0.11181E+01   0.40000E+01   0.16172E-01
  395    29.2863  13.7549  -0.54970E+01  -0.12286E+01  -0.11283E+01   0.40000E+01   0.15150E-01
  396    29.5496  13.7563  -0.55334E+01  -0.12388E+01  -0.11386E+01   0.40000E+01   0.14149E-01
  397    29.8152  13.7577  -0.55702E+01  -0.12492E+01  -0.11489E+01   0.40000E+01   0.13260E-01
  398    30.0831  13.7590  -0.56070E+01  -0.12596E+01  -0.11593E+01   0.40000E+01   0.12408E-01
  399    30.3534  13.7604  -0.56441E+01  -0.12701E+01  -0.11698E+01   0.40000E+01   0.11601E-01
  400    30.6259  13.7617  -0.56814E+01  -0.12806E+01  -0.11804E+01   0.40000E+01   0.10837E-01
