    1     0.0001   0.0014  -0.15259E-04  -0.72481E-06   0.11572E+00   0.13970E+02   0.25193E+00
    2     0.0088   0.1221  -0.10163E-02   0.13150E-04   0.11574E+00   0.13882E+02   0.20061E+00
    3     0.0176   0.2423  -0.21276E-02   0.78175E-05   0.11573E+00   0.13796E+02   0.21265E+00
    4     0.0264   0.3621  -0.32810E-02  -0.33652E-06   0.11572E+00   0.13710E+02   0.22056E+00
    5     0.0353   0.4814  -0.44884E-02  -0.13616E-04   0.11571E+00   0.13624E+02   0.22861E+00
    6     0.0443   0.6003  -0.57305E-02  -0.27932E-04   0.11570E+00   0.13539E+02   0.23563E+00
    7     0.0534   0.7188  -0.70055E-02  -0.42973E-04   0.11568E+00   0.13454E+02   0.24202E+00
    8     0.0626   0.8368  -0.83126E-02  -0.58040E-04   0.11567E+00   0.13370E+02   0.24817E+00
    9     0.0718   0.9543  -0.96500E-02  -0.72979E-04   0.11565E+00   0.13286E+02   0.25426E+00
   10     0.0811   1.0713  -0.11017E-01  -0.87581E-04   0.11564E+00   0.13202E+02   0.26013E+00
   11     0.0905   1.1879  -0.12413E-01  -0.10224E-03   0.11562E+00   0.13119E+02   0.26598E+00
   12     0.1000   1.3039  -0.13838E-01  -0.11679E-03   0.11561E+00   0.13036E+02   0.27168E+00
   13     0.1096   1.4195  -0.15291E-01  -0.13072E-03   0.11559E+00   0.12953E+02   0.27742E+00
   14     0.1192   1.5346  -0.16772E-01  -0.14449E-03   0.11558E+00   0.12871E+02   0.28319E+00
   15     0.1290   1.6491  -0.18291E-01  -0.16034E-03   0.11556E+00   0.12789E+02   0.28899E+00
   16     0.1388   1.7632  -0.19827E-01  -0.17324E-03   0.11555E+00   0.12707E+02   0.29476E+00
   17     0.1487   1.8767  -0.21391E-01  -0.18616E-03   0.11554E+00   0.12626E+02   0.30044E+00
   18     0.1587   1.9897  -0.22985E-01  -0.19906E-03   0.11553E+00   0.12545E+02   0.30626E+00
   19     0.1687   2.1021  -0.24607E-01  -0.21227E-03   0.11551E+00   0.12464E+02   0.31207E+00
   20     0.1789   2.2140  -0.26259E-01  -0.22568E-03   0.11550E+00   0.12384E+02   0.31786E+00
   21     0.1891   2.3254  -0.27939E-01  -0.23956E-03   0.11549E+00   0.12304E+02   0.32378E+00
   22     0.1995   2.4362  -0.29648E-01  -0.25389E-03   0.11547E+00   0.12224E+02   0.32968E+00
   23     0.2099   2.5465  -0.31387E-01  -0.26860E-03   0.11546E+00   0.12145E+02   0.33564E+00
   24     0.2204   2.6562  -0.33153E-01  -0.28385E-03   0.11544E+00   0.12066E+02   0.34166E+00
   25     0.2310   2.7653  -0.34949E-01  -0.29942E-03   0.11543E+00   0.11987E+02   0.34773E+00
   26     0.2417   2.8738  -0.36774E-01  -0.31530E-03   0.11541E+00   0.11909E+02   0.35389E+00
   27     0.2525   2.9818  -0.38627E-01  -0.33201E-03   0.11539E+00   0.11831E+02   0.36003E+00
   28     0.2634   3.0892  -0.40509E-01  -0.34955E-03   0.11538E+00   0.11753E+02   0.36629E+00
   29     0.2744   3.1959  -0.42420E-01  -0.36794E-03   0.11536E+00   0.11676E+02   0.37262E+00
   30     0.2855   3.3021  -0.44361E-01  -0.38709E-03   0.11534E+00   0.11599E+02   0.37900E+00
   31     0.2967   3.4077  -0.46331E-01  -0.40782E-03   0.11532E+00   0.11522E+02   0.38541E+00
   32     0.3079   3.5127  -0.48333E-01  -0.42979E-03   0.11530E+00   0.11446E+02   0.39191E+00
   33     0.3193   3.6170  -0.50354E-01  -0.45055E-03   0.11527E+00   0.11370E+02   0.39850E+00
   34     0.3308   3.7207  -0.52418E-01  -0.47571E-03   0.11525E+00   0.11294E+02   0.40513E+00
   35     0.3423   3.8238  -0.54514E-01  -0.50310E-03   0.11522E+00   0.11219E+02   0.41174E+00
   36     0.3540   3.9263  -0.56643E-01  -0.53259E-03   0.11519E+00   0.11144E+02   0.41852E+00
   37     0.3658   4.0281  -0.58805E-01  -0.56455E-03   0.11516E+00   0.11070E+02   0.42532E+00
   38     0.3777   4.1293  -0.61002E-01  -0.59931E-03   0.11513E+00   0.10996E+02   0.43219E+00
   39     0.3896   4.2299  -0.63233E-01  -0.63641E-03   0.11509E+00   0.10923E+02   0.43914E+00
   40     0.4017   4.3298  -0.65497E-01  -0.67579E-03   0.11505E+00   0.10849E+02   0.44615E+00
   41     0.4139   4.4291  -0.67793E-01  -0.71732E-03   0.11501E+00   0.10777E+02   0.45325E+00
   42     0.4262   4.5276  -0.70118E-01  -0.76086E-03   0.11496E+00   0.10704E+02   0.46044E+00
   43     0.4386   4.6256  -0.72472E-01  -0.80572E-03   0.11492E+00   0.10632E+02   0.46763E+00
   44     0.4511   4.7229  -0.74853E-01  -0.85173E-03   0.11487E+00   0.10560E+02   0.47492E+00
   45     0.4637   4.8195  -0.77264E-01  -0.89982E-03   0.11483E+00   0.10489E+02   0.48233E+00
   46     0.4764   4.9154  -0.79708E-01  -0.95030E-03   0.11477E+00   0.10418E+02   0.48980E+00
   47     0.4893   5.0106  -0.82186E-01  -0.10041E-02   0.11472E+00   0.10348E+02   0.49734E+00
   48     0.5022   5.1052  -0.84701E-01  -0.10621E-02   0.11466E+00   0.10277E+02   0.50491E+00
   49     0.5153   5.1991  -0.87255E-01  -0.11240E-02   0.11460E+00   0.10208E+02   0.51254E+00
   50     0.5285   5.2923  -0.89845E-01  -0.11897E-02   0.11454E+00   0.10138E+02   0.52030E+00
   51     0.5417   5.3849  -0.92472E-01  -0.12587E-02   0.11447E+00   0.10070E+02   0.52803E+00
   52     0.5552   5.4767  -0.95134E-01  -0.13318E-02   0.11439E+00   0.10001E+02   0.53587E+00
   53     0.5687   5.5679  -0.97829E-01  -0.14077E-02   0.11432E+00   0.99331E+01   0.54384E+00
   54     0.5823   5.6583  -0.10056E+00  -0.14876E-02   0.11424E+00   0.98655E+01   0.55176E+00
   55     0.5961   5.7481  -0.10333E+00  -0.15710E-02   0.11415E+00   0.97983E+01   0.55984E+00
   56     0.6099   5.8371  -0.10613E+00  -0.16581E-02   0.11407E+00   0.97315E+01   0.56802E+00
   57     0.6239   5.9255  -0.10897E+00  -0.17497E-02   0.11398E+00   0.96652E+01   0.57624E+00
   58     0.6381   6.0132  -0.11184E+00  -0.18452E-02   0.11388E+00   0.95992E+01   0.58454E+00
   59     0.6523   6.1001  -0.11475E+00  -0.19449E-02   0.11378E+00   0.95337E+01   0.59289E+00
   60     0.6667   6.1864  -0.11770E+00  -0.20488E-02   0.11368E+00   0.94686E+01   0.60126E+00
   61     0.6812   6.2719  -0.12068E+00  -0.21573E-02   0.11357E+00   0.94039E+01   0.60969E+00
   62     0.6958   6.3568  -0.12371E+00  -0.22704E-02   0.11345E+00   0.93396E+01   0.61812E+00
   63     0.7105   6.4409  -0.12677E+00  -0.23882E-02   0.11334E+00   0.92757E+01   0.62667E+00
   64     0.7254   6.5244  -0.12986E+00  -0.25109E-02   0.11321E+00   0.92123E+01   0.63521E+00
   65     0.7404   6.6071  -0.13300E+00  -0.26375E-02   0.11309E+00   0.91494E+01   0.64392E+00
   66     0.7555   6.6891  -0.13617E+00  -0.27690E-02   0.11296E+00   0.90869E+01   0.65272E+00
   67     0.7708   6.7704  -0.13939E+00  -0.29058E-02   0.11282E+00   0.90249E+01   0.66161E+00
   68     0.7862   6.8511  -0.14264E+00  -0.30476E-02   0.11268E+00   0.89632E+01   0.67060E+00
   69     0.8017   6.9310  -0.14593E+00  -0.31948E-02   0.11253E+00   0.89020E+01   0.67959E+00
   70     0.8174   7.0102  -0.14926E+00  -0.33476E-02   0.11238E+00   0.88412E+01   0.68861E+00
   71     0.8332   7.0886  -0.15263E+00  -0.35063E-02   0.11222E+00   0.87808E+01   0.69768E+00
   72     0.8491   7.1664  -0.15604E+00  -0.36706E-02   0.11205E+00   0.87208E+01   0.70673E+00
   73     0.8652   7.2435  -0.15949E+00  -0.38404E-02   0.11188E+00   0.86613E+01   0.71588E+00
   74     0.8814   7.3199  -0.16298E+00  -0.40153E-02   0.11171E+00   0.86022E+01   0.72506E+00
   75     0.8977   7.3956  -0.16650E+00  -0.41956E-02   0.11153E+00   0.85435E+01   0.73431E+00
   76     0.9142   7.4705  -0.17007E+00  -0.43816E-02   0.11134E+00   0.84853E+01   0.74363E+00
   77     0.9309   7.5448  -0.17368E+00  -0.45735E-02   0.11115E+00   0.84275E+01   0.75299E+00
   78     0.9477   7.6184  -0.17733E+00  -0.47715E-02   0.11095E+00   0.83702E+01   0.76240E+00
   79     0.9646   7.6913  -0.18102E+00  -0.49762E-02   0.11075E+00   0.83134E+01   0.77183E+00
   80     0.9817   7.7635  -0.18476E+00  -0.51870E-02   0.11054E+00   0.82570E+01   0.78129E+00
   81     0.9989   7.8350  -0.18853E+00  -0.54037E-02   0.11032E+00   0.82010E+01   0.79087E+00
   82     1.0163   7.9058  -0.19234E+00  -0.56256E-02   0.11010E+00   0.81454E+01   0.80044E+00
   83     1.0338   7.9759  -0.19619E+00  -0.58544E-02   0.10987E+00   0.80902E+01   0.81001E+00
   84     1.0515   8.0453  -0.20009E+00  -0.60901E-02   0.10964E+00   0.80354E+01   0.81961E+00
   85     1.0693   8.1141  -0.20403E+00  -0.63337E-02   0.10939E+00   0.79811E+01   0.82929E+00
   86     1.0873   8.1821  -0.20802E+00  -0.65852E-02   0.10914E+00   0.79272E+01   0.83895E+00
   87     1.1055   8.2495  -0.21205E+00  -0.68442E-02   0.10888E+00   0.78738E+01   0.84869E+00
   88     1.1238   8.3162  -0.21612E+00  -0.71106E-02   0.10861E+00   0.78208E+01   0.85840E+00
   89     1.1423   8.3823  -0.22024E+00  -0.73829E-02   0.10834E+00   0.77683E+01   0.86815E+00
   90     1.1609   8.4477  -0.22440E+00  -0.76613E-02   0.10806E+00   0.77162E+01   0.87798E+00
   91     1.1797   8.5124  -0.22860E+00  -0.79463E-02   0.10778E+00   0.76644E+01   0.88781E+00
   92     1.1986   8.5764  -0.23284E+00  -0.82386E-02   0.10749E+00   0.76132E+01   0.89765E+00
   93     1.2177   8.6398  -0.23713E+00  -0.85387E-02   0.10719E+00   0.75624E+01   0.90743E+00
   94     1.2370   8.7025  -0.24146E+00  -0.88476E-02   0.10688E+00   0.75120E+01   0.91728E+00
   95     1.2565   8.7646  -0.24584E+00  -0.91646E-02   0.10656E+00   0.74621E+01   0.92715E+00
   96     1.2761   8.8260  -0.25027E+00  -0.94895E-02   0.10624E+00   0.74125E+01   0.93698E+00
   97     1.2959   8.8868  -0.25473E+00  -0.98225E-02   0.10590E+00   0.73634E+01   0.94689E+00
   98     1.3158   8.9469  -0.25925E+00  -0.10164E-01   0.10556E+00   0.73146E+01   0.95673E+00
   99     1.3360   9.0065  -0.26381E+00  -0.10512E-01   0.10521E+00   0.72663E+01   0.96655E+00
  100     1.3563   9.0653  -0.26841E+00  -0.10869E-01   0.10486E+00   0.72185E+01   0.97638E+00
  101     1.3767   9.1236  -0.27306E+00  -0.11234E-01   0.10449E+00   0.71711E+01   0.98626E+00
  102     1.3974   9.1812  -0.27776E+00  -0.11608E-01   0.10412E+00   0.71241E+01   0.99607E+00
  103     1.4183   9.2382  -0.28251E+00  -0.11991E-01   0.10373E+00   0.70775E+01   0.10059E+01
  104     1.4393   9.2945  -0.28730E+00  -0.12383E-01   0.10334E+00   0.70313E+01   0.10157E+01
  105     1.4605   9.3503  -0.29214E+00  -0.12784E-01   0.10294E+00   0.69856E+01   0.10255E+01
  106     1.4819   9.4054  -0.29702E+00  -0.13193E-01   0.10253E+00   0.69403E+01   0.10353E+01
  107     1.5035   9.4600  -0.30195E+00  -0.13611E-01   0.10211E+00   0.68953E+01   0.10450E+01
  108     1.5252   9.5139  -0.30693E+00  -0.14038E-01   0.10169E+00   0.68508E+01   0.10547E+01
  109     1.5472   9.5673  -0.31196E+00  -0.14474E-01   0.10125E+00   0.68066E+01   0.10643E+01
  110     1.5693   9.6200  -0.31703E+00  -0.14919E-01   0.10081E+00   0.67629E+01   0.10739E+01
  111     1.5917   9.6722  -0.32215E+00  -0.15375E-01   0.10035E+00   0.67196E+01   0.10834E+01
  112     1.6142   9.7238  -0.32732E+00  -0.15838E-01   0.99887E-01   0.66766E+01   0.10930E+01
  113     1.6369   9.7748  -0.33253E+00  -0.16311E-01   0.99415E-01   0.66341E+01   0.11026E+01
  114     1.6598   9.8252  -0.33780E+00  -0.16795E-01   0.98930E-01   0.65920E+01   0.11120E+01
  115     1.6830   9.8751  -0.34312E+00  -0.17291E-01   0.98434E-01   0.65503E+01   0.11213E+01
  116     1.7063   9.9244  -0.34850E+00  -0.17797E-01   0.97928E-01   0.65091E+01   0.11306E+01
  117     1.7298   9.9731  -0.35391E+00  -0.18311E-01   0.97414E-01   0.64682E+01   0.11399E+01
  118     1.7536  10.0213  -0.35937E+00  -0.18835E-01   0.96891E-01   0.64277E+01   0.11490E+01
  119     1.7775  10.0689  -0.36489E+00  -0.19370E-01   0.96356E-01   0.63876E+01   0.11582E+01
  120     1.8016  10.1160  -0.37046E+00  -0.19916E-01   0.95809E-01   0.63479E+01   0.11673E+01
  121     1.8260  10.1626  -0.37607E+00  -0.20471E-01   0.95254E-01   0.63086E+01   0.11764E+01
  122     1.8506  10.2086  -0.38173E+00  -0.21036E-01   0.94690E-01   0.62696E+01   0.11853E+01
  123     1.8753  10.2541  -0.38745E+00  -0.21611E-01   0.94114E-01   0.62311E+01   0.11943E+01
  124     1.9003  10.2990  -0.39321E+00  -0.22198E-01   0.93527E-01   0.61929E+01   0.12031E+01
  125     1.9256  10.3434  -0.39903E+00  -0.22797E-01   0.92928E-01   0.61552E+01   0.12118E+01
  126     1.9510  10.3873  -0.40491E+00  -0.23407E-01   0.92318E-01   0.61179E+01   0.12202E+01
  127     1.9766  10.4307  -0.41083E+00  -0.24028E-01   0.91697E-01   0.60809E+01   0.12287E+01
  128     2.0025  10.4736  -0.41681E+00  -0.24660E-01   0.91065E-01   0.60443E+01   0.12371E+01
  129     2.0286  10.5160  -0.42283E+00  -0.25303E-01   0.90422E-01   0.60081E+01   0.12454E+01
  130     2.0550  10.5579  -0.42891E+00  -0.25958E-01   0.89767E-01   0.59722E+01   0.12536E+01
  131     2.0815  10.5993  -0.43505E+00  -0.26625E-01   0.89100E-01   0.59369E+01   0.12616E+01
  132     2.1083  10.6402  -0.44124E+00  -0.27304E-01   0.88421E-01   0.59019E+01   0.12697E+01
  133     2.1353  10.6806  -0.44748E+00  -0.27995E-01   0.87730E-01   0.58673E+01   0.12777E+01
  134     2.1626  10.7205  -0.45378E+00  -0.28697E-01   0.87029E-01   0.58332E+01   0.12854E+01
  135     2.1901  10.7600  -0.46013E+00  -0.29410E-01   0.86315E-01   0.57994E+01   0.12929E+01
  136     2.2178  10.7990  -0.46653E+00  -0.30137E-01   0.85588E-01   0.57659E+01   0.13003E+01
  137     2.2458  10.8375  -0.47299E+00  -0.30876E-01   0.84849E-01   0.57327E+01   0.13077E+01
  138     2.2740  10.8756  -0.47950E+00  -0.31627E-01   0.84098E-01   0.56998E+01   0.13150E+01
  139     2.3025  10.9132  -0.48606E+00  -0.32390E-01   0.83335E-01   0.56674E+01   0.13221E+01
  140     2.3312  10.9504  -0.49269E+00  -0.33167E-01   0.82558E-01   0.56354E+01   0.13290E+01
  141     2.3602  10.9871  -0.49937E+00  -0.33956E-01   0.81769E-01   0.56038E+01   0.13357E+01
  142     2.3894  11.0234  -0.50610E+00  -0.34757E-01   0.80968E-01   0.55726E+01   0.13423E+01
  143     2.4188  11.0592  -0.51289E+00  -0.35573E-01   0.80152E-01   0.55418E+01   0.13487E+01
  144     2.4486  11.0946  -0.51974E+00  -0.36402E-01   0.79323E-01   0.55113E+01   0.13549E+01
  145     2.4785  11.1296  -0.52664E+00  -0.37241E-01   0.78484E-01   0.54812E+01   0.13611E+01
  146     2.5088  11.1641  -0.53359E+00  -0.38094E-01   0.77632E-01   0.54514E+01   0.13671E+01
  147     2.5393  11.1982  -0.54061E+00  -0.38962E-01   0.76763E-01   0.54220E+01   0.13729E+01
  148     2.5701  11.2320  -0.54769E+00  -0.39845E-01   0.75881E-01   0.53930E+01   0.13785E+01
  149     2.6011  11.2653  -0.55482E+00  -0.40738E-01   0.74987E-01   0.53645E+01   0.13839E+01
  150     2.6324  11.2982  -0.56201E+00  -0.41645E-01   0.74081E-01   0.53362E+01   0.13893E+01
  151     2.6640  11.3306  -0.56925E+00  -0.42565E-01   0.73160E-01   0.53084E+01   0.13944E+01
  152     2.6958  11.3627  -0.57656E+00  -0.43501E-01   0.72224E-01   0.52809E+01   0.13992E+01
  153     2.7280  11.3944  -0.58393E+00  -0.44450E-01   0.71275E-01   0.52538E+01   0.14039E+01
  154     2.7604  11.4258  -0.59135E+00  -0.45414E-01   0.70311E-01   0.52270E+01   0.14086E+01
  155     2.7931  11.4567  -0.59883E+00  -0.46392E-01   0.69334E-01   0.52007E+01   0.14130E+01
  156     2.8260  11.4872  -0.60637E+00  -0.47382E-01   0.68343E-01   0.51747E+01   0.14173E+01
  157     2.8593  11.5174  -0.61397E+00  -0.48388E-01   0.67337E-01   0.51490E+01   0.14213E+01
  158     2.8929  11.5472  -0.62163E+00  -0.49409E-01   0.66316E-01   0.51237E+01   0.14251E+01
  159     2.9267  11.5766  -0.62936E+00  -0.50445E-01   0.65280E-01   0.50988E+01   0.14287E+01
  160     2.9608  11.6057  -0.63714E+00  -0.51496E-01   0.64230E-01   0.50743E+01   0.14319E+01
  161     2.9953  11.6344  -0.64498E+00  -0.52561E-01   0.63164E-01   0.50501E+01   0.14351E+01
  162     3.0300  11.6628  -0.65289E+00  -0.53641E-01   0.62084E-01   0.50263E+01   0.14381E+01
  163     3.0651  11.6908  -0.66086E+00  -0.54737E-01   0.60988E-01   0.50029E+01   0.14408E+01
  164     3.1004  11.7184  -0.66889E+00  -0.55849E-01   0.59876E-01   0.49799E+01   0.14434E+01
  165     3.1360  11.7458  -0.67700E+00  -0.56981E-01   0.58744E-01   0.49572E+01   0.14458E+01
  166     3.1720  11.7727  -0.68516E+00  -0.58126E-01   0.57600E-01   0.49349E+01   0.14478E+01
  167     3.2083  11.7994  -0.69337E+00  -0.59281E-01   0.56444E-01   0.49129E+01   0.14496E+01
  168     3.2449  11.8257  -0.70165E+00  -0.60453E-01   0.55272E-01   0.48912E+01   0.14514E+01
  169     3.2818  11.8517  -0.71000E+00  -0.61644E-01   0.54081E-01   0.48700E+01   0.14527E+01
  170     3.3190  11.8773  -0.71841E+00  -0.62850E-01   0.52876E-01   0.48491E+01   0.14538E+01
  171     3.3565  11.9026  -0.72687E+00  -0.64069E-01   0.51656E-01   0.48286E+01   0.14549E+01
  172     3.3944  11.9277  -0.73542E+00  -0.65308E-01   0.50417E-01   0.48085E+01   0.14555E+01
  173     3.4326  11.9524  -0.74403E+00  -0.66566E-01   0.49159E-01   0.47886E+01   0.14557E+01
  174     3.4712  11.9768  -0.75269E+00  -0.67837E-01   0.47888E-01   0.47691E+01   0.14560E+01
  175     3.5100  12.0009  -0.76143E+00  -0.69126E-01   0.46600E-01   0.47500E+01   0.14561E+01
  176     3.5492  12.0246  -0.77023E+00  -0.70432E-01   0.45294E-01   0.47312E+01   0.14560E+01
  177     3.5888  12.0481  -0.77909E+00  -0.71752E-01   0.43973E-01   0.47128E+01   0.14555E+01
  178     3.6287  12.0713  -0.78802E+00  -0.73091E-01   0.42634E-01   0.46948E+01   0.14549E+01
  179     3.6689  12.0942  -0.79703E+00  -0.74450E-01   0.41275E-01   0.46772E+01   0.14538E+01
  180     3.7095  12.1169  -0.80609E+00  -0.75824E-01   0.39901E-01   0.46598E+01   0.14526E+01
  181     3.7505  12.1392  -0.81522E+00  -0.77215E-01   0.38511E-01   0.46428E+01   0.14513E+01
  182     3.7918  12.1612  -0.82441E+00  -0.78623E-01   0.37102E-01   0.46260E+01   0.14497E+01
  183     3.8334  12.1830  -0.83368E+00  -0.80050E-01   0.35675E-01   0.46097E+01   0.14477E+01
  184     3.8754  12.2045  -0.84303E+00  -0.81499E-01   0.34227E-01   0.45938E+01   0.14459E+01
  185     3.9178  12.2257  -0.85243E+00  -0.82962E-01   0.32763E-01   0.45781E+01   0.14433E+01
  186     3.9606  12.2467  -0.86191E+00  -0.84444E-01   0.31281E-01   0.45628E+01   0.14405E+01
  187     4.0037  12.2674  -0.87144E+00  -0.85943E-01   0.29782E-01   0.45478E+01   0.14377E+01
  188     4.0472  12.2878  -0.88106E+00  -0.87465E-01   0.28260E-01   0.45331E+01   0.14347E+01
  189     4.0911  12.3080  -0.89076E+00  -0.89006E-01   0.26719E-01   0.45187E+01   0.14314E+01
  190     4.1353  12.3279  -0.90050E+00  -0.90561E-01   0.25164E-01   0.45047E+01   0.14279E+01
  191     4.1800  12.3476  -0.91034E+00  -0.92144E-01   0.23582E-01   0.44910E+01   0.14240E+01
  192     4.2250  12.3670  -0.92024E+00  -0.93740E-01   0.21986E-01   0.44775E+01   0.14199E+01
  193     4.2705  12.3862  -0.93019E+00  -0.95351E-01   0.20375E-01   0.44644E+01   0.14157E+01
  194     4.3163  12.4051  -0.94023E+00  -0.96986E-01   0.18739E-01   0.44516E+01   0.14112E+01
  195     4.3625  12.4238  -0.95034E+00  -0.98643E-01   0.17082E-01   0.44391E+01   0.14064E+01
  196     4.4091  12.4423  -0.96053E+00  -0.10032E+00   0.15406E-01   0.44269E+01   0.14016E+01
  197     4.4561  12.4605  -0.97079E+00  -0.10202E+00   0.13708E-01   0.44150E+01   0.13962E+01
  198     4.5036  12.4785  -0.98112E+00  -0.10373E+00   0.11991E-01   0.44033E+01   0.13907E+01
  199     4.5514  12.4962  -0.99152E+00  -0.10547E+00   0.10254E-01   0.43920E+01   0.13853E+01
  200     4.5997  12.5138  -0.10020E+01  -0.10723E+00   0.84970E-02   0.43810E+01   0.13795E+01
  201     4.6484  12.5311  -0.10126E+01  -0.10901E+00   0.67161E-02   0.43702E+01   0.13733E+01
  202     4.6975  12.5482  -0.10232E+01  -0.11081E+00   0.49157E-02   0.43597E+01   0.13669E+01
  203     4.7470  12.5650  -0.10339E+01  -0.11263E+00   0.30921E-02   0.43495E+01   0.13603E+01
  204     4.7970  12.5817  -0.10447E+01  -0.11448E+00   0.12468E-02   0.43395E+01   0.13534E+01
  205     4.8474  12.5981  -0.10555E+01  -0.11634E+00  -0.61884E-03   0.43297E+01   0.13466E+01
  206     4.8982  12.6144  -0.10665E+01  -0.11823E+00  -0.25081E-02   0.43203E+01   0.13393E+01
  207     4.9495  12.6304  -0.10775E+01  -0.12014E+00  -0.44195E-02   0.43111E+01   0.13318E+01
  208     5.0012  12.6462  -0.10886E+01  -0.12208E+00  -0.63517E-02   0.43021E+01   0.13241E+01
  209     5.0534  12.6619  -0.10997E+01  -0.12403E+00  -0.83067E-02   0.42933E+01   0.13164E+01
  210     5.1060  12.6773  -0.11110E+01  -0.12601E+00  -0.10283E-01   0.42849E+01   0.13085E+01
  211     5.1591  12.6925  -0.11223E+01  -0.12801E+00  -0.12283E-01   0.42766E+01   0.13001E+01
  212     5.2126  12.7076  -0.11337E+01  -0.13003E+00  -0.14308E-01   0.42686E+01   0.12915E+01
  213     5.2667  12.7224  -0.11451E+01  -0.13208E+00  -0.16353E-01   0.42608E+01   0.12831E+01
  214     5.3211  12.7371  -0.11567E+01  -0.13415E+00  -0.18423E-01   0.42532E+01   0.12745E+01
  215     5.3761  12.7515  -0.11683E+01  -0.13625E+00  -0.20521E-01   0.42458E+01   0.12654E+01
  216     5.4315  12.7658  -0.11800E+01  -0.13837E+00  -0.22641E-01   0.42386E+01   0.12563E+01
  217     5.4874  12.7799  -0.11918E+01  -0.14051E+00  -0.24782E-01   0.42316E+01   0.12468E+01
  218     5.5438  12.7938  -0.12037E+01  -0.14267E+00  -0.26947E-01   0.42249E+01   0.12374E+01
  219     5.6007  12.8076  -0.12157E+01  -0.14487E+00  -0.29143E-01   0.42183E+01   0.12278E+01
  220     5.6581  12.8211  -0.12277E+01  -0.14709E+00  -0.31363E-01   0.42119E+01   0.12176E+01
  221     5.7160  12.8345  -0.12398E+01  -0.14933E+00  -0.33602E-01   0.42057E+01   0.12078E+01
  222     5.7744  12.8477  -0.12520E+01  -0.15159E+00  -0.35869E-01   0.41996E+01   0.11976E+01
  223     5.8333  12.8608  -0.12643E+01  -0.15389E+00  -0.38160E-01   0.41937E+01   0.11874E+01
  224     5.8927  12.8737  -0.12767E+01  -0.15620E+00  -0.40480E-01   0.41881E+01   0.11766E+01
  225     5.9526  12.8864  -0.12891E+01  -0.15854E+00  -0.42818E-01   0.41826E+01   0.11659E+01
  226     6.0131  12.8990  -0.13017E+01  -0.16091E+00  -0.45186E-01   0.41773E+01   0.11553E+01
  227     6.0740  12.9114  -0.13143E+01  -0.16331E+00  -0.47586E-01   0.41721E+01   0.11445E+01
  228     6.1355  12.9236  -0.13270E+01  -0.16573E+00  -0.50007E-01   0.41670E+01   0.11336E+01
  229     6.1976  12.9357  -0.13398E+01  -0.16818E+00  -0.52454E-01   0.41621E+01   0.11222E+01
  230     6.2602  12.9476  -0.13527E+01  -0.17065E+00  -0.54923E-01   0.41574E+01   0.11113E+01
  231     6.3233  12.9594  -0.13656E+01  -0.17315E+00  -0.57425E-01   0.41528E+01   0.10998E+01
  232     6.3869  12.9710  -0.13787E+01  -0.17568E+00  -0.59958E-01   0.41483E+01   0.10882E+01
  233     6.4512  12.9825  -0.13918E+01  -0.17824E+00  -0.62517E-01   0.41440E+01   0.10766E+01
  234     6.5159  12.9938  -0.14051E+01  -0.18082E+00  -0.65099E-01   0.41398E+01   0.10649E+01
  235     6.5813  13.0050  -0.14184E+01  -0.18344E+00  -0.67711E-01   0.41358E+01   0.10534E+01
  236     6.6472  13.0160  -0.14318E+01  -0.18608E+00  -0.70351E-01   0.41318E+01   0.10412E+01
  237     6.7137  13.0269  -0.14453E+01  -0.18874E+00  -0.73015E-01   0.41280E+01   0.10291E+01
  238     6.7807  13.0377  -0.14588E+01  -0.19144E+00  -0.75711E-01   0.41243E+01   0.10171E+01
  239     6.8484  13.0483  -0.14725E+01  -0.19416E+00  -0.78431E-01   0.41207E+01   0.10048E+01
  240     6.9166  13.0588  -0.14863E+01  -0.19691E+00  -0.81186E-01   0.41172E+01   0.99275E+00
  241     6.9854  13.0691  -0.15001E+01  -0.19969E+00  -0.83962E-01   0.41138E+01   0.98067E+00
  242     7.0549  13.0794  -0.15140E+01  -0.20249E+00  -0.86769E-01   0.41105E+01   0.96812E+00
  243     7.1249  13.0894  -0.15281E+01  -0.20534E+00  -0.89613E-01   0.41074E+01   0.95589E+00
  244     7.1955  13.0994  -0.15422E+01  -0.20820E+00  -0.92470E-01   0.41043E+01   0.94376E+00
  245     7.2668  13.1092  -0.15564E+01  -0.21110E+00  -0.95376E-01   0.41013E+01   0.93123E+00
  246     7.3387  13.1189  -0.15707E+01  -0.21403E+00  -0.98309E-01   0.40984E+01   0.91850E+00
  247     7.4112  13.1285  -0.15851E+01  -0.21698E+00  -0.10126E+00   0.40956E+01   0.90617E+00
  248     7.4843  13.1380  -0.15996E+01  -0.21997E+00  -0.10425E+00   0.40929E+01   0.89355E+00
  249     7.5580  13.1473  -0.16142E+01  -0.22300E+00  -0.10728E+00   0.40903E+01   0.88091E+00
  250     7.6324  13.1565  -0.16289E+01  -0.22605E+00  -0.11032E+00   0.40877E+01   0.86787E+00
  251     7.7075  13.1656  -0.16437E+01  -0.22912E+00  -0.11339E+00   0.40852E+01   0.85562E+00
  252     7.7832  13.1746  -0.16586E+01  -0.23224E+00  -0.11651E+00   0.40828E+01   0.84292E+00
  253     7.8596  13.1834  -0.16735E+01  -0.23537E+00  -0.11965E+00   0.40805E+01   0.83018E+00
  254     7.9366  13.1922  -0.16886E+01  -0.23854E+00  -0.12282E+00   0.40783E+01   0.81743E+00
  255     8.0143  13.2008  -0.17037E+01  -0.24174E+00  -0.12602E+00   0.40761E+01   0.80515E+00
  256     8.0926  13.2093  -0.17190E+01  -0.24498E+00  -0.12925E+00   0.40740E+01   0.79232E+00
  257     8.1717  13.2178  -0.17343E+01  -0.24825E+00  -0.13252E+00   0.40719E+01   0.77969E+00
  258     8.2514  13.2261  -0.17498E+01  -0.25155E+00  -0.13582E+00   0.40699E+01   0.76732E+00
  259     8.3319  13.2343  -0.17654E+01  -0.25488E+00  -0.13915E+00   0.40680E+01   0.75488E+00
  260     8.4130  13.2424  -0.17810E+01  -0.25824E+00  -0.14252E+00   0.40661E+01   0.74174E+00
  261     8.4948  13.2503  -0.17968E+01  -0.26164E+00  -0.14591E+00   0.40643E+01   0.72942E+00
  262     8.5774  13.2582  -0.18126E+01  -0.26507E+00  -0.14934E+00   0.40626E+01   0.71704E+00
  263     8.6606  13.2660  -0.18286E+01  -0.26853E+00  -0.15281E+00   0.40609E+01   0.70465E+00
  264     8.7446  13.2737  -0.18446E+01  -0.27201E+00  -0.15629E+00   0.40592E+01   0.69223E+00
  265     8.8293  13.2813  -0.18607E+01  -0.27552E+00  -0.15980E+00   0.40576E+01   0.68002E+00
  266     8.9148  13.2888  -0.18770E+01  -0.27910E+00  -0.16338E+00   0.40560E+01   0.66781E+00
  267     9.0010  13.2962  -0.18934E+01  -0.28270E+00  -0.16698E+00   0.40545E+01   0.65543E+00
  268     9.0879  13.3035  -0.19099E+01  -0.28632E+00  -0.17060E+00   0.40531E+01   0.64356E+00
  269     9.1756  13.3107  -0.19264E+01  -0.28999E+00  -0.17426E+00   0.40517E+01   0.63148E+00
  270     9.2641  13.3178  -0.19431E+01  -0.29369E+00  -0.17797E+00   0.40503E+01   0.61932E+00
  271     9.3534  13.3248  -0.19599E+01  -0.29742E+00  -0.18169E+00   0.40490E+01   0.60737E+00
  272     9.4434  13.3317  -0.19768E+01  -0.30118E+00  -0.18545E+00   0.40477E+01   0.59566E+00
  273     9.5342  13.3386  -0.19938E+01  -0.30498E+00  -0.18926E+00   0.40464E+01   0.58376E+00
  274     9.6257  13.3453  -0.20108E+01  -0.30881E+00  -0.19309E+00   0.40452E+01   0.57200E+00
  275     9.7181  13.3520  -0.20281E+01  -0.31269E+00  -0.19696E+00   0.40440E+01   0.56051E+00
  276     9.8113  13.3586  -0.20454E+01  -0.31659E+00  -0.20087E+00   0.40429E+01   0.54927E+00
  277     9.9053  13.3651  -0.20628E+01  -0.32053E+00  -0.20480E+00   0.40418E+01   0.53762E+00
  278    10.0001  13.3715  -0.20803E+01  -0.32451E+00  -0.20878E+00   0.40407E+01   0.52641E+00
  279    10.0957  13.3778  -0.20979E+01  -0.32852E+00  -0.21280E+00   0.40396E+01   0.51544E+00
  280    10.1922  13.3841  -0.21157E+01  -0.33258E+00  -0.21685E+00   0.40386E+01   0.50426E+00
  281    10.2895  13.3902  -0.21335E+01  -0.33664E+00  -0.22092E+00   0.40376E+01   0.49318E+00
  282    10.3877  13.3963  -0.21515E+01  -0.34078E+00  -0.22505E+00   0.40367E+01   0.48255E+00
  283    10.4867  13.4023  -0.21696E+01  -0.34494E+00  -0.22922E+00   0.40358E+01   0.47166E+00
  284    10.5865  13.4083  -0.21878E+01  -0.34913E+00  -0.23340E+00   0.40348E+01   0.46106E+00
  285    10.6873  13.4141  -0.22060E+01  -0.35335E+00  -0.23763E+00   0.40340E+01   0.45057E+00
  286    10.7889  13.4199  -0.22245E+01  -0.35763E+00  -0.24191E+00   0.40331E+01   0.44001E+00
  287    10.8914  13.4256  -0.22430E+01  -0.36193E+00  -0.24621E+00   0.40323E+01   0.42981E+00
  288    10.9947  13.4312  -0.22616E+01  -0.36627E+00  -0.25055E+00   0.40315E+01   0.41987E+00
  289    11.0990  13.4368  -0.22804E+01  -0.37066E+00  -0.25493E+00   0.40307E+01   0.40978E+00
  290    11.2042  13.4423  -0.22992E+01  -0.37507E+00  -0.25935E+00   0.40300E+01   0.39991E+00
  291    11.3103  13.4477  -0.23182E+01  -0.37953E+00  -0.26381E+00   0.40292E+01   0.39032E+00
  292    11.4173  13.4530  -0.23374E+01  -0.38404E+00  -0.26831E+00   0.40285E+01   0.38047E+00
  293    11.5253  13.4583  -0.23566E+01  -0.38857E+00  -0.27284E+00   0.40278E+01   0.37107E+00
  294    11.6342  13.4635  -0.23759E+01  -0.39314E+00  -0.27742E+00   0.40272E+01   0.36176E+00
  295    11.7440  13.4687  -0.23953E+01  -0.39775E+00  -0.28203E+00   0.40265E+01   0.35244E+00
  296    11.8548  13.4738  -0.24149E+01  -0.40239E+00  -0.28667E+00   0.40259E+01   0.34345E+00
  297    11.9666  13.4788  -0.24346E+01  -0.40709E+00  -0.29137E+00   0.40252E+01   0.33477E+00
  298    12.0793  13.4837  -0.24544E+01  -0.41183E+00  -0.29610E+00   0.40247E+01   0.32597E+00
  299    12.1930  13.4886  -0.24743E+01  -0.41660E+00  -0.30087E+00   0.40241E+01   0.31728E+00
  300    12.3077  13.4934  -0.24944E+01  -0.42142E+00  -0.30570E+00   0.40235E+01   0.30855E+00
  301    12.4234  13.4982  -0.25146E+01  -0.42626E+00  -0.31054E+00   0.40229E+01   0.30022E+00
  302    12.5401  13.5029  -0.25348E+01  -0.43114E+00  -0.31542E+00   0.40224E+01   0.29206E+00
  303    12.6578  13.5075  -0.25552E+01  -0.43608E+00  -0.32035E+00   0.40219E+01   0.28386E+00
  304    12.7766  13.5121  -0.25758E+01  -0.44105E+00  -0.32532E+00   0.40214E+01   0.27622E+00
  305    12.8963  13.5166  -0.25964E+01  -0.44606E+00  -0.33033E+00   0.40209E+01   0.26842E+00
  306    13.0172  13.5211  -0.26172E+01  -0.45111E+00  -0.33539E+00   0.40204E+01   0.26066E+00
  307    13.1390  13.5255  -0.26381E+01  -0.45621E+00  -0.34048E+00   0.40200E+01   0.25314E+00
  308    13.2619  13.5298  -0.26593E+01  -0.46140E+00  -0.34567E+00   0.40195E+01   0.24589E+00
  309    13.3859  13.5341  -0.26803E+01  -0.46652E+00  -0.35080E+00   0.40191E+01   0.23859E+00
  310    13.5110  13.5383  -0.27016E+01  -0.47175E+00  -0.35602E+00   0.40186E+01   0.23144E+00
  311    13.6372  13.5425  -0.27230E+01  -0.47702E+00  -0.36130E+00   0.40182E+01   0.22435E+00
  312    13.7644  13.5466  -0.27445E+01  -0.48231E+00  -0.36659E+00   0.40178E+01   0.21781E+00
  313    13.8928  13.5507  -0.27662E+01  -0.48766E+00  -0.37194E+00   0.40174E+01   0.21116E+00
  314    14.0223  13.5547  -0.27880E+01  -0.49306E+00  -0.37733E+00   0.40170E+01   0.20451E+00
  315    14.1529  13.5587  -0.28099E+01  -0.49849E+00  -0.38276E+00   0.40167E+01   0.19833E+00
  316    14.2846  13.5626  -0.28320E+01  -0.50397E+00  -0.38825E+00   0.40163E+01   0.19217E+00
  317    14.4175  13.5665  -0.28542E+01  -0.50949E+00  -0.39376E+00   0.40159E+01   0.18597E+00
  318    14.5515  13.5703  -0.28765E+01  -0.51506E+00  -0.39933E+00   0.40156E+01   0.18001E+00
  319    14.6867  13.5741  -0.28990E+01  -0.52070E+00  -0.40497E+00   0.40152E+01   0.17425E+00
  320    14.8231  13.5778  -0.29215E+01  -0.52632E+00  -0.41059E+00   0.40149E+01   0.16845E+00
  321    14.9607  13.5815  -0.29442E+01  -0.53201E+00  -0.41629E+00   0.40146E+01   0.16292E+00
  322    15.0994  13.5851  -0.29671E+01  -0.53776E+00  -0.42203E+00   0.40143E+01   0.15761E+00
  323    15.2394  13.5887  -0.29900E+01  -0.54352E+00  -0.42780E+00   0.40140E+01   0.15232E+00
  324    15.3806  13.5922  -0.30132E+01  -0.54938E+00  -0.43366E+00   0.40137E+01   0.14716E+00
  325    15.5230  13.5957  -0.30365E+01  -0.55526E+00  -0.43953E+00   0.40134E+01   0.14209E+00
  326    15.6666  13.5991  -0.30599E+01  -0.56118E+00  -0.44545E+00   0.40131E+01   0.13721E+00
  327    15.8115  13.6025  -0.30834E+01  -0.56714E+00  -0.45141E+00   0.40129E+01   0.13240E+00
  328    15.9577  13.6059  -0.31071E+01  -0.57315E+00  -0.45743E+00   0.40126E+01   0.12781E+00
  329    16.1051  13.6092  -0.31309E+01  -0.57921E+00  -0.46348E+00   0.40123E+01   0.12333E+00
  330    16.2538  13.6124  -0.31548E+01  -0.58532E+00  -0.46959E+00   0.40121E+01   0.11891E+00
  331    16.4038  13.6157  -0.31789E+01  -0.59146E+00  -0.47574E+00   0.40118E+01   0.11466E+00
  332    16.5551  13.6188  -0.32032E+01  -0.59768E+00  -0.48196E+00   0.40116E+01   0.11048E+00
  333    16.7078  13.6220  -0.32275E+01  -0.60393E+00  -0.48820E+00   0.40114E+01   0.10643E+00
  334    16.8617  13.6251  -0.32520E+01  -0.61022E+00  -0.49449E+00   0.40111E+01   0.10245E+00
  335    17.0170  13.6281  -0.32767E+01  -0.61655E+00  -0.50083E+00   0.40109E+01   0.98649E-01
  336    17.1736  13.6312  -0.33015E+01  -0.62295E+00  -0.50722E+00   0.40107E+01   0.94917E-01
  337    17.3316  13.6342  -0.33264E+01  -0.62938E+00  -0.51366E+00   0.40105E+01   0.91343E-01
  338    17.4910  13.6371  -0.33515E+01  -0.63586E+00  -0.52013E+00   0.40103E+01   0.87828E-01
  339    17.6518  13.6400  -0.33767E+01  -0.64241E+00  -0.52668E+00   0.40101E+01   0.84466E-01
  340    17.8139  13.6429  -0.34021E+01  -0.64898E+00  -0.53326E+00   0.40099E+01   0.81189E-01
  341    17.9775  13.6457  -0.34276E+01  -0.65560E+00  -0.53988E+00   0.40097E+01   0.78028E-01
  342    18.1425  13.6485  -0.34533E+01  -0.66229E+00  -0.54656E+00   0.40095E+01   0.74906E-01
  343    18.3089  13.6513  -0.34791E+01  -0.66901E+00  -0.55329E+00   0.40093E+01   0.71920E-01
  344    18.4768  13.6540  -0.35051E+01  -0.67582E+00  -0.56009E+00   0.40092E+01   0.69021E-01
  345    18.6461  13.6567  -0.35312E+01  -0.68262E+00  -0.56689E+00   0.40090E+01   0.66190E-01
  346    18.8169  13.6593  -0.35575E+01  -0.68951E+00  -0.57378E+00   0.40088E+01   0.63489E-01
  347    18.9892  13.6619  -0.35839E+01  -0.69643E+00  -0.58070E+00   0.40086E+01   0.60887E-01
  348    19.1630  13.6645  -0.36104E+01  -0.70340E+00  -0.58768E+00   0.40085E+01   0.58363E-01
  349    19.3383  13.6671  -0.36371E+01  -0.71043E+00  -0.59470E+00   0.40083E+01   0.55881E-01
  350    19.5151  13.6696  -0.36640E+01  -0.71750E+00  -0.60178E+00   0.40082E+01   0.53551E-01
  351    19.6934  13.6721  -0.36911E+01  -0.72466E+00  -0.60893E+00   0.40080E+01   0.51256E-01
  352    19.8734  13.6745  -0.37182E+01  -0.73182E+00  -0.61609E+00   0.40079E+01   0.49054E-01
  353    20.0548  13.6770  -0.37455E+01  -0.73905E+00  -0.62333E+00   0.40077E+01   0.46918E-01
  354    20.2379  13.6794  -0.37730E+01  -0.74634E+00  -0.63061E+00   0.40076E+01   0.44881E-01
  355    20.4225  13.6817  -0.38007E+01  -0.75367E+00  -0.63795E+00   0.40075E+01   0.42916E-01
  356    20.6088  13.6840  -0.38285E+01  -0.76114E+00  -0.64542E+00   0.40000E+01   0.40999E-01
  357    20.7966  13.6863  -0.38564E+01  -0.76858E+00  -0.65285E+00   0.40000E+01   0.39146E-01
  358    20.9861  13.6886  -0.38845E+01  -0.77608E+00  -0.66035E+00   0.40000E+01   0.37395E-01
  359    21.1773  13.6909  -0.39128E+01  -0.78361E+00  -0.66789E+00   0.40000E+01   0.35696E-01
  360    21.3701  13.6931  -0.39413E+01  -0.79123E+00  -0.67550E+00   0.40000E+01   0.34053E-01
  361    21.5646  13.6953  -0.39698E+01  -0.79886E+00  -0.68314E+00   0.40000E+01   0.32489E-01
  362    21.7607  13.6974  -0.39986E+01  -0.80656E+00  -0.69084E+00   0.40000E+01   0.30962E-01
  363    21.9586  13.6995  -0.40274E+01  -0.81428E+00  -0.69856E+00   0.40000E+01   0.29533E-01
  364    22.1582  13.7016  -0.40565E+01  -0.82212E+00  -0.70639E+00   0.40000E+01   0.28135E-01
  365    22.3596  13.7037  -0.40858E+01  -0.82999E+00  -0.71427E+00   0.40000E+01   0.26813E-01
  366    22.5626  13.7058  -0.41152E+01  -0.83791E+00  -0.72219E+00   0.40000E+01   0.25523E-01
  367    22.7675  13.7078  -0.41447E+01  -0.84588E+00  -0.73016E+00   0.40000E+01   0.24273E-01
  368    22.9741  13.7098  -0.41744E+01  -0.85392E+00  -0.73819E+00   0.40000E+01   0.23090E-01
  369    23.1825  13.7117  -0.42043E+01  -0.86200E+00  -0.74627E+00   0.40000E+01   0.21959E-01
  370    23.3928  13.7137  -0.42344E+01  -0.87014E+00  -0.75441E+00   0.40000E+01   0.20876E-01
  371    23.6049  13.7156  -0.42646E+01  -0.87833E+00  -0.76261E+00   0.40000E+01   0.19844E-01
  372    23.8188  13.7175  -0.42951E+01  -0.88662E+00  -0.77090E+00   0.40000E+01   0.18826E-01
  373    24.0345  13.7194  -0.43255E+01  -0.89488E+00  -0.77916E+00   0.40000E+01   0.17894E-01
  374    24.2522  13.7212  -0.43562E+01  -0.90324E+00  -0.78751E+00   0.40000E+01   0.16961E-01
  375    24.4717  13.7230  -0.43872E+01  -0.91168E+00  -0.79595E+00   0.40000E+01   0.16111E-01
  376    24.6932  13.7248  -0.44182E+01  -0.92014E+00  -0.80442E+00   0.40000E+01   0.15274E-01
  377    24.9166  13.7266  -0.44495E+01  -0.92869E+00  -0.81296E+00   0.40000E+01   0.14476E-01
  378    25.1419  13.7284  -0.44809E+01  -0.93727E+00  -0.82155E+00   0.40000E+01   0.13730E-01
  379    25.3691  13.7301  -0.45125E+01  -0.94592E+00  -0.83019E+00   0.40000E+01   0.13001E-01
  380    25.5984  13.7318  -0.45443E+01  -0.95464E+00  -0.83891E+00   0.40000E+01   0.12303E-01
  381    25.8296  13.7335  -0.45764E+01  -0.96345E+00  -0.84773E+00   0.40000E+01   0.11638E-01
  382    26.0629  13.7351  -0.46082E+01  -0.97220E+00  -0.85648E+00   0.40000E+01   0.11007E-01
  383    26.2982  13.7368  -0.46405E+01  -0.98109E+00  -0.86536E+00   0.40000E+01   0.10404E-01
  384    26.5355  13.7384  -0.46730E+01  -0.99002E+00  -0.87429E+00   0.40000E+01   0.98394E-02
  385    26.7749  13.7400  -0.47056E+01  -0.99901E+00  -0.88328E+00   0.40000E+01   0.92940E-02
  386    27.0164  13.7416  -0.47383E+01  -0.10080E+01  -0.89232E+00   0.40000E+01   0.87805E-02
  387    27.2599  13.7431  -0.47712E+01  -0.10171E+01  -0.90141E+00   0.40000E+01   0.82993E-02
  388    27.5056  13.7447  -0.48044E+01  -0.10263E+01  -0.91059E+00   0.40000E+01   0.78244E-02
  389    27.7534  13.7462  -0.48379E+01  -0.10356E+01  -0.91986E+00   0.40000E+01   0.73775E-02
  390    28.0034  13.7477  -0.48713E+01  -0.10448E+01  -0.92912E+00   0.40000E+01   0.69550E-02
  391    28.2556  13.7492  -0.49049E+01  -0.10542E+01  -0.93845E+00   0.40000E+01   0.65540E-02
  392    28.5099  13.7506  -0.49388E+01  -0.10636E+01  -0.94786E+00   0.40000E+01   0.61761E-02
  393    28.7665  13.7521  -0.49729E+01  -0.10731E+01  -0.95734E+00   0.40000E+01   0.58154E-02
  394    29.0253  13.7535  -0.50070E+01  -0.10826E+01  -0.96683E+00   0.40000E+01   0.54787E-02
  395    29.2863  13.7549  -0.50414E+01  -0.10922E+01  -0.97644E+00   0.40000E+01   0.51447E-02
  396    29.5496  13.7563  -0.50759E+01  -0.11018E+01  -0.98605E+00   0.40000E+01   0.48395E-02
  397    29.8152  13.7577  -0.51105E+01  -0.11114E+01  -0.99571E+00   0.40000E+01   0.45486E-02
  398    30.0831  13.7590  -0.51454E+01  -0.11212E+01  -0.10055E+01   0.40000E+01   0.42714E-02
  399    30.3534  13.7604  -0.51804E+01  -0.11310E+01  -0.10153E+01   0.40000E+01   0.40105E-02
  400    30.6259  13.7617  -0.52157E+01  -0.11408E+01  -0.10251E+01   0.40000E+01   0.37649E-02
