    1     0.0001   0.0014  -0.15259E-04  -0.33652E-06   0.97574E-01   0.11793E+02   0.28368E+01
    2     0.0088   0.1221  -0.12372E-02  -0.11131E-05   0.97573E-01   0.11721E+02   0.27415E+01
    3     0.0176   0.2423  -0.25849E-02  -0.25369E-04   0.97549E-01   0.11650E+02   0.28980E+01
    4     0.0264   0.3621  -0.39951E-02  -0.57393E-04   0.97517E-01   0.11580E+02   0.30105E+01
    5     0.0353   0.4814  -0.54652E-02  -0.96540E-04   0.97478E-01   0.11509E+02   0.31187E+01
    6     0.0443   0.6003  -0.69775E-02  -0.13841E-03   0.97436E-01   0.11440E+02   0.32121E+01
    7     0.0534   0.7188  -0.85292E-02  -0.18246E-03   0.97392E-01   0.11370E+02   0.32968E+01
    8     0.0626   0.8368  -0.10120E-01  -0.22824E-03   0.97346E-01   0.11301E+02   0.33780E+01
    9     0.0718   0.9543  -0.11747E-01  -0.27554E-03   0.97299E-01   0.11233E+02   0.34580E+01
   10     0.0811   1.0713  -0.13411E-01  -0.32437E-03   0.97250E-01   0.11164E+02   0.35353E+01
   11     0.0905   1.1879  -0.15111E-01  -0.37484E-03   0.97199E-01   0.11096E+02   0.36118E+01
   12     0.1000   1.3039  -0.16848E-01  -0.42684E-03   0.97147E-01   0.11029E+02   0.36862E+01
   13     0.1096   1.4195  -0.18619E-01  -0.48024E-03   0.97094E-01   0.10961E+02   0.37610E+01
   14     0.1192   1.5346  -0.20435E-01  -0.53760E-03   0.97036E-01   0.10894E+02   0.38375E+01
   15     0.1290   1.6491  -0.22274E-01  -0.59314E-03   0.96981E-01   0.10827E+02   0.39103E+01
   16     0.1388   1.7632  -0.24148E-01  -0.64991E-03   0.96924E-01   0.10761E+02   0.39847E+01
   17     0.1487   1.8767  -0.26055E-01  -0.70812E-03   0.96866E-01   0.10694E+02   0.40577E+01
   18     0.1587   1.9897  -0.27997E-01  -0.76760E-03   0.96806E-01   0.10628E+02   0.41322E+01
   19     0.1687   2.1021  -0.29972E-01  -0.82862E-03   0.96745E-01   0.10563E+02   0.42067E+01
   20     0.1789   2.2140  -0.31981E-01  -0.89105E-03   0.96683E-01   0.10497E+02   0.42806E+01
   21     0.1891   2.3254  -0.34024E-01  -0.95513E-03   0.96619E-01   0.10432E+02   0.43561E+01
   22     0.1995   2.4362  -0.36101E-01  -0.10208E-02   0.96553E-01   0.10367E+02   0.44311E+01
   23     0.2099   2.5465  -0.38212E-01  -0.10882E-02   0.96486E-01   0.10303E+02   0.45068E+01
   24     0.2204   2.6562  -0.40358E-01  -0.11575E-02   0.96417E-01   0.10238E+02   0.45829E+01
   25     0.2310   2.7653  -0.42539E-01  -0.12290E-02   0.96345E-01   0.10174E+02   0.46596E+01
   26     0.2417   2.8738  -0.44755E-01  -0.13030E-02   0.96271E-01   0.10111E+02   0.47371E+01
   27     0.2525   2.9818  -0.47008E-01  -0.13793E-02   0.96195E-01   0.10047E+02   0.48142E+01
   28     0.2634   3.0892  -0.49295E-01  -0.14582E-02   0.96116E-01   0.99840E+01   0.48924E+01
   29     0.2744   3.1959  -0.51619E-01  -0.15397E-02   0.96034E-01   0.99212E+01   0.49713E+01
   30     0.2855   3.3021  -0.53978E-01  -0.16236E-02   0.95950E-01   0.98587E+01   0.50506E+01
   31     0.2967   3.4077  -0.56375E-01  -0.17107E-02   0.95863E-01   0.97965E+01   0.51300E+01
   32     0.3079   3.5127  -0.58809E-01  -0.18010E-02   0.95773E-01   0.97346E+01   0.52104E+01
   33     0.3193   3.6170  -0.61266E-01  -0.18908E-02   0.95683E-01   0.96728E+01   0.52918E+01
   34     0.3308   3.7207  -0.63772E-01  -0.19873E-02   0.95587E-01   0.96115E+01   0.53734E+01
   35     0.3423   3.8238  -0.66316E-01  -0.20866E-02   0.95487E-01   0.95506E+01   0.54546E+01
   36     0.3540   3.9263  -0.68897E-01  -0.21894E-02   0.95385E-01   0.94900E+01   0.55379E+01
   37     0.3658   4.0281  -0.71516E-01  -0.22959E-02   0.95278E-01   0.94296E+01   0.56212E+01
   38     0.3777   4.1293  -0.74173E-01  -0.24062E-02   0.95168E-01   0.93696E+01   0.57051E+01
   39     0.3896   4.2299  -0.76868E-01  -0.25204E-02   0.95054E-01   0.93099E+01   0.57895E+01
   40     0.4017   4.3298  -0.79601E-01  -0.26381E-02   0.94936E-01   0.92505E+01   0.58743E+01
   41     0.4139   4.4291  -0.82374E-01  -0.27601E-02   0.94814E-01   0.91915E+01   0.59599E+01
   42     0.4262   4.5276  -0.85185E-01  -0.28862E-02   0.94688E-01   0.91327E+01   0.60461E+01
   43     0.4386   4.6256  -0.88034E-01  -0.30166E-02   0.94557E-01   0.90743E+01   0.61321E+01
   44     0.4511   4.7229  -0.90923E-01  -0.31515E-02   0.94423E-01   0.90162E+01   0.62189E+01
   45     0.4637   4.8195  -0.93852E-01  -0.32905E-02   0.94284E-01   0.89584E+01   0.63069E+01
   46     0.4764   4.9154  -0.96821E-01  -0.34345E-02   0.94140E-01   0.89010E+01   0.63953E+01
   47     0.4893   5.0106  -0.99831E-01  -0.35834E-02   0.93991E-01   0.88439E+01   0.64842E+01
   48     0.5022   5.1052  -0.10288E+00  -0.37377E-02   0.93836E-01   0.87872E+01   0.65735E+01
   49     0.5153   5.1991  -0.10597E+00  -0.38970E-02   0.93677E-01   0.87307E+01   0.66628E+01
   50     0.5285   5.2923  -0.10911E+00  -0.40609E-02   0.93513E-01   0.86747E+01   0.67534E+01
   51     0.5417   5.3849  -0.11228E+00  -0.42301E-02   0.93344E-01   0.86190E+01   0.68432E+01
   52     0.5552   5.4767  -0.11550E+00  -0.44047E-02   0.93169E-01   0.85636E+01   0.69340E+01
   53     0.5687   5.5679  -0.11875E+00  -0.45847E-02   0.92989E-01   0.85085E+01   0.70261E+01
   54     0.5823   5.6583  -0.12205E+00  -0.47694E-02   0.92805E-01   0.84539E+01   0.71174E+01
   55     0.5961   5.7481  -0.12539E+00  -0.49598E-02   0.92614E-01   0.83995E+01   0.72102E+01
   56     0.6099   5.8371  -0.12877E+00  -0.51564E-02   0.92418E-01   0.83455E+01   0.73038E+01
   57     0.6239   5.9255  -0.13220E+00  -0.53596E-02   0.92214E-01   0.82919E+01   0.73973E+01
   58     0.6381   6.0132  -0.13567E+00  -0.55696E-02   0.92004E-01   0.82386E+01   0.74913E+01
   59     0.6523   6.1001  -0.13919E+00  -0.57862E-02   0.91788E-01   0.81857E+01   0.75856E+01
   60     0.6667   6.1864  -0.14275E+00  -0.60091E-02   0.91565E-01   0.81331E+01   0.76800E+01
   61     0.6812   6.2719  -0.14635E+00  -0.62381E-02   0.91336E-01   0.80809E+01   0.77751E+01
   62     0.6958   6.3568  -0.15000E+00  -0.64727E-02   0.91101E-01   0.80290E+01   0.78703E+01
   63     0.7105   6.4409  -0.15369E+00  -0.67137E-02   0.90860E-01   0.79775E+01   0.79666E+01
   64     0.7254   6.5244  -0.15742E+00  -0.69611E-02   0.90613E-01   0.79263E+01   0.80619E+01
   65     0.7404   6.6071  -0.16120E+00  -0.72156E-02   0.90358E-01   0.78755E+01   0.81582E+01
   66     0.7555   6.6891  -0.16502E+00  -0.74768E-02   0.90097E-01   0.78250E+01   0.82544E+01
   67     0.7708   6.7704  -0.16889E+00  -0.77451E-02   0.89829E-01   0.77750E+01   0.83509E+01
   68     0.7862   6.8511  -0.17280E+00  -0.80207E-02   0.89553E-01   0.77252E+01   0.84478E+01
   69     0.8017   6.9310  -0.17675E+00  -0.83030E-02   0.89271E-01   0.76758E+01   0.85447E+01
   70     0.8174   7.0102  -0.18075E+00  -0.85911E-02   0.88983E-01   0.76268E+01   0.86421E+01
   71     0.8332   7.0886  -0.18480E+00  -0.88863E-02   0.88688E-01   0.75781E+01   0.87403E+01
   72     0.8491   7.1664  -0.18889E+00  -0.91897E-02   0.88384E-01   0.75298E+01   0.88378E+01
   73     0.8652   7.2435  -0.19303E+00  -0.95020E-02   0.88072E-01   0.74818E+01   0.89357E+01
   74     0.8814   7.3199  -0.19722E+00  -0.98229E-02   0.87751E-01   0.74343E+01   0.90329E+01
   75     0.8977   7.3956  -0.20146E+00  -0.10152E-01   0.87422E-01   0.73871E+01   0.91299E+01
   76     0.9142   7.4705  -0.20575E+00  -0.10489E-01   0.87085E-01   0.73402E+01   0.92274E+01
   77     0.9309   7.5448  -0.21008E+00  -0.10833E-01   0.86741E-01   0.72938E+01   0.93249E+01
   78     0.9477   7.6184  -0.21446E+00  -0.11186E-01   0.86388E-01   0.72477E+01   0.94225E+01
   79     0.9646   7.6913  -0.21889E+00  -0.11548E-01   0.86026E-01   0.72019E+01   0.95200E+01
   80     0.9817   7.7635  -0.22337E+00  -0.11918E-01   0.85657E-01   0.71565E+01   0.96174E+01
   81     0.9989   7.8350  -0.22789E+00  -0.12295E-01   0.85279E-01   0.71115E+01   0.97155E+01
   82     1.0163   7.9058  -0.23247E+00  -0.12682E-01   0.84892E-01   0.70669E+01   0.98128E+01
   83     1.0338   7.9759  -0.23709E+00  -0.13077E-01   0.84497E-01   0.70226E+01   0.99096E+01
   84     1.0515   8.0453  -0.24176E+00  -0.13481E-01   0.84093E-01   0.69786E+01   0.10006E+02
   85     1.0693   8.1141  -0.24648E+00  -0.13894E-01   0.83680E-01   0.69351E+01   0.10104E+02
   86     1.0873   8.1821  -0.25125E+00  -0.14316E-01   0.83258E-01   0.68919E+01   0.10200E+02
   87     1.1055   8.2495  -0.25607E+00  -0.14747E-01   0.82827E-01   0.68490E+01   0.10296E+02
   88     1.1238   8.3162  -0.26094E+00  -0.15188E-01   0.82386E-01   0.68066E+01   0.10392E+02
   89     1.1423   8.3823  -0.26586E+00  -0.15638E-01   0.81936E-01   0.67645E+01   0.10487E+02
   90     1.1609   8.4477  -0.27083E+00  -0.16097E-01   0.81477E-01   0.67227E+01   0.10582E+02
   91     1.1797   8.5124  -0.27586E+00  -0.16566E-01   0.81008E-01   0.66814E+01   0.10676E+02
   92     1.1986   8.5764  -0.28093E+00  -0.17046E-01   0.80528E-01   0.66403E+01   0.10769E+02
   93     1.2177   8.6398  -0.28605E+00  -0.17534E-01   0.80040E-01   0.65997E+01   0.10862E+02
   94     1.2370   8.7025  -0.29123E+00  -0.18032E-01   0.79542E-01   0.65594E+01   0.10955E+02
   95     1.2565   8.7646  -0.29646E+00  -0.18541E-01   0.79033E-01   0.65194E+01   0.11047E+02
   96     1.2761   8.8260  -0.30174E+00  -0.19060E-01   0.78514E-01   0.64799E+01   0.11139E+02
   97     1.2959   8.8868  -0.30707E+00  -0.19588E-01   0.77986E-01   0.64406E+01   0.11230E+02
   98     1.3158   8.9469  -0.31244E+00  -0.20126E-01   0.77448E-01   0.64017E+01   0.11320E+02
   99     1.3360   9.0065  -0.31787E+00  -0.20674E-01   0.76900E-01   0.63632E+01   0.11410E+02
  100     1.3563   9.0653  -0.32336E+00  -0.21234E-01   0.76340E-01   0.63250E+01   0.11499E+02
  101     1.3767   9.1236  -0.32890E+00  -0.21804E-01   0.75770E-01   0.62872E+01   0.11587E+02
  102     1.3974   9.1812  -0.33449E+00  -0.22385E-01   0.75189E-01   0.62498E+01   0.11674E+02
  103     1.4183   9.2382  -0.34014E+00  -0.22977E-01   0.74597E-01   0.62127E+01   0.11760E+02
  104     1.4393   9.2945  -0.34583E+00  -0.23580E-01   0.73994E-01   0.61760E+01   0.11846E+02
  105     1.4605   9.3503  -0.35158E+00  -0.24192E-01   0.73382E-01   0.61397E+01   0.11930E+02
  106     1.4819   9.4054  -0.35739E+00  -0.24816E-01   0.72758E-01   0.61037E+01   0.12014E+02
  107     1.5035   9.4600  -0.36324E+00  -0.25451E-01   0.72123E-01   0.60680E+01   0.12097E+02
  108     1.5252   9.5139  -0.36915E+00  -0.26098E-01   0.71476E-01   0.60327E+01   0.12179E+02
  109     1.5472   9.5673  -0.37512E+00  -0.26757E-01   0.70818E-01   0.59978E+01   0.12259E+02
  110     1.5693   9.6200  -0.38115E+00  -0.27428E-01   0.70147E-01   0.59632E+01   0.12339E+02
  111     1.5917   9.6722  -0.38723E+00  -0.28110E-01   0.69464E-01   0.59290E+01   0.12417E+02
  112     1.6142   9.7238  -0.39336E+00  -0.28804E-01   0.68770E-01   0.58952E+01   0.12494E+02
  113     1.6369   9.7748  -0.39955E+00  -0.29510E-01   0.68064E-01   0.58616E+01   0.12570E+02
  114     1.6598   9.8252  -0.40580E+00  -0.30228E-01   0.67346E-01   0.58285E+01   0.12644E+02
  115     1.6830   9.8751  -0.41210E+00  -0.30957E-01   0.66617E-01   0.57957E+01   0.12718E+02
  116     1.7063   9.9244  -0.41846E+00  -0.31700E-01   0.65874E-01   0.57633E+01   0.12790E+02
  117     1.7298   9.9731  -0.42487E+00  -0.32455E-01   0.65119E-01   0.57312E+01   0.12861E+02
  118     1.7536  10.0213  -0.43134E+00  -0.33222E-01   0.64352E-01   0.56995E+01   0.12929E+02
  119     1.7775  10.0689  -0.43787E+00  -0.34001E-01   0.63573E-01   0.56681E+01   0.12997E+02
  120     1.8016  10.1160  -0.44445E+00  -0.34793E-01   0.62781E-01   0.56370E+01   0.13062E+02
  121     1.8260  10.1626  -0.45109E+00  -0.35597E-01   0.61978E-01   0.56063E+01   0.13127E+02
  122     1.8506  10.2086  -0.45778E+00  -0.36413E-01   0.61161E-01   0.55760E+01   0.13190E+02
  123     1.8753  10.2541  -0.46454E+00  -0.37243E-01   0.60331E-01   0.55460E+01   0.13252E+02
  124     1.9003  10.2990  -0.47135E+00  -0.38086E-01   0.59488E-01   0.55164E+01   0.13312E+02
  125     1.9256  10.3434  -0.47822E+00  -0.38942E-01   0.58632E-01   0.54872E+01   0.13370E+02
  126     1.9510  10.3873  -0.48515E+00  -0.39812E-01   0.57762E-01   0.54582E+01   0.13425E+02
  127     1.9766  10.4307  -0.49214E+00  -0.40695E-01   0.56879E-01   0.54297E+01   0.13481E+02
  128     2.0025  10.4736  -0.49918E+00  -0.41590E-01   0.55984E-01   0.54014E+01   0.13535E+02
  129     2.0286  10.5160  -0.50628E+00  -0.42498E-01   0.55076E-01   0.53735E+01   0.13586E+02
  130     2.0550  10.5579  -0.51344E+00  -0.43420E-01   0.54154E-01   0.53460E+01   0.13636E+02
  131     2.0815  10.5993  -0.52066E+00  -0.44357E-01   0.53217E-01   0.53188E+01   0.13684E+02
  132     2.1083  10.6402  -0.52794E+00  -0.45307E-01   0.52267E-01   0.52920E+01   0.13730E+02
  133     2.1353  10.6806  -0.53529E+00  -0.46272E-01   0.51302E-01   0.52655E+01   0.13775E+02
  134     2.1626  10.7205  -0.54269E+00  -0.47251E-01   0.50323E-01   0.52394E+01   0.13817E+02
  135     2.1901  10.7600  -0.55015E+00  -0.48243E-01   0.49331E-01   0.52136E+01   0.13856E+02
  136     2.2178  10.7990  -0.55767E+00  -0.49250E-01   0.48324E-01   0.51882E+01   0.13897E+02
  137     2.2458  10.8375  -0.56526E+00  -0.50274E-01   0.47300E-01   0.51631E+01   0.13936E+02
  138     2.2740  10.8756  -0.57291E+00  -0.51311E-01   0.46263E-01   0.51384E+01   0.13944E+02
  139     2.3025  10.9132  -0.58061E+00  -0.52361E-01   0.45214E-01   0.51141E+01   0.13961E+02
  140     2.3312  10.9504  -0.58838E+00  -0.53426E-01   0.44148E-01   0.50900E+01   0.14022E+02
  141     2.3602  10.9871  -0.59621E+00  -0.54506E-01   0.43068E-01   0.50664E+01   0.14063E+02
  142     2.3894  11.0234  -0.60411E+00  -0.55603E-01   0.41971E-01   0.50430E+01   0.14082E+02
  143     2.4188  11.0592  -0.61207E+00  -0.56716E-01   0.40858E-01   0.50201E+01   0.14108E+02
  144     2.4486  11.0946  -0.62007E+00  -0.57837E-01   0.39737E-01   0.49974E+01   0.14130E+02
  145     2.4785  11.1296  -0.62817E+00  -0.58983E-01   0.38591E-01   0.49751E+01   0.14147E+02
  146     2.5088  11.1641  -0.63633E+00  -0.60145E-01   0.37429E-01   0.49532E+01   0.14164E+02
  147     2.5393  11.1982  -0.64427E+00  -0.61236E-01   0.36338E-01   0.49309E+01   0.14187E+02
  148     2.5701  11.2320  -0.65244E+00  -0.62394E-01   0.35180E-01   0.49095E+01   0.14203E+02
  149     2.6011  11.2653  -0.66111E+00  -0.63697E-01   0.33877E-01   0.48893E+01   0.14203E+02
  150     2.6324  11.2982  -0.66954E+00  -0.64927E-01   0.32647E-01   0.48688E+01   0.14210E+02
  151     2.6640  11.3306  -0.67796E+00  -0.66148E-01   0.31426E-01   0.48485E+01   0.14218E+02
  152     2.6958  11.3627  -0.68650E+00  -0.67406E-01   0.30168E-01   0.48286E+01   0.14222E+02
  153     2.7280  11.3944  -0.69509E+00  -0.68671E-01   0.28903E-01   0.48090E+01   0.14217E+02
  154     2.7604  11.4258  -0.70374E+00  -0.69953E-01   0.27621E-01   0.47898E+01   0.14244E+02
  155     2.7931  11.4567  -0.71245E+00  -0.71251E-01   0.26323E-01   0.47709E+01   0.14259E+02
  156     2.8260  11.4872  -0.72123E+00  -0.72568E-01   0.25006E-01   0.47523E+01   0.14217E+02
  157     2.8593  11.5174  -0.73009E+00  -0.73903E-01   0.23671E-01   0.47341E+01   0.14205E+02
  158     2.8929  11.5472  -0.73901E+00  -0.75253E-01   0.22321E-01   0.47162E+01   0.14200E+02
  159     2.9267  11.5766  -0.74799E+00  -0.76619E-01   0.20955E-01   0.46986E+01   0.14186E+02
  160     2.9608  11.6057  -0.75704E+00  -0.78004E-01   0.19570E-01   0.46814E+01   0.14172E+02
  161     2.9953  11.6344  -0.76616E+00  -0.79406E-01   0.18168E-01   0.46645E+01   0.14157E+02
  162     3.0300  11.6628  -0.77535E+00  -0.80827E-01   0.16747E-01   0.46479E+01   0.14139E+02
  163     3.0651  11.6908  -0.78461E+00  -0.82265E-01   0.15309E-01   0.46316E+01   0.14117E+02
  164     3.1004  11.7184  -0.79393E+00  -0.83720E-01   0.13854E-01   0.46157E+01   0.14093E+02
  165     3.1360  11.7458  -0.80332E+00  -0.85194E-01   0.12380E-01   0.46001E+01   0.14068E+02
  166     3.1720  11.7727  -0.81278E+00  -0.86685E-01   0.10889E-01   0.45848E+01   0.14040E+02
  167     3.2083  11.7994  -0.82230E+00  -0.88193E-01   0.93808E-02   0.45698E+01   0.14009E+02
  168     3.2449  11.8257  -0.83190E+00  -0.89723E-01   0.78513E-02   0.45551E+01   0.13976E+02
  169     3.2818  11.8517  -0.84158E+00  -0.91271E-01   0.63026E-02   0.45407E+01   0.13941E+02
  170     3.3190  11.8773  -0.85131E+00  -0.92835E-01   0.47388E-02   0.45266E+01   0.13902E+02
  171     3.3565  11.9026  -0.86111E+00  -0.94417E-01   0.31566E-02   0.45128E+01   0.13862E+02
  172     3.3944  11.9277  -0.87099E+00  -0.96021E-01   0.15533E-02   0.44994E+01   0.13821E+02
  173     3.4326  11.9524  -0.88093E+00  -0.97643E-01  -0.69246E-04   0.44862E+01   0.13776E+02
  174     3.4712  11.9768  -0.89095E+00  -0.99284E-01  -0.17101E-02   0.44733E+01   0.13729E+02
  175     3.5100  12.0009  -0.90103E+00  -0.10094E+00  -0.33684E-02   0.44607E+01   0.13679E+02
  176     3.5492  12.0246  -0.91120E+00  -0.10263E+00  -0.50525E-02   0.44484E+01   0.13629E+02
  177     3.5888  12.0481  -0.92143E+00  -0.10433E+00  -0.67514E-02   0.44364E+01   0.13576E+02
  178     3.6287  12.0713  -0.93173E+00  -0.10604E+00  -0.84695E-02   0.44246E+01   0.13520E+02
  179     3.6689  12.0942  -0.94210E+00  -0.10778E+00  -0.10209E-01   0.44131E+01   0.13463E+02
  180     3.7095  12.1169  -0.95255E+00  -0.10954E+00  -0.11969E-01   0.44019E+01   0.13404E+02
  181     3.7505  12.1392  -0.96307E+00  -0.11132E+00  -0.13749E-01   0.43910E+01   0.13342E+02
  182     3.7918  12.1612  -0.97366E+00  -0.11312E+00  -0.15549E-01   0.43803E+01   0.13277E+02
  183     3.8334  12.1830  -0.98433E+00  -0.11495E+00  -0.17373E-01   0.43699E+01   0.13212E+02
  184     3.8754  12.2045  -0.99506E+00  -0.11679E+00  -0.19214E-01   0.43598E+01   0.13145E+02
  185     3.9178  12.2257  -0.10059E+01  -0.11865E+00  -0.21079E-01   0.43499E+01   0.13074E+02
  186     3.9606  12.2467  -0.10168E+01  -0.12054E+00  -0.22964E-01   0.43402E+01   0.13003E+02
  187     4.0037  12.2674  -0.10277E+01  -0.12245E+00  -0.24872E-01   0.43308E+01   0.12928E+02
  188     4.0472  12.2878  -0.10388E+01  -0.12437E+00  -0.26800E-01   0.43216E+01   0.12852E+02
  189     4.0911  12.3080  -0.10499E+01  -0.12632E+00  -0.28751E-01   0.43127E+01   0.12777E+02
  190     4.1353  12.3279  -0.10611E+01  -0.12830E+00  -0.30724E-01   0.43039E+01   0.12696E+02
  191     4.1800  12.3476  -0.10723E+01  -0.13029E+00  -0.32717E-01   0.42955E+01   0.12613E+02
  192     4.2250  12.3670  -0.10837E+01  -0.13231E+00  -0.34734E-01   0.42872E+01   0.12530E+02
  193     4.2705  12.3862  -0.10951E+01  -0.13435E+00  -0.36771E-01   0.42791E+01   0.12445E+02
  194     4.3163  12.4051  -0.11066E+01  -0.13640E+00  -0.38831E-01   0.42713E+01   0.12358E+02
  195     4.3625  12.4238  -0.11182E+01  -0.13850E+00  -0.40926E-01   0.42637E+01   0.12269E+02
  196     4.4091  12.4423  -0.11298E+01  -0.14060E+00  -0.43029E-01   0.42563E+01   0.12180E+02
  197     4.4561  12.4605  -0.11416E+01  -0.14273E+00  -0.45155E-01   0.42491E+01   0.12088E+02
  198     4.5036  12.4785  -0.11534E+01  -0.14489E+00  -0.47311E-01   0.42421E+01   0.11994E+02
  199     4.5514  12.4962  -0.11653E+01  -0.14706E+00  -0.49489E-01   0.42352E+01   0.11901E+02
  200     4.5997  12.5138  -0.11772E+01  -0.14926E+00  -0.51690E-01   0.42286E+01   0.11800E+02
  201     4.6484  12.5311  -0.11893E+01  -0.15149E+00  -0.53916E-01   0.42221E+01   0.11703E+02
  202     4.6975  12.5482  -0.12014E+01  -0.15374E+00  -0.56166E-01   0.42159E+01   0.11606E+02
  203     4.7470  12.5650  -0.12136E+01  -0.15602E+00  -0.58441E-01   0.42098E+01   0.11503E+02
  204     4.7970  12.5817  -0.12259E+01  -0.15831E+00  -0.60738E-01   0.42038E+01   0.11401E+02
  205     4.8474  12.5981  -0.12383E+01  -0.16064E+00  -0.63062E-01   0.41981E+01   0.11298E+02
  206     4.8982  12.6144  -0.12507E+01  -0.16298E+00  -0.65405E-01   0.41925E+01   0.11193E+02
  207     4.9495  12.6304  -0.12632E+01  -0.16535E+00  -0.67780E-01   0.41870E+01   0.11088E+02
  208     5.0012  12.6462  -0.12758E+01  -0.16775E+00  -0.70178E-01   0.41817E+01   0.10980E+02
  209     5.0534  12.6619  -0.12885E+01  -0.17017E+00  -0.72599E-01   0.41766E+01   0.10872E+02
  210     5.1060  12.6773  -0.13013E+01  -0.17262E+00  -0.75049E-01   0.41716E+01   0.10763E+02
  211     5.1591  12.6925  -0.13142E+01  -0.17510E+00  -0.77523E-01   0.41667E+01   0.10652E+02
  212     5.2126  12.7076  -0.13271E+01  -0.17760E+00  -0.80022E-01   0.41620E+01   0.10540E+02
  213     5.2667  12.7224  -0.13401E+01  -0.18012E+00  -0.82550E-01   0.41575E+01   0.10428E+02
  214     5.3211  12.7371  -0.13532E+01  -0.18268E+00  -0.85103E-01   0.41531E+01   0.10316E+02
  215     5.3761  12.7515  -0.13664E+01  -0.18525E+00  -0.87681E-01   0.41488E+01   0.10200E+02
  216     5.4315  12.7658  -0.13797E+01  -0.18786E+00  -0.90282E-01   0.41446E+01   0.10085E+02
  217     5.4874  12.7799  -0.13931E+01  -0.19049E+00  -0.92915E-01   0.41405E+01   0.99695E+01
  218     5.5438  12.7938  -0.14065E+01  -0.19315E+00  -0.95575E-01   0.41366E+01   0.98518E+01
  219     5.6007  12.8076  -0.14201E+01  -0.19584E+00  -0.98261E-01   0.41327E+01   0.97354E+01
  220     5.6581  12.8211  -0.14337E+01  -0.19854E+00  -0.10097E+00   0.41290E+01   0.96181E+01
  221     5.7160  12.8345  -0.14474E+01  -0.20128E+00  -0.10371E+00   0.41254E+01   0.95016E+01
  222     5.7744  12.8477  -0.14612E+01  -0.20405E+00  -0.10648E+00   0.41219E+01   0.93809E+01
  223     5.8333  12.8608  -0.14750E+01  -0.20684E+00  -0.10927E+00   0.41185E+01   0.92621E+01
  224     5.8927  12.8737  -0.14890E+01  -0.20967E+00  -0.11209E+00   0.41152E+01   0.91423E+01
  225     5.9526  12.8864  -0.15031E+01  -0.21252E+00  -0.11495E+00   0.41121E+01   0.90239E+01
  226     6.0131  12.8990  -0.15172E+01  -0.21540E+00  -0.11782E+00   0.41090E+01   0.89026E+01
  227     6.0740  12.9114  -0.15314E+01  -0.21830E+00  -0.12073E+00   0.41059E+01   0.87829E+01
  228     6.1355  12.9236  -0.15458E+01  -0.22124E+00  -0.12367E+00   0.41030E+01   0.86616E+01
  229     6.1976  12.9357  -0.15602E+01  -0.22420E+00  -0.12663E+00   0.41002E+01   0.85393E+01
  230     6.2602  12.9476  -0.15747E+01  -0.22720E+00  -0.12963E+00   0.40974E+01   0.84182E+01
  231     6.3233  12.9594  -0.15893E+01  -0.23022E+00  -0.13265E+00   0.40948E+01   0.82968E+01
  232     6.3869  12.9710  -0.16040E+01  -0.23327E+00  -0.13570E+00   0.40922E+01   0.81762E+01
  233     6.4512  12.9825  -0.16187E+01  -0.23635E+00  -0.13878E+00   0.40897E+01   0.80544E+01
  234     6.5159  12.9938  -0.16336E+01  -0.23946E+00  -0.14189E+00   0.40872E+01   0.79328E+01
  235     6.5813  13.0050  -0.16486E+01  -0.24260E+00  -0.14503E+00   0.40849E+01   0.78129E+01
  236     6.6472  13.0160  -0.16636E+01  -0.24577E+00  -0.14819E+00   0.40826E+01   0.76921E+01
  237     6.7137  13.0269  -0.16787E+01  -0.24897E+00  -0.15139E+00   0.40803E+01   0.75719E+01
  238     6.7807  13.0377  -0.16940E+01  -0.25220E+00  -0.15462E+00   0.40782E+01   0.74508E+01
  239     6.8484  13.0483  -0.17093E+01  -0.25546E+00  -0.15788E+00   0.40761E+01   0.73302E+01
  240     6.9166  13.0588  -0.17247E+01  -0.25875E+00  -0.16118E+00   0.40741E+01   0.72115E+01
  241     6.9854  13.0691  -0.17403E+01  -0.26208E+00  -0.16450E+00   0.40721E+01   0.70914E+01
  242     7.0549  13.0794  -0.17559E+01  -0.26542E+00  -0.16785E+00   0.40702E+01   0.69721E+01
  243     7.1249  13.0894  -0.17716E+01  -0.26881E+00  -0.17123E+00   0.40683E+01   0.68539E+01
  244     7.1955  13.0994  -0.17874E+01  -0.27222E+00  -0.17465E+00   0.40665E+01   0.67353E+01
  245     7.2668  13.1092  -0.18033E+01  -0.27567E+00  -0.17809E+00   0.40647E+01   0.66163E+01
  246     7.3387  13.1189  -0.18193E+01  -0.27914E+00  -0.18157E+00   0.40630E+01   0.64995E+01
  247     7.4112  13.1285  -0.18354E+01  -0.28265E+00  -0.18508E+00   0.40614E+01   0.63839E+01
  248     7.4843  13.1380  -0.18516E+01  -0.28619E+00  -0.18862E+00   0.40598E+01   0.62663E+01
  249     7.5580  13.1473  -0.18679E+01  -0.28976E+00  -0.19219E+00   0.40582E+01   0.61521E+01
  250     7.6324  13.1565  -0.18842E+01  -0.29337E+00  -0.19579E+00   0.40567E+01   0.60372E+01
  251     7.7075  13.1656  -0.19007E+01  -0.29701E+00  -0.19943E+00   0.40552E+01   0.59242E+01
  252     7.7832  13.1746  -0.19173E+01  -0.30067E+00  -0.20310E+00   0.40538E+01   0.58099E+01
  253     7.8596  13.1834  -0.19340E+01  -0.30438E+00  -0.20680E+00   0.40524E+01   0.56984E+01
  254     7.9366  13.1922  -0.19508E+01  -0.30811E+00  -0.21054E+00   0.40511E+01   0.55870E+01
  255     8.0143  13.2008  -0.19677E+01  -0.31188E+00  -0.21431E+00   0.40498E+01   0.54763E+01
  256     8.0926  13.2093  -0.19847E+01  -0.31568E+00  -0.21810E+00   0.40485E+01   0.53673E+01
  257     8.1717  13.2178  -0.20017E+01  -0.31951E+00  -0.22194E+00   0.40473E+01   0.52574E+01
  258     8.2514  13.2261  -0.20189E+01  -0.32338E+00  -0.22581E+00   0.40461E+01   0.51498E+01
  259     8.3319  13.2343  -0.20362E+01  -0.32728E+00  -0.22971E+00   0.40449E+01   0.50439E+01
  260     8.4130  13.2424  -0.20536E+01  -0.33121E+00  -0.23364E+00   0.40438E+01   0.49387E+01
  261     8.4948  13.2503  -0.20711E+01  -0.33518E+00  -0.23761E+00   0.40427E+01   0.48337E+01
  262     8.5774  13.2582  -0.20887E+01  -0.33919E+00  -0.24161E+00   0.40417E+01   0.47297E+01
  263     8.6606  13.2660  -0.21064E+01  -0.34322E+00  -0.24565E+00   0.40406E+01   0.46272E+01
  264     8.7446  13.2737  -0.21242E+01  -0.34730E+00  -0.24972E+00   0.40396E+01   0.45250E+01
  265     8.8293  13.2813  -0.21422E+01  -0.35140E+00  -0.25383E+00   0.40386E+01   0.44247E+01
  266     8.9148  13.2888  -0.21602E+01  -0.35554E+00  -0.25797E+00   0.40377E+01   0.43259E+01
  267     9.0010  13.2962  -0.21783E+01  -0.35972E+00  -0.26214E+00   0.40368E+01   0.42273E+01
  268     9.0879  13.3035  -0.21965E+01  -0.36393E+00  -0.26635E+00   0.40359E+01   0.41310E+01
  269     9.1756  13.3107  -0.22149E+01  -0.36817E+00  -0.27060E+00   0.40350E+01   0.40351E+01
  270     9.2641  13.3178  -0.22333E+01  -0.37246E+00  -0.27488E+00   0.40342E+01   0.39411E+01
  271     9.3534  13.3248  -0.22519E+01  -0.37677E+00  -0.27920E+00   0.40333E+01   0.38476E+01
  272     9.4434  13.3317  -0.22706E+01  -0.38113E+00  -0.28356E+00   0.40325E+01   0.37554E+01
  273     9.5342  13.3386  -0.22893E+01  -0.38552E+00  -0.28795E+00   0.40318E+01   0.36646E+01
  274     9.6257  13.3453  -0.23082E+01  -0.38995E+00  -0.29237E+00   0.40310E+01   0.35756E+01
  275     9.7181  13.3520  -0.23272E+01  -0.39441E+00  -0.29684E+00   0.40303E+01   0.34863E+01
  276     9.8113  13.3586  -0.23463E+01  -0.39890E+00  -0.30133E+00   0.40296E+01   0.33995E+01
  277     9.9053  13.3651  -0.23655E+01  -0.40344E+00  -0.30587E+00   0.40289E+01   0.33146E+01
  278    10.0001  13.3715  -0.23848E+01  -0.40801E+00  -0.31044E+00   0.40282E+01   0.32298E+01
  279    10.0957  13.3778  -0.24043E+01  -0.41262E+00  -0.31504E+00   0.40275E+01   0.31479E+01
  280    10.1922  13.3841  -0.24238E+01  -0.41727E+00  -0.31969E+00   0.40269E+01   0.30658E+01
  281    10.2895  13.3902  -0.24435E+01  -0.42195E+00  -0.32438E+00   0.40263E+01   0.29849E+01
  282    10.3877  13.3963  -0.24633E+01  -0.42668E+00  -0.32910E+00   0.40257E+01   0.29068E+01
  283    10.4867  13.4023  -0.24832E+01  -0.43144E+00  -0.33386E+00   0.40251E+01   0.28285E+01
  284    10.5865  13.4083  -0.25032E+01  -0.43623E+00  -0.33866E+00   0.40245E+01   0.27519E+01
  285    10.6873  13.4141  -0.25233E+01  -0.44106E+00  -0.34349E+00   0.40239E+01   0.26763E+01
  286    10.7889  13.4199  -0.25435E+01  -0.44594E+00  -0.34837E+00   0.40234E+01   0.26034E+01
  287    10.8914  13.4256  -0.25639E+01  -0.45085E+00  -0.35327E+00   0.40229E+01   0.25305E+01
  288    10.9947  13.4312  -0.25843E+01  -0.45580E+00  -0.35823E+00   0.40224E+01   0.24600E+01
  289    11.0990  13.4368  -0.26049E+01  -0.46079E+00  -0.36321E+00   0.40219E+01   0.23911E+01
  290    11.2042  13.4423  -0.26256E+01  -0.46582E+00  -0.36824E+00   0.40214E+01   0.23223E+01
  291    11.3103  13.4477  -0.26465E+01  -0.47089E+00  -0.37331E+00   0.40209E+01   0.22552E+01
  292    11.4173  13.4530  -0.26674E+01  -0.47601E+00  -0.37843E+00   0.40204E+01   0.21893E+01
  293    11.5253  13.4583  -0.26885E+01  -0.48114E+00  -0.38357E+00   0.40200E+01   0.21250E+01
  294    11.6342  13.4635  -0.27097E+01  -0.48634E+00  -0.38876E+00   0.40195E+01   0.20619E+01
  295    11.7440  13.4687  -0.27310E+01  -0.49156E+00  -0.39399E+00   0.40191E+01   0.19995E+01
  296    11.8548  13.4738  -0.27524E+01  -0.49682E+00  -0.39925E+00   0.40187E+01   0.19400E+01
  297    11.9666  13.4788  -0.27739E+01  -0.50213E+00  -0.40456E+00   0.40183E+01   0.18803E+01
  298    12.0793  13.4837  -0.27956E+01  -0.50748E+00  -0.40991E+00   0.40179E+01   0.18227E+01
  299    12.1930  13.4886  -0.28174E+01  -0.51287E+00  -0.41530E+00   0.40175E+01   0.17667E+01
  300    12.3077  13.4934  -0.28393E+01  -0.51830E+00  -0.42073E+00   0.40171E+01   0.17092E+01
  301    12.4234  13.4982  -0.28613E+01  -0.52378E+00  -0.42620E+00   0.40168E+01   0.16562E+01
  302    12.5401  13.5029  -0.28835E+01  -0.52930E+00  -0.43172E+00   0.40164E+01   0.16034E+01
  303    12.6578  13.5075  -0.29057E+01  -0.53481E+00  -0.43724E+00   0.40161E+01   0.15521E+01
  304    12.7766  13.5121  -0.29282E+01  -0.54043E+00  -0.44286E+00   0.40157E+01   0.15016E+01
  305    12.8963  13.5166  -0.29507E+01  -0.54608E+00  -0.44850E+00   0.40154E+01   0.14522E+01
  306    13.0172  13.5211  -0.29734E+01  -0.55175E+00  -0.45418E+00   0.40151E+01   0.14052E+01
  307    13.1390  13.5255  -0.29962E+01  -0.55749E+00  -0.45992E+00   0.40148E+01   0.13574E+01
  308    13.2619  13.5298  -0.30191E+01  -0.56325E+00  -0.46567E+00   0.40145E+01   0.13118E+01
  309    13.3859  13.5341  -0.30422E+01  -0.56905E+00  -0.47148E+00   0.40142E+01   0.12674E+01
  310    13.5110  13.5383  -0.30653E+01  -0.57490E+00  -0.47733E+00   0.40139E+01   0.12238E+01
  311    13.6372  13.5425  -0.30887E+01  -0.58080E+00  -0.48322E+00   0.40136E+01   0.11819E+01
  312    13.7644  13.5466  -0.31121E+01  -0.58673E+00  -0.48916E+00   0.40133E+01   0.11405E+01
  313    13.8928  13.5507  -0.31357E+01  -0.59271E+00  -0.49514E+00   0.40130E+01   0.11007E+01
  314    14.0223  13.5547  -0.31594E+01  -0.59874E+00  -0.50117E+00   0.40128E+01   0.10616E+01
  315    14.1529  13.5587  -0.31832E+01  -0.60480E+00  -0.50723E+00   0.40125E+01   0.10236E+01
  316    14.2846  13.5626  -0.32072E+01  -0.61093E+00  -0.51336E+00   0.40123E+01   0.98723E+00
  317    14.4175  13.5665  -0.32313E+01  -0.61709E+00  -0.51952E+00   0.40120E+01   0.95098E+00
  318    14.5515  13.5703  -0.32555E+01  -0.62329E+00  -0.52571E+00   0.40118E+01   0.91633E+00
  319    14.6867  13.5741  -0.32799E+01  -0.62954E+00  -0.53197E+00   0.40116E+01   0.88237E+00
  320    14.8231  13.5778  -0.33044E+01  -0.63583E+00  -0.53826E+00   0.40113E+01   0.84980E+00
  321    14.9607  13.5815  -0.33291E+01  -0.64217E+00  -0.54460E+00   0.40111E+01   0.81784E+00
  322    15.0994  13.5851  -0.33538E+01  -0.64855E+00  -0.55097E+00   0.40109E+01   0.78694E+00
  323    15.2394  13.5887  -0.33788E+01  -0.65499E+00  -0.55741E+00   0.40107E+01   0.75684E+00
  324    15.3806  13.5922  -0.34038E+01  -0.66147E+00  -0.56389E+00   0.40105E+01   0.72767E+00
  325    15.5230  13.5957  -0.34291E+01  -0.66800E+00  -0.57042E+00   0.40103E+01   0.69963E+00
  326    15.6666  13.5991  -0.34543E+01  -0.67454E+00  -0.57697E+00   0.40101E+01   0.67210E+00
  327    15.8115  13.6025  -0.34798E+01  -0.68117E+00  -0.58359E+00   0.40099E+01   0.64644E+00
  328    15.9577  13.6059  -0.35055E+01  -0.68784E+00  -0.59026E+00   0.40097E+01   0.62058E+00
  329    16.1051  13.6092  -0.35312E+01  -0.69454E+00  -0.59697E+00   0.40095E+01   0.59558E+00
  330    16.2538  13.6124  -0.35572E+01  -0.70132E+00  -0.60374E+00   0.40094E+01   0.57127E+00
  331    16.4038  13.6157  -0.35832E+01  -0.70811E+00  -0.61053E+00   0.40092E+01   0.54816E+00
  332    16.5551  13.6188  -0.36094E+01  -0.71496E+00  -0.61738E+00   0.40090E+01   0.52525E+00
  333    16.7078  13.6220  -0.36357E+01  -0.72186E+00  -0.62428E+00   0.40088E+01   0.50418E+00
  334    16.8617  13.6251  -0.36622E+01  -0.72880E+00  -0.63123E+00   0.40087E+01   0.48285E+00
  335    17.0170  13.6281  -0.36888E+01  -0.73580E+00  -0.63823E+00   0.40085E+01   0.46276E+00
  336    17.1736  13.6312  -0.37156E+01  -0.74288E+00  -0.64530E+00   0.40084E+01   0.44329E+00
  337    17.3316  13.6342  -0.37425E+01  -0.74994E+00  -0.65237E+00   0.40082E+01   0.42439E+00
  338    17.4910  13.6371  -0.37695E+01  -0.75709E+00  -0.65951E+00   0.40081E+01   0.40564E+00
  339    17.6518  13.6400  -0.37967E+01  -0.76428E+00  -0.66670E+00   0.40079E+01   0.38853E+00
  340    17.8139  13.6429  -0.38241E+01  -0.77151E+00  -0.67394E+00   0.40078E+01   0.37164E+00
  341    17.9775  13.6457  -0.38516E+01  -0.77882E+00  -0.68124E+00   0.40076E+01   0.35534E+00
  342    18.1425  13.6485  -0.38793E+01  -0.78617E+00  -0.68859E+00   0.40075E+01   0.33984E+00
  343    18.3089  13.6513  -0.39071E+01  -0.79356E+00  -0.69599E+00   0.40074E+01   0.32443E+00
  344    18.4768  13.6540  -0.39352E+01  -0.80105E+00  -0.70347E+00   0.40073E+01   0.30969E+00
  345    18.6461  13.6567  -0.39632E+01  -0.80850E+00  -0.71093E+00   0.40071E+01   0.29565E+00
  346    18.8169  13.6593  -0.39915E+01  -0.81605E+00  -0.71848E+00   0.40070E+01   0.28233E+00
  347    18.9892  13.6619  -0.40199E+01  -0.82366E+00  -0.72608E+00   0.40069E+01   0.26940E+00
  348    19.1630  13.6645  -0.40485E+01  -0.83129E+00  -0.73371E+00   0.40068E+01   0.25692E+00
  349    19.3383  13.6671  -0.40773E+01  -0.83902E+00  -0.74144E+00   0.40067E+01   0.24488E+00
  350    19.5151  13.6696  -0.41061E+01  -0.84675E+00  -0.74918E+00   0.40065E+01   0.23350E+00
  351    19.6934  13.6721  -0.41352E+01  -0.85456E+00  -0.75698E+00   0.40064E+01   0.22225E+00
  352    19.8734  13.6745  -0.41644E+01  -0.86241E+00  -0.76484E+00   0.40063E+01   0.21173E+00
  353    20.0548  13.6770  -0.41937E+01  -0.87032E+00  -0.77275E+00   0.40062E+01   0.20161E+00
  354    20.2379  13.6794  -0.42233E+01  -0.87828E+00  -0.78071E+00   0.40061E+01   0.19189E+00
  355    20.4225  13.6817  -0.42530E+01  -0.88632E+00  -0.78875E+00   0.40060E+01   0.18248E+00
  356    20.6088  13.6840  -0.42829E+01  -0.89440E+00  -0.79682E+00   0.40059E+01   0.17358E+00
  357    20.7966  13.6863  -0.43129E+01  -0.90251E+00  -0.80494E+00   0.40058E+01   0.16488E+00
  358    20.9861  13.6886  -0.43431E+01  -0.91070E+00  -0.81312E+00   0.40057E+01   0.15664E+00
  359    21.1773  13.6909  -0.43734E+01  -0.91899E+00  -0.82142E+00   0.40000E+01   0.14883E+00
  360    21.3701  13.6931  -0.44039E+01  -0.92728E+00  -0.82970E+00   0.40000E+01   0.14126E+00
  361    21.5646  13.6953  -0.44346E+01  -0.93563E+00  -0.83805E+00   0.40000E+01   0.13409E+00
  362    21.7607  13.6974  -0.44654E+01  -0.94401E+00  -0.84644E+00   0.40000E+01   0.12718E+00
  363    21.9586  13.6995  -0.44964E+01  -0.95247E+00  -0.85489E+00   0.40000E+01   0.12065E+00
  364    22.1582  13.7016  -0.45275E+01  -0.96098E+00  -0.86340E+00   0.40000E+01   0.11439E+00
  365    22.3596  13.7037  -0.45589E+01  -0.96956E+00  -0.87198E+00   0.40000E+01   0.10840E+00
  366    22.5626  13.7058  -0.45903E+01  -0.97816E+00  -0.88058E+00   0.40000E+01   0.10270E+00
  367    22.7675  13.7078  -0.46221E+01  -0.98685E+00  -0.88928E+00   0.40000E+01   0.97193E-01
  368    22.9741  13.7098  -0.46538E+01  -0.99556E+00  -0.89799E+00   0.40000E+01   0.92025E-01
  369    23.1825  13.7117  -0.46859E+01  -0.10044E+01  -0.90678E+00   0.40000E+01   0.87025E-01
  370    23.3928  13.7137  -0.47180E+01  -0.10132E+01  -0.91562E+00   0.40000E+01   0.82318E-01
  371    23.6049  13.7156  -0.47504E+01  -0.10221E+01  -0.92453E+00   0.40000E+01   0.77858E-01
  372    23.8188  13.7175  -0.47829E+01  -0.10311E+01  -0.93349E+00   0.40000E+01   0.73599E-01
  373    24.0345  13.7194  -0.48156E+01  -0.10401E+01  -0.94251E+00   0.40000E+01   0.69476E-01
  374    24.2522  13.7212  -0.48484E+01  -0.10492E+01  -0.95158E+00   0.40000E+01   0.65614E-01
  375    24.4717  13.7230  -0.48815E+01  -0.10583E+01  -0.96071E+00   0.40000E+01   0.61901E-01
  376    24.6932  13.7248  -0.49147E+01  -0.10675E+01  -0.96991E+00   0.40000E+01   0.58406E-01
  377    24.9166  13.7266  -0.49481E+01  -0.10767E+01  -0.97915E+00   0.40000E+01   0.55093E-01
  378    25.1419  13.7284  -0.49816E+01  -0.10860E+01  -0.98845E+00   0.40000E+01   0.51925E-01
  379    25.3691  13.7301  -0.50154E+01  -0.10954E+01  -0.99783E+00   0.40000E+01   0.48931E-01
  380    25.5984  13.7318  -0.50493E+01  -0.11048E+01  -0.10073E+01   0.40000E+01   0.46070E-01
  381    25.8296  13.7335  -0.50833E+01  -0.11143E+01  -0.10167E+01   0.40000E+01   0.43398E-01
  382    26.0629  13.7351  -0.51177E+01  -0.11239E+01  -0.10263E+01   0.40000E+01   0.40829E-01
  383    26.2982  13.7368  -0.51521E+01  -0.11335E+01  -0.10359E+01   0.40000E+01   0.38409E-01
  384    26.5355  13.7384  -0.51867E+01  -0.11431E+01  -0.10455E+01   0.40000E+01   0.36112E-01
  385    26.7749  13.7400  -0.52216E+01  -0.11528E+01  -0.10553E+01   0.40000E+01   0.33926E-01
  386    27.0164  13.7416  -0.52565E+01  -0.11626E+01  -0.10651E+01   0.40000E+01   0.31875E-01
  387    27.2599  13.7431  -0.52917E+01  -0.11725E+01  -0.10749E+01   0.40000E+01   0.29952E-01
  388    27.5056  13.7447  -0.53270E+01  -0.11824E+01  -0.10848E+01   0.40000E+01   0.28120E-01
  389    27.7534  13.7462  -0.53626E+01  -0.11923E+01  -0.10948E+01   0.40000E+01   0.26388E-01
  390    28.0034  13.7477  -0.53983E+01  -0.12024E+01  -0.11048E+01   0.40000E+01   0.24727E-01
  391    28.2556  13.7492  -0.54342E+01  -0.12125E+01  -0.11149E+01   0.40000E+01   0.23204E-01
  392    28.5099  13.7506  -0.54703E+01  -0.12226E+01  -0.11250E+01   0.40000E+01   0.21738E-01
  393    28.7665  13.7521  -0.55066E+01  -0.12328E+01  -0.11353E+01   0.40000E+01   0.20348E-01
  394    29.0253  13.7535  -0.55431E+01  -0.12431E+01  -0.11455E+01   0.40000E+01   0.19087E-01
  395    29.2863  13.7549  -0.55798E+01  -0.12535E+01  -0.11559E+01   0.40000E+01   0.17842E-01
  396    29.5496  13.7563  -0.56169E+01  -0.12639E+01  -0.11664E+01   0.40000E+01   0.16677E-01
  397    29.8152  13.7577  -0.56537E+01  -0.12743E+01  -0.11768E+01   0.40000E+01   0.15591E-01
  398    30.0831  13.7590  -0.56909E+01  -0.12849E+01  -0.11873E+01   0.40000E+01   0.14571E-01
  399    30.3534  13.7604  -0.57283E+01  -0.12954E+01  -0.11979E+01   0.40000E+01   0.13616E-01
  400    30.6259  13.7617  -0.57660E+01  -0.13061E+01  -0.12085E+01   0.40000E+01   0.12711E-01
