    1     0.0001   0.0014  -0.15259E-04  -0.25886E-06   0.96668E-01   0.11691E+02   0.32028E+01
    2     0.0088   0.1221  -0.12510E-02  -0.22780E-05   0.96666E-01   0.11619E+02   0.31085E+01
    3     0.0176   0.2423  -0.26132E-02  -0.28191E-04   0.96640E-01   0.11549E+02   0.32860E+01
    4     0.0264   0.3621  -0.40393E-02  -0.62131E-04   0.96606E-01   0.11479E+02   0.34141E+01
    5     0.0353   0.4814  -0.55258E-02  -0.10330E-03   0.96565E-01   0.11410E+02   0.35365E+01
    6     0.0443   0.6003  -0.70546E-02  -0.14716E-03   0.96521E-01   0.11341E+02   0.36419E+01
    7     0.0534   0.7188  -0.86243E-02  -0.19341E-03   0.96475E-01   0.11272E+02   0.37377E+01
    8     0.0626   0.8368  -0.10233E-01  -0.24164E-03   0.96426E-01   0.11204E+02   0.38295E+01
    9     0.0718   0.9543  -0.11879E-01  -0.29147E-03   0.96376E-01   0.11136E+02   0.39199E+01
   10     0.0811   1.0713  -0.13562E-01  -0.34307E-03   0.96325E-01   0.11068E+02   0.40075E+01
   11     0.0905   1.1879  -0.15281E-01  -0.39611E-03   0.96272E-01   0.11001E+02   0.40939E+01
   12     0.1000   1.3039  -0.17035E-01  -0.45047E-03   0.96217E-01   0.10934E+02   0.41779E+01
   13     0.1096   1.4195  -0.18823E-01  -0.50608E-03   0.96162E-01   0.10867E+02   0.42623E+01
   14     0.1192   1.5346  -0.20656E-01  -0.56546E-03   0.96102E-01   0.10801E+02   0.43487E+01
   15     0.1290   1.6491  -0.22511E-01  -0.62259E-03   0.96045E-01   0.10735E+02   0.44310E+01
   16     0.1388   1.7632  -0.24400E-01  -0.68131E-03   0.95987E-01   0.10669E+02   0.45150E+01
   17     0.1487   1.8767  -0.26324E-01  -0.74136E-03   0.95927E-01   0.10603E+02   0.45976E+01
   18     0.1587   1.9897  -0.28282E-01  -0.80282E-03   0.95865E-01   0.10538E+02   0.46818E+01
   19     0.1687   2.1021  -0.30275E-01  -0.86641E-03   0.95802E-01   0.10473E+02   0.47660E+01
   20     0.1789   2.2140  -0.32302E-01  -0.93137E-03   0.95737E-01   0.10408E+02   0.48494E+01
   21     0.1891   2.3254  -0.34365E-01  -0.99851E-03   0.95669E-01   0.10344E+02   0.49345E+01
   22     0.1995   2.4362  -0.36463E-01  -0.10674E-02   0.95601E-01   0.10280E+02   0.50191E+01
   23     0.2099   2.5465  -0.38596E-01  -0.11384E-02   0.95530E-01   0.10216E+02   0.51044E+01
   24     0.2204   2.6562  -0.40764E-01  -0.12116E-02   0.95456E-01   0.10152E+02   0.51902E+01
   25     0.2310   2.7653  -0.42968E-01  -0.12871E-02   0.95381E-01   0.10089E+02   0.52765E+01
   26     0.2417   2.8738  -0.45207E-01  -0.13649E-02   0.95303E-01   0.10026E+02   0.53638E+01
   27     0.2525   2.9818  -0.47482E-01  -0.14452E-02   0.95223E-01   0.99628E+01   0.54507E+01
   28     0.2634   3.0892  -0.49791E-01  -0.15274E-02   0.95141E-01   0.99004E+01   0.55387E+01
   29     0.2744   3.1959  -0.52138E-01  -0.16125E-02   0.95055E-01   0.98383E+01   0.56276E+01
   30     0.2855   3.3021  -0.54520E-01  -0.17001E-02   0.94968E-01   0.97764E+01   0.57171E+01
   31     0.2967   3.4077  -0.56938E-01  -0.17905E-02   0.94877E-01   0.97149E+01   0.58067E+01
   32     0.3079   3.5127  -0.59393E-01  -0.18842E-02   0.94784E-01   0.96536E+01   0.58972E+01
   33     0.3193   3.6170  -0.61871E-01  -0.19775E-02   0.94690E-01   0.95926E+01   0.59889E+01
   34     0.3308   3.7207  -0.64402E-01  -0.20776E-02   0.94590E-01   0.95320E+01   0.60808E+01
   35     0.3423   3.8238  -0.66971E-01  -0.21818E-02   0.94486E-01   0.94717E+01   0.61720E+01
   36     0.3540   3.9263  -0.69580E-01  -0.22898E-02   0.94378E-01   0.94117E+01   0.62655E+01
   37     0.3658   4.0281  -0.72228E-01  -0.24019E-02   0.94266E-01   0.93520E+01   0.63588E+01
   38     0.3777   4.1293  -0.74915E-01  -0.25180E-02   0.94150E-01   0.92926E+01   0.64529E+01
   39     0.3896   4.2299  -0.77640E-01  -0.26373E-02   0.94031E-01   0.92337E+01   0.65477E+01
   40     0.4017   4.3298  -0.80403E-01  -0.27604E-02   0.93908E-01   0.91750E+01   0.66432E+01
   41     0.4139   4.4291  -0.83203E-01  -0.28873E-02   0.93781E-01   0.91166E+01   0.67397E+01
   42     0.4262   4.5276  -0.86041E-01  -0.30181E-02   0.93650E-01   0.90585E+01   0.68371E+01
   43     0.4386   4.6256  -0.88919E-01  -0.31536E-02   0.93514E-01   0.90007E+01   0.69342E+01
   44     0.4511   4.7229  -0.91836E-01  -0.32933E-02   0.93375E-01   0.89433E+01   0.70321E+01
   45     0.4637   4.8195  -0.94794E-01  -0.34377E-02   0.93230E-01   0.88862E+01   0.71313E+01
   46     0.4764   4.9154  -0.97792E-01  -0.35869E-02   0.93081E-01   0.88294E+01   0.72306E+01
   47     0.4893   5.0106  -0.10083E+00  -0.37415E-02   0.92926E-01   0.87730E+01   0.73306E+01
   48     0.5022   5.1052  -0.10391E+00  -0.39010E-02   0.92767E-01   0.87169E+01   0.74307E+01
   49     0.5153   5.1991  -0.10703E+00  -0.40658E-02   0.92602E-01   0.86611E+01   0.75311E+01
   50     0.5285   5.2923  -0.11020E+00  -0.42359E-02   0.92432E-01   0.86057E+01   0.76333E+01
   51     0.5417   5.3849  -0.11340E+00  -0.44113E-02   0.92257E-01   0.85506E+01   0.77347E+01
   52     0.5552   5.4767  -0.11665E+00  -0.45925E-02   0.92075E-01   0.84958E+01   0.78375E+01
   53     0.5687   5.5679  -0.11994E+00  -0.47785E-02   0.91889E-01   0.84414E+01   0.79418E+01
   54     0.5823   5.6583  -0.12327E+00  -0.49705E-02   0.91697E-01   0.83874E+01   0.80448E+01
   55     0.5961   5.7481  -0.12665E+00  -0.51684E-02   0.91500E-01   0.83336E+01   0.81491E+01
   56     0.6099   5.8371  -0.13007E+00  -0.53725E-02   0.91295E-01   0.82803E+01   0.82540E+01
   57     0.6239   5.9255  -0.13353E+00  -0.55823E-02   0.91086E-01   0.82272E+01   0.83586E+01
   58     0.6381   6.0132  -0.13703E+00  -0.57982E-02   0.90870E-01   0.81745E+01   0.84639E+01
   59     0.6523   6.1001  -0.14058E+00  -0.60204E-02   0.90648E-01   0.81222E+01   0.85695E+01
   60     0.6667   6.1864  -0.14417E+00  -0.62491E-02   0.90419E-01   0.80701E+01   0.86754E+01
   61     0.6812   6.2719  -0.14780E+00  -0.64844E-02   0.90184E-01   0.80185E+01   0.87821E+01
   62     0.6958   6.3568  -0.15148E+00  -0.67263E-02   0.89942E-01   0.79672E+01   0.88886E+01
   63     0.7105   6.4409  -0.15521E+00  -0.69753E-02   0.89693E-01   0.79163E+01   0.89964E+01
   64     0.7254   6.5244  -0.15898E+00  -0.72312E-02   0.89437E-01   0.78657E+01   0.91027E+01
   65     0.7404   6.6071  -0.16280E+00  -0.74939E-02   0.89174E-01   0.78155E+01   0.92101E+01
   66     0.7555   6.6891  -0.16666E+00  -0.77630E-02   0.88905E-01   0.77656E+01   0.93173E+01
   67     0.7708   6.7704  -0.17056E+00  -0.80391E-02   0.88629E-01   0.77161E+01   0.94251E+01
   68     0.7862   6.8511  -0.17451E+00  -0.83223E-02   0.88346E-01   0.76669E+01   0.95337E+01
   69     0.8017   6.9310  -0.17851E+00  -0.86124E-02   0.88056E-01   0.76181E+01   0.96422E+01
   70     0.8174   7.0102  -0.18255E+00  -0.89110E-02   0.87757E-01   0.75697E+01   0.97509E+01
   71     0.8332   7.0886  -0.18665E+00  -0.92184E-02   0.87450E-01   0.75216E+01   0.98600E+01
   72     0.8491   7.1664  -0.19079E+00  -0.95340E-02   0.87134E-01   0.74739E+01   0.99684E+01
   73     0.8652   7.2435  -0.19498E+00  -0.98569E-02   0.86811E-01   0.74266E+01   0.10078E+02
   74     0.8814   7.3199  -0.19921E+00  -0.10187E-01   0.86481E-01   0.73796E+01   0.10187E+02
   75     0.8977   7.3956  -0.20349E+00  -0.10525E-01   0.86143E-01   0.73329E+01   0.10296E+02
   76     0.9142   7.4705  -0.20782E+00  -0.10870E-01   0.85798E-01   0.72866E+01   0.10405E+02
   77     0.9309   7.5448  -0.21219E+00  -0.11224E-01   0.85444E-01   0.72406E+01   0.10513E+02
   78     0.9477   7.6184  -0.21661E+00  -0.11586E-01   0.85082E-01   0.71950E+01   0.10622E+02
   79     0.9646   7.6913  -0.22109E+00  -0.11957E-01   0.84711E-01   0.71498E+01   0.10730E+02
   80     0.9817   7.7635  -0.22560E+00  -0.12335E-01   0.84333E-01   0.71050E+01   0.10839E+02
   81     0.9989   7.8350  -0.23017E+00  -0.12721E-01   0.83947E-01   0.70605E+01   0.10948E+02
   82     1.0163   7.9058  -0.23477E+00  -0.13115E-01   0.83553E-01   0.70163E+01   0.11057E+02
   83     1.0338   7.9759  -0.23943E+00  -0.13518E-01   0.83150E-01   0.69725E+01   0.11165E+02
   84     1.0515   8.0453  -0.24415E+00  -0.13932E-01   0.82736E-01   0.69291E+01   0.11272E+02
   85     1.0693   8.1141  -0.24891E+00  -0.14356E-01   0.82312E-01   0.68860E+01   0.11379E+02
   86     1.0873   8.1821  -0.25373E+00  -0.14789E-01   0.81879E-01   0.68434E+01   0.11485E+02
   87     1.1055   8.2495  -0.25860E+00  -0.15231E-01   0.81437E-01   0.68010E+01   0.11592E+02
   88     1.1238   8.3162  -0.26351E+00  -0.15682E-01   0.80986E-01   0.67590E+01   0.11698E+02
   89     1.1423   8.3823  -0.26848E+00  -0.16143E-01   0.80525E-01   0.67175E+01   0.11803E+02
   90     1.1609   8.4477  -0.27350E+00  -0.16613E-01   0.80055E-01   0.66762E+01   0.11909E+02
   91     1.1797   8.5124  -0.27857E+00  -0.17093E-01   0.79575E-01   0.66353E+01   0.12014E+02
   92     1.1986   8.5764  -0.28369E+00  -0.17582E-01   0.79086E-01   0.65948E+01   0.12118E+02
   93     1.2177   8.6398  -0.28886E+00  -0.18081E-01   0.78587E-01   0.65546E+01   0.12221E+02
   94     1.2370   8.7025  -0.29408E+00  -0.18590E-01   0.78078E-01   0.65148E+01   0.12325E+02
   95     1.2565   8.7646  -0.29935E+00  -0.19109E-01   0.77559E-01   0.64754E+01   0.12428E+02
   96     1.2761   8.8260  -0.30468E+00  -0.19639E-01   0.77029E-01   0.64363E+01   0.12529E+02
   97     1.2959   8.8868  -0.31006E+00  -0.20180E-01   0.76488E-01   0.63975E+01   0.12630E+02
   98     1.3158   8.9469  -0.31549E+00  -0.20730E-01   0.75938E-01   0.63592E+01   0.12730E+02
   99     1.3360   9.0065  -0.32097E+00  -0.21291E-01   0.75377E-01   0.63211E+01   0.12828E+02
  100     1.3563   9.0653  -0.32651E+00  -0.21863E-01   0.74805E-01   0.62835E+01   0.12926E+02
  101     1.3767   9.1236  -0.33210E+00  -0.22446E-01   0.74222E-01   0.62462E+01   0.13023E+02
  102     1.3974   9.1812  -0.33775E+00  -0.23039E-01   0.73629E-01   0.62092E+01   0.13118E+02
  103     1.4183   9.2382  -0.34345E+00  -0.23643E-01   0.73025E-01   0.61726E+01   0.13213E+02
  104     1.4393   9.2945  -0.34920E+00  -0.24259E-01   0.72409E-01   0.61364E+01   0.13307E+02
  105     1.4605   9.3503  -0.35500E+00  -0.24885E-01   0.71783E-01   0.61005E+01   0.13401E+02
  106     1.4819   9.4054  -0.36086E+00  -0.25522E-01   0.71146E-01   0.60649E+01   0.13493E+02
  107     1.5035   9.4600  -0.36677E+00  -0.26170E-01   0.70498E-01   0.60297E+01   0.13584E+02
  108     1.5252   9.5139  -0.37273E+00  -0.26830E-01   0.69838E-01   0.59949E+01   0.13674E+02
  109     1.5472   9.5673  -0.37875E+00  -0.27501E-01   0.69166E-01   0.59604E+01   0.13762E+02
  110     1.5693   9.6200  -0.38483E+00  -0.28186E-01   0.68482E-01   0.59262E+01   0.13849E+02
  111     1.5917   9.6722  -0.39096E+00  -0.28881E-01   0.67787E-01   0.58925E+01   0.13934E+02
  112     1.6142   9.7238  -0.39715E+00  -0.29587E-01   0.67081E-01   0.58591E+01   0.14019E+02
  113     1.6369   9.7748  -0.40339E+00  -0.30305E-01   0.66363E-01   0.58260E+01   0.14102E+02
  114     1.6598   9.8252  -0.40969E+00  -0.31035E-01   0.65633E-01   0.57933E+01   0.14184E+02
  115     1.6830   9.8751  -0.41604E+00  -0.31777E-01   0.64891E-01   0.57609E+01   0.14264E+02
  116     1.7063   9.9244  -0.42245E+00  -0.32532E-01   0.64136E-01   0.57289E+01   0.14343E+02
  117     1.7298   9.9731  -0.42892E+00  -0.33301E-01   0.63367E-01   0.56973E+01   0.14420E+02
  118     1.7536  10.0213  -0.43545E+00  -0.34082E-01   0.62586E-01   0.56659E+01   0.14495E+02
  119     1.7775  10.0689  -0.44203E+00  -0.34875E-01   0.61793E-01   0.56350E+01   0.14568E+02
  120     1.8016  10.1160  -0.44867E+00  -0.35681E-01   0.60987E-01   0.56044E+01   0.14640E+02
  121     1.8260  10.1626  -0.45537E+00  -0.36500E-01   0.60168E-01   0.55741E+01   0.14710E+02
  122     1.8506  10.2086  -0.46212E+00  -0.37332E-01   0.59336E-01   0.55442E+01   0.14779E+02
  123     1.8753  10.2541  -0.46894E+00  -0.38177E-01   0.58491E-01   0.55147E+01   0.14847E+02
  124     1.9003  10.2990  -0.47581E+00  -0.39035E-01   0.57633E-01   0.54855E+01   0.14912E+02
  125     1.9256  10.3434  -0.48274E+00  -0.39907E-01   0.56761E-01   0.54567E+01   0.14975E+02
  126     1.9510  10.3873  -0.48973E+00  -0.40791E-01   0.55877E-01   0.54282E+01   0.15035E+02
  127     1.9766  10.4307  -0.49677E+00  -0.41688E-01   0.54980E-01   0.54000E+01   0.15094E+02
  128     2.0025  10.4736  -0.50388E+00  -0.42599E-01   0.54069E-01   0.53722E+01   0.15151E+02
  129     2.0286  10.5160  -0.51104E+00  -0.43523E-01   0.53145E-01   0.53447E+01   0.15206E+02
  130     2.0550  10.5579  -0.51827E+00  -0.44462E-01   0.52206E-01   0.53176E+01   0.15259E+02
  131     2.0815  10.5993  -0.52555E+00  -0.45414E-01   0.51254E-01   0.52909E+01   0.15310E+02
  132     2.1083  10.6402  -0.53290E+00  -0.46381E-01   0.50287E-01   0.52645E+01   0.15358E+02
  133     2.1353  10.6806  -0.54030E+00  -0.47362E-01   0.49306E-01   0.52384E+01   0.15405E+02
  134     2.1626  10.7205  -0.54776E+00  -0.48356E-01   0.48312E-01   0.52127E+01   0.15450E+02
  135     2.1901  10.7600  -0.55528E+00  -0.49363E-01   0.47305E-01   0.51873E+01   0.15493E+02
  136     2.2178  10.7990  -0.56287E+00  -0.50386E-01   0.46282E-01   0.51623E+01   0.15533E+02
  137     2.2458  10.8375  -0.57051E+00  -0.51423E-01   0.45245E-01   0.51376E+01   0.15571E+02
  138     2.2740  10.8756  -0.57822E+00  -0.52475E-01   0.44193E-01   0.51133E+01   0.15607E+02
  139     2.3025  10.9132  -0.58599E+00  -0.53542E-01   0.43126E-01   0.50893E+01   0.15641E+02
  140     2.3312  10.9504  -0.59382E+00  -0.54624E-01   0.42044E-01   0.50657E+01   0.15673E+02
  141     2.3602  10.9871  -0.60171E+00  -0.55720E-01   0.40948E-01   0.50424E+01   0.15699E+02
  142     2.3894  11.0234  -0.60967E+00  -0.56833E-01   0.39835E-01   0.50194E+01   0.15731E+02
  143     2.4188  11.0592  -0.61769E+00  -0.57962E-01   0.38706E-01   0.49968E+01   0.15751E+02
  144     2.4486  11.0946  -0.62578E+00  -0.59104E-01   0.37563E-01   0.49746E+01   0.15734E+02
  145     2.4785  11.1296  -0.63392E+00  -0.60261E-01   0.36407E-01   0.49527E+01   0.15762E+02
  146     2.5088  11.1641  -0.64213E+00  -0.61435E-01   0.35233E-01   0.49312E+01   0.15814E+02
  147     2.5393  11.1982  -0.65040E+00  -0.62625E-01   0.34043E-01   0.49099E+01   0.15825E+02
  148     2.5701  11.2320  -0.65875E+00  -0.63833E-01   0.32835E-01   0.48891E+01   0.15834E+02
  149     2.6011  11.2653  -0.66714E+00  -0.65052E-01   0.31616E-01   0.48685E+01   0.15846E+02
  150     2.6324  11.2982  -0.67560E+00  -0.66287E-01   0.30381E-01   0.48483E+01   0.15851E+02
  151     2.6640  11.3306  -0.68418E+00  -0.67555E-01   0.29113E-01   0.48285E+01   0.15852E+02
  152     2.6958  11.3627  -0.69256E+00  -0.68760E-01   0.27908E-01   0.48085E+01   0.15861E+02
  153     2.7280  11.3944  -0.70103E+00  -0.69986E-01   0.26682E-01   0.47889E+01   0.15866E+02
  154     2.7604  11.4258  -0.71008E+00  -0.71387E-01   0.25281E-01   0.47708E+01   0.15852E+02
  155     2.7931  11.4567  -0.71894E+00  -0.72728E-01   0.23940E-01   0.47524E+01   0.15842E+02
  156     2.8260  11.4872  -0.72775E+00  -0.74049E-01   0.22619E-01   0.47341E+01   0.15835E+02
  157     2.8593  11.5174  -0.73669E+00  -0.75407E-01   0.21261E-01   0.47163E+01   0.15824E+02
  158     2.8929  11.5472  -0.74567E+00  -0.76775E-01   0.19893E-01   0.46987E+01   0.15804E+02
  159     2.9267  11.5766  -0.75472E+00  -0.78159E-01   0.18509E-01   0.46815E+01   0.15823E+02
  160     2.9608  11.6057  -0.76383E+00  -0.79561E-01   0.17107E-01   0.46646E+01   0.15813E+02
  161     2.9953  11.6344  -0.77302E+00  -0.80982E-01   0.15685E-01   0.46481E+01   0.15750E+02
  162     3.0300  11.6628  -0.78228E+00  -0.82423E-01   0.14245E-01   0.46318E+01   0.15729E+02
  163     3.0651  11.6908  -0.79160E+00  -0.83878E-01   0.12790E-01   0.46159E+01   0.15704E+02
  164     3.1004  11.7184  -0.80099E+00  -0.85352E-01   0.11316E-01   0.46003E+01   0.15673E+02
  165     3.1360  11.7458  -0.81045E+00  -0.86844E-01   0.98242E-02   0.45850E+01   0.15643E+02
  166     3.1720  11.7727  -0.81998E+00  -0.88355E-01   0.83128E-02   0.45700E+01   0.15611E+02
  167     3.2083  11.7994  -0.82959E+00  -0.89886E-01   0.67819E-02   0.45554E+01   0.15573E+02
  168     3.2449  11.8257  -0.83926E+00  -0.91434E-01   0.52341E-02   0.45410E+01   0.15533E+02
  169     3.2818  11.8517  -0.84900E+00  -0.93001E-01   0.36674E-02   0.45270E+01   0.15491E+02
  170     3.3190  11.8773  -0.85880E+00  -0.94586E-01   0.20821E-02   0.45132E+01   0.15447E+02
  171     3.3565  11.9026  -0.86868E+00  -0.96189E-01   0.47856E-03   0.44998E+01   0.15400E+02
  172     3.3944  11.9277  -0.87863E+00  -0.97813E-01  -0.11453E-02   0.44866E+01   0.15350E+02
  173     3.4326  11.9524  -0.88866E+00  -0.99459E-01  -0.27907E-02   0.44737E+01   0.15297E+02
  174     3.4712  11.9768  -0.89875E+00  -0.10112E+00  -0.44528E-02   0.44612E+01   0.15243E+02
  175     3.5100  12.0009  -0.90890E+00  -0.10280E+00  -0.61324E-02   0.44489E+01   0.15185E+02
  176     3.5492  12.0246  -0.91914E+00  -0.10450E+00  -0.78340E-02   0.44368E+01   0.15126E+02
  177     3.5888  12.0481  -0.92945E+00  -0.10622E+00  -0.95559E-02   0.44251E+01   0.15063E+02
  178     3.6287  12.0713  -0.93982E+00  -0.10797E+00  -0.11297E-01   0.44136E+01   0.14999E+02
  179     3.6689  12.0942  -0.95027E+00  -0.10972E+00  -0.13057E-01   0.44024E+01   0.14930E+02
  180     3.7095  12.1169  -0.96080E+00  -0.11151E+00  -0.14842E-01   0.43915E+01   0.14862E+02
  181     3.7505  12.1392  -0.97139E+00  -0.11331E+00  -0.16644E-01   0.43809E+01   0.14791E+02
  182     3.7918  12.1612  -0.98206E+00  -0.11513E+00  -0.18466E-01   0.43704E+01   0.14717E+02
  183     3.8334  12.1830  -0.99280E+00  -0.11698E+00  -0.20310E-01   0.43603E+01   0.14640E+02
  184     3.8754  12.2045  -0.10036E+01  -0.11884E+00  -0.22174E-01   0.43504E+01   0.14563E+02
  185     3.9178  12.2257  -0.10145E+01  -0.12073E+00  -0.24060E-01   0.43407E+01   0.14483E+02
  186     3.9606  12.2467  -0.10255E+01  -0.12263E+00  -0.25967E-01   0.43313E+01   0.14399E+02
  187     4.0037  12.2674  -0.10365E+01  -0.12457E+00  -0.27898E-01   0.43221E+01   0.14316E+02
  188     4.0472  12.2878  -0.10476E+01  -0.12652E+00  -0.29848E-01   0.43132E+01   0.14228E+02
  189     4.0911  12.3080  -0.10588E+01  -0.12849E+00  -0.31821E-01   0.43045E+01   0.14139E+02
  190     4.1353  12.3279  -0.10701E+01  -0.13048E+00  -0.33817E-01   0.42960E+01   0.14049E+02
  191     4.1800  12.3476  -0.10814E+01  -0.13250E+00  -0.35836E-01   0.42878E+01   0.13955E+02
  192     4.2250  12.3670  -0.10929E+01  -0.13454E+00  -0.37875E-01   0.42797E+01   0.13861E+02
  193     4.2705  12.3862  -0.11044E+01  -0.13661E+00  -0.39939E-01   0.42719E+01   0.13766E+02
  194     4.3163  12.4051  -0.11159E+01  -0.13869E+00  -0.42024E-01   0.42643E+01   0.13663E+02
  195     4.3625  12.4238  -0.11276E+01  -0.14080E+00  -0.44132E-01   0.42568E+01   0.13564E+02
  196     4.4091  12.4423  -0.11393E+01  -0.14293E+00  -0.46264E-01   0.42496E+01   0.13461E+02
  197     4.4561  12.4605  -0.11511E+01  -0.14508E+00  -0.48415E-01   0.42426E+01   0.13357E+02
  198     4.5036  12.4785  -0.11630E+01  -0.14727E+00  -0.50598E-01   0.42358E+01   0.13250E+02
  199     4.5514  12.4962  -0.11750E+01  -0.14947E+00  -0.52807E-01   0.42292E+01   0.13142E+02
  200     4.5997  12.5138  -0.11870E+01  -0.15169E+00  -0.55022E-01   0.42227E+01   0.13034E+02
  201     4.6484  12.5311  -0.11991E+01  -0.15394E+00  -0.57274E-01   0.42164E+01   0.12922E+02
  202     4.6975  12.5482  -0.12113E+01  -0.15622E+00  -0.59549E-01   0.42103E+01   0.12811E+02
  203     4.7470  12.5650  -0.12236E+01  -0.15851E+00  -0.61847E-01   0.42044E+01   0.12695E+02
  204     4.7970  12.5817  -0.12360E+01  -0.16084E+00  -0.64170E-01   0.41986E+01   0.12577E+02
  205     4.8474  12.5981  -0.12484E+01  -0.16319E+00  -0.66519E-01   0.41930E+01   0.12465E+02
  206     4.8982  12.6144  -0.12610E+01  -0.16556E+00  -0.68893E-01   0.41876E+01   0.12345E+02
  207     4.9495  12.6304  -0.12736E+01  -0.16796E+00  -0.71290E-01   0.41823E+01   0.12226E+02
  208     5.0012  12.6462  -0.12863E+01  -0.17038E+00  -0.73714E-01   0.41771E+01   0.12104E+02
  209     5.0534  12.6619  -0.12990E+01  -0.17283E+00  -0.76158E-01   0.41721E+01   0.11983E+02
  210     5.1060  12.6773  -0.13119E+01  -0.17530E+00  -0.78633E-01   0.41673E+01   0.11860E+02
  211     5.1591  12.6925  -0.13248E+01  -0.17780E+00  -0.81136E-01   0.41626E+01   0.11735E+02
  212     5.2126  12.7076  -0.13379E+01  -0.18033E+00  -0.83658E-01   0.41580E+01   0.11610E+02
  213     5.2667  12.7224  -0.13510E+01  -0.18288E+00  -0.86211E-01   0.41536E+01   0.11484E+02
  214     5.3211  12.7371  -0.13642E+01  -0.18546E+00  -0.88789E-01   0.41492E+01   0.11357E+02
  215     5.3761  12.7515  -0.13774E+01  -0.18806E+00  -0.91393E-01   0.41451E+01   0.11229E+02
  216     5.4315  12.7658  -0.13908E+01  -0.19070E+00  -0.94027E-01   0.41410E+01   0.11100E+02
  217     5.4874  12.7799  -0.14043E+01  -0.19335E+00  -0.96686E-01   0.41371E+01   0.10971E+02
  218     5.5438  12.7938  -0.14178E+01  -0.19604E+00  -0.99370E-01   0.41332E+01   0.10839E+02
  219     5.6007  12.8076  -0.14314E+01  -0.19875E+00  -0.10208E+00   0.41295E+01   0.10708E+02
  220     5.6581  12.8211  -0.14451E+01  -0.20149E+00  -0.10482E+00   0.41259E+01   0.10576E+02
  221     5.7160  12.8345  -0.14589E+01  -0.20425E+00  -0.10759E+00   0.41224E+01   0.10443E+02
  222     5.7744  12.8477  -0.14728E+01  -0.20705E+00  -0.11038E+00   0.41190E+01   0.10310E+02
  223     5.8333  12.8608  -0.14867E+01  -0.20987E+00  -0.11320E+00   0.41157E+01   0.10178E+02
  224     5.8927  12.8737  -0.15008E+01  -0.21272E+00  -0.11605E+00   0.41125E+01   0.10045E+02
  225     5.9526  12.8864  -0.15149E+01  -0.21560E+00  -0.11893E+00   0.41094E+01   0.99096E+01
  226     6.0131  12.8990  -0.15291E+01  -0.21850E+00  -0.12183E+00   0.41064E+01   0.97754E+01
  227     6.0740  12.9114  -0.15435E+01  -0.22144E+00  -0.12477E+00   0.41034E+01   0.96417E+01
  228     6.1355  12.9236  -0.15579E+01  -0.22440E+00  -0.12773E+00   0.41006E+01   0.95073E+01
  229     6.1976  12.9357  -0.15724E+01  -0.22739E+00  -0.13073E+00   0.40979E+01   0.93713E+01
  230     6.2602  12.9476  -0.15870E+01  -0.23041E+00  -0.13374E+00   0.40952E+01   0.92376E+01
  231     6.3233  12.9594  -0.16017E+01  -0.23346E+00  -0.13680E+00   0.40926E+01   0.91016E+01
  232     6.3869  12.9710  -0.16164E+01  -0.23655E+00  -0.13988E+00   0.40901E+01   0.89670E+01
  233     6.4512  12.9825  -0.16313E+01  -0.23965E+00  -0.14298E+00   0.40876E+01   0.88314E+01
  234     6.5159  12.9938  -0.16462E+01  -0.24279E+00  -0.14612E+00   0.40852E+01   0.86967E+01
  235     6.5813  13.0050  -0.16613E+01  -0.24596E+00  -0.14929E+00   0.40829E+01   0.85623E+01
  236     6.6472  13.0160  -0.16764E+01  -0.24916E+00  -0.15249E+00   0.40807E+01   0.84264E+01
  237     6.7137  13.0269  -0.16916E+01  -0.25238E+00  -0.15571E+00   0.40785E+01   0.82936E+01
  238     6.7807  13.0377  -0.17070E+01  -0.25564E+00  -0.15897E+00   0.40764E+01   0.81600E+01
  239     6.8484  13.0483  -0.17224E+01  -0.25893E+00  -0.16226E+00   0.40744E+01   0.80267E+01
  240     6.9166  13.0588  -0.17379E+01  -0.26224E+00  -0.16558E+00   0.40724E+01   0.78936E+01
  241     6.9854  13.0691  -0.17535E+01  -0.26559E+00  -0.16893E+00   0.40705E+01   0.77605E+01
  242     7.0549  13.0794  -0.17692E+01  -0.26898E+00  -0.17231E+00   0.40686E+01   0.76288E+01
  243     7.1249  13.0894  -0.17850E+01  -0.27239E+00  -0.17573E+00   0.40668E+01   0.74975E+01
  244     7.1955  13.0994  -0.18009E+01  -0.27583E+00  -0.17916E+00   0.40651E+01   0.73674E+01
  245     7.2668  13.1092  -0.18169E+01  -0.27931E+00  -0.18264E+00   0.40634E+01   0.72357E+01
  246     7.3387  13.1189  -0.18330E+01  -0.28281E+00  -0.18614E+00   0.40617E+01   0.71060E+01
  247     7.4112  13.1285  -0.18492E+01  -0.28635E+00  -0.18968E+00   0.40601E+01   0.69763E+01
  248     7.4843  13.1380  -0.18654E+01  -0.28992E+00  -0.19325E+00   0.40585E+01   0.68478E+01
  249     7.5580  13.1473  -0.18818E+01  -0.29352E+00  -0.19685E+00   0.40570E+01   0.67209E+01
  250     7.6324  13.1565  -0.18983E+01  -0.29716E+00  -0.20049E+00   0.40555E+01   0.65935E+01
  251     7.7075  13.1656  -0.19149E+01  -0.30082E+00  -0.20415E+00   0.40541E+01   0.64687E+01
  252     7.7832  13.1746  -0.19315E+01  -0.30452E+00  -0.20785E+00   0.40527E+01   0.63432E+01
  253     7.8596  13.1834  -0.19483E+01  -0.30825E+00  -0.21158E+00   0.40514E+01   0.62205E+01
  254     7.9366  13.1922  -0.19652E+01  -0.31201E+00  -0.21534E+00   0.40501E+01   0.60958E+01
  255     8.0143  13.2008  -0.19822E+01  -0.31581E+00  -0.21914E+00   0.40488E+01   0.59746E+01
  256     8.0926  13.2093  -0.19992E+01  -0.31964E+00  -0.22297E+00   0.40476E+01   0.58541E+01
  257     8.1717  13.2178  -0.20164E+01  -0.32351E+00  -0.22684E+00   0.40464E+01   0.57332E+01
  258     8.2514  13.2261  -0.20337E+01  -0.32740E+00  -0.23073E+00   0.40452E+01   0.56148E+01
  259     8.3319  13.2343  -0.20511E+01  -0.33133E+00  -0.23466E+00   0.40441E+01   0.54973E+01
  260     8.4130  13.2424  -0.20686E+01  -0.33530E+00  -0.23863E+00   0.40430E+01   0.53808E+01
  261     8.4948  13.2503  -0.20861E+01  -0.33929E+00  -0.24262E+00   0.40419E+01   0.52655E+01
  262     8.5774  13.2582  -0.21038E+01  -0.34332E+00  -0.24666E+00   0.40409E+01   0.51521E+01
  263     8.6606  13.2660  -0.21216E+01  -0.34739E+00  -0.25072E+00   0.40398E+01   0.50391E+01
  264     8.7446  13.2737  -0.21395E+01  -0.35149E+00  -0.25483E+00   0.40389E+01   0.49267E+01
  265     8.8293  13.2813  -0.21575E+01  -0.35563E+00  -0.25896E+00   0.40379E+01   0.48165E+01
  266     8.9148  13.2888  -0.21757E+01  -0.35980E+00  -0.26314E+00   0.40370E+01   0.47069E+01
  267     9.0010  13.2962  -0.21939E+01  -0.36401E+00  -0.26734E+00   0.40361E+01   0.45995E+01
  268     9.0879  13.3035  -0.22122E+01  -0.36825E+00  -0.27158E+00   0.40352E+01   0.44933E+01
  269     9.1756  13.3107  -0.22306E+01  -0.37253E+00  -0.27586E+00   0.40344E+01   0.43872E+01
  270     9.2641  13.3178  -0.22492E+01  -0.37683E+00  -0.28017E+00   0.40335E+01   0.42846E+01
  271     9.3534  13.3248  -0.22678E+01  -0.38118E+00  -0.28452E+00   0.40327E+01   0.41817E+01
  272     9.4434  13.3317  -0.22866E+01  -0.38557E+00  -0.28890E+00   0.40320E+01   0.40812E+01
  273     9.5342  13.3386  -0.23054E+01  -0.38999E+00  -0.29332E+00   0.40312E+01   0.39820E+01
  274     9.6257  13.3453  -0.23244E+01  -0.39445E+00  -0.29778E+00   0.40305E+01   0.38830E+01
  275     9.7181  13.3520  -0.23435E+01  -0.39894E+00  -0.30227E+00   0.40297E+01   0.37865E+01
  276     9.8113  13.3586  -0.23627E+01  -0.40347E+00  -0.30680E+00   0.40290E+01   0.36916E+01
  277     9.9053  13.3651  -0.23820E+01  -0.40804E+00  -0.31137E+00   0.40284E+01   0.35969E+01
  278    10.0001  13.3715  -0.24014E+01  -0.41263E+00  -0.31596E+00   0.40277E+01   0.35045E+01
  279    10.0957  13.3778  -0.24209E+01  -0.41728E+00  -0.32061E+00   0.40271E+01   0.34145E+01
  280    10.1922  13.3841  -0.24406E+01  -0.42195E+00  -0.32528E+00   0.40264E+01   0.33252E+01
  281    10.2895  13.3902  -0.24603E+01  -0.42666E+00  -0.32999E+00   0.40258E+01   0.32376E+01
  282    10.3877  13.3963  -0.24802E+01  -0.43142E+00  -0.33475E+00   0.40252E+01   0.31509E+01
  283    10.4867  13.4023  -0.25002E+01  -0.43621E+00  -0.33954E+00   0.40247E+01   0.30657E+01
  284    10.5865  13.4083  -0.25203E+01  -0.44104E+00  -0.34437E+00   0.40241E+01   0.29828E+01
  285    10.6873  13.4141  -0.25405E+01  -0.44590E+00  -0.34924E+00   0.40235E+01   0.29000E+01
  286    10.7889  13.4199  -0.25608E+01  -0.45081E+00  -0.35414E+00   0.40230E+01   0.28196E+01
  287    10.8914  13.4256  -0.25813E+01  -0.45575E+00  -0.35908E+00   0.40225E+01   0.27397E+01
  288    10.9947  13.4312  -0.26018E+01  -0.46073E+00  -0.36406E+00   0.40220E+01   0.26633E+01
  289    11.0990  13.4368  -0.26225E+01  -0.46575E+00  -0.36908E+00   0.40215E+01   0.25871E+01
  290    11.2042  13.4423  -0.26433E+01  -0.47080E+00  -0.37413E+00   0.40210E+01   0.25132E+01
  291    11.3103  13.4477  -0.26643E+01  -0.47592E+00  -0.37925E+00   0.40206E+01   0.24396E+01
  292    11.4173  13.4530  -0.26853E+01  -0.48105E+00  -0.38438E+00   0.40201E+01   0.23684E+01
  293    11.5253  13.4583  -0.27064E+01  -0.48623E+00  -0.38956E+00   0.40197E+01   0.22986E+01
  294    11.6342  13.4635  -0.27277E+01  -0.49146E+00  -0.39479E+00   0.40192E+01   0.22282E+01
  295    11.7440  13.4687  -0.27491E+01  -0.49671E+00  -0.40004E+00   0.40188E+01   0.21617E+01
  296    11.8548  13.4738  -0.27706E+01  -0.50201E+00  -0.40534E+00   0.40184E+01   0.20958E+01
  297    11.9666  13.4788  -0.27922E+01  -0.50734E+00  -0.41067E+00   0.40180E+01   0.20312E+01
  298    12.0793  13.4837  -0.28140E+01  -0.51272E+00  -0.41605E+00   0.40176E+01   0.19684E+01
  299    12.1930  13.4886  -0.28359E+01  -0.51815E+00  -0.42148E+00   0.40173E+01   0.19071E+01
  300    12.3077  13.4934  -0.28579E+01  -0.52361E+00  -0.42694E+00   0.40169E+01   0.18470E+01
  301    12.4234  13.4982  -0.28801E+01  -0.52911E+00  -0.43244E+00   0.40165E+01   0.17869E+01
  302    12.5401  13.5029  -0.29023E+01  -0.53466E+00  -0.43799E+00   0.40162E+01   0.17302E+01
  303    12.6578  13.5075  -0.29247E+01  -0.54025E+00  -0.44358E+00   0.40158E+01   0.16741E+01
  304    12.7766  13.5121  -0.29472E+01  -0.54586E+00  -0.44919E+00   0.40155E+01   0.16193E+01
  305    12.8963  13.5166  -0.29698E+01  -0.55153E+00  -0.45486E+00   0.40152E+01   0.15662E+01
  306    13.0172  13.5211  -0.29926E+01  -0.55725E+00  -0.46058E+00   0.40149E+01   0.15138E+01
  307    13.1390  13.5255  -0.30155E+01  -0.56300E+00  -0.46633E+00   0.40146E+01   0.14638E+01
  308    13.2619  13.5298  -0.30385E+01  -0.56880E+00  -0.47214E+00   0.40143E+01   0.14134E+01
  309    13.3859  13.5341  -0.30616E+01  -0.57464E+00  -0.47797E+00   0.40140E+01   0.13654E+01
  310    13.5110  13.5383  -0.30849E+01  -0.58052E+00  -0.48385E+00   0.40137E+01   0.13184E+01
  311    13.6372  13.5425  -0.31083E+01  -0.58645E+00  -0.48978E+00   0.40134E+01   0.12721E+01
  312    13.7644  13.5466  -0.31319E+01  -0.59242E+00  -0.49575E+00   0.40131E+01   0.12278E+01
  313    13.8928  13.5507  -0.31555E+01  -0.59843E+00  -0.50176E+00   0.40129E+01   0.11845E+01
  314    14.0223  13.5547  -0.31793E+01  -0.60449E+00  -0.50782E+00   0.40126E+01   0.11423E+01
  315    14.1529  13.5587  -0.32033E+01  -0.61059E+00  -0.51392E+00   0.40124E+01   0.11014E+01
  316    14.2846  13.5626  -0.32273E+01  -0.61673E+00  -0.52007E+00   0.40121E+01   0.10616E+01
  317    14.4175  13.5665  -0.32515E+01  -0.62293E+00  -0.52626E+00   0.40119E+01   0.10229E+01
  318    14.5515  13.5703  -0.32759E+01  -0.62917E+00  -0.53250E+00   0.40116E+01   0.98486E+00
  319    14.6867  13.5741  -0.33003E+01  -0.63544E+00  -0.53877E+00   0.40114E+01   0.94883E+00
  320    14.8231  13.5778  -0.33250E+01  -0.64178E+00  -0.54511E+00   0.40112E+01   0.91269E+00
  321    14.9607  13.5815  -0.33497E+01  -0.64814E+00  -0.55147E+00   0.40110E+01   0.87839E+00
  322    15.0994  13.5851  -0.33746E+01  -0.65456E+00  -0.55789E+00   0.40108E+01   0.84518E+00
  323    15.2394  13.5887  -0.33996E+01  -0.66101E+00  -0.56434E+00   0.40106E+01   0.81260E+00
  324    15.3806  13.5922  -0.34247E+01  -0.66753E+00  -0.57086E+00   0.40104E+01   0.78133E+00
  325    15.5230  13.5957  -0.34500E+01  -0.67409E+00  -0.57742E+00   0.40102E+01   0.75054E+00
  326    15.6666  13.5991  -0.34755E+01  -0.68069E+00  -0.58402E+00   0.40100E+01   0.72116E+00
  327    15.8115  13.6025  -0.35010E+01  -0.68732E+00  -0.59066E+00   0.40098E+01   0.69255E+00
  328    15.9577  13.6059  -0.35267E+01  -0.69402E+00  -0.59735E+00   0.40096E+01   0.66568E+00
  329    16.1051  13.6092  -0.35526E+01  -0.70077E+00  -0.60411E+00   0.40094E+01   0.63861E+00
  330    16.2538  13.6124  -0.35786E+01  -0.70756E+00  -0.61089E+00   0.40092E+01   0.61256E+00
  331    16.4038  13.6157  -0.36048E+01  -0.71442E+00  -0.61775E+00   0.40091E+01   0.58732E+00
  332    16.5551  13.6188  -0.36311E+01  -0.72129E+00  -0.62462E+00   0.40089E+01   0.56326E+00
  333    16.7078  13.6220  -0.36575E+01  -0.72821E+00  -0.63155E+00   0.40087E+01   0.53929E+00
  334    16.8617  13.6251  -0.36840E+01  -0.73519E+00  -0.63853E+00   0.40086E+01   0.51742E+00
  335    17.0170  13.6281  -0.37108E+01  -0.74222E+00  -0.64555E+00   0.40084E+01   0.49533E+00
  336    17.1736  13.6312  -0.37376E+01  -0.74930E+00  -0.65263E+00   0.40083E+01   0.47428E+00
  337    17.3316  13.6342  -0.37647E+01  -0.75646E+00  -0.65979E+00   0.40081E+01   0.45421E+00
  338    17.4910  13.6371  -0.37918E+01  -0.76360E+00  -0.66694E+00   0.40080E+01   0.43456E+00
  339    17.6518  13.6400  -0.38191E+01  -0.77083E+00  -0.67416E+00   0.40078E+01   0.41502E+00
  340    17.8139  13.6429  -0.38466E+01  -0.77810E+00  -0.68144E+00   0.40077E+01   0.39734E+00
  341    17.9775  13.6457  -0.38742E+01  -0.78542E+00  -0.68875E+00   0.40076E+01   0.37990E+00
  342    18.1425  13.6485  -0.39020E+01  -0.79281E+00  -0.69614E+00   0.40074E+01   0.36295E+00
  343    18.3089  13.6513  -0.39299E+01  -0.80024E+00  -0.70357E+00   0.40073E+01   0.34686E+00
  344    18.4768  13.6540  -0.39580E+01  -0.80772E+00  -0.71105E+00   0.40072E+01   0.33101E+00
  345    18.6461  13.6567  -0.39863E+01  -0.81530E+00  -0.71863E+00   0.40071E+01   0.31568E+00
  346    18.8169  13.6593  -0.40145E+01  -0.82283E+00  -0.72616E+00   0.40069E+01   0.30136E+00
  347    18.9892  13.6619  -0.40431E+01  -0.83046E+00  -0.73379E+00   0.40068E+01   0.28745E+00
  348    19.1630  13.6645  -0.40718E+01  -0.83815E+00  -0.74148E+00   0.40067E+01   0.27418E+00
  349    19.3383  13.6671  -0.41006E+01  -0.84587E+00  -0.74920E+00   0.40066E+01   0.26132E+00
  350    19.5151  13.6696  -0.41296E+01  -0.85368E+00  -0.75701E+00   0.40065E+01   0.24894E+00
  351    19.6934  13.6721  -0.41588E+01  -0.86151E+00  -0.76484E+00   0.40064E+01   0.23716E+00
  352    19.8734  13.6745  -0.41880E+01  -0.86939E+00  -0.77273E+00   0.40063E+01   0.22564E+00
  353    20.0548  13.6770  -0.42175E+01  -0.87734E+00  -0.78067E+00   0.40062E+01   0.21489E+00
  354    20.2379  13.6794  -0.42471E+01  -0.88533E+00  -0.78866E+00   0.40060E+01   0.20442E+00
  355    20.4225  13.6817  -0.42769E+01  -0.89338E+00  -0.79671E+00   0.40059E+01   0.19446E+00
  356    20.6088  13.6840  -0.43069E+01  -0.90150E+00  -0.80483E+00   0.40059E+01   0.18485E+00
  357    20.7966  13.6863  -0.43370E+01  -0.90966E+00  -0.81300E+00   0.40058E+01   0.17564E+00
  358    20.9861  13.6886  -0.43673E+01  -0.91787E+00  -0.82120E+00   0.40057E+01   0.16677E+00
  359    21.1773  13.6909  -0.43977E+01  -0.92621E+00  -0.82954E+00   0.40000E+01   0.15835E+00
  360    21.3701  13.6931  -0.44283E+01  -0.93453E+00  -0.83786E+00   0.40000E+01   0.15037E+00
  361    21.5646  13.6953  -0.44591E+01  -0.94289E+00  -0.84622E+00   0.40000E+01   0.14263E+00
  362    21.7607  13.6974  -0.44900E+01  -0.95133E+00  -0.85466E+00   0.40000E+01   0.13526E+00
  363    21.9586  13.6995  -0.45211E+01  -0.95980E+00  -0.86314E+00   0.40000E+01   0.12831E+00
  364    22.1582  13.7016  -0.45524E+01  -0.96835E+00  -0.87168E+00   0.40000E+01   0.12159E+00
  365    22.3596  13.7037  -0.45838E+01  -0.97694E+00  -0.88028E+00   0.40000E+01   0.11524E+00
  366    22.5626  13.7058  -0.46154E+01  -0.98561E+00  -0.88894E+00   0.40000E+01   0.10912E+00
  367    22.7675  13.7078  -0.46472E+01  -0.99432E+00  -0.89765E+00   0.40000E+01   0.10331E+00
  368    22.9741  13.7098  -0.46791E+01  -0.10031E+01  -0.90642E+00   0.40000E+01   0.97755E-01
  369    23.1825  13.7117  -0.47112E+01  -0.10119E+01  -0.91524E+00   0.40000E+01   0.92460E-01
  370    23.3928  13.7137  -0.47435E+01  -0.10208E+01  -0.92412E+00   0.40000E+01   0.87356E-01
  371    23.6049  13.7156  -0.47759E+01  -0.10297E+01  -0.93304E+00   0.40000E+01   0.82615E-01
  372    23.8188  13.7175  -0.48085E+01  -0.10387E+01  -0.94204E+00   0.40000E+01   0.78063E-01
  373    24.0345  13.7194  -0.48413E+01  -0.10478E+01  -0.95109E+00   0.40000E+01   0.73678E-01
  374    24.2522  13.7212  -0.48743E+01  -0.10569E+01  -0.96021E+00   0.40000E+01   0.69562E-01
  375    24.4717  13.7230  -0.49075E+01  -0.10660E+01  -0.96938E+00   0.40000E+01   0.65657E-01
  376    24.6932  13.7248  -0.49408E+01  -0.10753E+01  -0.97860E+00   0.40000E+01   0.61885E-01
  377    24.9166  13.7266  -0.49743E+01  -0.10846E+01  -0.98789E+00   0.40000E+01   0.58384E-01
  378    25.1419  13.7284  -0.50079E+01  -0.10939E+01  -0.99721E+00   0.40000E+01   0.55017E-01
  379    25.3691  13.7301  -0.50418E+01  -0.11033E+01  -0.10066E+01   0.40000E+01   0.51826E-01
  380    25.5984  13.7318  -0.50758E+01  -0.11128E+01  -0.10161E+01   0.40000E+01   0.48799E-01
  381    25.8296  13.7335  -0.51100E+01  -0.11223E+01  -0.10256E+01   0.40000E+01   0.45917E-01
  382    26.0629  13.7351  -0.51444E+01  -0.11319E+01  -0.10352E+01   0.40000E+01   0.43212E-01
  383    26.2982  13.7368  -0.51789E+01  -0.11415E+01  -0.10448E+01   0.40000E+01   0.40641E-01
  384    26.5355  13.7384  -0.52136E+01  -0.11512E+01  -0.10545E+01   0.40000E+01   0.38213E-01
  385    26.7749  13.7400  -0.52486E+01  -0.11609E+01  -0.10643E+01   0.40000E+01   0.35882E-01
  386    27.0164  13.7416  -0.52837E+01  -0.11708E+01  -0.10741E+01   0.40000E+01   0.33690E-01
  387    27.2599  13.7431  -0.53189E+01  -0.11806E+01  -0.10840E+01   0.40000E+01   0.31678E-01
  388    27.5056  13.7447  -0.53544E+01  -0.11906E+01  -0.10939E+01   0.40000E+01   0.29703E-01
  389    27.7534  13.7462  -0.53901E+01  -0.12006E+01  -0.11040E+01   0.40000E+01   0.27840E-01
  390    28.0034  13.7477  -0.54259E+01  -0.12107E+01  -0.11140E+01   0.40000E+01   0.26134E-01
  391    28.2556  13.7492  -0.54618E+01  -0.12208E+01  -0.11241E+01   0.40000E+01   0.24485E-01
  392    28.5099  13.7506  -0.54982E+01  -0.12310E+01  -0.11343E+01   0.40000E+01   0.22944E-01
  393    28.7665  13.7521  -0.55345E+01  -0.12412E+01  -0.11446E+01   0.40000E+01   0.21509E-01
  394    29.0253  13.7535  -0.55711E+01  -0.12516E+01  -0.11549E+01   0.40000E+01   0.20113E-01
  395    29.2863  13.7549  -0.56079E+01  -0.12619E+01  -0.11653E+01   0.40000E+01   0.18832E-01
  396    29.5496  13.7563  -0.56449E+01  -0.12724E+01  -0.11757E+01   0.40000E+01   0.17595E-01
  397    29.8152  13.7577  -0.56820E+01  -0.12829E+01  -0.11862E+01   0.40000E+01   0.16443E-01
  398    30.0831  13.7590  -0.57193E+01  -0.12934E+01  -0.11968E+01   0.40000E+01   0.15362E-01
  399    30.3534  13.7604  -0.57568E+01  -0.13041E+01  -0.12074E+01   0.40000E+01   0.14353E-01
  400    30.6259  13.7617  -0.57945E+01  -0.13147E+01  -0.12181E+01   0.40000E+01   0.13388E-01
