    1     0.0001   0.0014  -0.15259E-04  -0.31063E-06   0.95757E-01   0.11588E+02   0.35669E+01
    2     0.0088   0.1221  -0.12660E-02  -0.39865E-05   0.95754E-01   0.11517E+02   0.35262E+01
    3     0.0176   0.2423  -0.26435E-02  -0.31737E-04   0.95726E-01   0.11448E+02   0.37259E+01
    4     0.0264   0.3621  -0.40868E-02  -0.67930E-04   0.95690E-01   0.11379E+02   0.38717E+01
    5     0.0353   0.4814  -0.55902E-02  -0.11107E-03   0.95647E-01   0.11310E+02   0.40098E+01
    6     0.0443   0.6003  -0.71369E-02  -0.15729E-03   0.95600E-01   0.11242E+02   0.41289E+01
    7     0.0534   0.7188  -0.87250E-02  -0.20595E-03   0.95552E-01   0.11174E+02   0.42376E+01
    8     0.0626   0.8368  -0.10352E-01  -0.25684E-03   0.95501E-01   0.11107E+02   0.43419E+01
    9     0.0718   0.9543  -0.12016E-01  -0.30916E-03   0.95448E-01   0.11039E+02   0.44441E+01
   10     0.0811   1.0713  -0.13717E-01  -0.36336E-03   0.95394E-01   0.10972E+02   0.45428E+01
   11     0.0905   1.1879  -0.15455E-01  -0.41896E-03   0.95339E-01   0.10906E+02   0.46408E+01
   12     0.1000   1.3039  -0.17227E-01  -0.47612E-03   0.95281E-01   0.10840E+02   0.47359E+01
   13     0.1096   1.4195  -0.19035E-01  -0.53438E-03   0.95223E-01   0.10774E+02   0.48314E+01
   14     0.1192   1.5346  -0.20877E-01  -0.59376E-03   0.95164E-01   0.10708E+02   0.49269E+01
   15     0.1290   1.6491  -0.22763E-01  -0.65686E-03   0.95101E-01   0.10642E+02   0.50221E+01
   16     0.1388   1.7632  -0.24674E-01  -0.71901E-03   0.95039E-01   0.10577E+02   0.51171E+01
   17     0.1487   1.8767  -0.26620E-01  -0.78308E-03   0.94974E-01   0.10512E+02   0.52103E+01
   18     0.1587   1.9897  -0.28601E-01  -0.84859E-03   0.94909E-01   0.10448E+02   0.53053E+01
   19     0.1687   2.1021  -0.30618E-01  -0.91614E-03   0.94841E-01   0.10383E+02   0.54002E+01
   20     0.1789   2.2140  -0.32670E-01  -0.98548E-03   0.94772E-01   0.10319E+02   0.54943E+01
   21     0.1891   2.3254  -0.34758E-01  -0.10567E-02   0.94701E-01   0.10256E+02   0.55903E+01
   22     0.1995   2.4362  -0.36881E-01  -0.11299E-02   0.94628E-01   0.10192E+02   0.56856E+01
   23     0.2099   2.5465  -0.39038E-01  -0.12052E-02   0.94552E-01   0.10129E+02   0.57816E+01
   24     0.2204   2.6562  -0.41231E-01  -0.12826E-02   0.94475E-01   0.10066E+02   0.58784E+01
   25     0.2310   2.7653  -0.43460E-01  -0.13625E-02   0.94395E-01   0.10003E+02   0.59757E+01
   26     0.2417   2.8738  -0.45724E-01  -0.14445E-02   0.94313E-01   0.99411E+01   0.60742E+01
   27     0.2525   2.9818  -0.48024E-01  -0.15286E-02   0.94229E-01   0.98790E+01   0.61722E+01
   28     0.2634   3.0892  -0.50359E-01  -0.16152E-02   0.94142E-01   0.98173E+01   0.62717E+01
   29     0.2744   3.1959  -0.52730E-01  -0.17047E-02   0.94053E-01   0.97558E+01   0.63720E+01
   30     0.2855   3.3021  -0.55138E-01  -0.17968E-02   0.93961E-01   0.96947E+01   0.64729E+01
   31     0.2967   3.4077  -0.57583E-01  -0.18922E-02   0.93865E-01   0.96338E+01   0.65739E+01
   32     0.3079   3.5127  -0.60066E-01  -0.19908E-02   0.93767E-01   0.95733E+01   0.66759E+01
   33     0.3193   3.6170  -0.62573E-01  -0.20890E-02   0.93669E-01   0.95129E+01   0.67791E+01
   34     0.3308   3.7207  -0.65131E-01  -0.21941E-02   0.93563E-01   0.94530E+01   0.68825E+01
   35     0.3423   3.8238  -0.67727E-01  -0.23028E-02   0.93455E-01   0.93934E+01   0.69849E+01
   36     0.3540   3.9263  -0.70360E-01  -0.24151E-02   0.93342E-01   0.93340E+01   0.70900E+01
   37     0.3658   4.0281  -0.73031E-01  -0.25308E-02   0.93227E-01   0.92750E+01   0.71951E+01
   38     0.3777   4.1293  -0.75740E-01  -0.26499E-02   0.93108E-01   0.92163E+01   0.73011E+01
   39     0.3896   4.2299  -0.78487E-01  -0.27728E-02   0.92985E-01   0.91579E+01   0.74078E+01
   40     0.4017   4.3298  -0.81274E-01  -0.29000E-02   0.92858E-01   0.90999E+01   0.75153E+01
   41     0.4139   4.4291  -0.84100E-01  -0.30316E-02   0.92726E-01   0.90421E+01   0.76237E+01
   42     0.4262   4.5276  -0.86966E-01  -0.31677E-02   0.92590E-01   0.89847E+01   0.77331E+01
   43     0.4386   4.6256  -0.89873E-01  -0.33086E-02   0.92449E-01   0.89276E+01   0.78420E+01
   44     0.4511   4.7229  -0.92820E-01  -0.34543E-02   0.92303E-01   0.88707E+01   0.79518E+01
   45     0.4637   4.8195  -0.95807E-01  -0.36048E-02   0.92153E-01   0.88142E+01   0.80629E+01
   46     0.4764   4.9154  -0.98835E-01  -0.37601E-02   0.91997E-01   0.87581E+01   0.81744E+01
   47     0.4893   5.0106  -0.10190E+00  -0.39202E-02   0.91837E-01   0.87022E+01   0.82866E+01
   48     0.5022   5.1052  -0.10501E+00  -0.40847E-02   0.91673E-01   0.86468E+01   0.83992E+01
   49     0.5153   5.1991  -0.10816E+00  -0.42544E-02   0.91503E-01   0.85916E+01   0.85120E+01
   50     0.5285   5.2923  -0.11136E+00  -0.44297E-02   0.91328E-01   0.85368E+01   0.86267E+01
   51     0.5417   5.3849  -0.11459E+00  -0.46110E-02   0.91147E-01   0.84823E+01   0.87405E+01
   52     0.5552   5.4767  -0.11787E+00  -0.47980E-02   0.90960E-01   0.84282E+01   0.88554E+01
   53     0.5687   5.5679  -0.12120E+00  -0.49916E-02   0.90766E-01   0.83744E+01   0.89717E+01
   54     0.5823   5.6583  -0.12457E+00  -0.51916E-02   0.90566E-01   0.83209E+01   0.90866E+01
   55     0.5961   5.7481  -0.12798E+00  -0.53975E-02   0.90360E-01   0.82678E+01   0.92033E+01
   56     0.6099   5.8371  -0.13143E+00  -0.56081E-02   0.90150E-01   0.82151E+01   0.93210E+01
   57     0.6239   5.9255  -0.13492E+00  -0.58245E-02   0.89933E-01   0.81627E+01   0.94388E+01
   58     0.6381   6.0132  -0.13846E+00  -0.60470E-02   0.89711E-01   0.81106E+01   0.95575E+01
   59     0.6523   6.1001  -0.14204E+00  -0.62758E-02   0.89482E-01   0.80588E+01   0.96764E+01
   60     0.6667   6.1864  -0.14567E+00  -0.65114E-02   0.89246E-01   0.80075E+01   0.97953E+01
   61     0.6812   6.2719  -0.14934E+00  -0.67538E-02   0.89004E-01   0.79564E+01   0.99148E+01
   62     0.6958   6.3568  -0.15305E+00  -0.70032E-02   0.88754E-01   0.79057E+01   0.10034E+02
   63     0.7105   6.4409  -0.15682E+00  -0.72597E-02   0.88498E-01   0.78553E+01   0.10155E+02
   64     0.7254   6.5244  -0.16062E+00  -0.75229E-02   0.88235E-01   0.78054E+01   0.10274E+02
   65     0.7404   6.6071  -0.16448E+00  -0.77931E-02   0.87964E-01   0.77557E+01   0.10395E+02
   66     0.7555   6.6891  -0.16838E+00  -0.80706E-02   0.87687E-01   0.77064E+01   0.10517E+02
   67     0.7708   6.7704  -0.17232E+00  -0.83555E-02   0.87402E-01   0.76575E+01   0.10638E+02
   68     0.7862   6.8511  -0.17631E+00  -0.86474E-02   0.87110E-01   0.76089E+01   0.10760E+02
   69     0.8017   6.9310  -0.18035E+00  -0.89469E-02   0.86811E-01   0.75607E+01   0.10881E+02
   70     0.8174   7.0102  -0.18443E+00  -0.92542E-02   0.86503E-01   0.75128E+01   0.11002E+02
   71     0.8332   7.0886  -0.18856E+00  -0.95687E-02   0.86189E-01   0.74653E+01   0.11124E+02
   72     0.8491   7.1664  -0.19274E+00  -0.98910E-02   0.85867E-01   0.74181E+01   0.11245E+02
   73     0.8652   7.2435  -0.19696E+00  -0.10222E-01   0.85536E-01   0.73712E+01   0.11367E+02
   74     0.8814   7.3199  -0.20124E+00  -0.10561E-01   0.85197E-01   0.73248E+01   0.11489E+02
   75     0.8977   7.3956  -0.20556E+00  -0.10908E-01   0.84850E-01   0.72787E+01   0.11610E+02
   76     0.9142   7.4705  -0.20993E+00  -0.11263E-01   0.84494E-01   0.72329E+01   0.11731E+02
   77     0.9309   7.5448  -0.21435E+00  -0.11627E-01   0.84131E-01   0.71875E+01   0.11852E+02
   78     0.9477   7.6184  -0.21881E+00  -0.11998E-01   0.83759E-01   0.71425E+01   0.11972E+02
   79     0.9646   7.6913  -0.22333E+00  -0.12377E-01   0.83380E-01   0.70978E+01   0.12093E+02
   80     0.9817   7.7635  -0.22789E+00  -0.12766E-01   0.82992E-01   0.70535E+01   0.12214E+02
   81     0.9989   7.8350  -0.23250E+00  -0.13163E-01   0.82594E-01   0.70095E+01   0.12336E+02
   82     1.0163   7.9058  -0.23717E+00  -0.13571E-01   0.82186E-01   0.69660E+01   0.12456E+02
   83     1.0338   7.9759  -0.24188E+00  -0.13989E-01   0.81769E-01   0.69228E+01   0.12575E+02
   84     1.0515   8.0453  -0.24665E+00  -0.14415E-01   0.81343E-01   0.68799E+01   0.12695E+02
   85     1.0693   8.1141  -0.25146E+00  -0.14849E-01   0.80909E-01   0.68374E+01   0.12814E+02
   86     1.0873   8.1821  -0.25632E+00  -0.15291E-01   0.80466E-01   0.67952E+01   0.12933E+02
   87     1.1055   8.2495  -0.26124E+00  -0.15744E-01   0.80014E-01   0.67533E+01   0.13052E+02
   88     1.1238   8.3162  -0.26620E+00  -0.16205E-01   0.79552E-01   0.67119E+01   0.13169E+02
   89     1.1423   8.3823  -0.27121E+00  -0.16677E-01   0.79081E-01   0.66708E+01   0.13286E+02
   90     1.1609   8.4477  -0.27627E+00  -0.17157E-01   0.78600E-01   0.66300E+01   0.13403E+02
   91     1.1797   8.5124  -0.28138E+00  -0.17646E-01   0.78112E-01   0.65896E+01   0.13519E+02
   92     1.1986   8.5764  -0.28654E+00  -0.18144E-01   0.77614E-01   0.65495E+01   0.13635E+02
   93     1.2177   8.6398  -0.29175E+00  -0.18653E-01   0.77105E-01   0.65098E+01   0.13749E+02
   94     1.2370   8.7025  -0.29703E+00  -0.19174E-01   0.76583E-01   0.64705E+01   0.13863E+02
   95     1.2565   8.7646  -0.30235E+00  -0.19706E-01   0.76052E-01   0.64315E+01   0.13976E+02
   96     1.2761   8.8260  -0.30773E+00  -0.20248E-01   0.75510E-01   0.63929E+01   0.14087E+02
   97     1.2959   8.8868  -0.31316E+00  -0.20799E-01   0.74958E-01   0.63547E+01   0.14199E+02
   98     1.3158   8.9469  -0.31864E+00  -0.21362E-01   0.74396E-01   0.63168E+01   0.14309E+02
   99     1.3360   9.0065  -0.32417E+00  -0.21935E-01   0.73822E-01   0.62792E+01   0.14418E+02
  100     1.3563   9.0653  -0.32976E+00  -0.22519E-01   0.73239E-01   0.62420E+01   0.14526E+02
  101     1.3767   9.1236  -0.33540E+00  -0.23113E-01   0.72644E-01   0.62052E+01   0.14634E+02
  102     1.3974   9.1812  -0.34109E+00  -0.23718E-01   0.72039E-01   0.61687E+01   0.14740E+02
  103     1.4183   9.2382  -0.34684E+00  -0.24334E-01   0.71423E-01   0.61325E+01   0.14846E+02
  104     1.4393   9.2945  -0.35265E+00  -0.24962E-01   0.70795E-01   0.60968E+01   0.14950E+02
  105     1.4605   9.3503  -0.35850E+00  -0.25601E-01   0.70156E-01   0.60614E+01   0.15052E+02
  106     1.4819   9.4054  -0.36441E+00  -0.26251E-01   0.69506E-01   0.60263E+01   0.15153E+02
  107     1.5035   9.4600  -0.37038E+00  -0.26913E-01   0.68844E-01   0.59916E+01   0.15253E+02
  108     1.5252   9.5139  -0.37640E+00  -0.27587E-01   0.68170E-01   0.59572E+01   0.15351E+02
  109     1.5472   9.5673  -0.38248E+00  -0.28272E-01   0.67485E-01   0.59232E+01   0.15447E+02
  110     1.5693   9.6200  -0.38861E+00  -0.28970E-01   0.66788E-01   0.58895E+01   0.15542E+02
  111     1.5917   9.6722  -0.39480E+00  -0.29678E-01   0.66079E-01   0.58562E+01   0.15635E+02
  112     1.6142   9.7238  -0.40105E+00  -0.30400E-01   0.65358E-01   0.58232E+01   0.15727E+02
  113     1.6369   9.7748  -0.40735E+00  -0.31132E-01   0.64626E-01   0.57906E+01   0.15819E+02
  114     1.6598   9.8252  -0.41370E+00  -0.31876E-01   0.63882E-01   0.57583E+01   0.15908E+02
  115     1.6830   9.8751  -0.42011E+00  -0.32632E-01   0.63125E-01   0.57264E+01   0.15995E+02
  116     1.7063   9.9244  -0.42657E+00  -0.33402E-01   0.62356E-01   0.56948E+01   0.16081E+02
  117     1.7298   9.9731  -0.43310E+00  -0.34185E-01   0.61573E-01   0.56635E+01   0.16164E+02
  118     1.7536  10.0213  -0.43968E+00  -0.34979E-01   0.60779E-01   0.56327E+01   0.16245E+02
  119     1.7775  10.0689  -0.44632E+00  -0.35786E-01   0.59972E-01   0.56022E+01   0.16326E+02
  120     1.8016  10.1160  -0.45302E+00  -0.36605E-01   0.59152E-01   0.55720E+01   0.16404E+02
  121     1.8260  10.1626  -0.45977E+00  -0.37437E-01   0.58320E-01   0.55422E+01   0.16480E+02
  122     1.8506  10.2086  -0.46658E+00  -0.38282E-01   0.57475E-01   0.55127E+01   0.16555E+02
  123     1.8753  10.2541  -0.47345E+00  -0.39141E-01   0.56617E-01   0.54836E+01   0.16628E+02
  124     1.9003  10.2990  -0.48038E+00  -0.40014E-01   0.55744E-01   0.54548E+01   0.16697E+02
  125     1.9256  10.3434  -0.48737E+00  -0.40900E-01   0.54857E-01   0.54264E+01   0.16765E+02
  126     1.9510  10.3873  -0.49442E+00  -0.41800E-01   0.53958E-01   0.53983E+01   0.16830E+02
  127     1.9766  10.4307  -0.50152E+00  -0.42713E-01   0.53045E-01   0.53705E+01   0.16895E+02
  128     2.0025  10.4736  -0.50869E+00  -0.43639E-01   0.52118E-01   0.53432E+01   0.16956E+02
  129     2.0286  10.5160  -0.51592E+00  -0.44580E-01   0.51177E-01   0.53161E+01   0.17015E+02
  130     2.0550  10.5579  -0.52321E+00  -0.45535E-01   0.50222E-01   0.52895E+01   0.17073E+02
  131     2.0815  10.5993  -0.53056E+00  -0.46504E-01   0.49253E-01   0.52631E+01   0.17126E+02
  132     2.1083  10.6402  -0.53796E+00  -0.47487E-01   0.48271E-01   0.52371E+01   0.17178E+02
  133     2.1353  10.6806  -0.54543E+00  -0.48483E-01   0.47275E-01   0.52115E+01   0.17227E+02
  134     2.1626  10.7205  -0.55295E+00  -0.49493E-01   0.46265E-01   0.51862E+01   0.17274E+02
  135     2.1901  10.7600  -0.56054E+00  -0.50517E-01   0.45240E-01   0.51612E+01   0.17318E+02
  136     2.2178  10.7990  -0.56819E+00  -0.51557E-01   0.44200E-01   0.51366E+01   0.17360E+02
  137     2.2458  10.8375  -0.57590E+00  -0.52611E-01   0.43146E-01   0.51123E+01   0.17399E+02
  138     2.2740  10.8756  -0.58368E+00  -0.53681E-01   0.42076E-01   0.50884E+01   0.17435E+02
  139     2.3025  10.9132  -0.59151E+00  -0.54765E-01   0.40992E-01   0.50649E+01   0.17469E+02
  140     2.3312  10.9504  -0.59940E+00  -0.55863E-01   0.39895E-01   0.50416E+01   0.17502E+02
  141     2.3602  10.9871  -0.60736E+00  -0.56975E-01   0.38782E-01   0.50187E+01   0.17531E+02
  142     2.3894  11.0234  -0.61538E+00  -0.58103E-01   0.37654E-01   0.49961E+01   0.17558E+02
  143     2.4188  11.0592  -0.62346E+00  -0.59247E-01   0.36510E-01   0.49739E+01   0.17582E+02
  144     2.4486  11.0946  -0.63161E+00  -0.60407E-01   0.35351E-01   0.49521E+01   0.17602E+02
  145     2.4785  11.1296  -0.63982E+00  -0.61582E-01   0.34176E-01   0.49306E+01   0.17622E+02
  146     2.5088  11.1641  -0.64809E+00  -0.62772E-01   0.32985E-01   0.49094E+01   0.17636E+02
  147     2.5393  11.1982  -0.65643E+00  -0.63979E-01   0.31779E-01   0.48885E+01   0.17650E+02
  148     2.5701  11.2320  -0.66484E+00  -0.65203E-01   0.30554E-01   0.48680E+01   0.17666E+02
  149     2.6011  11.2653  -0.67331E+00  -0.66443E-01   0.29315E-01   0.48479E+01   0.17637E+02
  150     2.6324  11.2982  -0.68184E+00  -0.67697E-01   0.28061E-01   0.48281E+01   0.17628E+02
  151     2.6640  11.3306  -0.69044E+00  -0.68968E-01   0.26790E-01   0.48086E+01   0.17674E+02
  152     2.6958  11.3627  -0.69910E+00  -0.70256E-01   0.25502E-01   0.47895E+01   0.17676E+02
  153     2.7280  11.3944  -0.70784E+00  -0.71562E-01   0.24195E-01   0.47707E+01   0.17666E+02
  154     2.7604  11.4258  -0.71663E+00  -0.72882E-01   0.22875E-01   0.47522E+01   0.17662E+02
  155     2.7931  11.4567  -0.72548E+00  -0.74217E-01   0.21540E-01   0.47340E+01   0.17651E+02
  156     2.8260  11.4872  -0.73445E+00  -0.75587E-01   0.20171E-01   0.47163E+01   0.17635E+02
  157     2.8593  11.5174  -0.74321E+00  -0.76885E-01   0.18872E-01   0.46983E+01   0.17627E+02
  158     2.8929  11.5472  -0.75212E+00  -0.78228E-01   0.17529E-01   0.46809E+01   0.17614E+02
  159     2.9267  11.5766  -0.76159E+00  -0.79741E-01   0.16016E-01   0.46647E+01   0.17580E+02
  160     2.9608  11.6057  -0.77080E+00  -0.81168E-01   0.14589E-01   0.46482E+01   0.17552E+02
  161     2.9953  11.6344  -0.78003E+00  -0.82601E-01   0.13157E-01   0.46319E+01   0.17528E+02
  162     3.0300  11.6628  -0.78938E+00  -0.84064E-01   0.11693E-01   0.46160E+01   0.17494E+02
  163     3.0651  11.6908  -0.79876E+00  -0.85538E-01   0.10220E-01   0.46004E+01   0.17464E+02
  164     3.1004  11.7184  -0.80822E+00  -0.87030E-01   0.87273E-02   0.45852E+01   0.17476E+02
  165     3.1360  11.7458  -0.81775E+00  -0.88541E-01   0.72166E-02   0.45702E+01   0.17410E+02
  166     3.1720  11.7727  -0.82736E+00  -0.90074E-01   0.56838E-02   0.45556E+01   0.17342E+02
  167     3.2083  11.7994  -0.83703E+00  -0.91623E-01   0.41349E-02   0.45412E+01   0.17305E+02
  168     3.2449  11.8257  -0.84676E+00  -0.93189E-01   0.25682E-02   0.45272E+01   0.17256E+02
  169     3.2818  11.8517  -0.85657E+00  -0.94776E-01   0.98185E-03   0.45135E+01   0.17207E+02
  170     3.3190  11.8773  -0.86645E+00  -0.96381E-01  -0.62335E-03   0.45000E+01   0.17155E+02
  171     3.3565  11.9026  -0.87641E+00  -0.98008E-01  -0.22500E-02   0.44869E+01   0.17101E+02
  172     3.3944  11.9277  -0.88643E+00  -0.99652E-01  -0.38949E-02   0.44740E+01   0.17041E+02
  173     3.4326  11.9524  -0.89653E+00  -0.10132E+00  -0.55584E-02   0.44615E+01   0.16979E+02
  174     3.4712  11.9768  -0.90669E+00  -0.10300E+00  -0.72420E-02   0.44492E+01   0.16916E+02
  175     3.5100  12.0009  -0.91693E+00  -0.10470E+00  -0.89443E-02   0.44372E+01   0.16850E+02
  176     3.5492  12.0246  -0.92724E+00  -0.10642E+00  -0.10667E-01   0.44255E+01   0.16780E+02
  177     3.5888  12.0481  -0.93763E+00  -0.10817E+00  -0.12413E-01   0.44140E+01   0.16708E+02
  178     3.6287  12.0713  -0.94808E+00  -0.10993E+00  -0.14177E-01   0.44029E+01   0.16633E+02
  179     3.6689  12.0942  -0.95860E+00  -0.11172E+00  -0.15958E-01   0.43919E+01   0.16555E+02
  180     3.7095  12.1169  -0.96920E+00  -0.11352E+00  -0.17762E-01   0.43813E+01   0.16475E+02
  181     3.7505  12.1392  -0.97987E+00  -0.11535E+00  -0.19587E-01   0.43709E+01   0.16392E+02
  182     3.7918  12.1612  -0.99062E+00  -0.11719E+00  -0.21433E-01   0.43607E+01   0.16307E+02
  183     3.8334  12.1830  -0.10014E+01  -0.11906E+00  -0.23298E-01   0.43508E+01   0.16217E+02
  184     3.8754  12.2045  -0.10123E+01  -0.12095E+00  -0.25190E-01   0.43412E+01   0.16129E+02
  185     3.9178  12.2257  -0.10233E+01  -0.12285E+00  -0.27097E-01   0.43318E+01   0.16036E+02
  186     3.9606  12.2467  -0.10343E+01  -0.12478E+00  -0.29027E-01   0.43226E+01   0.15941E+02
  187     4.0037  12.2674  -0.10455E+01  -0.12674E+00  -0.30978E-01   0.43137E+01   0.15844E+02
  188     4.0472  12.2878  -0.10567E+01  -0.12871E+00  -0.32953E-01   0.43050E+01   0.15746E+02
  189     4.0911  12.3080  -0.10679E+01  -0.13071E+00  -0.34948E-01   0.42965E+01   0.15643E+02
  190     4.1353  12.3279  -0.10793E+01  -0.13272E+00  -0.36967E-01   0.42883E+01   0.15539E+02
  191     4.1800  12.3476  -0.10907E+01  -0.13477E+00  -0.39008E-01   0.42802E+01   0.15434E+02
  192     4.2250  12.3670  -0.11022E+01  -0.13683E+00  -0.41072E-01   0.42724E+01   0.15325E+02
  193     4.2705  12.3862  -0.11138E+01  -0.13892E+00  -0.43158E-01   0.42648E+01   0.15216E+02
  194     4.3163  12.4051  -0.11254E+01  -0.14103E+00  -0.45269E-01   0.42574E+01   0.15102E+02
  195     4.3625  12.4238  -0.11372E+01  -0.14316E+00  -0.47402E-01   0.42501E+01   0.14988E+02
  196     4.4091  12.4423  -0.11490E+01  -0.14532E+00  -0.49558E-01   0.42431E+01   0.14875E+02
  197     4.4561  12.4605  -0.11609E+01  -0.14750E+00  -0.51738E-01   0.42363E+01   0.14754E+02
  198     4.5036  12.4785  -0.11728E+01  -0.14970E+00  -0.53939E-01   0.42296E+01   0.14633E+02
  199     4.5514  12.4962  -0.11849E+01  -0.15193E+00  -0.56168E-01   0.42232E+01   0.14511E+02
  200     4.5997  12.5138  -0.11970E+01  -0.15417E+00  -0.58415E-01   0.42169E+01   0.14387E+02
  201     4.6484  12.5311  -0.12092E+01  -0.15645E+00  -0.60690E-01   0.42108E+01   0.14261E+02
  202     4.6975  12.5482  -0.12215E+01  -0.15876E+00  -0.63001E-01   0.42049E+01   0.14133E+02
  203     4.7470  12.5650  -0.12338E+01  -0.16107E+00  -0.65313E-01   0.41991E+01   0.14006E+02
  204     4.7970  12.5817  -0.12463E+01  -0.16342E+00  -0.67662E-01   0.41935E+01   0.13875E+02
  205     4.8474  12.5981  -0.12588E+01  -0.16579E+00  -0.70036E-01   0.41881E+01   0.13745E+02
  206     4.8982  12.6144  -0.12714E+01  -0.16819E+00  -0.72434E-01   0.41828E+01   0.13610E+02
  207     4.9495  12.6304  -0.12841E+01  -0.17062E+00  -0.74858E-01   0.41776E+01   0.13472E+02
  208     5.0012  12.6462  -0.12969E+01  -0.17306E+00  -0.77307E-01   0.41726E+01   0.13340E+02
  209     5.0534  12.6619  -0.13098E+01  -0.17554E+00  -0.79783E-01   0.41678E+01   0.13202E+02
  210     5.1060  12.6773  -0.13227E+01  -0.17804E+00  -0.82282E-01   0.41631E+01   0.13064E+02
  211     5.1591  12.6925  -0.13357E+01  -0.18057E+00  -0.84809E-01   0.41585E+01   0.12923E+02
  212     5.2126  12.7076  -0.13488E+01  -0.18311E+00  -0.87356E-01   0.41540E+01   0.12782E+02
  213     5.2667  12.7224  -0.13620E+01  -0.18569E+00  -0.89936E-01   0.41497E+01   0.12641E+02
  214     5.3211  12.7371  -0.13753E+01  -0.18830E+00  -0.92542E-01   0.41455E+01   0.12499E+02
  215     5.3761  12.7515  -0.13886E+01  -0.19093E+00  -0.95170E-01   0.41415E+01   0.12355E+02
  216     5.4315  12.7658  -0.14021E+01  -0.19359E+00  -0.97829E-01   0.41375E+01   0.12211E+02
  217     5.4874  12.7799  -0.14156E+01  -0.19627E+00  -0.10051E+00   0.41337E+01   0.12065E+02
  218     5.5438  12.7938  -0.14292E+01  -0.19898E+00  -0.10323E+00   0.41299E+01   0.11919E+02
  219     5.6007  12.8076  -0.14430E+01  -0.20172E+00  -0.10597E+00   0.41263E+01   0.11773E+02
  220     5.6581  12.8211  -0.14567E+01  -0.20449E+00  -0.10873E+00   0.41228E+01   0.11625E+02
  221     5.7160  12.8345  -0.14706E+01  -0.20728E+00  -0.11153E+00   0.41194E+01   0.11477E+02
  222     5.7744  12.8477  -0.14846E+01  -0.21010E+00  -0.11434E+00   0.41161E+01   0.11328E+02
  223     5.8333  12.8608  -0.14986E+01  -0.21296E+00  -0.11720E+00   0.41129E+01   0.11178E+02
  224     5.8927  12.8737  -0.15128E+01  -0.21583E+00  -0.12007E+00   0.41098E+01   0.11028E+02
  225     5.9526  12.8864  -0.15270E+01  -0.21874E+00  -0.12298E+00   0.41068E+01   0.10880E+02
  226     6.0131  12.8990  -0.15413E+01  -0.22167E+00  -0.12591E+00   0.41038E+01   0.10731E+02
  227     6.0740  12.9114  -0.15557E+01  -0.22463E+00  -0.12887E+00   0.41010E+01   0.10580E+02
  228     6.1355  12.9236  -0.15702E+01  -0.22762E+00  -0.13186E+00   0.40982E+01   0.10430E+02
  229     6.1976  12.9357  -0.15848E+01  -0.23064E+00  -0.13488E+00   0.40956E+01   0.10278E+02
  230     6.2602  12.9476  -0.15995E+01  -0.23369E+00  -0.13793E+00   0.40930E+01   0.10130E+02
  231     6.3233  12.9594  -0.16142E+01  -0.23677E+00  -0.14101E+00   0.40905E+01   0.99789E+01
  232     6.3869  12.9710  -0.16291E+01  -0.23988E+00  -0.14412E+00   0.40880E+01   0.98306E+01
  233     6.4512  12.9825  -0.16440E+01  -0.24301E+00  -0.14725E+00   0.40856E+01   0.96795E+01
  234     6.5159  12.9938  -0.16591E+01  -0.24618E+00  -0.15042E+00   0.40833E+01   0.95296E+01
  235     6.5813  13.0050  -0.16742E+01  -0.24938E+00  -0.15362E+00   0.40811E+01   0.93798E+01
  236     6.6472  13.0160  -0.16894E+01  -0.25260E+00  -0.15684E+00   0.40789E+01   0.92294E+01
  237     6.7137  13.0269  -0.17047E+01  -0.25586E+00  -0.16010E+00   0.40768E+01   0.90809E+01
  238     6.7807  13.0377  -0.17202E+01  -0.25914E+00  -0.16339E+00   0.40747E+01   0.89318E+01
  239     6.8484  13.0483  -0.17357E+01  -0.26246E+00  -0.16670E+00   0.40728E+01   0.87830E+01
  240     6.9166  13.0588  -0.17513E+01  -0.26581E+00  -0.17005E+00   0.40708E+01   0.86365E+01
  241     6.9854  13.0691  -0.17669E+01  -0.26918E+00  -0.17343E+00   0.40689E+01   0.84902E+01
  242     7.0549  13.0794  -0.17827E+01  -0.27259E+00  -0.17684E+00   0.40671E+01   0.83429E+01
  243     7.1249  13.0894  -0.17986E+01  -0.27603E+00  -0.18028E+00   0.40654E+01   0.81976E+01
  244     7.1955  13.0994  -0.18146E+01  -0.27951E+00  -0.18375E+00   0.40637E+01   0.80533E+01
  245     7.2668  13.1092  -0.18307E+01  -0.28302E+00  -0.18726E+00   0.40620E+01   0.79083E+01
  246     7.3387  13.1189  -0.18469E+01  -0.28655E+00  -0.19079E+00   0.40604E+01   0.77648E+01
  247     7.4112  13.1285  -0.18631E+01  -0.29011E+00  -0.19436E+00   0.40588E+01   0.76224E+01
  248     7.4843  13.1380  -0.18795E+01  -0.29371E+00  -0.19795E+00   0.40573E+01   0.74804E+01
  249     7.5580  13.1473  -0.18960E+01  -0.29734E+00  -0.20159E+00   0.40558E+01   0.73377E+01
  250     7.6324  13.1565  -0.19125E+01  -0.30101E+00  -0.20525E+00   0.40544E+01   0.71981E+01
  251     7.7075  13.1656  -0.19292E+01  -0.30470E+00  -0.20894E+00   0.40530E+01   0.70602E+01
  252     7.7832  13.1746  -0.19460E+01  -0.30843E+00  -0.21267E+00   0.40516E+01   0.69217E+01
  253     7.8596  13.1834  -0.19628E+01  -0.31219E+00  -0.21643E+00   0.40503E+01   0.67852E+01
  254     7.9366  13.1922  -0.19798E+01  -0.31598E+00  -0.22022E+00   0.40490E+01   0.66491E+01
  255     8.0143  13.2008  -0.19969E+01  -0.31981E+00  -0.22405E+00   0.40478E+01   0.65160E+01
  256     8.0926  13.2093  -0.20140E+01  -0.32367E+00  -0.22791E+00   0.40466E+01   0.63811E+01
  257     8.1717  13.2178  -0.20313E+01  -0.32756E+00  -0.23180E+00   0.40454E+01   0.62489E+01
  258     8.2514  13.2261  -0.20486E+01  -0.33149E+00  -0.23573E+00   0.40443E+01   0.61183E+01
  259     8.3319  13.2343  -0.20661E+01  -0.33545E+00  -0.23970E+00   0.40432E+01   0.59890E+01
  260     8.4130  13.2424  -0.20837E+01  -0.33944E+00  -0.24368E+00   0.40421E+01   0.58610E+01
  261     8.4948  13.2503  -0.21014E+01  -0.34347E+00  -0.24771E+00   0.40411E+01   0.57333E+01
  262     8.5774  13.2582  -0.21192E+01  -0.34753E+00  -0.25178E+00   0.40401E+01   0.56078E+01
  263     8.6606  13.2660  -0.21370E+01  -0.35163E+00  -0.25587E+00   0.40391E+01   0.54840E+01
  264     8.7446  13.2737  -0.21550E+01  -0.35576E+00  -0.26000E+00   0.40381E+01   0.53615E+01
  265     8.8293  13.2813  -0.21731E+01  -0.35993E+00  -0.26417E+00   0.40372E+01   0.52399E+01
  266     8.9148  13.2888  -0.21913E+01  -0.36413E+00  -0.26837E+00   0.40363E+01   0.51198E+01
  267     9.0010  13.2962  -0.22096E+01  -0.36837E+00  -0.27261E+00   0.40354E+01   0.50019E+01
  268     9.0879  13.3035  -0.22281E+01  -0.37264E+00  -0.27688E+00   0.40346E+01   0.48843E+01
  269     9.1756  13.3107  -0.22466E+01  -0.37695E+00  -0.28119E+00   0.40337E+01   0.47689E+01
  270     9.2641  13.3178  -0.22652E+01  -0.38129E+00  -0.28553E+00   0.40329E+01   0.46557E+01
  271     9.3534  13.3248  -0.22840E+01  -0.38567E+00  -0.28991E+00   0.40321E+01   0.45422E+01
  272     9.4434  13.3317  -0.23028E+01  -0.39007E+00  -0.29432E+00   0.40314E+01   0.44328E+01
  273     9.5342  13.3386  -0.23218E+01  -0.39453E+00  -0.29877E+00   0.40306E+01   0.43233E+01
  274     9.6257  13.3453  -0.23408E+01  -0.39901E+00  -0.30326E+00   0.40299E+01   0.42158E+01
  275     9.7181  13.3520  -0.23600E+01  -0.40354E+00  -0.30778E+00   0.40292E+01   0.41104E+01
  276     9.8113  13.3586  -0.23793E+01  -0.40810E+00  -0.31234E+00   0.40285E+01   0.40050E+01
  277     9.9053  13.3651  -0.23987E+01  -0.41270E+00  -0.31694E+00   0.40279E+01   0.39031E+01
  278    10.0001  13.3715  -0.24182E+01  -0.41733E+00  -0.32157E+00   0.40272E+01   0.38016E+01
  279    10.0957  13.3778  -0.24378E+01  -0.42200E+00  -0.32624E+00   0.40266E+01   0.37015E+01
  280    10.1922  13.3841  -0.24576E+01  -0.42671E+00  -0.33095E+00   0.40260E+01   0.36048E+01
  281    10.2895  13.3902  -0.24774E+01  -0.43145E+00  -0.33570E+00   0.40254E+01   0.35085E+01
  282    10.3877  13.3963  -0.24974E+01  -0.43623E+00  -0.34047E+00   0.40248E+01   0.34145E+01
  283    10.4867  13.4023  -0.25174E+01  -0.44105E+00  -0.34529E+00   0.40242E+01   0.33216E+01
  284    10.5865  13.4083  -0.25377E+01  -0.44592E+00  -0.35016E+00   0.40237E+01   0.32301E+01
  285    10.6873  13.4141  -0.25580E+01  -0.45081E+00  -0.35506E+00   0.40232E+01   0.31407E+01
  286    10.7889  13.4199  -0.25784E+01  -0.45575E+00  -0.35999E+00   0.40226E+01   0.30526E+01
  287    10.8914  13.4256  -0.25989E+01  -0.46072E+00  -0.36497E+00   0.40221E+01   0.29656E+01
  288    10.9947  13.4312  -0.26196E+01  -0.46573E+00  -0.36998E+00   0.40216E+01   0.28810E+01
  289    11.0990  13.4368  -0.26404E+01  -0.47079E+00  -0.37503E+00   0.40212E+01   0.27987E+01
  290    11.2042  13.4423  -0.26612E+01  -0.47587E+00  -0.38011E+00   0.40207E+01   0.27171E+01
  291    11.3103  13.4477  -0.26822E+01  -0.48101E+00  -0.38525E+00   0.40202E+01   0.26375E+01
  292    11.4173  13.4530  -0.27034E+01  -0.48617E+00  -0.39041E+00   0.40198E+01   0.25605E+01
  293    11.5253  13.4583  -0.27246E+01  -0.49139E+00  -0.39563E+00   0.40194E+01   0.24835E+01
  294    11.6342  13.4635  -0.27460E+01  -0.49663E+00  -0.40088E+00   0.40189E+01   0.24088E+01
  295    11.7440  13.4687  -0.27675E+01  -0.50194E+00  -0.40618E+00   0.40185E+01   0.23351E+01
  296    11.8548  13.4738  -0.27891E+01  -0.50725E+00  -0.41150E+00   0.40181E+01   0.22637E+01
  297    11.9666  13.4788  -0.28109E+01  -0.51263E+00  -0.41688E+00   0.40178E+01   0.21935E+01
  298    12.0793  13.4837  -0.28327E+01  -0.51804E+00  -0.42228E+00   0.40174E+01   0.21243E+01
  299    12.1930  13.4886  -0.28546E+01  -0.52348E+00  -0.42773E+00   0.40170E+01   0.20586E+01
  300    12.3077  13.4934  -0.28768E+01  -0.52898E+00  -0.43323E+00   0.40166E+01   0.19919E+01
  301    12.4234  13.4982  -0.28990E+01  -0.53452E+00  -0.43876E+00   0.40163E+01   0.19288E+01
  302    12.5401  13.5029  -0.29214E+01  -0.54010E+00  -0.44434E+00   0.40160E+01   0.18663E+01
  303    12.6578  13.5075  -0.29438E+01  -0.54571E+00  -0.44995E+00   0.40156E+01   0.18044E+01
  304    12.7766  13.5121  -0.29664E+01  -0.55138E+00  -0.45562E+00   0.40153E+01   0.17454E+01
  305    12.8963  13.5166  -0.29892E+01  -0.55708E+00  -0.46132E+00   0.40150E+01   0.16872E+01
  306    13.0172  13.5211  -0.30119E+01  -0.56279E+00  -0.46704E+00   0.40147E+01   0.16315E+01
  307    13.1390  13.5255  -0.30350E+01  -0.56860E+00  -0.47284E+00   0.40144E+01   0.15757E+01
  308    13.2619  13.5298  -0.30581E+01  -0.57443E+00  -0.47867E+00   0.40141E+01   0.15223E+01
  309    13.3859  13.5341  -0.30813E+01  -0.58030E+00  -0.48454E+00   0.40138E+01   0.14702E+01
  310    13.5110  13.5383  -0.31047E+01  -0.58622E+00  -0.49047E+00   0.40135E+01   0.14190E+01
  311    13.6372  13.5425  -0.31282E+01  -0.59217E+00  -0.49641E+00   0.40132E+01   0.13695E+01
  312    13.7644  13.5466  -0.31519E+01  -0.59817E+00  -0.50242E+00   0.40130E+01   0.13209E+01
  313    13.8928  13.5507  -0.31756E+01  -0.60422E+00  -0.50846E+00   0.40127E+01   0.12740E+01
  314    14.0223  13.5547  -0.31995E+01  -0.61031E+00  -0.51455E+00   0.40125E+01   0.12287E+01
  315    14.1529  13.5587  -0.32235E+01  -0.61644E+00  -0.52069E+00   0.40122E+01   0.11839E+01
  316    14.2846  13.5626  -0.32477E+01  -0.62262E+00  -0.52686E+00   0.40120E+01   0.11414E+01
  317    14.4175  13.5665  -0.32720E+01  -0.62885E+00  -0.53309E+00   0.40117E+01   0.10990E+01
  318    14.5515  13.5703  -0.32964E+01  -0.63511E+00  -0.53935E+00   0.40115E+01   0.10584E+01
  319    14.6867  13.5741  -0.33210E+01  -0.64143E+00  -0.54568E+00   0.40113E+01   0.10189E+01
  320    14.8231  13.5778  -0.33457E+01  -0.64778E+00  -0.55202E+00   0.40111E+01   0.98065E+00
  321    14.9607  13.5815  -0.33706E+01  -0.65419E+00  -0.55843E+00   0.40108E+01   0.94292E+00
  322    15.0994  13.5851  -0.33955E+01  -0.66063E+00  -0.56488E+00   0.40106E+01   0.90688E+00
  323    15.2394  13.5887  -0.34206E+01  -0.66712E+00  -0.57137E+00   0.40104E+01   0.87220E+00
  324    15.3806  13.5922  -0.34459E+01  -0.67366E+00  -0.57791E+00   0.40102E+01   0.83802E+00
  325    15.5230  13.5957  -0.34713E+01  -0.68025E+00  -0.58449E+00   0.40100E+01   0.80549E+00
  326    15.6666  13.5991  -0.34968E+01  -0.68689E+00  -0.59114E+00   0.40099E+01   0.77299E+00
  327    15.8115  13.6025  -0.35225E+01  -0.69357E+00  -0.59781E+00   0.40097E+01   0.74262E+00
  328    15.9577  13.6059  -0.35483E+01  -0.70029E+00  -0.60453E+00   0.40095E+01   0.71263E+00
  329    16.1051  13.6092  -0.35742E+01  -0.70706E+00  -0.61130E+00   0.40093E+01   0.68435E+00
  330    16.2538  13.6124  -0.36003E+01  -0.71389E+00  -0.61814E+00   0.40091E+01   0.65617E+00
  331    16.4038  13.6157  -0.36266E+01  -0.72076E+00  -0.62501E+00   0.40090E+01   0.62929E+00
  332    16.5551  13.6188  -0.36531E+01  -0.72771E+00  -0.63195E+00   0.40088E+01   0.60298E+00
  333    16.7078  13.6220  -0.36795E+01  -0.73466E+00  -0.63890E+00   0.40086E+01   0.57775E+00
  334    16.8617  13.6251  -0.37062E+01  -0.74166E+00  -0.64590E+00   0.40085E+01   0.55310E+00
  335    17.0170  13.6281  -0.37330E+01  -0.74872E+00  -0.65296E+00   0.40083E+01   0.53039E+00
  336    17.1736  13.6312  -0.37599E+01  -0.75583E+00  -0.66007E+00   0.40082E+01   0.50722E+00
  337    17.3316  13.6342  -0.37870E+01  -0.76298E+00  -0.66723E+00   0.40080E+01   0.48557E+00
  338    17.4910  13.6371  -0.38144E+01  -0.77023E+00  -0.67447E+00   0.40079E+01   0.46473E+00
  339    17.6518  13.6400  -0.38417E+01  -0.77746E+00  -0.68170E+00   0.40078E+01   0.44426E+00
  340    17.8139  13.6429  -0.38693E+01  -0.78477E+00  -0.68901E+00   0.40076E+01   0.42409E+00
  341    17.9775  13.6457  -0.38970E+01  -0.79212E+00  -0.69636E+00   0.40075E+01   0.40584E+00
  342    18.1425  13.6485  -0.39248E+01  -0.79952E+00  -0.70376E+00   0.40074E+01   0.38772E+00
  343    18.3089  13.6513  -0.39529E+01  -0.80699E+00  -0.71123E+00   0.40072E+01   0.37019E+00
  344    18.4768  13.6540  -0.39810E+01  -0.81451E+00  -0.71875E+00   0.40071E+01   0.35356E+00
  345    18.6461  13.6567  -0.40094E+01  -0.82207E+00  -0.72631E+00   0.40070E+01   0.33718E+00
  346    18.8169  13.6593  -0.40380E+01  -0.82974E+00  -0.73398E+00   0.40069E+01   0.32152E+00
  347    18.9892  13.6619  -0.40665E+01  -0.83735E+00  -0.74159E+00   0.40067E+01   0.30660E+00
  348    19.1630  13.6645  -0.40952E+01  -0.84506E+00  -0.74930E+00   0.40066E+01   0.29226E+00
  349    19.3383  13.6671  -0.41242E+01  -0.85284E+00  -0.75708E+00   0.40065E+01   0.27864E+00
  350    19.5151  13.6696  -0.41533E+01  -0.86065E+00  -0.76489E+00   0.40064E+01   0.26547E+00
  351    19.6934  13.6721  -0.41826E+01  -0.86854E+00  -0.77278E+00   0.40063E+01   0.25265E+00
  352    19.8734  13.6745  -0.42120E+01  -0.87645E+00  -0.78070E+00   0.40062E+01   0.24055E+00
  353    20.0548  13.6770  -0.42415E+01  -0.88443E+00  -0.78867E+00   0.40061E+01   0.22880E+00
  354    20.2379  13.6794  -0.42712E+01  -0.89245E+00  -0.79670E+00   0.40060E+01   0.21771E+00
  355    20.4225  13.6817  -0.43011E+01  -0.90054E+00  -0.80478E+00   0.40059E+01   0.20701E+00
  356    20.6088  13.6840  -0.43312E+01  -0.90867E+00  -0.81292E+00   0.40058E+01   0.19680E+00
  357    20.7966  13.6863  -0.43614E+01  -0.91687E+00  -0.82112E+00   0.40057E+01   0.18692E+00
  358    20.9861  13.6886  -0.43918E+01  -0.92513E+00  -0.82937E+00   0.40056E+01   0.17749E+00
  359    21.1773  13.6909  -0.44223E+01  -0.93342E+00  -0.83766E+00   0.40055E+01   0.16845E+00
  360    21.3701  13.6931  -0.44530E+01  -0.94184E+00  -0.84608E+00   0.40000E+01   0.15990E+00
  361    21.5646  13.6953  -0.44839E+01  -0.95025E+00  -0.85449E+00   0.40000E+01   0.15170E+00
  362    21.7607  13.6974  -0.45149E+01  -0.95871E+00  -0.86295E+00   0.40000E+01   0.14381E+00
  363    21.9586  13.6995  -0.45461E+01  -0.96723E+00  -0.87148E+00   0.40000E+01   0.13636E+00
  364    22.1582  13.7016  -0.45775E+01  -0.97580E+00  -0.88005E+00   0.40000E+01   0.12924E+00
  365    22.3596  13.7037  -0.46090E+01  -0.98444E+00  -0.88868E+00   0.40000E+01   0.12236E+00
  366    22.5626  13.7058  -0.46407E+01  -0.99312E+00  -0.89736E+00   0.40000E+01   0.11592E+00
  367    22.7675  13.7078  -0.46726E+01  -0.10019E+01  -0.90612E+00   0.40000E+01   0.10964E+00
  368    22.9741  13.7098  -0.47046E+01  -0.10107E+01  -0.91492E+00   0.40000E+01   0.10375E+00
  369    23.1825  13.7117  -0.47368E+01  -0.10195E+01  -0.92377E+00   0.40000E+01   0.98094E-01
  370    23.3928  13.7137  -0.47692E+01  -0.10284E+01  -0.93269E+00   0.40000E+01   0.92716E-01
  371    23.6049  13.7156  -0.48018E+01  -0.10374E+01  -0.94166E+00   0.40000E+01   0.87624E-01
  372    23.8188  13.7175  -0.48345E+01  -0.10465E+01  -0.95070E+00   0.40000E+01   0.82770E-01
  373    24.0345  13.7194  -0.48674E+01  -0.10555E+01  -0.95977E+00   0.40000E+01   0.78114E-01
  374    24.2522  13.7212  -0.49005E+01  -0.10647E+01  -0.96892E+00   0.40000E+01   0.73686E-01
  375    24.4717  13.7230  -0.49337E+01  -0.10739E+01  -0.97812E+00   0.40000E+01   0.69551E-01
  376    24.6932  13.7248  -0.49671E+01  -0.10831E+01  -0.98738E+00   0.40000E+01   0.65576E-01
  377    24.9166  13.7266  -0.50007E+01  -0.10924E+01  -0.99669E+00   0.40000E+01   0.61806E-01
  378    25.1419  13.7284  -0.50345E+01  -0.11018E+01  -0.10061E+01   0.40000E+01   0.58246E-01
  379    25.3691  13.7301  -0.50684E+01  -0.11113E+01  -0.10155E+01   0.40000E+01   0.54878E-01
  380    25.5984  13.7318  -0.51025E+01  -0.11208E+01  -0.10250E+01   0.40000E+01   0.51603E-01
  381    25.8296  13.7335  -0.51368E+01  -0.11303E+01  -0.10346E+01   0.40000E+01   0.48602E-01
  382    26.0629  13.7351  -0.51713E+01  -0.11399E+01  -0.10441E+01   0.40000E+01   0.45709E-01
  383    26.2982  13.7368  -0.52059E+01  -0.11496E+01  -0.10538E+01   0.40000E+01   0.42975E-01
  384    26.5355  13.7384  -0.52408E+01  -0.11593E+01  -0.10636E+01   0.40000E+01   0.40424E-01
  385    26.7749  13.7400  -0.52758E+01  -0.11691E+01  -0.10734E+01   0.40000E+01   0.37931E-01
  386    27.0164  13.7416  -0.53111E+01  -0.11790E+01  -0.10832E+01   0.40000E+01   0.35618E-01
  387    27.2599  13.7431  -0.53464E+01  -0.11889E+01  -0.10931E+01   0.40000E+01   0.33447E-01
  388    27.5056  13.7447  -0.53820E+01  -0.11989E+01  -0.11031E+01   0.40000E+01   0.31384E-01
  389    27.7534  13.7462  -0.54178E+01  -0.12089E+01  -0.11132E+01   0.40000E+01   0.29427E-01
  390    28.0034  13.7477  -0.54538E+01  -0.12190E+01  -0.11233E+01   0.40000E+01   0.27558E-01
  391    28.2556  13.7492  -0.54898E+01  -0.12292E+01  -0.11334E+01   0.40000E+01   0.25865E-01
  392    28.5099  13.7506  -0.55260E+01  -0.12394E+01  -0.11436E+01   0.40000E+01   0.24225E-01
  393    28.7665  13.7521  -0.55627E+01  -0.12497E+01  -0.11539E+01   0.40000E+01   0.22663E-01
  394    29.0253  13.7535  -0.55994E+01  -0.12601E+01  -0.11643E+01   0.40000E+01   0.21201E-01
  395    29.2863  13.7549  -0.56362E+01  -0.12704E+01  -0.11747E+01   0.40000E+01   0.19852E-01
  396    29.5496  13.7563  -0.56733E+01  -0.12809E+01  -0.11852E+01   0.40000E+01   0.18553E-01
  397    29.8152  13.7577  -0.57106E+01  -0.12915E+01  -0.11957E+01   0.40000E+01   0.17325E-01
  398    30.0831  13.7590  -0.57480E+01  -0.13021E+01  -0.12063E+01   0.40000E+01   0.16194E-01
  399    30.3534  13.7604  -0.57856E+01  -0.13127E+01  -0.12170E+01   0.40000E+01   0.15082E-01
  400    30.6259  13.7617  -0.58234E+01  -0.13235E+01  -0.12277E+01   0.40000E+01   0.14103E-01
