    1     0.0001   0.0014  -0.15259E-04  -0.15532E-06   0.94843E-01   0.11486E+02   0.40453E+01
    2     0.0088   0.1221  -0.12783E-02  -0.46854E-05   0.94839E-01   0.11415E+02   0.39984E+01
    3     0.0176   0.2423  -0.26689E-02  -0.33342E-04   0.94810E-01   0.11347E+02   0.42243E+01
    4     0.0264   0.3621  -0.41259E-02  -0.70597E-04   0.94773E-01   0.11278E+02   0.43898E+01
    5     0.0353   0.4814  -0.56440E-02  -0.11549E-03   0.94728E-01   0.11210E+02   0.45466E+01
    6     0.0443   0.6003  -0.72058E-02  -0.16340E-03   0.94680E-01   0.11143E+02   0.46821E+01
    7     0.0534   0.7188  -0.88085E-02  -0.21387E-03   0.94629E-01   0.11076E+02   0.48047E+01
    8     0.0626   0.8368  -0.10451E-01  -0.26668E-03   0.94577E-01   0.11009E+02   0.49225E+01
    9     0.0718   0.9543  -0.12133E-01  -0.32149E-03   0.94522E-01   0.10943E+02   0.50385E+01
   10     0.0811   1.0713  -0.13851E-01  -0.37823E-03   0.94465E-01   0.10876E+02   0.51503E+01
   11     0.0905   1.1879  -0.15606E-01  -0.43629E-03   0.94407E-01   0.10810E+02   0.52609E+01
   12     0.1000   1.3039  -0.17398E-01  -0.49574E-03   0.94348E-01   0.10745E+02   0.53686E+01
   13     0.1096   1.4195  -0.19225E-01  -0.55691E-03   0.94286E-01   0.10680E+02   0.54766E+01
   14     0.1192   1.5346  -0.21099E-01  -0.62217E-03   0.94221E-01   0.10615E+02   0.55872E+01
   15     0.1290   1.6491  -0.22995E-01  -0.68582E-03   0.94158E-01   0.10550E+02   0.56924E+01
   16     0.1388   1.7632  -0.24927E-01  -0.75132E-03   0.94092E-01   0.10485E+02   0.57997E+01
   17     0.1487   1.8767  -0.26894E-01  -0.81859E-03   0.94025E-01   0.10421E+02   0.59053E+01
   18     0.1587   1.9897  -0.28897E-01  -0.88734E-03   0.93956E-01   0.10357E+02   0.60126E+01
   19     0.1687   2.1021  -0.30935E-01  -0.95788E-03   0.93885E-01   0.10294E+02   0.61199E+01
   20     0.1789   2.2140  -0.33008E-01  -0.10301E-02   0.93813E-01   0.10230E+02   0.62263E+01
   21     0.1891   2.3254  -0.35116E-01  -0.11045E-02   0.93739E-01   0.10167E+02   0.63348E+01
   22     0.1995   2.4362  -0.37260E-01  -0.11808E-02   0.93662E-01   0.10105E+02   0.64426E+01
   23     0.2099   2.5465  -0.39440E-01  -0.12594E-02   0.93584E-01   0.10042E+02   0.65511E+01
   24     0.2204   2.6562  -0.41655E-01  -0.13404E-02   0.93503E-01   0.99799E+01   0.66604E+01
   25     0.2310   2.7653  -0.43907E-01  -0.14237E-02   0.93420E-01   0.99180E+01   0.67704E+01
   26     0.2417   2.8738  -0.46195E-01  -0.15095E-02   0.93334E-01   0.98564E+01   0.68815E+01
   27     0.2525   2.9818  -0.48520E-01  -0.15979E-02   0.93245E-01   0.97951E+01   0.69920E+01
   28     0.2634   3.0892  -0.50881E-01  -0.16893E-02   0.93154E-01   0.97340E+01   0.71040E+01
   29     0.2744   3.1959  -0.53280E-01  -0.17837E-02   0.93060E-01   0.96733E+01   0.72169E+01
   30     0.2855   3.3021  -0.55716E-01  -0.18811E-02   0.92962E-01   0.96128E+01   0.73303E+01
   31     0.2967   3.4077  -0.58188E-01  -0.19813E-02   0.92862E-01   0.95526E+01   0.74440E+01
   32     0.3079   3.5127  -0.60699E-01  -0.20847E-02   0.92759E-01   0.94928E+01   0.75587E+01
   33     0.3193   3.6170  -0.63233E-01  -0.21878E-02   0.92656E-01   0.94332E+01   0.76751E+01
   34     0.3308   3.7207  -0.65818E-01  -0.22978E-02   0.92546E-01   0.93739E+01   0.77915E+01
   35     0.3423   3.8238  -0.68441E-01  -0.24114E-02   0.92432E-01   0.93149E+01   0.79072E+01
   36     0.3540   3.9263  -0.71103E-01  -0.25290E-02   0.92314E-01   0.92563E+01   0.80257E+01
   37     0.3658   4.0281  -0.73803E-01  -0.26500E-02   0.92193E-01   0.91979E+01   0.81442E+01
   38     0.3777   4.1293  -0.76543E-01  -0.27751E-02   0.92068E-01   0.91399E+01   0.82633E+01
   39     0.3896   4.2299  -0.79323E-01  -0.29047E-02   0.91939E-01   0.90822E+01   0.83833E+01
   40     0.4017   4.3298  -0.82143E-01  -0.30387E-02   0.91805E-01   0.90248E+01   0.85040E+01
   41     0.4139   4.4291  -0.85002E-01  -0.31771E-02   0.91666E-01   0.89677E+01   0.86256E+01
   42     0.4262   4.5276  -0.87902E-01  -0.33200E-02   0.91523E-01   0.89109E+01   0.87483E+01
   43     0.4386   4.6256  -0.90842E-01  -0.34672E-02   0.91376E-01   0.88544E+01   0.88705E+01
   44     0.4511   4.7229  -0.93822E-01  -0.36194E-02   0.91224E-01   0.87983E+01   0.89937E+01
   45     0.4637   4.8195  -0.96843E-01  -0.37762E-02   0.91067E-01   0.87424E+01   0.91186E+01
   46     0.4764   4.9154  -0.99903E-01  -0.39376E-02   0.90906E-01   0.86869E+01   0.92442E+01
   47     0.4893   5.0106  -0.10300E+00  -0.41037E-02   0.90740E-01   0.86318E+01   0.93706E+01
   48     0.5022   5.1052  -0.10615E+00  -0.42750E-02   0.90568E-01   0.85769E+01   0.94972E+01
   49     0.5153   5.1991  -0.10933E+00  -0.44518E-02   0.90392E-01   0.85224E+01   0.96238E+01
   50     0.5285   5.2923  -0.11256E+00  -0.46347E-02   0.90209E-01   0.84682E+01   0.97525E+01
   51     0.5417   5.3849  -0.11583E+00  -0.48226E-02   0.90021E-01   0.84144E+01   0.98798E+01
   52     0.5552   5.4767  -0.11914E+00  -0.50163E-02   0.89827E-01   0.83609E+01   0.10008E+02
   53     0.5687   5.5679  -0.12250E+00  -0.52151E-02   0.89628E-01   0.83077E+01   0.10139E+02
   54     0.5823   5.6583  -0.12589E+00  -0.54202E-02   0.89423E-01   0.82548E+01   0.10268E+02
   55     0.5961   5.7481  -0.12933E+00  -0.56305E-02   0.89213E-01   0.82023E+01   0.10399E+02
   56     0.6099   5.8371  -0.13282E+00  -0.58471E-02   0.88996E-01   0.81502E+01   0.10531E+02
   57     0.6239   5.9255  -0.13634E+00  -0.60706E-02   0.88773E-01   0.80983E+01   0.10662E+02
   58     0.6381   6.0132  -0.13992E+00  -0.63005E-02   0.88543E-01   0.80468E+01   0.10795E+02
   59     0.6523   6.1001  -0.14353E+00  -0.65366E-02   0.88307E-01   0.79957E+01   0.10928E+02
   60     0.6667   6.1864  -0.14719E+00  -0.67801E-02   0.88063E-01   0.79449E+01   0.11060E+02
   61     0.6812   6.2719  -0.15090E+00  -0.70298E-02   0.87814E-01   0.78944E+01   0.11194E+02
   62     0.6958   6.3568  -0.15465E+00  -0.72865E-02   0.87557E-01   0.78442E+01   0.11327E+02
   63     0.7105   6.4409  -0.15845E+00  -0.75493E-02   0.87294E-01   0.77944E+01   0.11463E+02
   64     0.7254   6.5244  -0.16229E+00  -0.78194E-02   0.87024E-01   0.77450E+01   0.11596E+02
   65     0.7404   6.6071  -0.16618E+00  -0.80975E-02   0.86746E-01   0.76959E+01   0.11732E+02
   66     0.7555   6.6891  -0.17012E+00  -0.83838E-02   0.86459E-01   0.76472E+01   0.11866E+02
   67     0.7708   6.7704  -0.17410E+00  -0.86779E-02   0.86165E-01   0.75989E+01   0.12001E+02
   68     0.7862   6.8511  -0.17814E+00  -0.89791E-02   0.85864E-01   0.75509E+01   0.12137E+02
   69     0.8017   6.9310  -0.18222E+00  -0.92876E-02   0.85556E-01   0.75032E+01   0.12272E+02
   70     0.8174   7.0102  -0.18634E+00  -0.96029E-02   0.85240E-01   0.74559E+01   0.12408E+02
   71     0.8332   7.0886  -0.19051E+00  -0.99256E-02   0.84918E-01   0.74090E+01   0.12545E+02
   72     0.8491   7.1664  -0.19472E+00  -0.10257E-01   0.84587E-01   0.73624E+01   0.12681E+02
   73     0.8652   7.2435  -0.19899E+00  -0.10596E-01   0.84248E-01   0.73161E+01   0.12817E+02
   74     0.8814   7.3199  -0.20330E+00  -0.10943E-01   0.83900E-01   0.72702E+01   0.12953E+02
   75     0.8977   7.3956  -0.20767E+00  -0.11300E-01   0.83544E-01   0.72246E+01   0.13088E+02
   76     0.9142   7.4705  -0.21208E+00  -0.11664E-01   0.83179E-01   0.71794E+01   0.13224E+02
   77     0.9309   7.5448  -0.21654E+00  -0.12037E-01   0.82806E-01   0.71346E+01   0.13360E+02
   78     0.9477   7.6184  -0.22105E+00  -0.12419E-01   0.82425E-01   0.70901E+01   0.13497E+02
   79     0.9646   7.6913  -0.22561E+00  -0.12809E-01   0.82035E-01   0.70460E+01   0.13632E+02
   80     0.9817   7.7635  -0.23022E+00  -0.13208E-01   0.81635E-01   0.70022E+01   0.13767E+02
   81     0.9989   7.8350  -0.23488E+00  -0.13616E-01   0.81228E-01   0.69588E+01   0.13901E+02
   82     1.0163   7.9058  -0.23958E+00  -0.14032E-01   0.80811E-01   0.69157E+01   0.14035E+02
   83     1.0338   7.9759  -0.24434E+00  -0.14458E-01   0.80385E-01   0.68729E+01   0.14168E+02
   84     1.0515   8.0453  -0.24914E+00  -0.14893E-01   0.79951E-01   0.68306E+01   0.14301E+02
   85     1.0693   8.1141  -0.25400E+00  -0.15338E-01   0.79506E-01   0.67885E+01   0.14434E+02
   86     1.0873   8.1821  -0.25891E+00  -0.15792E-01   0.79051E-01   0.67469E+01   0.14565E+02
   87     1.1055   8.2495  -0.26387E+00  -0.16255E-01   0.78588E-01   0.67056E+01   0.14696E+02
   88     1.1238   8.3162  -0.26888E+00  -0.16728E-01   0.78115E-01   0.66646E+01   0.14825E+02
   89     1.1423   8.3823  -0.27394E+00  -0.17210E-01   0.77633E-01   0.66240E+01   0.14955E+02
   90     1.1609   8.4477  -0.27905E+00  -0.17701E-01   0.77142E-01   0.65838E+01   0.15085E+02
   91     1.1797   8.5124  -0.28422E+00  -0.18204E-01   0.76639E-01   0.65439E+01   0.15213E+02
   92     1.1986   8.5764  -0.28944E+00  -0.18719E-01   0.76125E-01   0.65044E+01   0.15341E+02
   93     1.2177   8.6398  -0.29472E+00  -0.19243E-01   0.75601E-01   0.64652E+01   0.15467E+02
   94     1.2370   8.7025  -0.30004E+00  -0.19776E-01   0.75067E-01   0.64264E+01   0.15593E+02
   95     1.2565   8.7646  -0.30542E+00  -0.20319E-01   0.74524E-01   0.63879E+01   0.15719E+02
   96     1.2761   8.8260  -0.31084E+00  -0.20872E-01   0.73971E-01   0.63498E+01   0.15842E+02
   97     1.2959   8.8868  -0.31632E+00  -0.21436E-01   0.73407E-01   0.63120E+01   0.15965E+02
   98     1.3158   8.9469  -0.32185E+00  -0.22011E-01   0.72833E-01   0.62745E+01   0.16086E+02
   99     1.3360   9.0065  -0.32743E+00  -0.22595E-01   0.72249E-01   0.62375E+01   0.16206E+02
  100     1.3563   9.0653  -0.33306E+00  -0.23188E-01   0.71655E-01   0.62007E+01   0.16326E+02
  101     1.3767   9.1236  -0.33875E+00  -0.23792E-01   0.71051E-01   0.61643E+01   0.16445E+02
  102     1.3974   9.1812  -0.34449E+00  -0.24410E-01   0.70434E-01   0.61283E+01   0.16562E+02
  103     1.4183   9.2382  -0.35030E+00  -0.25040E-01   0.69803E-01   0.60926E+01   0.16676E+02
  104     1.4393   9.2945  -0.35615E+00  -0.25681E-01   0.69162E-01   0.60573E+01   0.16789E+02
  105     1.4605   9.3503  -0.36207E+00  -0.26333E-01   0.68511E-01   0.60224E+01   0.16901E+02
  106     1.4819   9.4054  -0.36803E+00  -0.26997E-01   0.67847E-01   0.59877E+01   0.17013E+02
  107     1.5035   9.4600  -0.37405E+00  -0.27672E-01   0.67171E-01   0.59535E+01   0.17122E+02
  108     1.5252   9.5139  -0.38013E+00  -0.28359E-01   0.66485E-01   0.59196E+01   0.17230E+02
  109     1.5472   9.5673  -0.38626E+00  -0.29057E-01   0.65787E-01   0.58860E+01   0.17337E+02
  110     1.5693   9.6200  -0.39245E+00  -0.29766E-01   0.65077E-01   0.58528E+01   0.17442E+02
  111     1.5917   9.6722  -0.39869E+00  -0.30489E-01   0.64355E-01   0.58199E+01   0.17546E+02
  112     1.6142   9.7238  -0.40499E+00  -0.31223E-01   0.63620E-01   0.57874E+01   0.17646E+02
  113     1.6369   9.7748  -0.41134E+00  -0.31970E-01   0.62874E-01   0.57553E+01   0.17746E+02
  114     1.6598   9.8252  -0.41776E+00  -0.32729E-01   0.62114E-01   0.57234E+01   0.17842E+02
  115     1.6830   9.8751  -0.42423E+00  -0.33500E-01   0.61343E-01   0.56920E+01   0.17937E+02
  116     1.7063   9.9244  -0.43076E+00  -0.34285E-01   0.60558E-01   0.56608E+01   0.18029E+02
  117     1.7298   9.9731  -0.43734E+00  -0.35082E-01   0.59762E-01   0.56301E+01   0.18120E+02
  118     1.7536  10.0213  -0.44398E+00  -0.35891E-01   0.58952E-01   0.55997E+01   0.18208E+02
  119     1.7775  10.0689  -0.45068E+00  -0.36714E-01   0.58130E-01   0.55696E+01   0.18294E+02
  120     1.8016  10.1160  -0.45744E+00  -0.37548E-01   0.57295E-01   0.55398E+01   0.18379E+02
  121     1.8260  10.1626  -0.46425E+00  -0.38395E-01   0.56448E-01   0.55104E+01   0.18462E+02
  122     1.8506  10.2086  -0.47112E+00  -0.39256E-01   0.55588E-01   0.54814E+01   0.18542E+02
  123     1.8753  10.2541  -0.47805E+00  -0.40130E-01   0.54713E-01   0.54526E+01   0.18620E+02
  124     1.9003  10.2990  -0.48504E+00  -0.41018E-01   0.53825E-01   0.54243E+01   0.18695E+02
  125     1.9256  10.3434  -0.49209E+00  -0.41919E-01   0.52924E-01   0.53963E+01   0.18768E+02
  126     1.9510  10.3873  -0.49920E+00  -0.42833E-01   0.52010E-01   0.53686E+01   0.18838E+02
  127     1.9766  10.4307  -0.50636E+00  -0.43760E-01   0.51083E-01   0.53413E+01   0.18907E+02
  128     2.0025  10.4736  -0.51358E+00  -0.44701E-01   0.50142E-01   0.53143E+01   0.18973E+02
  129     2.0286  10.5160  -0.52087E+00  -0.45656E-01   0.49188E-01   0.52877E+01   0.19035E+02
  130     2.0550  10.5579  -0.52822E+00  -0.46626E-01   0.48217E-01   0.52614E+01   0.19096E+02
  131     2.0815  10.5993  -0.53563E+00  -0.47611E-01   0.47232E-01   0.52355E+01   0.19153E+02
  132     2.1083  10.6402  -0.54310E+00  -0.48610E-01   0.46234E-01   0.52099E+01   0.19208E+02
  133     2.1353  10.6806  -0.55063E+00  -0.49622E-01   0.45221E-01   0.51847E+01   0.19261E+02
  134     2.1626  10.7205  -0.55822E+00  -0.50649E-01   0.44194E-01   0.51598E+01   0.19310E+02
  135     2.1901  10.7600  -0.56587E+00  -0.51691E-01   0.43152E-01   0.51353E+01   0.19358E+02
  136     2.2178  10.7990  -0.57359E+00  -0.52749E-01   0.42095E-01   0.51111E+01   0.19401E+02
  137     2.2458  10.8375  -0.58137E+00  -0.53821E-01   0.41023E-01   0.50872E+01   0.19441E+02
  138     2.2740  10.8756  -0.58921E+00  -0.54906E-01   0.39937E-01   0.50637E+01   0.19479E+02
  139     2.3025  10.9132  -0.59710E+00  -0.56007E-01   0.38836E-01   0.50405E+01   0.19512E+02
  140     2.3312  10.9504  -0.60506E+00  -0.57122E-01   0.37722E-01   0.50177E+01   0.19545E+02
  141     2.3602  10.9871  -0.61309E+00  -0.58253E-01   0.36590E-01   0.49952E+01   0.19574E+02
  142     2.3894  11.0234  -0.62118E+00  -0.59399E-01   0.35444E-01   0.49731E+01   0.19600E+02
  143     2.4188  11.0592  -0.62933E+00  -0.60561E-01   0.34282E-01   0.49513E+01   0.19622E+02
  144     2.4486  11.0946  -0.63755E+00  -0.61739E-01   0.33104E-01   0.49298E+01   0.19640E+02
  145     2.4785  11.1296  -0.64582E+00  -0.62932E-01   0.31912E-01   0.49087E+01   0.19658E+02
  146     2.5088  11.1641  -0.65416E+00  -0.64139E-01   0.30705E-01   0.48879E+01   0.19673E+02
  147     2.5393  11.1982  -0.66257E+00  -0.65362E-01   0.29481E-01   0.48674E+01   0.19683E+02
  148     2.5701  11.2320  -0.67103E+00  -0.66602E-01   0.28241E-01   0.48473E+01   0.19691E+02
  149     2.6011  11.2653  -0.67957E+00  -0.67859E-01   0.26984E-01   0.48275E+01   0.19696E+02
  150     2.6324  11.2982  -0.68817E+00  -0.69132E-01   0.25711E-01   0.48081E+01   0.19699E+02
  151     2.6640  11.3306  -0.69684E+00  -0.70421E-01   0.24422E-01   0.47890E+01   0.19695E+02
  152     2.6958  11.3627  -0.70556E+00  -0.71726E-01   0.23117E-01   0.47702E+01   0.19690E+02
  153     2.7280  11.3944  -0.71437E+00  -0.73051E-01   0.21793E-01   0.47517E+01   0.19689E+02
  154     2.7604  11.4258  -0.72323E+00  -0.74391E-01   0.20452E-01   0.47336E+01   0.19638E+02
  155     2.7931  11.4567  -0.73216E+00  -0.75747E-01   0.19096E-01   0.47159E+01   0.19609E+02
  156     2.8260  11.4872  -0.74116E+00  -0.77120E-01   0.17723E-01   0.46984E+01   0.19642E+02
  157     2.8593  11.5174  -0.75022E+00  -0.78512E-01   0.16332E-01   0.46813E+01   0.19620E+02
  158     2.8929  11.5472  -0.75936E+00  -0.79923E-01   0.14921E-01   0.46645E+01   0.19592E+02
  159     2.9267  11.5766  -0.76855E+00  -0.81345E-01   0.13498E-01   0.46480E+01   0.19568E+02
  160     2.9608  11.6057  -0.77783E+00  -0.82792E-01   0.12052E-01   0.46318E+01   0.19533E+02
  161     2.9953  11.6344  -0.78717E+00  -0.84254E-01   0.10589E-01   0.46160E+01   0.19498E+02
  162     3.0300  11.6628  -0.79624E+00  -0.85629E-01   0.92141E-02   0.45998E+01   0.19474E+02
  163     3.0651  11.6908  -0.80581E+00  -0.87159E-01   0.76845E-02   0.45848E+01   0.19429E+02
  164     3.1004  11.7184  -0.81561E+00  -0.88756E-01   0.60874E-02   0.45704E+01   0.19373E+02
  165     3.1360  11.7458  -0.82516E+00  -0.90270E-01   0.45734E-02   0.45556E+01   0.19327E+02
  166     3.1720  11.7727  -0.83485E+00  -0.91826E-01   0.30177E-02   0.45413E+01   0.19280E+02
  167     3.2083  11.7994  -0.84459E+00  -0.93395E-01   0.14482E-02   0.45273E+01   0.19216E+02
  168     3.2449  11.8257  -0.85440E+00  -0.94981E-01  -0.13802E-03   0.45136E+01   0.19202E+02
  169     3.2818  11.8517  -0.86428E+00  -0.96587E-01  -0.17434E-02   0.45002E+01   0.19153E+02
  170     3.3190  11.8773  -0.87423E+00  -0.98214E-01  -0.33705E-02   0.44871E+01   0.19040E+02
  171     3.3565  11.9026  -0.88426E+00  -0.99861E-01  -0.50178E-02   0.44742E+01   0.18982E+02
  172     3.3944  11.9277  -0.89436E+00  -0.10152E+00  -0.66812E-02   0.44617E+01   0.18913E+02
  173     3.4326  11.9524  -0.90452E+00  -0.10321E+00  -0.83659E-02   0.44494E+01   0.18840E+02
  174     3.4712  11.9768  -0.91476E+00  -0.10491E+00  -0.10070E-01   0.44374E+01   0.18768E+02
  175     3.5100  12.0009  -0.92508E+00  -0.10664E+00  -0.11796E-01   0.44257E+01   0.18692E+02
  176     3.5492  12.0246  -0.93546E+00  -0.10838E+00  -0.13541E-01   0.44143E+01   0.18610E+02
  177     3.5888  12.0481  -0.94592E+00  -0.11015E+00  -0.15306E-01   0.44031E+01   0.18526E+02
  178     3.6287  12.0713  -0.95645E+00  -0.11194E+00  -0.17092E-01   0.43923E+01   0.18440E+02
  179     3.6689  12.0942  -0.96705E+00  -0.11374E+00  -0.18897E-01   0.43816E+01   0.18351E+02
  180     3.7095  12.1169  -0.97773E+00  -0.11557E+00  -0.20724E-01   0.43712E+01   0.18258E+02
  181     3.7505  12.1392  -0.98849E+00  -0.11742E+00  -0.22574E-01   0.43611E+01   0.18163E+02
  182     3.7918  12.1612  -0.99931E+00  -0.11929E+00  -0.24442E-01   0.43512E+01   0.18065E+02
  183     3.8334  12.1830  -0.10102E+01  -0.12117E+00  -0.26330E-01   0.43416E+01   0.17963E+02
  184     3.8754  12.2045  -0.10212E+01  -0.12308E+00  -0.28241E-01   0.43322E+01   0.17860E+02
  185     3.9178  12.2257  -0.10322E+01  -0.12502E+00  -0.30174E-01   0.43230E+01   0.17754E+02
  186     3.9606  12.2467  -0.10433E+01  -0.12697E+00  -0.32127E-01   0.43141E+01   0.17644E+02
  187     4.0037  12.2674  -0.10545E+01  -0.12895E+00  -0.34102E-01   0.43054E+01   0.17532E+02
  188     4.0472  12.2878  -0.10658E+01  -0.13095E+00  -0.36104E-01   0.42969E+01   0.17419E+02
  189     4.0911  12.3080  -0.10772E+01  -0.13296E+00  -0.38121E-01   0.42887E+01   0.17302E+02
  190     4.1353  12.3279  -0.10886E+01  -0.13501E+00  -0.40164E-01   0.42807E+01   0.17184E+02
  191     4.1800  12.3476  -0.11001E+01  -0.13707E+00  -0.42228E-01   0.42728E+01   0.17063E+02
  192     4.2250  12.3670  -0.11117E+01  -0.13916E+00  -0.44316E-01   0.42652E+01   0.16941E+02
  193     4.2705  12.3862  -0.11233E+01  -0.14127E+00  -0.46425E-01   0.42578E+01   0.16814E+02
  194     4.3163  12.4051  -0.11351E+01  -0.14340E+00  -0.48560E-01   0.42506E+01   0.16687E+02
  195     4.3625  12.4238  -0.11469E+01  -0.14556E+00  -0.50716E-01   0.42436E+01   0.16557E+02
  196     4.4091  12.4423  -0.11588E+01  -0.14774E+00  -0.52897E-01   0.42368E+01   0.16426E+02
  197     4.4561  12.4605  -0.11707E+01  -0.14994E+00  -0.55101E-01   0.42301E+01   0.16291E+02
  198     4.5036  12.4785  -0.11828E+01  -0.15217E+00  -0.57330E-01   0.42237E+01   0.16154E+02
  199     4.5514  12.4962  -0.11949E+01  -0.15442E+00  -0.59581E-01   0.42174E+01   0.16019E+02
  200     4.5997  12.5138  -0.12071E+01  -0.15670E+00  -0.61858E-01   0.42113E+01   0.15879E+02
  201     4.6484  12.5311  -0.12194E+01  -0.15900E+00  -0.64158E-01   0.42053E+01   0.15733E+02
  202     4.6975  12.5482  -0.12318E+01  -0.16133E+00  -0.66483E-01   0.41996E+01   0.15590E+02
  203     4.7470  12.5650  -0.12442E+01  -0.16367E+00  -0.68830E-01   0.41939E+01   0.15445E+02
  204     4.7970  12.5817  -0.12567E+01  -0.16604E+00  -0.71202E-01   0.41885E+01   0.15298E+02
  205     4.8474  12.5981  -0.12694E+01  -0.16846E+00  -0.73613E-01   0.41832E+01   0.15148E+02
  206     4.8982  12.6144  -0.12821E+01  -0.17087E+00  -0.76028E-01   0.41781E+01   0.15000E+02
  207     4.9495  12.6304  -0.12948E+01  -0.17332E+00  -0.78476E-01   0.41731E+01   0.14849E+02
  208     5.0012  12.6462  -0.13077E+01  -0.17579E+00  -0.80952E-01   0.41682E+01   0.14695E+02
  209     5.0534  12.6619  -0.13206E+01  -0.17830E+00  -0.83452E-01   0.41635E+01   0.14541E+02
  210     5.1060  12.6773  -0.13336E+01  -0.18082E+00  -0.85978E-01   0.41589E+01   0.14381E+02
  211     5.1591  12.6925  -0.13468E+01  -0.18337E+00  -0.88531E-01   0.41545E+01   0.14229E+02
  212     5.2126  12.7076  -0.13600E+01  -0.18595E+00  -0.91111E-01   0.41502E+01   0.14068E+02
  213     5.2667  12.7224  -0.13732E+01  -0.18856E+00  -0.93715E-01   0.41460E+01   0.13910E+02
  214     5.3211  12.7371  -0.13866E+01  -0.19119E+00  -0.96347E-01   0.41419E+01   0.13751E+02
  215     5.3761  12.7515  -0.14000E+01  -0.19384E+00  -0.99000E-01   0.41379E+01   0.13589E+02
  216     5.4315  12.7658  -0.14136E+01  -0.19653E+00  -0.10169E+00   0.41341E+01   0.13427E+02
  217     5.4874  12.7799  -0.14272E+01  -0.19924E+00  -0.10440E+00   0.41304E+01   0.13265E+02
  218     5.5438  12.7938  -0.14409E+01  -0.20198E+00  -0.10714E+00   0.41267E+01   0.13102E+02
  219     5.6007  12.8076  -0.14547E+01  -0.20475E+00  -0.10990E+00   0.41232E+01   0.12938E+02
  220     5.6581  12.8211  -0.14685E+01  -0.20754E+00  -0.11270E+00   0.41198E+01   0.12772E+02
  221     5.7160  12.8345  -0.14825E+01  -0.21036E+00  -0.11552E+00   0.41165E+01   0.12608E+02
  222     5.7744  12.8477  -0.14965E+01  -0.21321E+00  -0.11837E+00   0.41133E+01   0.12442E+02
  223     5.8333  12.8608  -0.15107E+01  -0.21609E+00  -0.12125E+00   0.41102E+01   0.12275E+02
  224     5.8927  12.8737  -0.15249E+01  -0.21899E+00  -0.12415E+00   0.41072E+01   0.12107E+02
  225     5.9526  12.8864  -0.15392E+01  -0.22192E+00  -0.12708E+00   0.41042E+01   0.11941E+02
  226     6.0131  12.8990  -0.15536E+01  -0.22489E+00  -0.13005E+00   0.41014E+01   0.11772E+02
  227     6.0740  12.9114  -0.15681E+01  -0.22788E+00  -0.13304E+00   0.40986E+01   0.11605E+02
  228     6.1355  12.9236  -0.15827E+01  -0.23090E+00  -0.13605E+00   0.40959E+01   0.11439E+02
  229     6.1976  12.9357  -0.15974E+01  -0.23394E+00  -0.13910E+00   0.40933E+01   0.11272E+02
  230     6.2602  12.9476  -0.16121E+01  -0.23702E+00  -0.14218E+00   0.40908E+01   0.11103E+02
  231     6.3233  12.9594  -0.16270E+01  -0.24012E+00  -0.14528E+00   0.40883E+01   0.10936E+02
  232     6.3869  12.9710  -0.16419E+01  -0.24326E+00  -0.14842E+00   0.40860E+01   0.10771E+02
  233     6.4512  12.9825  -0.16570E+01  -0.24643E+00  -0.15159E+00   0.40837E+01   0.10604E+02
  234     6.5159  12.9938  -0.16721E+01  -0.24962E+00  -0.15478E+00   0.40814E+01   0.10437E+02
  235     6.5813  13.0050  -0.16873E+01  -0.25285E+00  -0.15800E+00   0.40792E+01   0.10273E+02
  236     6.6472  13.0160  -0.17026E+01  -0.25610E+00  -0.16126E+00   0.40771E+01   0.10105E+02
  237     6.7137  13.0269  -0.17180E+01  -0.25939E+00  -0.16455E+00   0.40751E+01   0.99396E+01
  238     6.7807  13.0377  -0.17335E+01  -0.26270E+00  -0.16786E+00   0.40731E+01   0.97741E+01
  239     6.8484  13.0483  -0.17491E+01  -0.26605E+00  -0.17121E+00   0.40711E+01   0.96094E+01
  240     6.9166  13.0588  -0.17648E+01  -0.26943E+00  -0.17458E+00   0.40693E+01   0.94461E+01
  241     6.9854  13.0691  -0.17806E+01  -0.27283E+00  -0.17799E+00   0.40674E+01   0.92818E+01
  242     7.0549  13.0794  -0.17965E+01  -0.27627E+00  -0.18143E+00   0.40657E+01   0.91200E+01
  243     7.1249  13.0894  -0.18124E+01  -0.27974E+00  -0.18490E+00   0.40640E+01   0.89603E+01
  244     7.1955  13.0994  -0.18285E+01  -0.28324E+00  -0.18840E+00   0.40623E+01   0.88001E+01
  245     7.2668  13.1092  -0.18447E+01  -0.28677E+00  -0.19193E+00   0.40607E+01   0.86392E+01
  246     7.3387  13.1189  -0.18609E+01  -0.29034E+00  -0.19549E+00   0.40591E+01   0.84800E+01
  247     7.4112  13.1285  -0.18773E+01  -0.29394E+00  -0.19909E+00   0.40576E+01   0.83238E+01
  248     7.4843  13.1380  -0.18938E+01  -0.29756E+00  -0.20272E+00   0.40561E+01   0.81661E+01
  249     7.5580  13.1473  -0.19103E+01  -0.30122E+00  -0.20638E+00   0.40546E+01   0.80105E+01
  250     7.6324  13.1565  -0.19270E+01  -0.30491E+00  -0.21007E+00   0.40532E+01   0.78564E+01
  251     7.7075  13.1656  -0.19437E+01  -0.30864E+00  -0.21380E+00   0.40519E+01   0.77016E+01
  252     7.7832  13.1746  -0.19606E+01  -0.31240E+00  -0.21756E+00   0.40506E+01   0.75494E+01
  253     7.8596  13.1834  -0.19775E+01  -0.31619E+00  -0.22135E+00   0.40493E+01   0.73993E+01
  254     7.9366  13.1922  -0.19946E+01  -0.32001E+00  -0.22517E+00   0.40481E+01   0.72492E+01
  255     8.0143  13.2008  -0.20117E+01  -0.32387E+00  -0.22903E+00   0.40468E+01   0.71010E+01
  256     8.0926  13.2093  -0.20290E+01  -0.32775E+00  -0.23291E+00   0.40457E+01   0.69542E+01
  257     8.1717  13.2178  -0.20464E+01  -0.33168E+00  -0.23684E+00   0.40445E+01   0.68090E+01
  258     8.2514  13.2261  -0.20638E+01  -0.33564E+00  -0.24079E+00   0.40434E+01   0.66630E+01
  259     8.3319  13.2343  -0.20814E+01  -0.33963E+00  -0.24478E+00   0.40424E+01   0.65218E+01
  260     8.4130  13.2424  -0.20990E+01  -0.34365E+00  -0.24881E+00   0.40413E+01   0.63808E+01
  261     8.4948  13.2503  -0.21168E+01  -0.34772E+00  -0.25287E+00   0.40403E+01   0.62405E+01
  262     8.5774  13.2582  -0.21347E+01  -0.35180E+00  -0.25696E+00   0.40393E+01   0.61028E+01
  263     8.6606  13.2660  -0.21527E+01  -0.35593E+00  -0.26108E+00   0.40383E+01   0.59657E+01
  264     8.7446  13.2737  -0.21707E+01  -0.36009E+00  -0.26525E+00   0.40374E+01   0.58304E+01
  265     8.8293  13.2813  -0.21889E+01  -0.36429E+00  -0.26944E+00   0.40365E+01   0.56977E+01
  266     8.9148  13.2888  -0.22072E+01  -0.36852E+00  -0.27367E+00   0.40356E+01   0.55666E+01
  267     9.0010  13.2962  -0.22256E+01  -0.37278E+00  -0.27794E+00   0.40348E+01   0.54366E+01
  268     9.0879  13.3035  -0.22441E+01  -0.37709E+00  -0.28225E+00   0.40339E+01   0.53079E+01
  269     9.1756  13.3107  -0.22628E+01  -0.38143E+00  -0.28658E+00   0.40331E+01   0.51813E+01
  270     9.2641  13.3178  -0.22815E+01  -0.38580E+00  -0.29096E+00   0.40323E+01   0.50561E+01
  271     9.3534  13.3248  -0.23003E+01  -0.39021E+00  -0.29537E+00   0.40316E+01   0.49328E+01
  272     9.4434  13.3317  -0.23192E+01  -0.39465E+00  -0.29981E+00   0.40308E+01   0.48119E+01
  273     9.5342  13.3386  -0.23383E+01  -0.39913E+00  -0.30429E+00   0.40301E+01   0.46917E+01
  274     9.6257  13.3453  -0.23574E+01  -0.40365E+00  -0.30880E+00   0.40294E+01   0.45749E+01
  275     9.7181  13.3520  -0.23767E+01  -0.40821E+00  -0.31336E+00   0.40287E+01   0.44586E+01
  276     9.8113  13.3586  -0.23961E+01  -0.41279E+00  -0.31795E+00   0.40280E+01   0.43442E+01
  277     9.9053  13.3651  -0.24156E+01  -0.41742E+00  -0.32258E+00   0.40274E+01   0.42326E+01
  278    10.0001  13.3715  -0.24352E+01  -0.42209E+00  -0.32725E+00   0.40268E+01   0.41207E+01
  279    10.0957  13.3778  -0.24549E+01  -0.42679E+00  -0.33195E+00   0.40261E+01   0.40130E+01
  280    10.1922  13.3841  -0.24748E+01  -0.43153E+00  -0.33669E+00   0.40255E+01   0.39059E+01
  281    10.2895  13.3902  -0.24947E+01  -0.43630E+00  -0.34146E+00   0.40250E+01   0.38000E+01
  282    10.3877  13.3963  -0.25148E+01  -0.44112E+00  -0.34628E+00   0.40244E+01   0.36978E+01
  283    10.4867  13.4023  -0.25349E+01  -0.44597E+00  -0.35113E+00   0.40238E+01   0.35963E+01
  284    10.5865  13.4083  -0.25552E+01  -0.45085E+00  -0.35601E+00   0.40233E+01   0.34975E+01
  285    10.6873  13.4141  -0.25756E+01  -0.45579E+00  -0.36094E+00   0.40228E+01   0.33989E+01
  286    10.7889  13.4199  -0.25961E+01  -0.46076E+00  -0.36591E+00   0.40223E+01   0.33027E+01
  287    10.8914  13.4256  -0.26168E+01  -0.46576E+00  -0.37092E+00   0.40218E+01   0.32091E+01
  288    10.9947  13.4312  -0.26375E+01  -0.47080E+00  -0.37596E+00   0.40213E+01   0.31163E+01
  289    11.0990  13.4368  -0.26584E+01  -0.47589E+00  -0.38105E+00   0.40208E+01   0.30261E+01
  290    11.2042  13.4423  -0.26794E+01  -0.48101E+00  -0.38617E+00   0.40204E+01   0.29367E+01
  291    11.3103  13.4477  -0.27005E+01  -0.48617E+00  -0.39132E+00   0.40199E+01   0.28507E+01
  292    11.4173  13.4530  -0.27217E+01  -0.49137E+00  -0.39653E+00   0.40195E+01   0.27656E+01
  293    11.5253  13.4583  -0.27430E+01  -0.49660E+00  -0.40176E+00   0.40191E+01   0.26830E+01
  294    11.6342  13.4635  -0.27645E+01  -0.50190E+00  -0.40705E+00   0.40187E+01   0.26011E+01
  295    11.7440  13.4687  -0.27861E+01  -0.50721E+00  -0.41237E+00   0.40183E+01   0.25218E+01
  296    11.8548  13.4738  -0.28078E+01  -0.51258E+00  -0.41773E+00   0.40179E+01   0.24444E+01
  297    11.9666  13.4788  -0.28296E+01  -0.51799E+00  -0.42314E+00   0.40175E+01   0.23664E+01
  298    12.0793  13.4837  -0.28516E+01  -0.52342E+00  -0.42858E+00   0.40171E+01   0.22926E+01
  299    12.1930  13.4886  -0.28736E+01  -0.52891E+00  -0.43406E+00   0.40168E+01   0.22199E+01
  300    12.3077  13.4934  -0.28958E+01  -0.53442E+00  -0.43958E+00   0.40164E+01   0.21483E+01
  301    12.4234  13.4982  -0.29182E+01  -0.53999E+00  -0.44515E+00   0.40161E+01   0.20789E+01
  302    12.5401  13.5029  -0.29406E+01  -0.54560E+00  -0.45076E+00   0.40157E+01   0.20113E+01
  303    12.6578  13.5075  -0.29632E+01  -0.55125E+00  -0.45641E+00   0.40154E+01   0.19459E+01
  304    12.7766  13.5121  -0.29859E+01  -0.55694E+00  -0.46210E+00   0.40151E+01   0.18793E+01
  305    12.8963  13.5166  -0.30087E+01  -0.56268E+00  -0.46783E+00   0.40148E+01   0.18175E+01
  306    13.0172  13.5211  -0.30317E+01  -0.56846E+00  -0.47362E+00   0.40145E+01   0.17565E+01
  307    13.1390  13.5255  -0.30546E+01  -0.57424E+00  -0.47940E+00   0.40142E+01   0.16968E+01
  308    13.2619  13.5298  -0.30779E+01  -0.58013E+00  -0.48528E+00   0.40139E+01   0.16386E+01
  309    13.3859  13.5341  -0.31013E+01  -0.58603E+00  -0.49119E+00   0.40136E+01   0.15818E+01
  310    13.5110  13.5383  -0.31247E+01  -0.59198E+00  -0.49713E+00   0.40133E+01   0.15273E+01
  311    13.6372  13.5425  -0.31484E+01  -0.59798E+00  -0.50314E+00   0.40131E+01   0.14727E+01
  312    13.7644  13.5466  -0.31721E+01  -0.60400E+00  -0.50916E+00   0.40128E+01   0.14207E+01
  313    13.8928  13.5507  -0.31959E+01  -0.61008E+00  -0.51524E+00   0.40125E+01   0.13696E+01
  314    14.0223  13.5547  -0.32199E+01  -0.61620E+00  -0.52136E+00   0.40123E+01   0.13200E+01
  315    14.1529  13.5587  -0.32440E+01  -0.62237E+00  -0.52752E+00   0.40120E+01   0.12725E+01
  316    14.2846  13.5626  -0.32683E+01  -0.62857E+00  -0.53373E+00   0.40118E+01   0.12257E+01
  317    14.4175  13.5665  -0.32927E+01  -0.63483E+00  -0.53998E+00   0.40116E+01   0.11806E+01
  318    14.5515  13.5703  -0.33172E+01  -0.64114E+00  -0.54629E+00   0.40114E+01   0.11363E+01
  319    14.6867  13.5741  -0.33419E+01  -0.64747E+00  -0.55263E+00   0.40111E+01   0.10940E+01
  320    14.8231  13.5778  -0.33667E+01  -0.65388E+00  -0.55903E+00   0.40109E+01   0.10522E+01
  321    14.9607  13.5815  -0.33916E+01  -0.66030E+00  -0.56546E+00   0.40107E+01   0.10121E+01
  322    15.0994  13.5851  -0.34167E+01  -0.66678E+00  -0.57194E+00   0.40105E+01   0.97294E+00
  323    15.2394  13.5887  -0.34419E+01  -0.67331E+00  -0.57846E+00   0.40103E+01   0.93501E+00
  324    15.3806  13.5922  -0.34672E+01  -0.67988E+00  -0.58503E+00   0.40101E+01   0.89887E+00
  325    15.5230  13.5957  -0.34927E+01  -0.68650E+00  -0.59165E+00   0.40099E+01   0.86308E+00
  326    15.6666  13.5991  -0.35184E+01  -0.69316E+00  -0.59832E+00   0.40097E+01   0.82909E+00
  327    15.8115  13.6025  -0.35442E+01  -0.69988E+00  -0.60504E+00   0.40096E+01   0.79535E+00
  328    15.9577  13.6059  -0.35700E+01  -0.70663E+00  -0.61179E+00   0.40094E+01   0.76366E+00
  329    16.1051  13.6092  -0.35961E+01  -0.71344E+00  -0.61860E+00   0.40092E+01   0.73223E+00
  330    16.2538  13.6124  -0.36223E+01  -0.72029E+00  -0.62544E+00   0.40090E+01   0.70260E+00
  331    16.4038  13.6157  -0.36486E+01  -0.72720E+00  -0.63236E+00   0.40089E+01   0.67345E+00
  332    16.5551  13.6188  -0.36751E+01  -0.73415E+00  -0.63931E+00   0.40087E+01   0.64557E+00
  333    16.7078  13.6220  -0.37018E+01  -0.74118E+00  -0.64634E+00   0.40085E+01   0.61799E+00
  334    16.8617  13.6251  -0.37286E+01  -0.74821E+00  -0.65337E+00   0.40084E+01   0.59199E+00
  335    17.0170  13.6281  -0.37554E+01  -0.75529E+00  -0.66045E+00   0.40082E+01   0.56657E+00
  336    17.1736  13.6312  -0.37825E+01  -0.76243E+00  -0.66759E+00   0.40081E+01   0.54271E+00
  337    17.3316  13.6342  -0.38097E+01  -0.76962E+00  -0.67478E+00   0.40079E+01   0.51886E+00
  338    17.4910  13.6371  -0.38370E+01  -0.77686E+00  -0.68202E+00   0.40078E+01   0.49642E+00
  339    17.6518  13.6400  -0.38647E+01  -0.78419E+00  -0.68935E+00   0.40077E+01   0.47473E+00
  340    17.8139  13.6429  -0.38922E+01  -0.79150E+00  -0.69665E+00   0.40075E+01   0.45362E+00
  341    17.9775  13.6457  -0.39200E+01  -0.79889E+00  -0.70405E+00   0.40074E+01   0.43285E+00
  342    18.1425  13.6485  -0.39480E+01  -0.80633E+00  -0.71148E+00   0.40073E+01   0.41387E+00
  343    18.3089  13.6513  -0.39761E+01  -0.81381E+00  -0.71897E+00   0.40071E+01   0.39513E+00
  344    18.4768  13.6540  -0.40044E+01  -0.82137E+00  -0.72652E+00   0.40070E+01   0.37712E+00
  345    18.6461  13.6567  -0.40328E+01  -0.82897E+00  -0.73412E+00   0.40069E+01   0.35979E+00
  346    18.8169  13.6593  -0.40614E+01  -0.83662E+00  -0.74177E+00   0.40068E+01   0.34318E+00
  347    18.9892  13.6619  -0.40903E+01  -0.84438E+00  -0.74953E+00   0.40067E+01   0.32686E+00
  348    19.1630  13.6645  -0.41190E+01  -0.85206E+00  -0.75721E+00   0.40066E+01   0.31155E+00
  349    19.3383  13.6671  -0.41480E+01  -0.85985E+00  -0.76501E+00   0.40064E+01   0.29669E+00
  350    19.5151  13.6696  -0.41772E+01  -0.86771E+00  -0.77287E+00   0.40063E+01   0.28284E+00
  351    19.6934  13.6721  -0.42066E+01  -0.87562E+00  -0.78078E+00   0.40062E+01   0.26923E+00
  352    19.8734  13.6745  -0.42361E+01  -0.88358E+00  -0.78874E+00   0.40061E+01   0.25613E+00
  353    20.0548  13.6770  -0.42657E+01  -0.89159E+00  -0.79675E+00   0.40060E+01   0.24369E+00
  354    20.2379  13.6794  -0.42956E+01  -0.89965E+00  -0.80481E+00   0.40059E+01   0.23162E+00
  355    20.4225  13.6817  -0.43255E+01  -0.90777E+00  -0.81292E+00   0.40058E+01   0.22031E+00
  356    20.6088  13.6840  -0.43557E+01  -0.91594E+00  -0.82110E+00   0.40057E+01   0.20938E+00
  357    20.7966  13.6863  -0.43860E+01  -0.92417E+00  -0.82932E+00   0.40056E+01   0.19883E+00
  358    20.9861  13.6886  -0.44165E+01  -0.93245E+00  -0.83760E+00   0.40056E+01   0.18879E+00
  359    21.1773  13.6909  -0.44471E+01  -0.94079E+00  -0.84594E+00   0.40055E+01   0.17910E+00
  360    21.3701  13.6931  -0.44779E+01  -0.94923E+00  -0.85439E+00   0.40000E+01   0.16995E+00
  361    21.5646  13.6953  -0.45089E+01  -0.95767E+00  -0.86283E+00   0.40000E+01   0.16121E+00
  362    21.7607  13.6974  -0.45400E+01  -0.96616E+00  -0.87132E+00   0.40000E+01   0.15281E+00
  363    21.9586  13.6995  -0.45713E+01  -0.97473E+00  -0.87989E+00   0.40000E+01   0.14485E+00
  364    22.1582  13.7016  -0.46028E+01  -0.98334E+00  -0.88850E+00   0.40000E+01   0.13722E+00
  365    22.3596  13.7037  -0.46344E+01  -0.99200E+00  -0.89716E+00   0.40000E+01   0.12995E+00
  366    22.5626  13.7058  -0.46662E+01  -0.10007E+01  -0.90588E+00   0.40000E+01   0.12296E+00
  367    22.7675  13.7078  -0.46983E+01  -0.10095E+01  -0.91468E+00   0.40000E+01   0.11637E+00
  368    22.9741  13.7098  -0.47303E+01  -0.10183E+01  -0.92349E+00   0.40000E+01   0.11005E+00
  369    23.1825  13.7117  -0.47627E+01  -0.10272E+01  -0.93240E+00   0.40000E+01   0.10396E+00
  370    23.3928  13.7137  -0.47951E+01  -0.10362E+01  -0.94133E+00   0.40000E+01   0.98275E-01
  371    23.6049  13.7156  -0.48278E+01  -0.10452E+01  -0.95033E+00   0.40000E+01   0.92858E-01
  372    23.8188  13.7175  -0.48606E+01  -0.10542E+01  -0.95940E+00   0.40000E+01   0.87724E-01
  373    24.0345  13.7194  -0.48937E+01  -0.10634E+01  -0.96853E+00   0.40000E+01   0.82760E-01
  374    24.2522  13.7212  -0.49268E+01  -0.10725E+01  -0.97769E+00   0.40000E+01   0.78108E-01
  375    24.4717  13.7230  -0.49602E+01  -0.10818E+01  -0.98694E+00   0.40000E+01   0.73663E-01
  376    24.6932  13.7248  -0.49937E+01  -0.10911E+01  -0.99623E+00   0.40000E+01   0.69437E-01
  377    24.9166  13.7266  -0.50274E+01  -0.11004E+01  -0.10056E+01   0.40000E+01   0.65432E-01
  378    25.1419  13.7284  -0.50612E+01  -0.11098E+01  -0.10150E+01   0.40000E+01   0.61625E-01
  379    25.3691  13.7301  -0.50953E+01  -0.11193E+01  -0.10245E+01   0.40000E+01   0.58057E-01
  380    25.5984  13.7318  -0.51295E+01  -0.11288E+01  -0.10340E+01   0.40000E+01   0.54617E-01
  381    25.8296  13.7335  -0.51639E+01  -0.11384E+01  -0.10436E+01   0.40000E+01   0.51357E-01
  382    26.0629  13.7351  -0.51985E+01  -0.11481E+01  -0.10532E+01   0.40000E+01   0.48303E-01
  383    26.2982  13.7368  -0.52332E+01  -0.11577E+01  -0.10629E+01   0.40000E+01   0.45424E-01
  384    26.5355  13.7384  -0.52682E+01  -0.11676E+01  -0.10727E+01   0.40000E+01   0.42666E-01
  385    26.7749  13.7400  -0.53034E+01  -0.11774E+01  -0.10825E+01   0.40000E+01   0.40070E-01
  386    27.0164  13.7416  -0.53387E+01  -0.11873E+01  -0.10924E+01   0.40000E+01   0.37612E-01
  387    27.2599  13.7431  -0.53742E+01  -0.11972E+01  -0.11024E+01   0.40000E+01   0.35298E-01
  388    27.5056  13.7447  -0.54098E+01  -0.12072E+01  -0.11124E+01   0.40000E+01   0.33103E-01
  389    27.7534  13.7462  -0.54456E+01  -0.12173E+01  -0.11224E+01   0.40000E+01   0.31044E-01
  390    28.0034  13.7477  -0.54817E+01  -0.12274E+01  -0.11326E+01   0.40000E+01   0.29095E-01
  391    28.2556  13.7492  -0.55180E+01  -0.12376E+01  -0.11428E+01   0.40000E+01   0.27280E-01
  392    28.5099  13.7506  -0.55544E+01  -0.12479E+01  -0.11531E+01   0.40000E+01   0.25500E-01
  393    28.7665  13.7521  -0.55910E+01  -0.12582E+01  -0.11634E+01   0.40000E+01   0.23889E-01
  394    29.0253  13.7535  -0.56278E+01  -0.12686E+01  -0.11738E+01   0.40000E+01   0.22370E-01
  395    29.2863  13.7549  -0.56648E+01  -0.12791E+01  -0.11842E+01   0.40000E+01   0.20894E-01
  396    29.5496  13.7563  -0.57019E+01  -0.12896E+01  -0.11947E+01   0.40000E+01   0.19573E-01
  397    29.8152  13.7577  -0.57393E+01  -0.13002E+01  -0.12053E+01   0.40000E+01   0.18243E-01
  398    30.0831  13.7590  -0.57771E+01  -0.13109E+01  -0.12160E+01   0.40000E+01   0.17040E-01
  399    30.3534  13.7604  -0.58146E+01  -0.13215E+01  -0.12266E+01   0.40000E+01   0.15898E-01
  400    30.6259  13.7617  -0.58525E+01  -0.13322E+01  -0.12374E+01   0.40000E+01   0.14856E-01
