    1     0.0001   0.0014  -0.15259E-04  -0.20709E-06   0.93925E-01   0.11383E+02   0.45228E+01
    2     0.0088   0.1221  -0.12923E-02  -0.60832E-05   0.93919E-01   0.11314E+02   0.45347E+01
    3     0.0176   0.2423  -0.26974E-02  -0.36190E-04   0.93889E-01   0.11246E+02   0.47886E+01
    4     0.0264   0.3621  -0.41714E-02  -0.75827E-04   0.93849E-01   0.11178E+02   0.49776E+01
    5     0.0353   0.4814  -0.57058E-02  -0.12254E-03   0.93803E-01   0.11111E+02   0.51549E+01
    6     0.0443   0.6003  -0.72843E-02  -0.17264E-03   0.93752E-01   0.11044E+02   0.53078E+01
    7     0.0534   0.7188  -0.89048E-02  -0.22542E-03   0.93700E-01   0.10978E+02   0.54468E+01
    8     0.0626   0.8368  -0.10565E-01  -0.28064E-03   0.93644E-01   0.10912E+02   0.55803E+01
    9     0.0718   0.9543  -0.12265E-01  -0.33774E-03   0.93587E-01   0.10846E+02   0.57112E+01
   10     0.0811   1.0713  -0.14002E-01  -0.39696E-03   0.93528E-01   0.10780E+02   0.58377E+01
   11     0.0905   1.1879  -0.15776E-01  -0.45731E-03   0.93468E-01   0.10715E+02   0.59629E+01
   12     0.1000   1.3039  -0.17586E-01  -0.51945E-03   0.93406E-01   0.10650E+02   0.60845E+01
   13     0.1096   1.4195  -0.19433E-01  -0.58329E-03   0.93342E-01   0.10586E+02   0.62067E+01
   14     0.1192   1.5346  -0.21325E-01  -0.65090E-03   0.93274E-01   0.10522E+02   0.63314E+01
   15     0.1290   1.6491  -0.23240E-01  -0.71735E-03   0.93208E-01   0.10458E+02   0.64504E+01
   16     0.1388   1.7632  -0.25191E-01  -0.78547E-03   0.93140E-01   0.10394E+02   0.65717E+01
   17     0.1487   1.8767  -0.27178E-01  -0.85544E-03   0.93070E-01   0.10330E+02   0.66908E+01
   18     0.1587   1.9897  -0.29201E-01  -0.92716E-03   0.92998E-01   0.10267E+02   0.68122E+01
   19     0.1687   2.1021  -0.31260E-01  -0.10009E-02   0.92924E-01   0.10204E+02   0.69335E+01
   20     0.1789   2.2140  -0.33355E-01  -0.10767E-02   0.92848E-01   0.10142E+02   0.70536E+01
   21     0.1891   2.3254  -0.35486E-01  -0.11549E-02   0.92770E-01   0.10079E+02   0.71762E+01
   22     0.1995   2.4362  -0.37653E-01  -0.12352E-02   0.92690E-01   0.10017E+02   0.72979E+01
   23     0.2099   2.5465  -0.39857E-01  -0.13179E-02   0.92607E-01   0.99554E+01   0.74207E+01
   24     0.2204   2.6562  -0.42096E-01  -0.14027E-02   0.92522E-01   0.98939E+01   0.75439E+01
   25     0.2310   2.7653  -0.44372E-01  -0.14895E-02   0.92436E-01   0.98328E+01   0.76682E+01
   26     0.2417   2.8738  -0.46683E-01  -0.15790E-02   0.92346E-01   0.97718E+01   0.77936E+01
   27     0.2525   2.9818  -0.49031E-01  -0.16710E-02   0.92254E-01   0.97112E+01   0.79183E+01
   28     0.2634   3.0892  -0.51415E-01  -0.17660E-02   0.92159E-01   0.96509E+01   0.80448E+01
   29     0.2744   3.1959  -0.53836E-01  -0.18637E-02   0.92061E-01   0.95908E+01   0.81721E+01
   30     0.2855   3.3021  -0.56295E-01  -0.19646E-02   0.91961E-01   0.95310E+01   0.83004E+01
   31     0.2967   3.4077  -0.58791E-01  -0.20688E-02   0.91856E-01   0.94715E+01   0.84286E+01
   32     0.3079   3.5127  -0.61326E-01  -0.21765E-02   0.91749E-01   0.94123E+01   0.85583E+01
   33     0.3193   3.6170  -0.63886E-01  -0.22843E-02   0.91641E-01   0.93533E+01   0.86896E+01
   34     0.3308   3.7207  -0.66498E-01  -0.23993E-02   0.91526E-01   0.92947E+01   0.88210E+01
   35     0.3423   3.8238  -0.69149E-01  -0.25181E-02   0.91407E-01   0.92364E+01   0.89514E+01
   36     0.3540   3.9263  -0.71840E-01  -0.26407E-02   0.91284E-01   0.91784E+01   0.90850E+01
   37     0.3658   4.0281  -0.74570E-01  -0.27669E-02   0.91158E-01   0.91208E+01   0.92186E+01
   38     0.3777   4.1293  -0.77339E-01  -0.28976E-02   0.91027E-01   0.90634E+01   0.93528E+01
   39     0.3896   4.2299  -0.80148E-01  -0.30326E-02   0.90893E-01   0.90063E+01   0.94881E+01
   40     0.4017   4.3298  -0.82996E-01  -0.31717E-02   0.90753E-01   0.89496E+01   0.96240E+01
   41     0.4139   4.4291  -0.85884E-01  -0.33150E-02   0.90610E-01   0.88932E+01   0.97612E+01
   42     0.4262   4.5276  -0.88813E-01  -0.34631E-02   0.90462E-01   0.88370E+01   0.98995E+01
   43     0.4386   4.6256  -0.91783E-01  -0.36160E-02   0.90309E-01   0.87812E+01   0.10037E+02
   44     0.4511   4.7229  -0.94793E-01  -0.37737E-02   0.90151E-01   0.87257E+01   0.10176E+02
   45     0.4637   4.8195  -0.97845E-01  -0.39365E-02   0.89989E-01   0.86706E+01   0.10317E+02
   46     0.4764   4.9154  -0.10094E+00  -0.41045E-02   0.89821E-01   0.86157E+01   0.10457E+02
   47     0.4893   5.0106  -0.10408E+00  -0.42776E-02   0.89647E-01   0.85612E+01   0.10599E+02
   48     0.5022   5.1052  -0.10725E+00  -0.44565E-02   0.89469E-01   0.85070E+01   0.10740E+02
   49     0.5153   5.1991  -0.11047E+00  -0.46406E-02   0.89285E-01   0.84531E+01   0.10882E+02
   50     0.5285   5.2923  -0.11374E+00  -0.48300E-02   0.89095E-01   0.83996E+01   0.11027E+02
   51     0.5417   5.3849  -0.11704E+00  -0.50247E-02   0.88900E-01   0.83464E+01   0.11170E+02
   52     0.5552   5.4767  -0.12039E+00  -0.52255E-02   0.88700E-01   0.82935E+01   0.11315E+02
   53     0.5687   5.5679  -0.12378E+00  -0.54321E-02   0.88493E-01   0.82409E+01   0.11461E+02
   54     0.5823   5.6583  -0.12721E+00  -0.56450E-02   0.88280E-01   0.81887E+01   0.11606E+02
   55     0.5961   5.7481  -0.13069E+00  -0.58641E-02   0.88061E-01   0.81368E+01   0.11752E+02
   56     0.6099   5.8371  -0.13422E+00  -0.60898E-02   0.87835E-01   0.80853E+01   0.11899E+02
   57     0.6239   5.9255  -0.13779E+00  -0.63221E-02   0.87603E-01   0.80341E+01   0.12047E+02
   58     0.6381   6.0132  -0.14140E+00  -0.65606E-02   0.87365E-01   0.79832E+01   0.12195E+02
   59     0.6523   6.1001  -0.14506E+00  -0.68057E-02   0.87119E-01   0.79326E+01   0.12343E+02
   60     0.6667   6.1864  -0.14876E+00  -0.70571E-02   0.86868E-01   0.78824E+01   0.12492E+02
   61     0.6812   6.2719  -0.15250E+00  -0.73152E-02   0.86610E-01   0.78325E+01   0.12642E+02
   62     0.6958   6.3568  -0.15629E+00  -0.75798E-02   0.86345E-01   0.77830E+01   0.12792E+02
   63     0.7105   6.4409  -0.16013E+00  -0.78516E-02   0.86073E-01   0.77339E+01   0.12943E+02
   64     0.7254   6.5244  -0.16401E+00  -0.81309E-02   0.85794E-01   0.76850E+01   0.13092E+02
   65     0.7404   6.6071  -0.16794E+00  -0.84177E-02   0.85507E-01   0.76365E+01   0.13243E+02
   66     0.7555   6.6891  -0.17192E+00  -0.87111E-02   0.85214E-01   0.75884E+01   0.13393E+02
   67     0.7708   6.7704  -0.17594E+00  -0.90113E-02   0.84914E-01   0.75406E+01   0.13544E+02
   68     0.7862   6.8511  -0.18000E+00  -0.93193E-02   0.84606E-01   0.74931E+01   0.13695E+02
   69     0.8017   6.9310  -0.18412E+00  -0.96352E-02   0.84290E-01   0.74460E+01   0.13847E+02
   70     0.8174   7.0102  -0.18828E+00  -0.99592E-02   0.83966E-01   0.73993E+01   0.13998E+02
   71     0.8332   7.0886  -0.19249E+00  -0.10291E-01   0.83634E-01   0.73528E+01   0.14150E+02
   72     0.8491   7.1664  -0.19675E+00  -0.10632E-01   0.83293E-01   0.73067E+01   0.14301E+02
   73     0.8652   7.2435  -0.20106E+00  -0.10980E-01   0.82945E-01   0.72610E+01   0.14453E+02
   74     0.8814   7.3199  -0.20541E+00  -0.11336E-01   0.82589E-01   0.72156E+01   0.14604E+02
   75     0.8977   7.3956  -0.20981E+00  -0.11700E-01   0.82225E-01   0.71706E+01   0.14755E+02
   76     0.9142   7.4705  -0.21426E+00  -0.12074E-01   0.81852E-01   0.71259E+01   0.14906E+02
   77     0.9309   7.5448  -0.21877E+00  -0.12456E-01   0.81469E-01   0.70816E+01   0.15057E+02
   78     0.9477   7.6184  -0.22332E+00  -0.12849E-01   0.81076E-01   0.70377E+01   0.15207E+02
   79     0.9646   7.6913  -0.22793E+00  -0.13250E-01   0.80675E-01   0.69941E+01   0.15357E+02
   80     0.9817   7.7635  -0.23259E+00  -0.13659E-01   0.80266E-01   0.69509E+01   0.15507E+02
   81     0.9989   7.8350  -0.23729E+00  -0.14077E-01   0.79848E-01   0.69080E+01   0.15658E+02
   82     1.0163   7.9058  -0.24204E+00  -0.14503E-01   0.79422E-01   0.68654E+01   0.15808E+02
   83     1.0338   7.9759  -0.24684E+00  -0.14939E-01   0.78986E-01   0.68232E+01   0.15956E+02
   84     1.0515   8.0453  -0.25169E+00  -0.15384E-01   0.78541E-01   0.67814E+01   0.16104E+02
   85     1.0693   8.1141  -0.25660E+00  -0.15839E-01   0.78086E-01   0.67399E+01   0.16251E+02
   86     1.0873   8.1821  -0.26155E+00  -0.16304E-01   0.77621E-01   0.66988E+01   0.16398E+02
   87     1.1055   8.2495  -0.26656E+00  -0.16779E-01   0.77147E-01   0.66580E+01   0.16545E+02
   88     1.1238   8.3162  -0.27162E+00  -0.17263E-01   0.76662E-01   0.66175E+01   0.16692E+02
   89     1.1423   8.3823  -0.27673E+00  -0.17757E-01   0.76169E-01   0.65775E+01   0.16837E+02
   90     1.1609   8.4477  -0.28189E+00  -0.18260E-01   0.75665E-01   0.65377E+01   0.16980E+02
   91     1.1797   8.5124  -0.28711E+00  -0.18774E-01   0.75151E-01   0.64983E+01   0.17122E+02
   92     1.1986   8.5764  -0.29237E+00  -0.19298E-01   0.74627E-01   0.64593E+01   0.17263E+02
   93     1.2177   8.6398  -0.29769E+00  -0.19832E-01   0.74093E-01   0.64206E+01   0.17402E+02
   94     1.2370   8.7025  -0.30306E+00  -0.20377E-01   0.73548E-01   0.63822E+01   0.17542E+02
   95     1.2565   8.7646  -0.30849E+00  -0.20933E-01   0.72992E-01   0.63442E+01   0.17681E+02
   96     1.2761   8.8260  -0.31397E+00  -0.21499E-01   0.72426E-01   0.63066E+01   0.17815E+02
   97     1.2959   8.8868  -0.31950E+00  -0.22075E-01   0.71850E-01   0.62693E+01   0.17950E+02
   98     1.3158   8.9469  -0.32508E+00  -0.22661E-01   0.71264E-01   0.62324E+01   0.18084E+02
   99     1.3360   9.0065  -0.33072E+00  -0.23258E-01   0.70667E-01   0.61958E+01   0.18217E+02
  100     1.3563   9.0653  -0.33642E+00  -0.23868E-01   0.70057E-01   0.61596E+01   0.18348E+02
  101     1.3767   9.1236  -0.34217E+00  -0.24491E-01   0.69434E-01   0.61237E+01   0.18478E+02
  102     1.3974   9.1812  -0.34798E+00  -0.25124E-01   0.68801E-01   0.60882E+01   0.18606E+02
  103     1.4183   9.2382  -0.35383E+00  -0.25766E-01   0.68159E-01   0.60530E+01   0.18733E+02
  104     1.4393   9.2945  -0.35974E+00  -0.26420E-01   0.67505E-01   0.60181E+01   0.18859E+02
  105     1.4605   9.3503  -0.36571E+00  -0.27085E-01   0.66840E-01   0.59836E+01   0.18982E+02
  106     1.4819   9.4054  -0.37173E+00  -0.27761E-01   0.66164E-01   0.59495E+01   0.19103E+02
  107     1.5035   9.4600  -0.37780E+00  -0.28449E-01   0.65476E-01   0.59156E+01   0.19223E+02
  108     1.5252   9.5139  -0.38392E+00  -0.29146E-01   0.64779E-01   0.58821E+01   0.19342E+02
  109     1.5472   9.5673  -0.39010E+00  -0.29855E-01   0.64070E-01   0.58490E+01   0.19459E+02
  110     1.5693   9.6200  -0.39634E+00  -0.30580E-01   0.63345E-01   0.58162E+01   0.19572E+02
  111     1.5917   9.6722  -0.40265E+00  -0.31317E-01   0.62608E-01   0.57838E+01   0.19683E+02
  112     1.6142   9.7238  -0.40900E+00  -0.32065E-01   0.61860E-01   0.57517E+01   0.19792E+02
  113     1.6369   9.7748  -0.41542E+00  -0.32827E-01   0.61099E-01   0.57200E+01   0.19901E+02
  114     1.6598   9.8252  -0.42189E+00  -0.33600E-01   0.60325E-01   0.56887E+01   0.20006E+02
  115     1.6830   9.8751  -0.42842E+00  -0.34387E-01   0.59539E-01   0.56576E+01   0.20110E+02
  116     1.7063   9.9244  -0.43500E+00  -0.35184E-01   0.58741E-01   0.56270E+01   0.20211E+02
  117     1.7298   9.9731  -0.44164E+00  -0.35995E-01   0.57930E-01   0.55966E+01   0.20311E+02
  118     1.7536  10.0213  -0.44834E+00  -0.36819E-01   0.57107E-01   0.55666E+01   0.20408E+02
  119     1.7775  10.0689  -0.45510E+00  -0.37655E-01   0.56270E-01   0.55370E+01   0.20503E+02
  120     1.8016  10.1160  -0.46192E+00  -0.38506E-01   0.55419E-01   0.55077E+01   0.20593E+02
  121     1.8260  10.1626  -0.46879E+00  -0.39369E-01   0.54556E-01   0.54788E+01   0.20682E+02
  122     1.8506  10.2086  -0.47573E+00  -0.40246E-01   0.53679E-01   0.54501E+01   0.20768E+02
  123     1.8753  10.2541  -0.48272E+00  -0.41136E-01   0.52789E-01   0.54219E+01   0.20851E+02
  124     1.9003  10.2990  -0.48977E+00  -0.42039E-01   0.51886E-01   0.53940E+01   0.20930E+02
  125     1.9256  10.3434  -0.49689E+00  -0.42957E-01   0.50969E-01   0.53664E+01   0.21008E+02
  126     1.9510  10.3873  -0.50406E+00  -0.43887E-01   0.50038E-01   0.53392E+01   0.21083E+02
  127     1.9766  10.4307  -0.51129E+00  -0.44830E-01   0.49095E-01   0.53123E+01   0.21157E+02
  128     2.0025  10.4736  -0.51857E+00  -0.45787E-01   0.48138E-01   0.52857E+01   0.21227E+02
  129     2.0286  10.5160  -0.52592E+00  -0.46759E-01   0.47166E-01   0.52595E+01   0.21292E+02
  130     2.0550  10.5579  -0.53333E+00  -0.47746E-01   0.46180E-01   0.52336E+01   0.21356E+02
  131     2.0815  10.5993  -0.54080E+00  -0.48746E-01   0.45179E-01   0.52081E+01   0.21416E+02
  132     2.1083  10.6402  -0.54834E+00  -0.49760E-01   0.44165E-01   0.51830E+01   0.21474E+02
  133     2.1353  10.6806  -0.55593E+00  -0.50788E-01   0.43137E-01   0.51581E+01   0.21530E+02
  134     2.1626  10.7205  -0.56358E+00  -0.51830E-01   0.42095E-01   0.51337E+01   0.21581E+02
  135     2.1901  10.7600  -0.57129E+00  -0.52887E-01   0.41038E-01   0.51095E+01   0.21630E+02
  136     2.2178  10.7990  -0.57907E+00  -0.53961E-01   0.39964E-01   0.50857E+01   0.21675E+02
  137     2.2458  10.8375  -0.58691E+00  -0.55049E-01   0.38876E-01   0.50623E+01   0.21716E+02
  138     2.2740  10.8756  -0.59482E+00  -0.56153E-01   0.37772E-01   0.50391E+01   0.21755E+02
  139     2.3025  10.9132  -0.60278E+00  -0.57270E-01   0.36655E-01   0.50164E+01   0.21790E+02
  140     2.3312  10.9504  -0.61081E+00  -0.58404E-01   0.35521E-01   0.49940E+01   0.21823E+02
  141     2.3602  10.9871  -0.61891E+00  -0.59553E-01   0.34372E-01   0.49719E+01   0.21853E+02
  142     2.3894  11.0234  -0.62707E+00  -0.60718E-01   0.33207E-01   0.49502E+01   0.21878E+02
  143     2.4188  11.0592  -0.63529E+00  -0.61899E-01   0.32027E-01   0.49288E+01   0.21899E+02
  144     2.4486  11.0946  -0.64357E+00  -0.63093E-01   0.30832E-01   0.49077E+01   0.21915E+02
  145     2.4785  11.1296  -0.65192E+00  -0.64303E-01   0.29622E-01   0.48869E+01   0.21930E+02
  146     2.5088  11.1641  -0.66033E+00  -0.65530E-01   0.28395E-01   0.48665E+01   0.21941E+02
  147     2.5393  11.1982  -0.66880E+00  -0.66773E-01   0.27152E-01   0.48465E+01   0.21949E+02
  148     2.5701  11.2320  -0.67734E+00  -0.68032E-01   0.25893E-01   0.48268E+01   0.21952E+02
  149     2.6011  11.2653  -0.68595E+00  -0.69309E-01   0.24617E-01   0.48074E+01   0.21952E+02
  150     2.6324  11.2982  -0.69462E+00  -0.70600E-01   0.23325E-01   0.47883E+01   0.21950E+02
  151     2.6640  11.3306  -0.70335E+00  -0.71906E-01   0.22019E-01   0.47696E+01   0.21944E+02
  152     2.6958  11.3627  -0.71215E+00  -0.73230E-01   0.20695E-01   0.47512E+01   0.21935E+02
  153     2.7280  11.3944  -0.72102E+00  -0.74571E-01   0.19354E-01   0.47331E+01   0.21922E+02
  154     2.7604  11.4258  -0.72995E+00  -0.75929E-01   0.17996E-01   0.47154E+01   0.21905E+02
  155     2.7931  11.4567  -0.73895E+00  -0.77305E-01   0.16620E-01   0.46979E+01   0.21886E+02
  156     2.8260  11.4872  -0.74802E+00  -0.78697E-01   0.15228E-01   0.46809E+01   0.21860E+02
  157     2.8593  11.5174  -0.75715E+00  -0.80107E-01   0.13818E-01   0.46641E+01   0.21834E+02
  158     2.8929  11.5472  -0.76636E+00  -0.81537E-01   0.12388E-01   0.46476E+01   0.21805E+02
  159     2.9267  11.5766  -0.77563E+00  -0.82982E-01   0.10943E-01   0.46315E+01   0.21716E+02
  160     2.9608  11.6057  -0.78497E+00  -0.84444E-01   0.94806E-02   0.46157E+01   0.21694E+02
  161     2.9953  11.6344  -0.79437E+00  -0.85926E-01   0.79995E-02   0.46002E+01   0.21696E+02
  162     3.0300  11.6628  -0.80385E+00  -0.87426E-01   0.64988E-02   0.45850E+01   0.21640E+02
  163     3.0651  11.6908  -0.81340E+00  -0.88946E-01   0.49795E-02   0.45701E+01   0.21593E+02
  164     3.1004  11.7184  -0.82300E+00  -0.90475E-01   0.34500E-02   0.45555E+01   0.21540E+02
  165     3.1360  11.7458  -0.83273E+00  -0.92046E-01   0.18794E-02   0.45413E+01   0.21479E+02
  166     3.1720  11.7727  -0.84229E+00  -0.93556E-01   0.36864E-03   0.45270E+01   0.21428E+02
  167     3.2083  11.7994  -0.85192E+00  -0.95088E-01  -0.11631E-02   0.45131E+01   0.21372E+02
  168     3.2449  11.8257  -0.86217E+00  -0.96812E-01  -0.28872E-02   0.45002E+01   0.21289E+02
  169     3.2818  11.8517  -0.87212E+00  -0.98437E-01  -0.45123E-02   0.44871E+01   0.21217E+02
  170     3.3190  11.8773  -0.88214E+00  -0.10008E+00  -0.61574E-02   0.44743E+01   0.21145E+02
  171     3.3565  11.9026  -0.89225E+00  -0.10175E+00  -0.78273E-02   0.44618E+01   0.21059E+02
  172     3.3944  11.9277  -0.90242E+00  -0.10344E+00  -0.95113E-02   0.44495E+01   0.21009E+02
  173     3.4326  11.9524  -0.91265E+00  -0.10514E+00  -0.11216E-01   0.44376E+01   0.20959E+02
  174     3.4712  11.9768  -0.92297E+00  -0.10687E+00  -0.12942E-01   0.44259E+01   0.20811E+02
  175     3.5100  12.0009  -0.93336E+00  -0.10862E+00  -0.14690E-01   0.44145E+01   0.20725E+02
  176     3.5492  12.0246  -0.94382E+00  -0.11038E+00  -0.16455E-01   0.44033E+01   0.20632E+02
  177     3.5888  12.0481  -0.95435E+00  -0.11217E+00  -0.18242E-01   0.43924E+01   0.20534E+02
  178     3.6287  12.0713  -0.96495E+00  -0.11397E+00  -0.20048E-01   0.43818E+01   0.20436E+02
  179     3.6689  12.0942  -0.97564E+00  -0.11580E+00  -0.21878E-01   0.43714E+01   0.20335E+02
  180     3.7095  12.1169  -0.98639E+00  -0.11765E+00  -0.23728E-01   0.43613E+01   0.20227E+02
  181     3.7505  12.1392  -0.99722E+00  -0.11952E+00  -0.25599E-01   0.43515E+01   0.20117E+02
  182     3.7918  12.1612  -0.10081E+01  -0.12142E+00  -0.27490E-01   0.43419E+01   0.20006E+02
  183     3.8334  12.1830  -0.10191E+01  -0.12333E+00  -0.29402E-01   0.43325E+01   0.19890E+02
  184     3.8754  12.2045  -0.10302E+01  -0.12526E+00  -0.31337E-01   0.43233E+01   0.19771E+02
  185     3.9178  12.2257  -0.10413E+01  -0.12722E+00  -0.33296E-01   0.43144E+01   0.19650E+02
  186     3.9606  12.2467  -0.10525E+01  -0.12920E+00  -0.35273E-01   0.43057E+01   0.19524E+02
  187     4.0037  12.2674  -0.10638E+01  -0.13120E+00  -0.37271E-01   0.42973E+01   0.19397E+02
  188     4.0472  12.2878  -0.10751E+01  -0.13322E+00  -0.39294E-01   0.42890E+01   0.19267E+02
  189     4.0911  12.3080  -0.10865E+01  -0.13526E+00  -0.41339E-01   0.42810E+01   0.19134E+02
  190     4.1353  12.3279  -0.10980E+01  -0.13733E+00  -0.43403E-01   0.42732E+01   0.18998E+02
  191     4.1800  12.3476  -0.11096E+01  -0.13942E+00  -0.45495E-01   0.42656E+01   0.18860E+02
  192     4.2250  12.3670  -0.11213E+01  -0.14153E+00  -0.47607E-01   0.42582E+01   0.18720E+02
  193     4.2705  12.3862  -0.11330E+01  -0.14367E+00  -0.49741E-01   0.42510E+01   0.18577E+02
  194     4.3163  12.4051  -0.11448E+01  -0.14582E+00  -0.51899E-01   0.42440E+01   0.18431E+02
  195     4.3625  12.4238  -0.11567E+01  -0.14801E+00  -0.54081E-01   0.42371E+01   0.18286E+02
  196     4.4091  12.4423  -0.11687E+01  -0.15021E+00  -0.56285E-01   0.42305E+01   0.18135E+02
  197     4.4561  12.4605  -0.11808E+01  -0.15244E+00  -0.58515E-01   0.42240E+01   0.17983E+02
  198     4.5036  12.4785  -0.11929E+01  -0.15469E+00  -0.60767E-01   0.42178E+01   0.17830E+02
  199     4.5514  12.4962  -0.12051E+01  -0.15697E+00  -0.63044E-01   0.42117E+01   0.17673E+02
  200     4.5997  12.5138  -0.12174E+01  -0.15927E+00  -0.65345E-01   0.42057E+01   0.17515E+02
  201     4.6484  12.5311  -0.12298E+01  -0.16160E+00  -0.67673E-01   0.42000E+01   0.17353E+02
  202     4.6975  12.5482  -0.12422E+01  -0.16395E+00  -0.70022E-01   0.41943E+01   0.17192E+02
  203     4.7470  12.5650  -0.12547E+01  -0.16632E+00  -0.72398E-01   0.41889E+01   0.17031E+02
  204     4.7970  12.5817  -0.12674E+01  -0.16872E+00  -0.74798E-01   0.41836E+01   0.16861E+02
  205     4.8474  12.5981  -0.12801E+01  -0.17115E+00  -0.77223E-01   0.41785E+01   0.16695E+02
  206     4.8982  12.6144  -0.12928E+01  -0.17360E+00  -0.79672E-01   0.41735E+01   0.16525E+02
  207     4.9495  12.6304  -0.13057E+01  -0.17607E+00  -0.82145E-01   0.41686E+01   0.16355E+02
  208     5.0012  12.6462  -0.13187E+01  -0.17858E+00  -0.84658E-01   0.41639E+01   0.16180E+02
  209     5.0534  12.6619  -0.13317E+01  -0.18110E+00  -0.87177E-01   0.41593E+01   0.16009E+02
  210     5.1060  12.6773  -0.13448E+01  -0.18365E+00  -0.89728E-01   0.41549E+01   0.15835E+02
  211     5.1591  12.6925  -0.13580E+01  -0.18623E+00  -0.92308E-01   0.41506E+01   0.15659E+02
  212     5.2126  12.7076  -0.13712E+01  -0.18884E+00  -0.94913E-01   0.41464E+01   0.15480E+02
  213     5.2667  12.7224  -0.13846E+01  -0.19147E+00  -0.97545E-01   0.41423E+01   0.15298E+02
  214     5.3211  12.7371  -0.13980E+01  -0.19413E+00  -0.10020E+00   0.41383E+01   0.15124E+02
  215     5.3761  12.7515  -0.14116E+01  -0.19682E+00  -0.10289E+00   0.41345E+01   0.14941E+02
  216     5.4315  12.7658  -0.14252E+01  -0.19953E+00  -0.10560E+00   0.41308E+01   0.14760E+02
  217     5.4874  12.7799  -0.14389E+01  -0.20227E+00  -0.10834E+00   0.41271E+01   0.14578E+02
  218     5.5438  12.7938  -0.14527E+01  -0.20503E+00  -0.11110E+00   0.41236E+01   0.14395E+02
  219     5.6007  12.8076  -0.14665E+01  -0.20782E+00  -0.11390E+00   0.41202E+01   0.14212E+02
  220     5.6581  12.8211  -0.14805E+01  -0.21064E+00  -0.11672E+00   0.41169E+01   0.14028E+02
  221     5.7160  12.8345  -0.14945E+01  -0.21349E+00  -0.11957E+00   0.41137E+01   0.13844E+02
  222     5.7744  12.8477  -0.15087E+01  -0.21637E+00  -0.12244E+00   0.41106E+01   0.13659E+02
  223     5.8333  12.8608  -0.15229E+01  -0.21927E+00  -0.12535E+00   0.41075E+01   0.13473E+02
  224     5.8927  12.8737  -0.15372E+01  -0.22221E+00  -0.12828E+00   0.41046E+01   0.13286E+02
  225     5.9526  12.8864  -0.15516E+01  -0.22517E+00  -0.13125E+00   0.41017E+01   0.13102E+02
  226     6.0131  12.8990  -0.15661E+01  -0.22816E+00  -0.13424E+00   0.40990E+01   0.12913E+02
  227     6.0740  12.9114  -0.15807E+01  -0.23118E+00  -0.13725E+00   0.40963E+01   0.12727E+02
  228     6.1355  12.9236  -0.15954E+01  -0.23423E+00  -0.14030E+00   0.40937E+01   0.12540E+02
  229     6.1976  12.9357  -0.16101E+01  -0.23730E+00  -0.14338E+00   0.40911E+01   0.12351E+02
  230     6.2602  12.9476  -0.16250E+01  -0.24041E+00  -0.14648E+00   0.40887E+01   0.12167E+02
  231     6.3233  12.9594  -0.16399E+01  -0.24354E+00  -0.14961E+00   0.40863E+01   0.11982E+02
  232     6.3869  12.9710  -0.16549E+01  -0.24670E+00  -0.15278E+00   0.40840E+01   0.11797E+02
  233     6.4512  12.9825  -0.16700E+01  -0.24990E+00  -0.15597E+00   0.40817E+01   0.11610E+02
  234     6.5159  12.9938  -0.16853E+01  -0.25312E+00  -0.15920E+00   0.40795E+01   0.11426E+02
  235     6.5813  13.0050  -0.17006E+01  -0.25638E+00  -0.16245E+00   0.40774E+01   0.11244E+02
  236     6.6472  13.0160  -0.17160E+01  -0.25966E+00  -0.16574E+00   0.40754E+01   0.11057E+02
  237     6.7137  13.0269  -0.17315E+01  -0.26297E+00  -0.16905E+00   0.40734E+01   0.10876E+02
  238     6.7807  13.0377  -0.17471E+01  -0.26632E+00  -0.17239E+00   0.40714E+01   0.10692E+02
  239     6.8484  13.0483  -0.17627E+01  -0.26970E+00  -0.17577E+00   0.40696E+01   0.10509E+02
  240     6.9166  13.0588  -0.17785E+01  -0.27310E+00  -0.17918E+00   0.40677E+01   0.10328E+02
  241     6.9854  13.0691  -0.17944E+01  -0.27654E+00  -0.18261E+00   0.40660E+01   0.10147E+02
  242     7.0549  13.0794  -0.18104E+01  -0.28001E+00  -0.18608E+00   0.40642E+01   0.99662E+01
  243     7.1249  13.0894  -0.18264E+01  -0.28350E+00  -0.18958E+00   0.40626E+01   0.97875E+01
  244     7.1955  13.0994  -0.18426E+01  -0.28703E+00  -0.19311E+00   0.40609E+01   0.96111E+01
  245     7.2668  13.1092  -0.18588E+01  -0.29059E+00  -0.19667E+00   0.40594E+01   0.94343E+01
  246     7.3387  13.1189  -0.18752E+01  -0.29419E+00  -0.20026E+00   0.40578E+01   0.92586E+01
  247     7.4112  13.1285  -0.18916E+01  -0.29781E+00  -0.20389E+00   0.40564E+01   0.90849E+01
  248     7.4843  13.1380  -0.19082E+01  -0.30147E+00  -0.20754E+00   0.40549E+01   0.89103E+01
  249     7.5580  13.1473  -0.19248E+01  -0.30516E+00  -0.21124E+00   0.40535E+01   0.87398E+01
  250     7.6324  13.1565  -0.19416E+01  -0.30889E+00  -0.21496E+00   0.40522E+01   0.85687E+01
  251     7.7075  13.1656  -0.19584E+01  -0.31264E+00  -0.21872E+00   0.40508E+01   0.84001E+01
  252     7.7832  13.1746  -0.19754E+01  -0.31643E+00  -0.22250E+00   0.40495E+01   0.82325E+01
  253     7.8596  13.1834  -0.19924E+01  -0.32025E+00  -0.22632E+00   0.40483E+01   0.80643E+01
  254     7.9366  13.1922  -0.20096E+01  -0.32410E+00  -0.23018E+00   0.40471E+01   0.78992E+01
  255     8.0143  13.2008  -0.20268E+01  -0.32799E+00  -0.23406E+00   0.40459E+01   0.77366E+01
  256     8.0926  13.2093  -0.20442E+01  -0.33191E+00  -0.23798E+00   0.40448E+01   0.75750E+01
  257     8.1717  13.2178  -0.20616E+01  -0.33586E+00  -0.24194E+00   0.40437E+01   0.74135E+01
  258     8.2514  13.2261  -0.20792E+01  -0.33985E+00  -0.24592E+00   0.40426E+01   0.72548E+01
  259     8.3319  13.2343  -0.20968E+01  -0.34387E+00  -0.24994E+00   0.40415E+01   0.70999E+01
  260     8.4130  13.2424  -0.21146E+01  -0.34792E+00  -0.25400E+00   0.40405E+01   0.69426E+01
  261     8.4948  13.2503  -0.21324E+01  -0.35201E+00  -0.25809E+00   0.40395E+01   0.67894E+01
  262     8.5774  13.2582  -0.21504E+01  -0.35613E+00  -0.26221E+00   0.40385E+01   0.66378E+01
  263     8.6606  13.2660  -0.21685E+01  -0.36030E+00  -0.26637E+00   0.40376E+01   0.64874E+01
  264     8.7446  13.2737  -0.21866E+01  -0.36448E+00  -0.27056E+00   0.40367E+01   0.63393E+01
  265     8.8293  13.2813  -0.22049E+01  -0.36871E+00  -0.27478E+00   0.40358E+01   0.61923E+01
  266     8.9148  13.2888  -0.22233E+01  -0.37297E+00  -0.27905E+00   0.40350E+01   0.60476E+01
  267     9.0010  13.2962  -0.22418E+01  -0.37727E+00  -0.28334E+00   0.40341E+01   0.59063E+01
  268     9.0879  13.3035  -0.22604E+01  -0.38160E+00  -0.28768E+00   0.40333E+01   0.57657E+01
  269     9.1756  13.3107  -0.22791E+01  -0.38597E+00  -0.29204E+00   0.40325E+01   0.56262E+01
  270     9.2641  13.3178  -0.22979E+01  -0.39038E+00  -0.29645E+00   0.40317E+01   0.54894E+01
  271     9.3534  13.3248  -0.23169E+01  -0.39482E+00  -0.30089E+00   0.40310E+01   0.53542E+01
  272     9.4434  13.3317  -0.23359E+01  -0.39929E+00  -0.30537E+00   0.40303E+01   0.52211E+01
  273     9.5342  13.3386  -0.23550E+01  -0.40380E+00  -0.30988E+00   0.40296E+01   0.50904E+01
  274     9.6257  13.3453  -0.23743E+01  -0.40835E+00  -0.31442E+00   0.40289E+01   0.49611E+01
  275     9.7181  13.3520  -0.23937E+01  -0.41293E+00  -0.31901E+00   0.40282E+01   0.48341E+01
  276     9.8113  13.3586  -0.24131E+01  -0.41755E+00  -0.32363E+00   0.40276E+01   0.47096E+01
  277     9.9053  13.3651  -0.24327E+01  -0.42222E+00  -0.32829E+00   0.40269E+01   0.45872E+01
  278    10.0001  13.3715  -0.24524E+01  -0.42691E+00  -0.33298E+00   0.40263E+01   0.44658E+01
  279    10.0957  13.3778  -0.24722E+01  -0.43165E+00  -0.33772E+00   0.40257E+01   0.43468E+01
  280    10.1922  13.3841  -0.24922E+01  -0.43641E+00  -0.34249E+00   0.40251E+01   0.42306E+01
  281    10.2895  13.3902  -0.25122E+01  -0.44122E+00  -0.34730E+00   0.40245E+01   0.41156E+01
  282    10.3877  13.3963  -0.25323E+01  -0.44607E+00  -0.35214E+00   0.40240E+01   0.40021E+01
  283    10.4867  13.4023  -0.25526E+01  -0.45095E+00  -0.35702E+00   0.40235E+01   0.38918E+01
  284    10.5865  13.4083  -0.25730E+01  -0.45587E+00  -0.36195E+00   0.40229E+01   0.37836E+01
  285    10.6873  13.4141  -0.25935E+01  -0.46083E+00  -0.36690E+00   0.40224E+01   0.36768E+01
  286    10.7889  13.4199  -0.26141E+01  -0.46582E+00  -0.37190E+00   0.40219E+01   0.35726E+01
  287    10.8914  13.4256  -0.26348E+01  -0.47087E+00  -0.37694E+00   0.40214E+01   0.34693E+01
  288    10.9947  13.4312  -0.26557E+01  -0.47594E+00  -0.38202E+00   0.40210E+01   0.33690E+01
  289    11.0990  13.4368  -0.26766E+01  -0.48106E+00  -0.38713E+00   0.40205E+01   0.32707E+01
  290    11.2042  13.4423  -0.26977E+01  -0.48621E+00  -0.39228E+00   0.40201E+01   0.31734E+01
  291    11.3103  13.4477  -0.27189E+01  -0.49140E+00  -0.39748E+00   0.40196E+01   0.30784E+01
  292    11.4173  13.4530  -0.27402E+01  -0.49664E+00  -0.40271E+00   0.40192E+01   0.29867E+01
  293    11.5253  13.4583  -0.27616E+01  -0.50190E+00  -0.40798E+00   0.40188E+01   0.28958E+01
  294    11.6342  13.4635  -0.27832E+01  -0.50722E+00  -0.41329E+00   0.40184E+01   0.28075E+01
  295    11.7440  13.4687  -0.28049E+01  -0.51257E+00  -0.41864E+00   0.40180E+01   0.27217E+01
  296    11.8548  13.4738  -0.28267E+01  -0.51796E+00  -0.42404E+00   0.40176E+01   0.26365E+01
  297    11.9666  13.4788  -0.28486E+01  -0.52340E+00  -0.42947E+00   0.40172E+01   0.25538E+01
  298    12.0793  13.4837  -0.28707E+01  -0.52888E+00  -0.43496E+00   0.40169E+01   0.24718E+01
  299    12.1930  13.4886  -0.28928E+01  -0.53439E+00  -0.44046E+00   0.40165E+01   0.23938E+01
  300    12.3077  13.4934  -0.29151E+01  -0.53995E+00  -0.44602E+00   0.40162E+01   0.23156E+01
  301    12.4234  13.4982  -0.29376E+01  -0.54554E+00  -0.45162E+00   0.40158E+01   0.22399E+01
  302    12.5401  13.5029  -0.29601E+01  -0.55118E+00  -0.45725E+00   0.40155E+01   0.21672E+01
  303    12.6578  13.5075  -0.29828E+01  -0.55686E+00  -0.46294E+00   0.40152E+01   0.20951E+01
  304    12.7766  13.5121  -0.30056E+01  -0.56259E+00  -0.46866E+00   0.40149E+01   0.20260E+01
  305    12.8963  13.5166  -0.30285E+01  -0.56835E+00  -0.47443E+00   0.40146E+01   0.19563E+01
  306    13.0172  13.5211  -0.30515E+01  -0.57416E+00  -0.48023E+00   0.40143E+01   0.18906E+01
  307    13.1390  13.5255  -0.30747E+01  -0.58002E+00  -0.48609E+00   0.40140E+01   0.18256E+01
  308    13.2619  13.5298  -0.30980E+01  -0.58589E+00  -0.49196E+00   0.40137E+01   0.17625E+01
  309    13.3859  13.5341  -0.31214E+01  -0.59183E+00  -0.49791E+00   0.40134E+01   0.17017E+01
  310    13.5110  13.5383  -0.31450E+01  -0.59781E+00  -0.50389E+00   0.40131E+01   0.16413E+01
  311    13.6372  13.5425  -0.31687E+01  -0.60383E+00  -0.50991E+00   0.40129E+01   0.15842E+01
  312    13.7644  13.5466  -0.31925E+01  -0.60991E+00  -0.51598E+00   0.40126E+01   0.15267E+01
  313    13.8928  13.5507  -0.32165E+01  -0.61601E+00  -0.52209E+00   0.40124E+01   0.14717E+01
  314    14.0223  13.5547  -0.32405E+01  -0.62216E+00  -0.52824E+00   0.40121E+01   0.14181E+01
  315    14.1529  13.5587  -0.32648E+01  -0.62836E+00  -0.53443E+00   0.40119E+01   0.13658E+01
  316    14.2846  13.5626  -0.32891E+01  -0.63460E+00  -0.54068E+00   0.40117E+01   0.13163E+01
  317    14.4175  13.5665  -0.33136E+01  -0.64088E+00  -0.54696E+00   0.40114E+01   0.12667E+01
  318    14.5515  13.5703  -0.33382E+01  -0.64722E+00  -0.55329E+00   0.40112E+01   0.12195E+01
  319    14.6867  13.5741  -0.33630E+01  -0.65360E+00  -0.55968E+00   0.40110E+01   0.11737E+01
  320    14.8231  13.5778  -0.33879E+01  -0.66001E+00  -0.56609E+00   0.40108E+01   0.11287E+01
  321    14.9607  13.5815  -0.34130E+01  -0.66650E+00  -0.57257E+00   0.40106E+01   0.10852E+01
  322    15.0994  13.5851  -0.34381E+01  -0.67300E+00  -0.57908E+00   0.40104E+01   0.10432E+01
  323    15.2394  13.5887  -0.34634E+01  -0.67956E+00  -0.58563E+00   0.40102E+01   0.10024E+01
  324    15.3806  13.5922  -0.34889E+01  -0.68616E+00  -0.59224E+00   0.40100E+01   0.96274E+00
  325    15.5230  13.5957  -0.35144E+01  -0.69281E+00  -0.59889E+00   0.40098E+01   0.92504E+00
  326    15.6666  13.5991  -0.35402E+01  -0.69951E+00  -0.60559E+00   0.40096E+01   0.88754E+00
  327    15.8115  13.6025  -0.35660E+01  -0.70625E+00  -0.61233E+00   0.40094E+01   0.85245E+00
  328    15.9577  13.6059  -0.35921E+01  -0.71306E+00  -0.61913E+00   0.40093E+01   0.81723E+00
  329    16.1051  13.6092  -0.36182E+01  -0.71989E+00  -0.62596E+00   0.40091E+01   0.78412E+00
  330    16.2538  13.6124  -0.36445E+01  -0.72678E+00  -0.63286E+00   0.40089E+01   0.75137E+00
  331    16.4038  13.6157  -0.36709E+01  -0.73370E+00  -0.63978E+00   0.40088E+01   0.72055E+00
  332    16.5551  13.6188  -0.36975E+01  -0.74069E+00  -0.64677E+00   0.40086E+01   0.69027E+00
  333    16.7078  13.6220  -0.37242E+01  -0.74773E+00  -0.65380E+00   0.40084E+01   0.66113E+00
  334    16.8617  13.6251  -0.37512E+01  -0.75484E+00  -0.66092E+00   0.40083E+01   0.63271E+00
  335    17.0170  13.6281  -0.37782E+01  -0.76195E+00  -0.66803E+00   0.40081E+01   0.60586E+00
  336    17.1736  13.6312  -0.38053E+01  -0.76911E+00  -0.67518E+00   0.40080E+01   0.57928E+00
  337    17.3316  13.6342  -0.38326E+01  -0.77633E+00  -0.68241E+00   0.40079E+01   0.55474E+00
  338    17.4910  13.6371  -0.38600E+01  -0.78360E+00  -0.68968E+00   0.40077E+01   0.53005E+00
  339    17.6518  13.6400  -0.38876E+01  -0.79093E+00  -0.69700E+00   0.40076E+01   0.50669E+00
  340    17.8139  13.6429  -0.39155E+01  -0.79833E+00  -0.70441E+00   0.40075E+01   0.48432E+00
  341    17.9775  13.6457  -0.39433E+01  -0.80573E+00  -0.71180E+00   0.40073E+01   0.46261E+00
  342    18.1425  13.6485  -0.39714E+01  -0.81321E+00  -0.71929E+00   0.40072E+01   0.44109E+00
  343    18.3089  13.6513  -0.39996E+01  -0.82073E+00  -0.72680E+00   0.40071E+01   0.42143E+00
  344    18.4768  13.6540  -0.40279E+01  -0.82829E+00  -0.73437E+00   0.40070E+01   0.40217E+00
  345    18.6461  13.6567  -0.40564E+01  -0.83593E+00  -0.74201E+00   0.40068E+01   0.38355E+00
  346    18.8169  13.6593  -0.40851E+01  -0.84362E+00  -0.74969E+00   0.40067E+01   0.36585E+00
  347    18.9892  13.6619  -0.41140E+01  -0.85135E+00  -0.75743E+00   0.40066E+01   0.34863E+00
  348    19.1630  13.6645  -0.41431E+01  -0.85920E+00  -0.76527E+00   0.40065E+01   0.33192E+00
  349    19.3383  13.6671  -0.41721E+01  -0.86696E+00  -0.77304E+00   0.40064E+01   0.31614E+00
  350    19.5151  13.6696  -0.42013E+01  -0.87484E+00  -0.78091E+00   0.40063E+01   0.30086E+00
  351    19.6934  13.6721  -0.42308E+01  -0.88278E+00  -0.78885E+00   0.40062E+01   0.28663E+00
  352    19.8734  13.6745  -0.42604E+01  -0.89079E+00  -0.79686E+00   0.40061E+01   0.27271E+00
  353    20.0548  13.6770  -0.42902E+01  -0.89883E+00  -0.80490E+00   0.40060E+01   0.25939E+00
  354    20.2379  13.6794  -0.43201E+01  -0.90693E+00  -0.81300E+00   0.40059E+01   0.24645E+00
  355    20.4225  13.6817  -0.43502E+01  -0.91507E+00  -0.82115E+00   0.40058E+01   0.23420E+00
  356    20.6088  13.6840  -0.43804E+01  -0.92327E+00  -0.82935E+00   0.40057E+01   0.22265E+00
  357    20.7966  13.6863  -0.44109E+01  -0.93153E+00  -0.83761E+00   0.40056E+01   0.21141E+00
  358    20.9861  13.6886  -0.44415E+01  -0.93985E+00  -0.84593E+00   0.40055E+01   0.20063E+00
  359    21.1773  13.6909  -0.44722E+01  -0.94822E+00  -0.85430E+00   0.40054E+01   0.19040E+00
  360    21.3701  13.6931  -0.45031E+01  -0.95670E+00  -0.86278E+00   0.40000E+01   0.18054E+00
  361    21.5646  13.6953  -0.45342E+01  -0.96518E+00  -0.87125E+00   0.40000E+01   0.17117E+00
  362    21.7607  13.6974  -0.45654E+01  -0.97370E+00  -0.87978E+00   0.40000E+01   0.16225E+00
  363    21.9586  13.6995  -0.45968E+01  -0.98229E+00  -0.88836E+00   0.40000E+01   0.15372E+00
  364    22.1582  13.7016  -0.46284E+01  -0.99095E+00  -0.89703E+00   0.40000E+01   0.14560E+00
  365    22.3596  13.7037  -0.46601E+01  -0.99964E+00  -0.90572E+00   0.40000E+01   0.13783E+00
  366    22.5626  13.7058  -0.46920E+01  -0.10084E+01  -0.91447E+00   0.40000E+01   0.13045E+00
  367    22.7675  13.7078  -0.47241E+01  -0.10172E+01  -0.92328E+00   0.40000E+01   0.12338E+00
  368    22.9741  13.7098  -0.47564E+01  -0.10261E+01  -0.93217E+00   0.40000E+01   0.11670E+00
  369    23.1825  13.7117  -0.47887E+01  -0.10350E+01  -0.94107E+00   0.40000E+01   0.11028E+00
  370    23.3928  13.7137  -0.48214E+01  -0.10440E+01  -0.95008E+00   0.40000E+01   0.10412E+00
  371    23.6049  13.7156  -0.48541E+01  -0.10530E+01  -0.95909E+00   0.40000E+01   0.98402E-01
  372    23.8188  13.7175  -0.48870E+01  -0.10621E+01  -0.96819E+00   0.40000E+01   0.92872E-01
  373    24.0345  13.7194  -0.49201E+01  -0.10713E+01  -0.97734E+00   0.40000E+01   0.87639E-01
  374    24.2522  13.7212  -0.49534E+01  -0.10805E+01  -0.98656E+00   0.40000E+01   0.82675E-01
  375    24.4717  13.7230  -0.49868E+01  -0.10898E+01  -0.99583E+00   0.40000E+01   0.77983E-01
  376    24.6932  13.7248  -0.50205E+01  -0.10991E+01  -0.10052E+01   0.40000E+01   0.73471E-01
  377    24.9166  13.7266  -0.50543E+01  -0.11085E+01  -0.10146E+01   0.40000E+01   0.69242E-01
  378    25.1419  13.7284  -0.50883E+01  -0.11179E+01  -0.10240E+01   0.40000E+01   0.65163E-01
  379    25.3691  13.7301  -0.51224E+01  -0.11274E+01  -0.10335E+01   0.40000E+01   0.61395E-01
  380    25.5984  13.7318  -0.51567E+01  -0.11370E+01  -0.10431E+01   0.40000E+01   0.57740E-01
  381    25.8296  13.7335  -0.51913E+01  -0.11466E+01  -0.10527E+01   0.40000E+01   0.54285E-01
  382    26.0629  13.7351  -0.52259E+01  -0.11563E+01  -0.10624E+01   0.40000E+01   0.51048E-01
  383    26.2982  13.7368  -0.52608E+01  -0.11660E+01  -0.10721E+01   0.40000E+01   0.47957E-01
  384    26.5355  13.7384  -0.52959E+01  -0.11758E+01  -0.10819E+01   0.40000E+01   0.45058E-01
  385    26.7749  13.7400  -0.53311E+01  -0.11857E+01  -0.10918E+01   0.40000E+01   0.42315E-01
  386    27.0164  13.7416  -0.53665E+01  -0.11956E+01  -0.11017E+01   0.40000E+01   0.39715E-01
  387    27.2599  13.7431  -0.54021E+01  -0.12056E+01  -0.11117E+01   0.40000E+01   0.37259E-01
  388    27.5056  13.7447  -0.54379E+01  -0.12157E+01  -0.11218E+01   0.40000E+01   0.34921E-01
  389    27.7534  13.7462  -0.54739E+01  -0.12258E+01  -0.11319E+01   0.40000E+01   0.32771E-01
  390    28.0034  13.7477  -0.55100E+01  -0.12360E+01  -0.11420E+01   0.40000E+01   0.30673E-01
  391    28.2556  13.7492  -0.55465E+01  -0.12462E+01  -0.11523E+01   0.40000E+01   0.28704E-01
  392    28.5099  13.7506  -0.55829E+01  -0.12565E+01  -0.11626E+01   0.40000E+01   0.26914E-01
  393    28.7665  13.7521  -0.56195E+01  -0.12668E+01  -0.11729E+01   0.40000E+01   0.25186E-01
  394    29.0253  13.7535  -0.56565E+01  -0.12773E+01  -0.11834E+01   0.40000E+01   0.23546E-01
  395    29.2863  13.7549  -0.56936E+01  -0.12878E+01  -0.11938E+01   0.40000E+01   0.22014E-01
  396    29.5496  13.7563  -0.57309E+01  -0.12983E+01  -0.12044E+01   0.40000E+01   0.20581E-01
  397    29.8152  13.7577  -0.57683E+01  -0.13089E+01  -0.12150E+01   0.40000E+01   0.19207E-01
  398    30.0831  13.7590  -0.58061E+01  -0.13196E+01  -0.12257E+01   0.40000E+01   0.17941E-01
  399    30.3534  13.7604  -0.58439E+01  -0.13303E+01  -0.12364E+01   0.40000E+01   0.16741E-01
  400    30.6259  13.7617  -0.58819E+01  -0.13411E+01  -0.12472E+01   0.40000E+01   0.15580E-01
