    1     0.0001   0.0014  -0.15259E-04  -0.15532E-06   0.92080E-01   0.11179E+02   0.56527E+01
    2     0.0088   0.1221  -0.13212E-02  -0.87754E-05   0.92071E-01   0.11111E+02   0.58360E+01
    3     0.0176   0.2423  -0.27583E-02  -0.42610E-04   0.92037E-01   0.11044E+02   0.61623E+01
    4     0.0264   0.3621  -0.42657E-02  -0.86209E-04   0.91994E-01   0.10978E+02   0.64045E+01
    5     0.0353   0.4814  -0.58349E-02  -0.13748E-03   0.91943E-01   0.10912E+02   0.66324E+01
    6     0.0443   0.6003  -0.74490E-02  -0.19214E-03   0.91888E-01   0.10847E+02   0.68287E+01
    7     0.0534   0.7188  -0.91052E-02  -0.24969E-03   0.91830E-01   0.10782E+02   0.70067E+01
    8     0.0626   0.8368  -0.10802E-01  -0.30981E-03   0.91770E-01   0.10718E+02   0.71769E+01
    9     0.0718   0.9543  -0.12538E-01  -0.37214E-03   0.91708E-01   0.10653E+02   0.73447E+01
   10     0.0811   1.0713  -0.14314E-01  -0.43679E-03   0.91643E-01   0.10589E+02   0.75066E+01
   11     0.0905   1.1879  -0.16127E-01  -0.50315E-03   0.91577E-01   0.10526E+02   0.76663E+01
   12     0.1000   1.3039  -0.17977E-01  -0.57150E-03   0.91509E-01   0.10462E+02   0.78219E+01
   13     0.1096   1.4195  -0.19865E-01  -0.64190E-03   0.91438E-01   0.10399E+02   0.79779E+01
   14     0.1192   1.5346  -0.21798E-01  -0.71654E-03   0.91364E-01   0.10336E+02   0.81370E+01
   15     0.1290   1.6491  -0.23756E-01  -0.78993E-03   0.91290E-01   0.10273E+02   0.82889E+01
   16     0.1388   1.7632  -0.25751E-01  -0.86426E-03   0.91216E-01   0.10211E+02   0.84437E+01
   17     0.1487   1.8767  -0.27783E-01  -0.94068E-03   0.91139E-01   0.10149E+02   0.85957E+01
   18     0.1587   1.9897  -0.29850E-01  -0.10191E-02   0.91061E-01   0.10087E+02   0.87505E+01
   19     0.1687   2.1021  -0.31954E-01  -0.10995E-02   0.90981E-01   0.10026E+02   0.89047E+01
   20     0.1789   2.2140  -0.34094E-01  -0.11822E-02   0.90898E-01   0.99648E+01   0.90579E+01
   21     0.1891   2.3254  -0.36271E-01  -0.12672E-02   0.90813E-01   0.99038E+01   0.92139E+01
   22     0.1995   2.4362  -0.38484E-01  -0.13547E-02   0.90725E-01   0.98432E+01   0.93688E+01
   23     0.2099   2.5465  -0.40733E-01  -0.14445E-02   0.90636E-01   0.97828E+01   0.95247E+01
   24     0.2204   2.6562  -0.43020E-01  -0.15370E-02   0.90543E-01   0.97227E+01   0.96816E+01
   25     0.2310   2.7653  -0.45344E-01  -0.16324E-02   0.90448E-01   0.96629E+01   0.98394E+01
   26     0.2417   2.8738  -0.47706E-01  -0.17306E-02   0.90349E-01   0.96033E+01   0.99989E+01
   27     0.2525   2.9818  -0.50104E-01  -0.18317E-02   0.90248E-01   0.95440E+01   0.10157E+02
   28     0.2634   3.0892  -0.52541E-01  -0.19359E-02   0.90144E-01   0.94850E+01   0.10318E+02
   29     0.2744   3.1959  -0.55014E-01  -0.20426E-02   0.90037E-01   0.94263E+01   0.10480E+02
   30     0.2855   3.3021  -0.57526E-01  -0.21529E-02   0.89927E-01   0.93679E+01   0.10642E+02
   31     0.2967   3.4077  -0.60077E-01  -0.22666E-02   0.89813E-01   0.93098E+01   0.10805E+02
   32     0.3079   3.5127  -0.62667E-01  -0.23841E-02   0.89696E-01   0.92519E+01   0.10969E+02
   33     0.3193   3.6170  -0.65281E-01  -0.25016E-02   0.89578E-01   0.91943E+01   0.11136E+02
   34     0.3308   3.7207  -0.67949E-01  -0.26263E-02   0.89454E-01   0.91370E+01   0.11302E+02
   35     0.3423   3.8238  -0.70657E-01  -0.27549E-02   0.89325E-01   0.90801E+01   0.11468E+02
   36     0.3540   3.9263  -0.73403E-01  -0.28877E-02   0.89192E-01   0.90235E+01   0.11637E+02
   37     0.3658   4.0281  -0.76189E-01  -0.30246E-02   0.89056E-01   0.89671E+01   0.11806E+02
   38     0.3777   4.1293  -0.79015E-01  -0.31657E-02   0.88914E-01   0.89110E+01   0.11976E+02
   39     0.3896   4.2299  -0.81881E-01  -0.33110E-02   0.88769E-01   0.88553E+01   0.12147E+02
   40     0.4017   4.3298  -0.84789E-01  -0.34609E-02   0.88619E-01   0.87998E+01   0.12319E+02
   41     0.4139   4.4291  -0.87737E-01  -0.36156E-02   0.88464E-01   0.87447E+01   0.12492E+02
   42     0.4262   4.5276  -0.90728E-01  -0.37758E-02   0.88304E-01   0.86899E+01   0.12667E+02
   43     0.4386   4.6256  -0.93760E-01  -0.39406E-02   0.88139E-01   0.86354E+01   0.12841E+02
   44     0.4511   4.7229  -0.96834E-01  -0.41105E-02   0.87970E-01   0.85812E+01   0.13017E+02
   45     0.4637   4.8195  -0.99950E-01  -0.42853E-02   0.87795E-01   0.85273E+01   0.13194E+02
   46     0.4764   4.9154  -0.10311E+00  -0.44655E-02   0.87615E-01   0.84737E+01   0.13372E+02
   47     0.4893   5.0106  -0.10631E+00  -0.46510E-02   0.87429E-01   0.84204E+01   0.13551E+02
   48     0.5022   5.1052  -0.10955E+00  -0.48419E-02   0.87238E-01   0.83675E+01   0.13731E+02
   49     0.5153   5.1991  -0.11283E+00  -0.50387E-02   0.87041E-01   0.83149E+01   0.13910E+02
   50     0.5285   5.2923  -0.11616E+00  -0.52414E-02   0.86839E-01   0.82626E+01   0.14092E+02
   51     0.5417   5.3849  -0.11954E+00  -0.54500E-02   0.86630E-01   0.82106E+01   0.14273E+02
   52     0.5552   5.4767  -0.12295E+00  -0.56646E-02   0.86415E-01   0.81589E+01   0.14455E+02
   53     0.5687   5.5679  -0.12641E+00  -0.58852E-02   0.86195E-01   0.81076E+01   0.14640E+02
   54     0.5823   5.6583  -0.12992E+00  -0.61121E-02   0.85968E-01   0.80566E+01   0.14822E+02
   55     0.5961   5.7481  -0.13347E+00  -0.63459E-02   0.85734E-01   0.80059E+01   0.15007E+02
   56     0.6099   5.8371  -0.13706E+00  -0.65863E-02   0.85494E-01   0.79556E+01   0.15193E+02
   57     0.6239   5.9255  -0.14071E+00  -0.68332E-02   0.85247E-01   0.79056E+01   0.15378E+02
   58     0.6381   6.0132  -0.14439E+00  -0.70868E-02   0.84993E-01   0.78560E+01   0.15565E+02
   59     0.6523   6.1001  -0.14812E+00  -0.73468E-02   0.84733E-01   0.78067E+01   0.15752E+02
   60     0.6667   6.1864  -0.15190E+00  -0.76137E-02   0.84466E-01   0.77576E+01   0.15938E+02
   61     0.6812   6.2719  -0.15572E+00  -0.78875E-02   0.84193E-01   0.77090E+01   0.16126E+02
   62     0.6958   6.3568  -0.15959E+00  -0.81688E-02   0.83911E-01   0.76606E+01   0.16313E+02
   63     0.7105   6.4409  -0.16351E+00  -0.84579E-02   0.83622E-01   0.76126E+01   0.16503E+02
   64     0.7254   6.5244  -0.16747E+00  -0.87542E-02   0.83326E-01   0.75649E+01   0.16690E+02
   65     0.7404   6.6071  -0.17148E+00  -0.90585E-02   0.83022E-01   0.75176E+01   0.16879E+02
   66     0.7555   6.6891  -0.17554E+00  -0.93706E-02   0.82709E-01   0.74706E+01   0.17068E+02
   67     0.7708   6.7704  -0.17965E+00  -0.96907E-02   0.82389E-01   0.74240E+01   0.17257E+02
   68     0.7862   6.8511  -0.18380E+00  -0.10018E-01   0.82062E-01   0.73777E+01   0.17445E+02
   69     0.8017   6.9310  -0.18800E+00  -0.10353E-01   0.81727E-01   0.73318E+01   0.17634E+02
   70     0.8174   7.0102  -0.19225E+00  -0.10697E-01   0.81383E-01   0.72861E+01   0.17823E+02
   71     0.8332   7.0886  -0.19655E+00  -0.11049E-01   0.81032E-01   0.72409E+01   0.18012E+02
   72     0.8491   7.1664  -0.20090E+00  -0.11409E-01   0.80671E-01   0.71959E+01   0.18199E+02
   73     0.8652   7.2435  -0.20530E+00  -0.11778E-01   0.80302E-01   0.71513E+01   0.18387E+02
   74     0.8814   7.3199  -0.20975E+00  -0.12155E-01   0.79925E-01   0.71071E+01   0.18575E+02
   75     0.8977   7.3956  -0.21425E+00  -0.12541E-01   0.79539E-01   0.70632E+01   0.18762E+02
   76     0.9142   7.4705  -0.21879E+00  -0.12935E-01   0.79145E-01   0.70196E+01   0.18949E+02
   77     0.9309   7.5448  -0.22338E+00  -0.13338E-01   0.78742E-01   0.69764E+01   0.19135E+02
   78     0.9477   7.6184  -0.22803E+00  -0.13750E-01   0.78330E-01   0.69336E+01   0.19321E+02
   79     0.9646   7.6913  -0.23273E+00  -0.14172E-01   0.77908E-01   0.68910E+01   0.19506E+02
   80     0.9817   7.7635  -0.23748E+00  -0.14603E-01   0.77477E-01   0.68488E+01   0.19690E+02
   81     0.9989   7.8350  -0.24227E+00  -0.15043E-01   0.77037E-01   0.68070E+01   0.19875E+02
   82     1.0163   7.9058  -0.24712E+00  -0.15492E-01   0.76588E-01   0.67655E+01   0.20058E+02
   83     1.0338   7.9759  -0.25202E+00  -0.15951E-01   0.76130E-01   0.67243E+01   0.20241E+02
   84     1.0515   8.0453  -0.25697E+00  -0.16417E-01   0.75663E-01   0.66835E+01   0.20424E+02
   85     1.0693   8.1141  -0.26197E+00  -0.16894E-01   0.75186E-01   0.66431E+01   0.20605E+02
   86     1.0873   8.1821  -0.26702E+00  -0.17382E-01   0.74698E-01   0.66030E+01   0.20784E+02
   87     1.1055   8.2495  -0.27212E+00  -0.17878E-01   0.74202E-01   0.65632E+01   0.20963E+02
   88     1.1238   8.3162  -0.27728E+00  -0.18383E-01   0.73697E-01   0.65238E+01   0.21140E+02
   89     1.1423   8.3823  -0.28248E+00  -0.18899E-01   0.73181E-01   0.64847E+01   0.21317E+02
   90     1.1609   8.4477  -0.28774E+00  -0.19425E-01   0.72655E-01   0.64459E+01   0.21494E+02
   91     1.1797   8.5124  -0.29305E+00  -0.19962E-01   0.72118E-01   0.64075E+01   0.21668E+02
   92     1.1986   8.5764  -0.29842E+00  -0.20510E-01   0.71570E-01   0.63694E+01   0.21841E+02
   93     1.2177   8.6398  -0.30384E+00  -0.21067E-01   0.71013E-01   0.63317E+01   0.22011E+02
   94     1.2370   8.7025  -0.30931E+00  -0.21635E-01   0.70446E-01   0.62944E+01   0.22182E+02
   95     1.2565   8.7646  -0.31483E+00  -0.22213E-01   0.69867E-01   0.62573E+01   0.22352E+02
   96     1.2761   8.8260  -0.32042E+00  -0.22804E-01   0.69276E-01   0.62207E+01   0.22517E+02
   97     1.2959   8.8868  -0.32606E+00  -0.23408E-01   0.68672E-01   0.61844E+01   0.22682E+02
   98     1.3158   8.9469  -0.33175E+00  -0.24022E-01   0.68059E-01   0.61485E+01   0.22845E+02
   99     1.3360   9.0065  -0.33750E+00  -0.24644E-01   0.67436E-01   0.61128E+01   0.23008E+02
  100     1.3563   9.0653  -0.34330E+00  -0.25278E-01   0.66802E-01   0.60776E+01   0.23168E+02
  101     1.3767   9.1236  -0.34915E+00  -0.25924E-01   0.66156E-01   0.60426E+01   0.23326E+02
  102     1.3974   9.1812  -0.35506E+00  -0.26582E-01   0.65498E-01   0.60080E+01   0.23481E+02
  103     1.4183   9.2382  -0.36103E+00  -0.27252E-01   0.64828E-01   0.59738E+01   0.23634E+02
  104     1.4393   9.2945  -0.36705E+00  -0.27933E-01   0.64148E-01   0.59399E+01   0.23787E+02
  105     1.4605   9.3503  -0.37313E+00  -0.28625E-01   0.63455E-01   0.59064E+01   0.23938E+02
  106     1.4819   9.4054  -0.37927E+00  -0.29330E-01   0.62750E-01   0.58731E+01   0.24085E+02
  107     1.5035   9.4600  -0.38546E+00  -0.30046E-01   0.62034E-01   0.58403E+01   0.24228E+02
  108     1.5252   9.5139  -0.39170E+00  -0.30775E-01   0.61305E-01   0.58077E+01   0.24368E+02
  109     1.5472   9.5673  -0.39800E+00  -0.31515E-01   0.60565E-01   0.57755E+01   0.24507E+02
  110     1.5693   9.6200  -0.40437E+00  -0.32269E-01   0.59811E-01   0.57437E+01   0.24643E+02
  111     1.5917   9.6722  -0.41079E+00  -0.33035E-01   0.59045E-01   0.57122E+01   0.24774E+02
  112     1.6142   9.7238  -0.41726E+00  -0.33813E-01   0.58267E-01   0.56810E+01   0.24902E+02
  113     1.6369   9.7748  -0.42379E+00  -0.34602E-01   0.57478E-01   0.56502E+01   0.25030E+02
  114     1.6598   9.8252  -0.43038E+00  -0.35404E-01   0.56676E-01   0.56197E+01   0.25155E+02
  115     1.6830   9.8751  -0.43703E+00  -0.36221E-01   0.55859E-01   0.55896E+01   0.25276E+02
  116     1.7063   9.9244  -0.44374E+00  -0.37053E-01   0.55027E-01   0.55598E+01   0.25394E+02
  117     1.7298   9.9731  -0.45051E+00  -0.37895E-01   0.54185E-01   0.55304E+01   0.25510E+02
  118     1.7536  10.0213  -0.45733E+00  -0.38750E-01   0.53330E-01   0.55013E+01   0.25622E+02
  119     1.7775  10.0689  -0.46421E+00  -0.39617E-01   0.52463E-01   0.54725E+01   0.25731E+02
  120     1.8016  10.1160  -0.47115E+00  -0.40498E-01   0.51582E-01   0.54441E+01   0.25836E+02
  121     1.8260  10.1626  -0.47815E+00  -0.41391E-01   0.50689E-01   0.54160E+01   0.25939E+02
  122     1.8506  10.2086  -0.48519E+00  -0.42295E-01   0.49785E-01   0.53882E+01   0.26039E+02
  123     1.8753  10.2541  -0.49230E+00  -0.43214E-01   0.48866E-01   0.53608E+01   0.26137E+02
  124     1.9003  10.2990  -0.49948E+00  -0.44149E-01   0.47931E-01   0.53338E+01   0.26227E+02
  125     1.9256  10.3434  -0.50672E+00  -0.45099E-01   0.46981E-01   0.53070E+01   0.26314E+02
  126     1.9510  10.3873  -0.51402E+00  -0.46062E-01   0.46018E-01   0.52807E+01   0.26398E+02
  127     1.9766  10.4307  -0.52138E+00  -0.47039E-01   0.45041E-01   0.52547E+01   0.26481E+02
  128     2.0025  10.4736  -0.52880E+00  -0.48030E-01   0.44050E-01   0.52290E+01   0.26559E+02
  129     2.0286  10.5160  -0.53628E+00  -0.49035E-01   0.43045E-01   0.52036E+01   0.26633E+02
  130     2.0550  10.5579  -0.54382E+00  -0.50054E-01   0.42027E-01   0.51786E+01   0.26706E+02
  131     2.0815  10.5993  -0.55142E+00  -0.51087E-01   0.40993E-01   0.51540E+01   0.26773E+02
  132     2.1083  10.6402  -0.55908E+00  -0.52136E-01   0.39944E-01   0.51296E+01   0.26835E+02
  133     2.1353  10.6806  -0.56681E+00  -0.53199E-01   0.38881E-01   0.51057E+01   0.26894E+02
  134     2.1626  10.7205  -0.57460E+00  -0.54277E-01   0.37803E-01   0.50820E+01   0.26947E+02
  135     2.1901  10.7600  -0.58245E+00  -0.55370E-01   0.36710E-01   0.50587E+01   0.26997E+02
  136     2.2178  10.7990  -0.59037E+00  -0.56479E-01   0.35602E-01   0.50358E+01   0.27041E+02
  137     2.2458  10.8375  -0.59834E+00  -0.57602E-01   0.34478E-01   0.50132E+01   0.27082E+02
  138     2.2740  10.8756  -0.60638E+00  -0.58740E-01   0.33340E-01   0.49909E+01   0.27121E+02
  139     2.3025  10.9132  -0.61448E+00  -0.59892E-01   0.32188E-01   0.49689E+01   0.27155E+02
  140     2.3312  10.9504  -0.62264E+00  -0.61060E-01   0.31020E-01   0.49472E+01   0.27187E+02
  141     2.3602  10.9871  -0.63087E+00  -0.62244E-01   0.29836E-01   0.49260E+01   0.27212E+02
  142     2.3894  11.0234  -0.63916E+00  -0.63445E-01   0.28635E-01   0.49050E+01   0.27232E+02
  143     2.4188  11.0592  -0.64752E+00  -0.64660E-01   0.27420E-01   0.48844E+01   0.27249E+02
  144     2.4486  11.0946  -0.65594E+00  -0.65890E-01   0.26190E-01   0.48641E+01   0.27262E+02
  145     2.4785  11.1296  -0.66442E+00  -0.67136E-01   0.24944E-01   0.48442E+01   0.27271E+02
  146     2.5088  11.1641  -0.67296E+00  -0.68399E-01   0.23681E-01   0.48246E+01   0.27276E+02
  147     2.5393  11.1982  -0.68158E+00  -0.69680E-01   0.22400E-01   0.48053E+01   0.27275E+02
  148     2.5701  11.2320  -0.69027E+00  -0.70978E-01   0.21102E-01   0.47863E+01   0.27270E+02
  149     2.6011  11.2653  -0.69901E+00  -0.72291E-01   0.19789E-01   0.47677E+01   0.27261E+02
  150     2.6324  11.2982  -0.70783E+00  -0.73621E-01   0.18459E-01   0.47494E+01   0.27248E+02
  151     2.6640  11.3306  -0.71671E+00  -0.74968E-01   0.17112E-01   0.47315E+01   0.27231E+02
  152     2.6958  11.3627  -0.72566E+00  -0.76333E-01   0.15747E-01   0.47138E+01   0.27209E+02
  153     2.7280  11.3944  -0.73468E+00  -0.77715E-01   0.14365E-01   0.46965E+01   0.27181E+02
  154     2.7604  11.4258  -0.74375E+00  -0.79113E-01   0.12967E-01   0.46795E+01   0.27148E+02
  155     2.7931  11.4567  -0.75290E+00  -0.80527E-01   0.11553E-01   0.46628E+01   0.27111E+02
  156     2.8260  11.4872  -0.76211E+00  -0.81959E-01   0.10121E-01   0.46465E+01   0.27071E+02
  157     2.8593  11.5174  -0.77139E+00  -0.83410E-01   0.86704E-02   0.46304E+01   0.27026E+02
  158     2.8929  11.5472  -0.78075E+00  -0.84878E-01   0.72019E-02   0.46147E+01   0.26974E+02
  159     2.9267  11.5766  -0.79017E+00  -0.86365E-01   0.57152E-02   0.45993E+01   0.26921E+02
  160     2.9608  11.6057  -0.79965E+00  -0.87867E-01   0.42128E-02   0.45841E+01   0.26862E+02
  161     2.9953  11.6344  -0.80920E+00  -0.89388E-01   0.26925E-02   0.45693E+01   0.26801E+02
  162     3.0300  11.6628  -0.81882E+00  -0.90927E-01   0.11528E-02   0.45548E+01   0.26734E+02
  163     3.0651  11.6908  -0.82851E+00  -0.92486E-01  -0.40560E-03   0.45406E+01   0.26663E+02
  164     3.1004  11.7184  -0.83827E+00  -0.94063E-01  -0.19831E-02   0.45267E+01   0.26589E+02
  165     3.1360  11.7458  -0.84810E+00  -0.95659E-01  -0.35786E-02   0.45131E+01   0.26506E+02
  166     3.1720  11.7727  -0.85801E+00  -0.97273E-01  -0.51931E-02   0.44998E+01   0.26427E+02
  167     3.2083  11.7994  -0.86799E+00  -0.98909E-01  -0.68294E-02   0.44867E+01   0.26331E+02
  168     3.2449  11.8257  -0.87803E+00  -0.10056E+00  -0.84828E-02   0.44740E+01   0.26170E+02
  169     3.2818  11.8517  -0.88814E+00  -0.10224E+00  -0.10155E-01   0.44615E+01   0.26130E+02
  170     3.3190  11.8773  -0.89833E+00  -0.10393E+00  -0.11848E-01   0.44494E+01   0.26049E+02
  171     3.3565  11.9026  -0.90860E+00  -0.10564E+00  -0.13563E-01   0.44375E+01   0.25935E+02
  172     3.3944  11.9277  -0.91892E+00  -0.10737E+00  -0.15291E-01   0.44258E+01   0.25830E+02
  173     3.4326  11.9524  -0.92934E+00  -0.10913E+00  -0.17051E-01   0.44145E+01   0.25711E+02
  174     3.4712  11.9768  -0.93974E+00  -0.11088E+00  -0.18798E-01   0.44033E+01   0.25595E+02
  175     3.5100  12.0009  -0.94997E+00  -0.11257E+00  -0.20488E-01   0.43921E+01   0.25490E+02
  176     3.5492  12.0246  -0.96095E+00  -0.11450E+00  -0.22418E-01   0.43820E+01   0.25345E+02
  177     3.5888  12.0481  -0.97166E+00  -0.11634E+00  -0.24257E-01   0.43716E+01   0.25211E+02
  178     3.6287  12.0713  -0.98242E+00  -0.11819E+00  -0.26107E-01   0.43616E+01   0.25081E+02
  179     3.6689  12.0942  -0.99326E+00  -0.12006E+00  -0.27983E-01   0.43517E+01   0.24932E+02
  180     3.7095  12.1169  -0.10042E+01  -0.12196E+00  -0.29876E-01   0.43421E+01   0.24841E+02
  181     3.7505  12.1392  -0.10151E+01  -0.12387E+00  -0.31790E-01   0.43328E+01   0.24706E+02
  182     3.7918  12.1612  -0.10262E+01  -0.12581E+00  -0.33730E-01   0.43237E+01   0.24499E+02
  183     3.8334  12.1830  -0.10373E+01  -0.12777E+00  -0.35690E-01   0.43148E+01   0.24358E+02
  184     3.8754  12.2045  -0.10485E+01  -0.12975E+00  -0.37670E-01   0.43061E+01   0.24200E+02
  185     3.9178  12.2257  -0.10598E+01  -0.13175E+00  -0.39673E-01   0.42977E+01   0.24043E+02
  186     3.9606  12.2467  -0.10712E+01  -0.13378E+00  -0.41700E-01   0.42895E+01   0.23883E+02
  187     4.0037  12.2674  -0.10826E+01  -0.13583E+00  -0.43750E-01   0.42815E+01   0.23717E+02
  188     4.0472  12.2878  -0.10942E+01  -0.13790E+00  -0.45821E-01   0.42737E+01   0.23547E+02
  189     4.0911  12.3080  -0.11058E+01  -0.13999E+00  -0.47914E-01   0.42661E+01   0.23376E+02
  190     4.1353  12.3279  -0.11174E+01  -0.14211E+00  -0.50030E-01   0.42587E+01   0.23202E+02
  191     4.1800  12.3476  -0.11292E+01  -0.14425E+00  -0.52170E-01   0.42515E+01   0.23022E+02
  192     4.2250  12.3670  -0.11410E+01  -0.14642E+00  -0.54335E-01   0.42445E+01   0.22841E+02
  193     4.2705  12.3862  -0.11529E+01  -0.14860E+00  -0.56519E-01   0.42377E+01   0.22657E+02
  194     4.3163  12.4051  -0.11649E+01  -0.15081E+00  -0.58727E-01   0.42311E+01   0.22469E+02
  195     4.3625  12.4238  -0.11769E+01  -0.15304E+00  -0.60961E-01   0.42247E+01   0.22280E+02
  196     4.4091  12.4423  -0.11891E+01  -0.15530E+00  -0.63218E-01   0.42184E+01   0.22088E+02
  197     4.4561  12.4605  -0.12013E+01  -0.15758E+00  -0.65495E-01   0.42123E+01   0.21890E+02
  198     4.5036  12.4785  -0.12136E+01  -0.15988E+00  -0.67804E-01   0.42064E+01   0.21693E+02
  199     4.5514  12.4962  -0.12260E+01  -0.16221E+00  -0.70130E-01   0.42006E+01   0.21494E+02
  200     4.5997  12.5138  -0.12384E+01  -0.16456E+00  -0.72484E-01   0.41950E+01   0.21291E+02
  201     4.6484  12.5311  -0.12510E+01  -0.16694E+00  -0.74860E-01   0.41896E+01   0.21087E+02
  202     4.6975  12.5482  -0.12636E+01  -0.16934E+00  -0.77263E-01   0.41843E+01   0.20882E+02
  203     4.7470  12.5650  -0.12763E+01  -0.17177E+00  -0.79689E-01   0.41791E+01   0.20672E+02
  204     4.7970  12.5817  -0.12891E+01  -0.17422E+00  -0.82143E-01   0.41741E+01   0.20463E+02
  205     4.8474  12.5981  -0.13019E+01  -0.17670E+00  -0.84620E-01   0.41693E+01   0.20251E+02
  206     4.8982  12.6144  -0.13149E+01  -0.17920E+00  -0.87124E-01   0.41646E+01   0.20037E+02
  207     4.9495  12.6304  -0.13279E+01  -0.18174E+00  -0.89655E-01   0.41600E+01   0.19821E+02
  208     5.0012  12.6462  -0.13410E+01  -0.18429E+00  -0.92209E-01   0.41555E+01   0.19603E+02
  209     5.0534  12.6619  -0.13542E+01  -0.18687E+00  -0.94791E-01   0.41512E+01   0.19389E+02
  210     5.1060  12.6773  -0.13675E+01  -0.18948E+00  -0.97398E-01   0.41470E+01   0.19164E+02
  211     5.1591  12.6925  -0.13809E+01  -0.19211E+00  -0.10003E+00   0.41430E+01   0.18942E+02
  212     5.2126  12.7076  -0.13943E+01  -0.19477E+00  -0.10269E+00   0.41390E+01   0.18717E+02
  213     5.2667  12.7224  -0.14078E+01  -0.19745E+00  -0.10537E+00   0.41352E+01   0.18495E+02
  214     5.3211  12.7371  -0.14215E+01  -0.20018E+00  -0.10810E+00   0.41314E+01   0.18269E+02
  215     5.3761  12.7515  -0.14351E+01  -0.20291E+00  -0.11083E+00   0.41278E+01   0.18045E+02
  216     5.4315  12.7658  -0.14489E+01  -0.20568E+00  -0.11360E+00   0.41243E+01   0.17817E+02
  217     5.4874  12.7799  -0.14628E+01  -0.20847E+00  -0.11639E+00   0.41209E+01   0.17591E+02
  218     5.5438  12.7938  -0.14768E+01  -0.21129E+00  -0.11921E+00   0.41176E+01   0.17357E+02
  219     5.6007  12.8076  -0.14908E+01  -0.21414E+00  -0.12206E+00   0.41143E+01   0.17130E+02
  220     5.6581  12.8211  -0.15050E+01  -0.21702E+00  -0.12494E+00   0.41112E+01   0.16901E+02
  221     5.7160  12.8345  -0.15192E+01  -0.21993E+00  -0.12785E+00   0.41082E+01   0.16671E+02
  222     5.7744  12.8477  -0.15335E+01  -0.22286E+00  -0.13078E+00   0.41052E+01   0.16441E+02
  223     5.8333  12.8608  -0.15479E+01  -0.22582E+00  -0.13374E+00   0.41024E+01   0.16210E+02
  224     5.8927  12.8737  -0.15624E+01  -0.22881E+00  -0.13673E+00   0.40996E+01   0.15978E+02
  225     5.9526  12.8864  -0.15770E+01  -0.23183E+00  -0.13975E+00   0.40969E+01   0.15748E+02
  226     6.0131  12.8990  -0.15916E+01  -0.23487E+00  -0.14279E+00   0.40943E+01   0.15517E+02
  227     6.0740  12.9114  -0.16064E+01  -0.23795E+00  -0.14587E+00   0.40918E+01   0.15286E+02
  228     6.1355  12.9236  -0.16212E+01  -0.24106E+00  -0.14898E+00   0.40893E+01   0.15056E+02
  229     6.1976  12.9357  -0.16362E+01  -0.24419E+00  -0.15211E+00   0.40869E+01   0.14823E+02
  230     6.2602  12.9476  -0.16512E+01  -0.24736E+00  -0.15528E+00   0.40846E+01   0.14595E+02
  231     6.3233  12.9594  -0.16663E+01  -0.25055E+00  -0.15847E+00   0.40823E+01   0.14363E+02
  232     6.3869  12.9710  -0.16815E+01  -0.25377E+00  -0.16169E+00   0.40801E+01   0.14136E+02
  233     6.4512  12.9825  -0.16968E+01  -0.25702E+00  -0.16494E+00   0.40780E+01   0.13905E+02
  234     6.5159  12.9938  -0.17122E+01  -0.26031E+00  -0.16822E+00   0.40760E+01   0.13676E+02
  235     6.5813  13.0050  -0.17277E+01  -0.26362E+00  -0.17154E+00   0.40739E+01   0.13451E+02
  236     6.6472  13.0160  -0.17433E+01  -0.26696E+00  -0.17488E+00   0.40720E+01   0.13225E+02
  237     6.7137  13.0269  -0.17590E+01  -0.27033E+00  -0.17825E+00   0.40701E+01   0.12999E+02
  238     6.7807  13.0377  -0.17747E+01  -0.27373E+00  -0.18165E+00   0.40683E+01   0.12774E+02
  239     6.8484  13.0483  -0.17906E+01  -0.27717E+00  -0.18509E+00   0.40665E+01   0.12551E+02
  240     6.9166  13.0588  -0.18066E+01  -0.28063E+00  -0.18855E+00   0.40648E+01   0.12330E+02
  241     6.9854  13.0691  -0.18226E+01  -0.28413E+00  -0.19205E+00   0.40631E+01   0.12108E+02
  242     7.0549  13.0794  -0.18388E+01  -0.28766E+00  -0.19558E+00   0.40615E+01   0.11888E+02
  243     7.1249  13.0894  -0.18550E+01  -0.29121E+00  -0.19913E+00   0.40599E+01   0.11669E+02
  244     7.1955  13.0994  -0.18714E+01  -0.29481E+00  -0.20273E+00   0.40583E+01   0.11452E+02
  245     7.2668  13.1092  -0.18878E+01  -0.29843E+00  -0.20635E+00   0.40569E+01   0.11235E+02
  246     7.3387  13.1189  -0.19043E+01  -0.30208E+00  -0.21000E+00   0.40554E+01   0.11020E+02
  247     7.4112  13.1285  -0.19210E+01  -0.30577E+00  -0.21369E+00   0.40540E+01   0.10808E+02
  248     7.4843  13.1380  -0.19377E+01  -0.30948E+00  -0.21740E+00   0.40526E+01   0.10596E+02
  249     7.5580  13.1473  -0.19545E+01  -0.31323E+00  -0.22115E+00   0.40513E+01   0.10388E+02
  250     7.6324  13.1565  -0.19714E+01  -0.31701E+00  -0.22493E+00   0.40500E+01   0.10180E+02
  251     7.7075  13.1656  -0.19885E+01  -0.32083E+00  -0.22875E+00   0.40488E+01   0.99750E+01
  252     7.7832  13.1746  -0.20056E+01  -0.32468E+00  -0.23260E+00   0.40475E+01   0.97702E+01
  253     7.8596  13.1834  -0.20228E+01  -0.32856E+00  -0.23648E+00   0.40464E+01   0.95698E+01
  254     7.9366  13.1922  -0.20402E+01  -0.33248E+00  -0.24040E+00   0.40452E+01   0.93690E+01
  255     8.0143  13.2008  -0.20576E+01  -0.33642E+00  -0.24434E+00   0.40441E+01   0.91713E+01
  256     8.0926  13.2093  -0.20751E+01  -0.34040E+00  -0.24832E+00   0.40430E+01   0.89759E+01
  257     8.1717  13.2178  -0.20928E+01  -0.34442E+00  -0.25234E+00   0.40419E+01   0.87785E+01
  258     8.2514  13.2261  -0.21105E+01  -0.34847E+00  -0.25639E+00   0.40409E+01   0.85868E+01
  259     8.3319  13.2343  -0.21283E+01  -0.35255E+00  -0.26047E+00   0.40399E+01   0.83987E+01
  260     8.4130  13.2424  -0.21463E+01  -0.35667E+00  -0.26459E+00   0.40389E+01   0.82104E+01
  261     8.4948  13.2503  -0.21643E+01  -0.36081E+00  -0.26873E+00   0.40380E+01   0.80250E+01
  262     8.5774  13.2582  -0.21825E+01  -0.36500E+00  -0.27292E+00   0.40371E+01   0.78416E+01
  263     8.6606  13.2660  -0.22007E+01  -0.36922E+00  -0.27714E+00   0.40362E+01   0.76613E+01
  264     8.7446  13.2737  -0.22191E+01  -0.37347E+00  -0.28139E+00   0.40353E+01   0.74812E+01
  265     8.8293  13.2813  -0.22376E+01  -0.37776E+00  -0.28568E+00   0.40345E+01   0.73053E+01
  266     8.9148  13.2888  -0.22562E+01  -0.38209E+00  -0.29001E+00   0.40337E+01   0.71314E+01
  267     9.0010  13.2962  -0.22748E+01  -0.38644E+00  -0.29436E+00   0.40329E+01   0.69601E+01
  268     9.0879  13.3035  -0.22936E+01  -0.39084E+00  -0.29876E+00   0.40321E+01   0.67911E+01
  269     9.1756  13.3107  -0.23125E+01  -0.39527E+00  -0.30319E+00   0.40313E+01   0.66241E+01
  270     9.2641  13.3178  -0.23315E+01  -0.39973E+00  -0.30765E+00   0.40306E+01   0.64598E+01
  271     9.3534  13.3248  -0.23506E+01  -0.40423E+00  -0.31215E+00   0.40299E+01   0.62987E+01
  272     9.4434  13.3317  -0.23698E+01  -0.40877E+00  -0.31669E+00   0.40292E+01   0.61396E+01
  273     9.5342  13.3386  -0.23892E+01  -0.41335E+00  -0.32127E+00   0.40285E+01   0.59821E+01
  274     9.6257  13.3453  -0.24086E+01  -0.41796E+00  -0.32588E+00   0.40279E+01   0.58281E+01
  275     9.7181  13.3520  -0.24282E+01  -0.42261E+00  -0.33053E+00   0.40272E+01   0.56752E+01
  276     9.8113  13.3586  -0.24478E+01  -0.42729E+00  -0.33521E+00   0.40266E+01   0.55262E+01
  277     9.9053  13.3651  -0.24676E+01  -0.43201E+00  -0.33993E+00   0.40260E+01   0.53800E+01
  278    10.0001  13.3715  -0.24875E+01  -0.43677E+00  -0.34469E+00   0.40254E+01   0.52344E+01
  279    10.0957  13.3778  -0.25075E+01  -0.44156E+00  -0.34948E+00   0.40248E+01   0.50942E+01
  280    10.1922  13.3841  -0.25276E+01  -0.44640E+00  -0.35432E+00   0.40243E+01   0.49553E+01
  281    10.2895  13.3902  -0.25478E+01  -0.45126E+00  -0.35918E+00   0.40237E+01   0.48176E+01
  282    10.3877  13.3963  -0.25682E+01  -0.45618E+00  -0.36410E+00   0.40232E+01   0.46841E+01
  283    10.4867  13.4023  -0.25886E+01  -0.46112E+00  -0.36904E+00   0.40227E+01   0.45519E+01
  284    10.5865  13.4083  -0.26092E+01  -0.46611E+00  -0.37403E+00   0.40222E+01   0.44233E+01
  285    10.6873  13.4141  -0.26299E+01  -0.47113E+00  -0.37905E+00   0.40217E+01   0.42952E+01
  286    10.7889  13.4199  -0.26507E+01  -0.47619E+00  -0.38411E+00   0.40212E+01   0.41712E+01
  287    10.8914  13.4256  -0.26716E+01  -0.48129E+00  -0.38921E+00   0.40208E+01   0.40497E+01
  288    10.9947  13.4312  -0.26926E+01  -0.48643E+00  -0.39435E+00   0.40203E+01   0.39306E+01
  289    11.0990  13.4368  -0.27138E+01  -0.49160E+00  -0.39952E+00   0.40199E+01   0.38146E+01
  290    11.2042  13.4423  -0.27351E+01  -0.49682E+00  -0.40474E+00   0.40194E+01   0.36996E+01
  291    11.3103  13.4477  -0.27565E+01  -0.50208E+00  -0.41000E+00   0.40190E+01   0.35874E+01
  292    11.4173  13.4530  -0.27780E+01  -0.50738E+00  -0.41530E+00   0.40186E+01   0.34782E+01
  293    11.5253  13.4583  -0.27996E+01  -0.51271E+00  -0.42063E+00   0.40182E+01   0.33704E+01
  294    11.6342  13.4635  -0.28213E+01  -0.51809E+00  -0.42601E+00   0.40178E+01   0.32651E+01
  295    11.7440  13.4687  -0.28432E+01  -0.52350E+00  -0.43142E+00   0.40174E+01   0.31638E+01
  296    11.8548  13.4738  -0.28652E+01  -0.52896E+00  -0.43688E+00   0.40171E+01   0.30635E+01
  297    11.9666  13.4788  -0.28873E+01  -0.53445E+00  -0.44237E+00   0.40167E+01   0.29663E+01
  298    12.0793  13.4837  -0.29096E+01  -0.54000E+00  -0.44792E+00   0.40164E+01   0.28712E+01
  299    12.1930  13.4886  -0.29319E+01  -0.54557E+00  -0.45349E+00   0.40160E+01   0.27785E+01
  300    12.3077  13.4934  -0.29544E+01  -0.55119E+00  -0.45911E+00   0.40157E+01   0.26869E+01
  301    12.4234  13.4982  -0.29770E+01  -0.55687E+00  -0.46479E+00   0.40154E+01   0.25967E+01
  302    12.5401  13.5029  -0.29998E+01  -0.56256E+00  -0.47048E+00   0.40151E+01   0.25113E+01
  303    12.6578  13.5075  -0.30226E+01  -0.56831E+00  -0.47623E+00   0.40148E+01   0.24266E+01
  304    12.7766  13.5121  -0.30456E+01  -0.57409E+00  -0.48201E+00   0.40145E+01   0.23446E+01
  305    12.8963  13.5166  -0.30687E+01  -0.57992E+00  -0.48784E+00   0.40142E+01   0.22642E+01
  306    13.0172  13.5211  -0.30919E+01  -0.58579E+00  -0.49371E+00   0.40139E+01   0.21868E+01
  307    13.1390  13.5255  -0.31153E+01  -0.59171E+00  -0.49963E+00   0.40136E+01   0.21112E+01
  308    13.2619  13.5298  -0.31388E+01  -0.59766E+00  -0.50558E+00   0.40133E+01   0.20353E+01
  309    13.3859  13.5341  -0.31624E+01  -0.60367E+00  -0.51159E+00   0.40131E+01   0.19647E+01
  310    13.5110  13.5383  -0.31862E+01  -0.60971E+00  -0.51763E+00   0.40128E+01   0.18947E+01
  311    13.6372  13.5425  -0.32100E+01  -0.61577E+00  -0.52369E+00   0.40125E+01   0.18269E+01
  312    13.7644  13.5466  -0.32341E+01  -0.62192E+00  -0.52984E+00   0.40123E+01   0.17606E+01
  313    13.8928  13.5507  -0.32582E+01  -0.62809E+00  -0.53601E+00   0.40121E+01   0.16967E+01
  314    14.0223  13.5547  -0.32825E+01  -0.63431E+00  -0.54223E+00   0.40118E+01   0.16340E+01
  315    14.1529  13.5587  -0.33070E+01  -0.64058E+00  -0.54850E+00   0.40116E+01   0.15732E+01
  316    14.2846  13.5626  -0.33315E+01  -0.64687E+00  -0.55479E+00   0.40114E+01   0.15151E+01
  317    14.4175  13.5665  -0.33562E+01  -0.65323E+00  -0.56115E+00   0.40111E+01   0.14572E+01
  318    14.5515  13.5703  -0.33810E+01  -0.65963E+00  -0.56755E+00   0.40109E+01   0.14020E+01
  319    14.6867  13.5741  -0.34059E+01  -0.66607E+00  -0.57399E+00   0.40107E+01   0.13489E+01
  320    14.8231  13.5778  -0.34310E+01  -0.67255E+00  -0.58047E+00   0.40105E+01   0.12967E+01
  321    14.9607  13.5815  -0.34563E+01  -0.67909E+00  -0.58701E+00   0.40103E+01   0.12462E+01
  322    15.0994  13.5851  -0.34816E+01  -0.68565E+00  -0.59357E+00   0.40101E+01   0.11972E+01
  323    15.2394  13.5887  -0.35071E+01  -0.69229E+00  -0.60021E+00   0.40099E+01   0.11500E+01
  324    15.3806  13.5922  -0.35328E+01  -0.69896E+00  -0.60688E+00   0.40098E+01   0.11039E+01
  325    15.5230  13.5957  -0.35585E+01  -0.70567E+00  -0.61359E+00   0.40096E+01   0.10598E+01
  326    15.6666  13.5991  -0.35845E+01  -0.71244E+00  -0.62036E+00   0.40094E+01   0.10163E+01
  327    15.8115  13.6025  -0.36105E+01  -0.71925E+00  -0.62717E+00   0.40092E+01   0.97565E+00
  328    15.9577  13.6059  -0.36367E+01  -0.72611E+00  -0.63403E+00   0.40090E+01   0.93537E+00
  329    16.1051  13.6092  -0.36631E+01  -0.73301E+00  -0.64093E+00   0.40089E+01   0.89715E+00
  330    16.2538  13.6124  -0.36896E+01  -0.73997E+00  -0.64789E+00   0.40087E+01   0.85898E+00
  331    16.4038  13.6157  -0.37162E+01  -0.74696E+00  -0.65488E+00   0.40086E+01   0.82336E+00
  332    16.5551  13.6188  -0.37430E+01  -0.75402E+00  -0.66194E+00   0.40084E+01   0.78818E+00
  333    16.7078  13.6220  -0.37699E+01  -0.76110E+00  -0.66902E+00   0.40083E+01   0.75457E+00
  334    16.8617  13.6251  -0.37970E+01  -0.76825E+00  -0.67617E+00   0.40081E+01   0.72200E+00
  335    17.0170  13.6281  -0.38242E+01  -0.77545E+00  -0.68337E+00   0.40080E+01   0.69110E+00
  336    17.1736  13.6312  -0.38517E+01  -0.78273E+00  -0.69065E+00   0.40078E+01   0.66048E+00
  337    17.3316  13.6342  -0.38791E+01  -0.79000E+00  -0.69792E+00   0.40077E+01   0.63166E+00
  338    17.4910  13.6371  -0.39067E+01  -0.79732E+00  -0.70524E+00   0.40076E+01   0.60331E+00
  339    17.6518  13.6400  -0.39345E+01  -0.80471E+00  -0.71263E+00   0.40074E+01   0.57703E+00
  340    17.8139  13.6429  -0.39625E+01  -0.81215E+00  -0.72007E+00   0.40073E+01   0.55068E+00
  341    17.9775  13.6457  -0.39906E+01  -0.81965E+00  -0.72757E+00   0.40072E+01   0.52584E+00
  342    18.1425  13.6485  -0.40189E+01  -0.82719E+00  -0.73511E+00   0.40070E+01   0.50198E+00
  343    18.3089  13.6513  -0.40472E+01  -0.83477E+00  -0.74269E+00   0.40069E+01   0.47880E+00
  344    18.4768  13.6540  -0.40759E+01  -0.84244E+00  -0.75036E+00   0.40068E+01   0.45619E+00
  345    18.6461  13.6567  -0.41045E+01  -0.85011E+00  -0.75803E+00   0.40067E+01   0.43519E+00
  346    18.8169  13.6593  -0.41334E+01  -0.85785E+00  -0.76577E+00   0.40066E+01   0.41480E+00
  347    18.9892  13.6619  -0.41624E+01  -0.86565E+00  -0.77357E+00   0.40065E+01   0.39548E+00
  348    19.1630  13.6645  -0.41916E+01  -0.87350E+00  -0.78142E+00   0.40064E+01   0.37645E+00
  349    19.3383  13.6671  -0.42209E+01  -0.88141E+00  -0.78933E+00   0.40063E+01   0.35831E+00
  350    19.5151  13.6696  -0.42505E+01  -0.88938E+00  -0.79730E+00   0.40062E+01   0.34104E+00
  351    19.6934  13.6721  -0.42801E+01  -0.89736E+00  -0.80528E+00   0.40061E+01   0.32424E+00
  352    19.8734  13.6745  -0.43098E+01  -0.90541E+00  -0.81333E+00   0.40060E+01   0.30831E+00
  353    20.0548  13.6770  -0.43398E+01  -0.91351E+00  -0.82143E+00   0.40059E+01   0.29327E+00
  354    20.2379  13.6794  -0.43700E+01  -0.92171E+00  -0.82963E+00   0.40058E+01   0.27862E+00
  355    20.4225  13.6817  -0.44003E+01  -0.92991E+00  -0.83783E+00   0.40057E+01   0.26472E+00
  356    20.6088  13.6840  -0.44307E+01  -0.93819E+00  -0.84611E+00   0.40056E+01   0.25116E+00
  357    20.7966  13.6863  -0.44613E+01  -0.94651E+00  -0.85443E+00   0.40055E+01   0.23844E+00
  358    20.9861  13.6886  -0.44921E+01  -0.95488E+00  -0.86280E+00   0.40054E+01   0.22625E+00
  359    21.1773  13.6909  -0.45230E+01  -0.96332E+00  -0.87124E+00   0.40053E+01   0.21463E+00
  360    21.3701  13.6931  -0.45542E+01  -0.97189E+00  -0.87981E+00   0.40000E+01   0.20344E+00
  361    21.5646  13.6953  -0.45855E+01  -0.98043E+00  -0.88835E+00   0.40000E+01   0.19281E+00
  362    21.7607  13.6974  -0.46169E+01  -0.98902E+00  -0.89694E+00   0.40000E+01   0.18252E+00
  363    21.9586  13.6995  -0.46485E+01  -0.99768E+00  -0.90560E+00   0.40000E+01   0.17290E+00
  364    22.1582  13.7016  -0.46803E+01  -0.10064E+01  -0.91431E+00   0.40000E+01   0.16370E+00
  365    22.3596  13.7037  -0.47122E+01  -0.10152E+01  -0.92307E+00   0.40000E+01   0.15488E+00
  366    22.5626  13.7058  -0.47443E+01  -0.10240E+01  -0.93190E+00   0.40000E+01   0.14652E+00
  367    22.7675  13.7078  -0.47766E+01  -0.10329E+01  -0.94077E+00   0.40000E+01   0.13858E+00
  368    22.9741  13.7098  -0.48090E+01  -0.10418E+01  -0.94971E+00   0.40000E+01   0.13095E+00
  369    23.1825  13.7117  -0.48416E+01  -0.10508E+01  -0.95870E+00   0.40000E+01   0.12373E+00
  370    23.3928  13.7137  -0.48744E+01  -0.10598E+01  -0.96776E+00   0.40000E+01   0.11676E+00
  371    23.6049  13.7156  -0.49074E+01  -0.10690E+01  -0.97688E+00   0.40000E+01   0.11023E+00
  372    23.8188  13.7175  -0.49405E+01  -0.10781E+01  -0.98603E+00   0.40000E+01   0.10405E+00
  373    24.0345  13.7194  -0.49738E+01  -0.10873E+01  -0.99526E+00   0.40000E+01   0.98088E-01
  374    24.2522  13.7212  -0.50073E+01  -0.10966E+01  -0.10045E+01   0.40000E+01   0.92493E-01
  375    24.4717  13.7230  -0.50410E+01  -0.11060E+01  -0.10139E+01   0.40000E+01   0.87185E-01
  376    24.6932  13.7248  -0.50748E+01  -0.11154E+01  -0.10233E+01   0.40000E+01   0.82125E-01
  377    24.9166  13.7266  -0.51088E+01  -0.11248E+01  -0.10327E+01   0.40000E+01   0.77328E-01
  378    25.1419  13.7284  -0.51430E+01  -0.11343E+01  -0.10423E+01   0.40000E+01   0.72801E-01
  379    25.3691  13.7301  -0.51774E+01  -0.11439E+01  -0.10518E+01   0.40000E+01   0.68499E-01
  380    25.5984  13.7318  -0.52119E+01  -0.11535E+01  -0.10615E+01   0.40000E+01   0.64394E-01
  381    25.8296  13.7335  -0.52466E+01  -0.11632E+01  -0.10712E+01   0.40000E+01   0.60543E-01
  382    26.0629  13.7351  -0.52815E+01  -0.11730E+01  -0.10809E+01   0.40000E+01   0.56880E-01
  383    26.2982  13.7368  -0.53166E+01  -0.11828E+01  -0.10907E+01   0.40000E+01   0.53415E-01
  384    26.5355  13.7384  -0.53519E+01  -0.11927E+01  -0.11006E+01   0.40000E+01   0.50134E-01
  385    26.7749  13.7400  -0.53873E+01  -0.12026E+01  -0.11105E+01   0.40000E+01   0.47073E-01
  386    27.0164  13.7416  -0.54230E+01  -0.12126E+01  -0.11205E+01   0.40000E+01   0.44146E-01
  387    27.2599  13.7431  -0.54588E+01  -0.12227E+01  -0.11306E+01   0.40000E+01   0.41425E-01
  388    27.5056  13.7447  -0.54948E+01  -0.12328E+01  -0.11407E+01   0.40000E+01   0.38797E-01
  389    27.7534  13.7462  -0.55310E+01  -0.12430E+01  -0.11509E+01   0.40000E+01   0.36333E-01
  390    28.0034  13.7477  -0.55673E+01  -0.12532E+01  -0.11611E+01   0.40000E+01   0.34053E-01
  391    28.2556  13.7492  -0.56038E+01  -0.12635E+01  -0.11714E+01   0.40000E+01   0.31881E-01
  392    28.5099  13.7506  -0.56407E+01  -0.12739E+01  -0.11818E+01   0.40000E+01   0.29794E-01
  393    28.7665  13.7521  -0.56775E+01  -0.12843E+01  -0.11922E+01   0.40000E+01   0.27901E-01
  394    29.0253  13.7535  -0.57145E+01  -0.12948E+01  -0.12027E+01   0.40000E+01   0.26076E-01
  395    29.2863  13.7549  -0.57520E+01  -0.13054E+01  -0.12133E+01   0.40000E+01   0.24364E-01
  396    29.5496  13.7563  -0.57895E+01  -0.13160E+01  -0.12239E+01   0.40000E+01   0.22774E-01
  397    29.8152  13.7577  -0.58272E+01  -0.13267E+01  -0.12346E+01   0.40000E+01   0.21249E-01
  398    30.0831  13.7590  -0.58650E+01  -0.13374E+01  -0.12453E+01   0.40000E+01   0.19826E-01
  399    30.3534  13.7604  -0.59032E+01  -0.13482E+01  -0.12562E+01   0.40000E+01   0.18492E-01
  400    30.6259  13.7617  -0.59414E+01  -0.13591E+01  -0.12670E+01   0.40000E+01   0.17248E-01
