    1     0.0001   0.0014  -0.15259E-04  -0.10354E-06   0.93004E-01   0.11281E+02   0.51307E+01
    2     0.0088   0.1221  -0.13057E-02  -0.71446E-05   0.92997E-01   0.11212E+02   0.51411E+01
    3     0.0176   0.2423  -0.27270E-02  -0.39167E-04   0.92965E-01   0.11145E+02   0.54321E+01
    4     0.0264   0.3621  -0.42169E-02  -0.80565E-04   0.92924E-01   0.11078E+02   0.56455E+01
    5     0.0353   0.4814  -0.57685E-02  -0.12955E-03   0.92875E-01   0.11012E+02   0.58464E+01
    6     0.0443   0.6003  -0.73644E-02  -0.18191E-03   0.92823E-01   0.10946E+02   0.60194E+01
    7     0.0534   0.7188  -0.90025E-02  -0.23702E-03   0.92768E-01   0.10880E+02   0.61769E+01
    8     0.0626   0.8368  -0.10681E-01  -0.29471E-03   0.92710E-01   0.10815E+02   0.63274E+01
    9     0.0718   0.9543  -0.12399E-01  -0.35408E-03   0.92650E-01   0.10750E+02   0.64756E+01
   10     0.0811   1.0713  -0.14155E-01  -0.41554E-03   0.92589E-01   0.10685E+02   0.66187E+01
   11     0.0905   1.1879  -0.15948E-01  -0.47884E-03   0.92526E-01   0.10620E+02   0.67602E+01
   12     0.1000   1.3039  -0.17779E-01  -0.54389E-03   0.92461E-01   0.10556E+02   0.68975E+01
   13     0.1096   1.4195  -0.19645E-01  -0.61079E-03   0.92394E-01   0.10492E+02   0.70359E+01
   14     0.1192   1.5346  -0.21558E-01  -0.68172E-03   0.92323E-01   0.10429E+02   0.71768E+01
   15     0.1290   1.6491  -0.23494E-01  -0.75134E-03   0.92253E-01   0.10366E+02   0.73110E+01
   16     0.1388   1.7632  -0.25466E-01  -0.82284E-03   0.92182E-01   0.10303E+02   0.74481E+01
   17     0.1487   1.8767  -0.27475E-01  -0.89585E-03   0.92109E-01   0.10240E+02   0.75826E+01
   18     0.1587   1.9897  -0.29519E-01  -0.97085E-03   0.92034E-01   0.10177E+02   0.77198E+01
   19     0.1687   2.1021  -0.31599E-01  -0.10479E-02   0.91957E-01   0.10115E+02   0.78564E+01
   20     0.1789   2.2140  -0.33715E-01  -0.11271E-02   0.91877E-01   0.10053E+02   0.79919E+01
   21     0.1891   2.3254  -0.35869E-01  -0.12086E-02   0.91796E-01   0.99915E+01   0.81302E+01
   22     0.1995   2.4362  -0.38058E-01  -0.12925E-02   0.91712E-01   0.99301E+01   0.82673E+01
   23     0.2099   2.5465  -0.40285E-01  -0.13788E-02   0.91626E-01   0.98690E+01   0.84058E+01
   24     0.2204   2.6562  -0.42547E-01  -0.14672E-02   0.91537E-01   0.98082E+01   0.85446E+01
   25     0.2310   2.7653  -0.44847E-01  -0.15584E-02   0.91446E-01   0.97477E+01   0.86847E+01
   26     0.2417   2.8738  -0.47184E-01  -0.16525E-02   0.91352E-01   0.96875E+01   0.88262E+01
   27     0.2525   2.9818  -0.49557E-01  -0.17491E-02   0.91255E-01   0.96275E+01   0.89667E+01
   28     0.2634   3.0892  -0.51967E-01  -0.18487E-02   0.91156E-01   0.95678E+01   0.91094E+01
   29     0.2744   3.1959  -0.54414E-01  -0.19510E-02   0.91054E-01   0.95084E+01   0.92532E+01
   30     0.2855   3.3021  -0.56900E-01  -0.20567E-02   0.90948E-01   0.94493E+01   0.93977E+01
   31     0.2967   3.4077  -0.59423E-01  -0.21655E-02   0.90839E-01   0.93905E+01   0.95423E+01
   32     0.3079   3.5127  -0.61985E-01  -0.22782E-02   0.90726E-01   0.93320E+01   0.96883E+01
   33     0.3193   3.6170  -0.64572E-01  -0.23907E-02   0.90614E-01   0.92736E+01   0.98361E+01
   34     0.3308   3.7207  -0.67211E-01  -0.25105E-02   0.90494E-01   0.92157E+01   0.99840E+01
   35     0.3423   3.8238  -0.69890E-01  -0.26338E-02   0.90371E-01   0.91581E+01   0.10131E+02
   36     0.3540   3.9263  -0.72607E-01  -0.27610E-02   0.90244E-01   0.91008E+01   0.10281E+02
   37     0.3658   4.0281  -0.75363E-01  -0.28921E-02   0.90112E-01   0.90438E+01   0.10431E+02
   38     0.3777   4.1293  -0.78160E-01  -0.30279E-02   0.89977E-01   0.89871E+01   0.10583E+02
   39     0.3896   4.2299  -0.80997E-01  -0.31679E-02   0.89837E-01   0.89307E+01   0.10735E+02
   40     0.4017   4.3298  -0.83875E-01  -0.33124E-02   0.89692E-01   0.88746E+01   0.10888E+02
   41     0.4139   4.4291  -0.86794E-01  -0.34617E-02   0.89543E-01   0.88188E+01   0.11043E+02
   42     0.4262   4.5276  -0.89755E-01  -0.36157E-02   0.89389E-01   0.87634E+01   0.11198E+02
   43     0.4386   4.6256  -0.92756E-01  -0.37747E-02   0.89230E-01   0.87082E+01   0.11353E+02
   44     0.4511   4.7229  -0.95798E-01  -0.39383E-02   0.89066E-01   0.86534E+01   0.11510E+02
   45     0.4637   4.8195  -0.98880E-01  -0.41063E-02   0.88898E-01   0.85988E+01   0.11668E+02
   46     0.4764   4.9154  -0.10200E+00  -0.42799E-02   0.88725E-01   0.85446E+01   0.11826E+02
   47     0.4893   5.0106  -0.10517E+00  -0.44585E-02   0.88546E-01   0.84907E+01   0.11985E+02
   48     0.5022   5.1052  -0.10838E+00  -0.46428E-02   0.88362E-01   0.84372E+01   0.12145E+02
   49     0.5153   5.1991  -0.11163E+00  -0.48328E-02   0.88172E-01   0.83839E+01   0.12305E+02
   50     0.5285   5.2923  -0.11492E+00  -0.50286E-02   0.87976E-01   0.83310E+01   0.12467E+02
   51     0.5417   5.3849  -0.11826E+00  -0.52306E-02   0.87774E-01   0.82784E+01   0.12628E+02
   52     0.5552   5.4767  -0.12165E+00  -0.54389E-02   0.87566E-01   0.82261E+01   0.12791E+02
   53     0.5687   5.5679  -0.12507E+00  -0.56528E-02   0.87352E-01   0.81741E+01   0.12956E+02
   54     0.5823   5.6583  -0.12854E+00  -0.58727E-02   0.87132E-01   0.81226E+01   0.13118E+02
   55     0.5961   5.7481  -0.13206E+00  -0.60990E-02   0.86906E-01   0.80713E+01   0.13282E+02
   56     0.6099   5.8371  -0.13562E+00  -0.63316E-02   0.86673E-01   0.80204E+01   0.13448E+02
   57     0.6239   5.9255  -0.13922E+00  -0.65709E-02   0.86434E-01   0.79698E+01   0.13614E+02
   58     0.6381   6.0132  -0.14287E+00  -0.68165E-02   0.86188E-01   0.79195E+01   0.13780E+02
   59     0.6523   6.1001  -0.14656E+00  -0.70692E-02   0.85935E-01   0.78696E+01   0.13947E+02
   60     0.6667   6.1864  -0.15030E+00  -0.73291E-02   0.85675E-01   0.78199E+01   0.14113E+02
   61     0.6812   6.2719  -0.15409E+00  -0.75959E-02   0.85409E-01   0.77707E+01   0.14280E+02
   62     0.6958   6.3568  -0.15792E+00  -0.78698E-02   0.85135E-01   0.77218E+01   0.14447E+02
   63     0.7105   6.4409  -0.16180E+00  -0.81511E-02   0.84853E-01   0.76732E+01   0.14616E+02
   64     0.7254   6.5244  -0.16573E+00  -0.84391E-02   0.84565E-01   0.76249E+01   0.14782E+02
   65     0.7404   6.6071  -0.16970E+00  -0.87341E-02   0.84270E-01   0.75771E+01   0.14951E+02
   66     0.7555   6.6891  -0.17371E+00  -0.90368E-02   0.83968E-01   0.75295E+01   0.15120E+02
   67     0.7708   6.7704  -0.17778E+00  -0.93476E-02   0.83657E-01   0.74823E+01   0.15288E+02
   68     0.7862   6.8511  -0.18189E+00  -0.96664E-02   0.83338E-01   0.74354E+01   0.15457E+02
   69     0.8017   6.9310  -0.18605E+00  -0.99930E-02   0.83012E-01   0.73889E+01   0.15625E+02
   70     0.8174   7.0102  -0.19026E+00  -0.10328E-01   0.82677E-01   0.73427E+01   0.15793E+02
   71     0.8332   7.0886  -0.19452E+00  -0.10671E-01   0.82334E-01   0.72968E+01   0.15962E+02
   72     0.8491   7.1664  -0.19882E+00  -0.11021E-01   0.81984E-01   0.72513E+01   0.16131E+02
   73     0.8652   7.2435  -0.20317E+00  -0.11379E-01   0.81626E-01   0.72062E+01   0.16301E+02
   74     0.8814   7.3199  -0.20757E+00  -0.11745E-01   0.81259E-01   0.71614E+01   0.16470E+02
   75     0.8977   7.3956  -0.21202E+00  -0.12120E-01   0.80884E-01   0.71169E+01   0.16638E+02
   76     0.9142   7.4705  -0.21652E+00  -0.12504E-01   0.80500E-01   0.70728E+01   0.16806E+02
   77     0.9309   7.5448  -0.22107E+00  -0.12896E-01   0.80108E-01   0.70290E+01   0.16973E+02
   78     0.9477   7.6184  -0.22566E+00  -0.13297E-01   0.79708E-01   0.69856E+01   0.17140E+02
   79     0.9646   7.6913  -0.23031E+00  -0.13706E-01   0.79299E-01   0.69425E+01   0.17307E+02
   80     0.9817   7.7635  -0.23500E+00  -0.14124E-01   0.78881E-01   0.68998E+01   0.17473E+02
   81     0.9989   7.8350  -0.23975E+00  -0.14552E-01   0.78453E-01   0.68574E+01   0.17641E+02
   82     1.0163   7.9058  -0.24455E+00  -0.14989E-01   0.78016E-01   0.68154E+01   0.17806E+02
   83     1.0338   7.9759  -0.24939E+00  -0.15435E-01   0.77569E-01   0.67737E+01   0.17970E+02
   84     1.0515   8.0453  -0.25429E+00  -0.15891E-01   0.77114E-01   0.67323E+01   0.18133E+02
   85     1.0693   8.1141  -0.25924E+00  -0.16356E-01   0.76649E-01   0.66913E+01   0.18298E+02
   86     1.0873   8.1821  -0.26424E+00  -0.16830E-01   0.76175E-01   0.66507E+01   0.18460E+02
   87     1.1055   8.2495  -0.26929E+00  -0.17316E-01   0.75688E-01   0.66104E+01   0.18622E+02
   88     1.1238   8.3162  -0.27441E+00  -0.17813E-01   0.75192E-01   0.65705E+01   0.18782E+02
   89     1.1423   8.3823  -0.27957E+00  -0.18319E-01   0.74685E-01   0.65309E+01   0.18942E+02
   90     1.1609   8.4477  -0.28478E+00  -0.18835E-01   0.74170E-01   0.64917E+01   0.19102E+02
   91     1.1797   8.5124  -0.29004E+00  -0.19359E-01   0.73645E-01   0.64528E+01   0.19260E+02
   92     1.1986   8.5764  -0.29536E+00  -0.19894E-01   0.73110E-01   0.64143E+01   0.19418E+02
   93     1.2177   8.6398  -0.30073E+00  -0.20440E-01   0.72565E-01   0.63761E+01   0.19572E+02
   94     1.2370   8.7025  -0.30615E+00  -0.20997E-01   0.72008E-01   0.63382E+01   0.19727E+02
   95     1.2565   8.7646  -0.31163E+00  -0.21564E-01   0.71440E-01   0.63008E+01   0.19881E+02
   96     1.2761   8.8260  -0.31716E+00  -0.22143E-01   0.70862E-01   0.62636E+01   0.20033E+02
   97     1.2959   8.8868  -0.32274E+00  -0.22732E-01   0.70273E-01   0.62268E+01   0.20185E+02
   98     1.3158   8.9469  -0.32838E+00  -0.23331E-01   0.69673E-01   0.61904E+01   0.20334E+02
   99     1.3360   9.0065  -0.33408E+00  -0.23942E-01   0.69062E-01   0.61543E+01   0.20479E+02
  100     1.3563   9.0653  -0.33982E+00  -0.24564E-01   0.68441E-01   0.61185E+01   0.20622E+02
  101     1.3767   9.1236  -0.34562E+00  -0.25197E-01   0.67808E-01   0.60831E+01   0.20766E+02
  102     1.3974   9.1812  -0.35148E+00  -0.25841E-01   0.67163E-01   0.60480E+01   0.20907E+02
  103     1.4183   9.2382  -0.35739E+00  -0.26498E-01   0.66507E-01   0.60133E+01   0.21046E+02
  104     1.4393   9.2945  -0.36336E+00  -0.27166E-01   0.65839E-01   0.59789E+01   0.21181E+02
  105     1.4605   9.3503  -0.36938E+00  -0.27844E-01   0.65160E-01   0.59449E+01   0.21315E+02
  106     1.4819   9.4054  -0.37545E+00  -0.28534E-01   0.64471E-01   0.59112E+01   0.21449E+02
  107     1.5035   9.4600  -0.38158E+00  -0.29236E-01   0.63769E-01   0.58778E+01   0.21581E+02
  108     1.5252   9.5139  -0.38778E+00  -0.29952E-01   0.63053E-01   0.58449E+01   0.21709E+02
  109     1.5472   9.5673  -0.39403E+00  -0.30681E-01   0.62324E-01   0.58122E+01   0.21836E+02
  110     1.5693   9.6200  -0.40034E+00  -0.31420E-01   0.61584E-01   0.57800E+01   0.21960E+02
  111     1.5917   9.6722  -0.40670E+00  -0.32171E-01   0.60834E-01   0.57480E+01   0.22083E+02
  112     1.6142   9.7238  -0.41311E+00  -0.32934E-01   0.60071E-01   0.57164E+01   0.22202E+02
  113     1.6369   9.7748  -0.41958E+00  -0.33709E-01   0.59296E-01   0.56851E+01   0.22320E+02
  114     1.6598   9.8252  -0.42611E+00  -0.34496E-01   0.58508E-01   0.56541E+01   0.22434E+02
  115     1.6830   9.8751  -0.43268E+00  -0.35294E-01   0.57711E-01   0.56235E+01   0.22547E+02
  116     1.7063   9.9244  -0.43932E+00  -0.36104E-01   0.56901E-01   0.55933E+01   0.22658E+02
  117     1.7298   9.9731  -0.44602E+00  -0.36929E-01   0.56075E-01   0.55634E+01   0.22765E+02
  118     1.7536  10.0213  -0.45278E+00  -0.37769E-01   0.55235E-01   0.55338E+01   0.22866E+02
  119     1.7775  10.0689  -0.45960E+00  -0.38622E-01   0.54383E-01   0.55046E+01   0.22967E+02
  120     1.8016  10.1160  -0.46648E+00  -0.39487E-01   0.53517E-01   0.54758E+01   0.23065E+02
  121     1.8260  10.1626  -0.47342E+00  -0.40366E-01   0.52638E-01   0.54472E+01   0.23161E+02
  122     1.8506  10.2086  -0.48041E+00  -0.41258E-01   0.51746E-01   0.54191E+01   0.23254E+02
  123     1.8753  10.2541  -0.48747E+00  -0.42163E-01   0.50842E-01   0.53913E+01   0.23345E+02
  124     1.9003  10.2990  -0.49458E+00  -0.43081E-01   0.49923E-01   0.53637E+01   0.23433E+02
  125     1.9256  10.3434  -0.50175E+00  -0.44014E-01   0.48991E-01   0.53366E+01   0.23517E+02
  126     1.9510  10.3873  -0.50899E+00  -0.44960E-01   0.48044E-01   0.53098E+01   0.23597E+02
  127     1.9766  10.4307  -0.51628E+00  -0.45921E-01   0.47084E-01   0.52834E+01   0.23674E+02
  128     2.0025  10.4736  -0.52364E+00  -0.46895E-01   0.46109E-01   0.52573E+01   0.23748E+02
  129     2.0286  10.5160  -0.53105E+00  -0.47884E-01   0.45120E-01   0.52315E+01   0.23816E+02
  130     2.0550  10.5579  -0.53853E+00  -0.48887E-01   0.44117E-01   0.52061E+01   0.23883E+02
  131     2.0815  10.5993  -0.54607E+00  -0.49905E-01   0.43100E-01   0.51810E+01   0.23945E+02
  132     2.1083  10.6402  -0.55367E+00  -0.50937E-01   0.42068E-01   0.51563E+01   0.24005E+02
  133     2.1353  10.6806  -0.56132E+00  -0.51982E-01   0.41023E-01   0.51318E+01   0.24064E+02
  134     2.1626  10.7205  -0.56904E+00  -0.53041E-01   0.39963E-01   0.51077E+01   0.24116E+02
  135     2.1901  10.7600  -0.57682E+00  -0.54116E-01   0.38889E-01   0.50840E+01   0.24166E+02
  136     2.2178  10.7990  -0.58467E+00  -0.55206E-01   0.37798E-01   0.50606E+01   0.24211E+02
  137     2.2458  10.8375  -0.59258E+00  -0.56312E-01   0.36693E-01   0.50376E+01   0.24253E+02
  138     2.2740  10.8756  -0.60054E+00  -0.57431E-01   0.35573E-01   0.50149E+01   0.24292E+02
  139     2.3025  10.9132  -0.60857E+00  -0.58565E-01   0.34439E-01   0.49925E+01   0.24327E+02
  140     2.3312  10.9504  -0.61666E+00  -0.59714E-01   0.33290E-01   0.49705E+01   0.24360E+02
  141     2.3602  10.9871  -0.62482E+00  -0.60880E-01   0.32124E-01   0.49488E+01   0.24388E+02
  142     2.3894  11.0234  -0.63305E+00  -0.62063E-01   0.30942E-01   0.49275E+01   0.24411E+02
  143     2.4188  11.0592  -0.64134E+00  -0.63261E-01   0.29744E-01   0.49064E+01   0.24431E+02
  144     2.4486  11.0946  -0.64969E+00  -0.64474E-01   0.28530E-01   0.48858E+01   0.24445E+02
  145     2.4785  11.1296  -0.65811E+00  -0.65703E-01   0.27301E-01   0.48654E+01   0.24458E+02
  146     2.5088  11.1641  -0.66659E+00  -0.66949E-01   0.26055E-01   0.48454E+01   0.24468E+02
  147     2.5393  11.1982  -0.67514E+00  -0.68212E-01   0.24792E-01   0.48258E+01   0.24472E+02
  148     2.5701  11.2320  -0.68375E+00  -0.69491E-01   0.23514E-01   0.48064E+01   0.24472E+02
  149     2.6011  11.2653  -0.69243E+00  -0.70785E-01   0.22220E-01   0.47874E+01   0.24467E+02
  150     2.6324  11.2982  -0.70117E+00  -0.72095E-01   0.20910E-01   0.47687E+01   0.24459E+02
  151     2.6640  11.3306  -0.70997E+00  -0.73422E-01   0.19583E-01   0.47504E+01   0.24447E+02
  152     2.6958  11.3627  -0.71885E+00  -0.74766E-01   0.18239E-01   0.47324E+01   0.24432E+02
  153     2.7280  11.3944  -0.72779E+00  -0.76127E-01   0.16878E-01   0.47147E+01   0.24411E+02
  154     2.7604  11.4258  -0.73680E+00  -0.77506E-01   0.15498E-01   0.46973E+01   0.24386E+02
  155     2.7931  11.4567  -0.74587E+00  -0.78901E-01   0.14104E-01   0.46803E+01   0.24359E+02
  156     2.8260  11.4872  -0.75500E+00  -0.80312E-01   0.12693E-01   0.46635E+01   0.24329E+02
  157     2.8593  11.5174  -0.76421E+00  -0.81740E-01   0.11264E-01   0.46471E+01   0.24293E+02
  158     2.8929  11.5472  -0.77348E+00  -0.83188E-01   0.98169E-02   0.46310E+01   0.24254E+02
  159     2.9267  11.5766  -0.78282E+00  -0.84653E-01   0.83518E-02   0.46153E+01   0.24212E+02
  160     2.9608  11.6057  -0.79224E+00  -0.86136E-01   0.68687E-02   0.45998E+01   0.24164E+02
  161     2.9953  11.6344  -0.80171E+00  -0.87636E-01   0.53683E-02   0.45846E+01   0.24109E+02
  162     3.0300  11.6628  -0.81126E+00  -0.89156E-01   0.38483E-02   0.45698E+01   0.24065E+02
  163     3.0651  11.6908  -0.82089E+00  -0.90696E-01   0.23084E-02   0.45552E+01   0.23975E+02
  164     3.1004  11.7184  -0.83057E+00  -0.92252E-01   0.75296E-03   0.45410E+01   0.23869E+02
  165     3.1360  11.7458  -0.84033E+00  -0.93826E-01  -0.82176E-03   0.45271E+01   0.23867E+02
  166     3.1720  11.7727  -0.85016E+00  -0.95421E-01  -0.24160E-02   0.45134E+01   0.23799E+02
  167     3.2083  11.7994  -0.86007E+00  -0.97036E-01  -0.40318E-02   0.45001E+01   0.23719E+02
  168     3.2449  11.8257  -0.87002E+00  -0.98663E-01  -0.56588E-02   0.44870E+01   0.23644E+02
  169     3.2818  11.8517  -0.88009E+00  -0.10032E+00  -0.73203E-02   0.44743E+01   0.23556E+02
  170     3.3190  11.8773  -0.89010E+00  -0.10196E+00  -0.89596E-02   0.44616E+01   0.23472E+02
  171     3.3565  11.9026  -0.89998E+00  -0.10356E+00  -0.10553E-01   0.44490E+01   0.23397E+02
  172     3.3944  11.9277  -0.91058E+00  -0.10538E+00  -0.12375E-01   0.44376E+01   0.23286E+02
  173     3.4326  11.9524  -0.92094E+00  -0.10712E+00  -0.14115E-01   0.44259E+01   0.23182E+02
  174     3.4712  11.9768  -0.93131E+00  -0.10886E+00  -0.15857E-01   0.44145E+01   0.23084E+02
  175     3.5100  12.0009  -0.94179E+00  -0.11063E+00  -0.17630E-01   0.44034E+01   0.22970E+02
  176     3.5492  12.0246  -0.95232E+00  -0.11242E+00  -0.19416E-01   0.43925E+01   0.22892E+02
  177     3.5888  12.0481  -0.96292E+00  -0.11423E+00  -0.21223E-01   0.43819E+01   0.22817E+02
  178     3.6287  12.0713  -0.97361E+00  -0.11606E+00  -0.23054E-01   0.43716E+01   0.22635E+02
  179     3.6689  12.0942  -0.98437E+00  -0.11791E+00  -0.24906E-01   0.43615E+01   0.22524E+02
  180     3.7095  12.1169  -0.99520E+00  -0.11978E+00  -0.26776E-01   0.43516E+01   0.22399E+02
  181     3.7505  12.1392  -0.10061E+01  -0.12167E+00  -0.28669E-01   0.43420E+01   0.22273E+02
  182     3.7918  12.1612  -0.10171E+01  -0.12359E+00  -0.30583E-01   0.43327E+01   0.22147E+02
  183     3.8334  12.1830  -0.10281E+01  -0.12553E+00  -0.32522E-01   0.43235E+01   0.22016E+02
  184     3.8754  12.2045  -0.10393E+01  -0.12748E+00  -0.34480E-01   0.43146E+01   0.21878E+02
  185     3.9178  12.2257  -0.10505E+01  -0.12946E+00  -0.36460E-01   0.43060E+01   0.21740E+02
  186     3.9606  12.2467  -0.10618E+01  -0.13147E+00  -0.38461E-01   0.42975E+01   0.21598E+02
  187     4.0037  12.2674  -0.10731E+01  -0.13349E+00  -0.40485E-01   0.42893E+01   0.21453E+02
  188     4.0472  12.2878  -0.10846E+01  -0.13554E+00  -0.42533E-01   0.42813E+01   0.21304E+02
  189     4.0911  12.3080  -0.10961E+01  -0.13761E+00  -0.44603E-01   0.42735E+01   0.21153E+02
  190     4.1353  12.3279  -0.11077E+01  -0.13970E+00  -0.46693E-01   0.42659E+01   0.20999E+02
  191     4.1800  12.3476  -0.11193E+01  -0.14181E+00  -0.48807E-01   0.42585E+01   0.20842E+02
  192     4.2250  12.3670  -0.11311E+01  -0.14395E+00  -0.50945E-01   0.42513E+01   0.20682E+02
  193     4.2705  12.3862  -0.11429E+01  -0.14611E+00  -0.53104E-01   0.42443E+01   0.20519E+02
  194     4.3163  12.4051  -0.11548E+01  -0.14829E+00  -0.55287E-01   0.42374E+01   0.20352E+02
  195     4.3625  12.4238  -0.11668E+01  -0.15050E+00  -0.57498E-01   0.42308E+01   0.20186E+02
  196     4.4091  12.4423  -0.11788E+01  -0.15273E+00  -0.59725E-01   0.42244E+01   0.20017E+02
  197     4.4561  12.4605  -0.11909E+01  -0.15498E+00  -0.61980E-01   0.42181E+01   0.19844E+02
  198     4.5036  12.4785  -0.12032E+01  -0.15726E+00  -0.64257E-01   0.42120E+01   0.19670E+02
  199     4.5514  12.4962  -0.12155E+01  -0.15956E+00  -0.66560E-01   0.42061E+01   0.19494E+02
  200     4.5997  12.5138  -0.12278E+01  -0.16189E+00  -0.68886E-01   0.42003E+01   0.19313E+02
  201     4.6484  12.5311  -0.12403E+01  -0.16424E+00  -0.71238E-01   0.41947E+01   0.19134E+02
  202     4.6975  12.5482  -0.12528E+01  -0.16662E+00  -0.73614E-01   0.41893E+01   0.18950E+02
  203     4.7470  12.5650  -0.12654E+01  -0.16902E+00  -0.76015E-01   0.41840E+01   0.18766E+02
  204     4.7970  12.5817  -0.12781E+01  -0.17145E+00  -0.78443E-01   0.41788E+01   0.18578E+02
  205     4.8474  12.5981  -0.12909E+01  -0.17390E+00  -0.80894E-01   0.41738E+01   0.18391E+02
  206     4.8982  12.6144  -0.13038E+01  -0.17638E+00  -0.83371E-01   0.41690E+01   0.18204E+02
  207     4.9495  12.6304  -0.13167E+01  -0.17888E+00  -0.85874E-01   0.41643E+01   0.18008E+02
  208     5.0012  12.6462  -0.13297E+01  -0.18141E+00  -0.88401E-01   0.41597E+01   0.17814E+02
  209     5.0534  12.6619  -0.13428E+01  -0.18396E+00  -0.90954E-01   0.41552E+01   0.17619E+02
  210     5.1060  12.6773  -0.13560E+01  -0.18654E+00  -0.93531E-01   0.41509E+01   0.17424E+02
  211     5.1591  12.6925  -0.13693E+01  -0.18915E+00  -0.96149E-01   0.41467E+01   0.17223E+02
  212     5.2126  12.7076  -0.13827E+01  -0.19178E+00  -0.98772E-01   0.41426E+01   0.17025E+02
  213     5.2667  12.7224  -0.13961E+01  -0.19443E+00  -0.10143E+00   0.41387E+01   0.16827E+02
  214     5.3211  12.7371  -0.14097E+01  -0.19712E+00  -0.10412E+00   0.41348E+01   0.16627E+02
  215     5.3761  12.7515  -0.14233E+01  -0.19983E+00  -0.10683E+00   0.41311E+01   0.16422E+02
  216     5.4315  12.7658  -0.14370E+01  -0.20257E+00  -0.10957E+00   0.41275E+01   0.16216E+02
  217     5.4874  12.7799  -0.14508E+01  -0.20534E+00  -0.11234E+00   0.41240E+01   0.16018E+02
  218     5.5438  12.7938  -0.14646E+01  -0.20814E+00  -0.11513E+00   0.41206E+01   0.15811E+02
  219     5.6007  12.8076  -0.14786E+01  -0.21096E+00  -0.11795E+00   0.41172E+01   0.15607E+02
  220     5.6581  12.8211  -0.14926E+01  -0.21380E+00  -0.12080E+00   0.41140E+01   0.15400E+02
  221     5.7160  12.8345  -0.15068E+01  -0.21668E+00  -0.12367E+00   0.41109E+01   0.15195E+02
  222     5.7744  12.8477  -0.15210E+01  -0.21959E+00  -0.12658E+00   0.41079E+01   0.14988E+02
  223     5.8333  12.8608  -0.15353E+01  -0.22252E+00  -0.12951E+00   0.41049E+01   0.14782E+02
  224     5.8927  12.8737  -0.15497E+01  -0.22548E+00  -0.13247E+00   0.41021E+01   0.14574E+02
  225     5.9526  12.8864  -0.15642E+01  -0.22847E+00  -0.13546E+00   0.40993E+01   0.14367E+02
  226     6.0131  12.8990  -0.15788E+01  -0.23149E+00  -0.13848E+00   0.40966E+01   0.14159E+02
  227     6.0740  12.9114  -0.15934E+01  -0.23454E+00  -0.14153E+00   0.40940E+01   0.13952E+02
  228     6.1355  12.9236  -0.16082E+01  -0.23761E+00  -0.14461E+00   0.40915E+01   0.13744E+02
  229     6.1976  12.9357  -0.16230E+01  -0.24072E+00  -0.14771E+00   0.40890E+01   0.13534E+02
  230     6.2602  12.9476  -0.16380E+01  -0.24385E+00  -0.15084E+00   0.40866E+01   0.13328E+02
  231     6.3233  12.9594  -0.16530E+01  -0.24702E+00  -0.15401E+00   0.40843E+01   0.13120E+02
  232     6.3869  12.9710  -0.16681E+01  -0.25021E+00  -0.15721E+00   0.40820E+01   0.12915E+02
  233     6.4512  12.9825  -0.16833E+01  -0.25343E+00  -0.16043E+00   0.40798E+01   0.12709E+02
  234     6.5159  12.9938  -0.16986E+01  -0.25668E+00  -0.16368E+00   0.40777E+01   0.12506E+02
  235     6.5813  13.0050  -0.17140E+01  -0.25996E+00  -0.16696E+00   0.40757E+01   0.12299E+02
  236     6.6472  13.0160  -0.17295E+01  -0.26328E+00  -0.17027E+00   0.40737E+01   0.12094E+02
  237     6.7137  13.0269  -0.17451E+01  -0.26662E+00  -0.17362E+00   0.40717E+01   0.11893E+02
  238     6.7807  13.0377  -0.17608E+01  -0.27000E+00  -0.17699E+00   0.40698E+01   0.11689E+02
  239     6.8484  13.0483  -0.17766E+01  -0.27340E+00  -0.18040E+00   0.40680E+01   0.11488E+02
  240     6.9166  13.0588  -0.17924E+01  -0.27684E+00  -0.18383E+00   0.40662E+01   0.11288E+02
  241     6.9854  13.0691  -0.18084E+01  -0.28030E+00  -0.18730E+00   0.40645E+01   0.11087E+02
  242     7.0549  13.0794  -0.18245E+01  -0.28380E+00  -0.19080E+00   0.40628E+01   0.10887E+02
  243     7.1249  13.0894  -0.18406E+01  -0.28733E+00  -0.19432E+00   0.40612E+01   0.10690E+02
  244     7.1955  13.0994  -0.18569E+01  -0.29089E+00  -0.19789E+00   0.40596E+01   0.10494E+02
  245     7.2668  13.1092  -0.18732E+01  -0.29448E+00  -0.20148E+00   0.40581E+01   0.10297E+02
  246     7.3387  13.1189  -0.18897E+01  -0.29810E+00  -0.20510E+00   0.40566E+01   0.10102E+02
  247     7.4112  13.1285  -0.19062E+01  -0.30176E+00  -0.20875E+00   0.40552E+01   0.99118E+01
  248     7.4843  13.1380  -0.19228E+01  -0.30544E+00  -0.21244E+00   0.40538E+01   0.97199E+01
  249     7.5580  13.1473  -0.19396E+01  -0.30916E+00  -0.21616E+00   0.40524E+01   0.95301E+01
  250     7.6324  13.1565  -0.19564E+01  -0.31292E+00  -0.21991E+00   0.40511E+01   0.93412E+01
  251     7.7075  13.1656  -0.19733E+01  -0.31670E+00  -0.22370E+00   0.40498E+01   0.91565E+01
  252     7.7832  13.1746  -0.19904E+01  -0.32052E+00  -0.22752E+00   0.40485E+01   0.89707E+01
  253     7.8596  13.1834  -0.20075E+01  -0.32437E+00  -0.23137E+00   0.40473E+01   0.87877E+01
  254     7.9366  13.1922  -0.20248E+01  -0.32825E+00  -0.23525E+00   0.40461E+01   0.86061E+01
  255     8.0143  13.2008  -0.20421E+01  -0.33217E+00  -0.23917E+00   0.40450E+01   0.84243E+01
  256     8.0926  13.2093  -0.20595E+01  -0.33612E+00  -0.24312E+00   0.40439E+01   0.82466E+01
  257     8.1717  13.2178  -0.20771E+01  -0.34011E+00  -0.24710E+00   0.40428E+01   0.80697E+01
  258     8.2514  13.2261  -0.20947E+01  -0.34413E+00  -0.25112E+00   0.40417E+01   0.78950E+01
  259     8.3319  13.2343  -0.21125E+01  -0.34818E+00  -0.25517E+00   0.40407E+01   0.77231E+01
  260     8.4130  13.2424  -0.21303E+01  -0.35226E+00  -0.25925E+00   0.40397E+01   0.75521E+01
  261     8.4948  13.2503  -0.21483E+01  -0.35638E+00  -0.26338E+00   0.40388E+01   0.73841E+01
  262     8.5774  13.2582  -0.21663E+01  -0.36053E+00  -0.26753E+00   0.40378E+01   0.72156E+01
  263     8.6606  13.2660  -0.21845E+01  -0.36472E+00  -0.27172E+00   0.40369E+01   0.70515E+01
  264     8.7446  13.2737  -0.22028E+01  -0.36894E+00  -0.27594E+00   0.40360E+01   0.68884E+01
  265     8.8293  13.2813  -0.22212E+01  -0.37321E+00  -0.28020E+00   0.40351E+01   0.67274E+01
  266     8.9148  13.2888  -0.22396E+01  -0.37749E+00  -0.28449E+00   0.40343E+01   0.65694E+01
  267     9.0010  13.2962  -0.22582E+01  -0.38182E+00  -0.28882E+00   0.40335E+01   0.64129E+01
  268     9.0879  13.3035  -0.22769E+01  -0.38619E+00  -0.29318E+00   0.40327E+01   0.62580E+01
  269     9.1756  13.3107  -0.22957E+01  -0.39058E+00  -0.29758E+00   0.40319E+01   0.61069E+01
  270     9.2641  13.3178  -0.23146E+01  -0.39502E+00  -0.30202E+00   0.40312E+01   0.59572E+01
  271     9.3534  13.3248  -0.23336E+01  -0.39949E+00  -0.30649E+00   0.40304E+01   0.58084E+01
  272     9.4434  13.3317  -0.23528E+01  -0.40400E+00  -0.31099E+00   0.40297E+01   0.56631E+01
  273     9.5342  13.3386  -0.23720E+01  -0.40854E+00  -0.31554E+00   0.40290E+01   0.55194E+01
  274     9.6257  13.3453  -0.23914E+01  -0.41312E+00  -0.32012E+00   0.40284E+01   0.53784E+01
  275     9.7181  13.3520  -0.24108E+01  -0.41774E+00  -0.32473E+00   0.40277E+01   0.52396E+01
  276     9.8113  13.3586  -0.24304E+01  -0.42239E+00  -0.32938E+00   0.40271E+01   0.51022E+01
  277     9.9053  13.3651  -0.24500E+01  -0.42707E+00  -0.33407E+00   0.40265E+01   0.49691E+01
  278    10.0001  13.3715  -0.24698E+01  -0.43180E+00  -0.33880E+00   0.40259E+01   0.48362E+01
  279    10.0957  13.3778  -0.24897E+01  -0.43657E+00  -0.34356E+00   0.40253E+01   0.47069E+01
  280    10.1922  13.3841  -0.25098E+01  -0.44137E+00  -0.34836E+00   0.40247E+01   0.45805E+01
  281    10.2895  13.3902  -0.25299E+01  -0.44621E+00  -0.35321E+00   0.40241E+01   0.44532E+01
  282    10.3877  13.3963  -0.25501E+01  -0.45109E+00  -0.35808E+00   0.40236E+01   0.43314E+01
  283    10.4867  13.4023  -0.25705E+01  -0.45600E+00  -0.36299E+00   0.40231E+01   0.42104E+01
  284    10.5865  13.4083  -0.25910E+01  -0.46095E+00  -0.36794E+00   0.40226E+01   0.40910E+01
  285    10.6873  13.4141  -0.26116E+01  -0.46594E+00  -0.37294E+00   0.40221E+01   0.39753E+01
  286    10.7889  13.4199  -0.26323E+01  -0.47097E+00  -0.37797E+00   0.40216E+01   0.38613E+01
  287    10.8914  13.4256  -0.26531E+01  -0.47604E+00  -0.38303E+00   0.40211E+01   0.37500E+01
  288    10.9947  13.4312  -0.26740E+01  -0.48114E+00  -0.38814E+00   0.40206E+01   0.36399E+01
  289    11.0990  13.4368  -0.26951E+01  -0.48630E+00  -0.39329E+00   0.40202E+01   0.35326E+01
  290    11.2042  13.4423  -0.27163E+01  -0.49148E+00  -0.39848E+00   0.40197E+01   0.34282E+01
  291    11.3103  13.4477  -0.27376E+01  -0.49671E+00  -0.40370E+00   0.40193E+01   0.33241E+01
  292    11.4173  13.4530  -0.27590E+01  -0.50197E+00  -0.40897E+00   0.40189E+01   0.32238E+01
  293    11.5253  13.4583  -0.27805E+01  -0.50727E+00  -0.41427E+00   0.40185E+01   0.31244E+01
  294    11.6342  13.4635  -0.28022E+01  -0.51261E+00  -0.41961E+00   0.40181E+01   0.30290E+01
  295    11.7440  13.4687  -0.28239E+01  -0.51800E+00  -0.42499E+00   0.40177E+01   0.29346E+01
  296    11.8548  13.4738  -0.28458E+01  -0.52341E+00  -0.43041E+00   0.40173E+01   0.28435E+01
  297    11.9666  13.4788  -0.28679E+01  -0.52890E+00  -0.43589E+00   0.40170E+01   0.27528E+01
  298    12.0793  13.4837  -0.28900E+01  -0.53439E+00  -0.44139E+00   0.40166E+01   0.26652E+01
  299    12.1930  13.4886  -0.29123E+01  -0.53995E+00  -0.44695E+00   0.40163E+01   0.25801E+01
  300    12.3077  13.4934  -0.29347E+01  -0.54553E+00  -0.45253E+00   0.40159E+01   0.24943E+01
  301    12.4234  13.4982  -0.29572E+01  -0.55117E+00  -0.45816E+00   0.40156E+01   0.24132E+01
  302    12.5401  13.5029  -0.29798E+01  -0.55684E+00  -0.46383E+00   0.40153E+01   0.23329E+01
  303    12.6578  13.5075  -0.30025E+01  -0.56254E+00  -0.46954E+00   0.40150E+01   0.22559E+01
  304    12.7766  13.5121  -0.30255E+01  -0.56830E+00  -0.47530E+00   0.40147E+01   0.21794E+01
  305    12.8963  13.5166  -0.30485E+01  -0.57410E+00  -0.48110E+00   0.40144E+01   0.21061E+01
  306    13.0172  13.5211  -0.30716E+01  -0.57994E+00  -0.48694E+00   0.40141E+01   0.20343E+01
  307    13.1390  13.5255  -0.30949E+01  -0.58582E+00  -0.49282E+00   0.40138E+01   0.19629E+01
  308    13.2619  13.5298  -0.31183E+01  -0.59175E+00  -0.49875E+00   0.40135E+01   0.18950E+01
  309    13.3859  13.5341  -0.31418E+01  -0.59772E+00  -0.50471E+00   0.40132E+01   0.18286E+01
  310    13.5110  13.5383  -0.31654E+01  -0.60371E+00  -0.51070E+00   0.40130E+01   0.17644E+01
  311    13.6372  13.5425  -0.31893E+01  -0.60978E+00  -0.51677E+00   0.40127E+01   0.17008E+01
  312    13.7644  13.5466  -0.32132E+01  -0.61587E+00  -0.52287E+00   0.40125E+01   0.16408E+01
  313    13.8928  13.5507  -0.32372E+01  -0.62202E+00  -0.52901E+00   0.40122E+01   0.15806E+01
  314    14.0223  13.5547  -0.32614E+01  -0.62820E+00  -0.53520E+00   0.40120E+01   0.15226E+01
  315    14.1529  13.5587  -0.32857E+01  -0.63442E+00  -0.54142E+00   0.40117E+01   0.14665E+01
  316    14.2846  13.5626  -0.33102E+01  -0.64070E+00  -0.54770E+00   0.40115E+01   0.14120E+01
  317    14.4175  13.5665  -0.33348E+01  -0.64702E+00  -0.55402E+00   0.40113E+01   0.13592E+01
  318    14.5515  13.5703  -0.33595E+01  -0.65338E+00  -0.56038E+00   0.40111E+01   0.13077E+01
  319    14.6867  13.5741  -0.33843E+01  -0.65979E+00  -0.56679E+00   0.40109E+01   0.12586E+01
  320    14.8231  13.5778  -0.34093E+01  -0.66625E+00  -0.57324E+00   0.40107E+01   0.12101E+01
  321    14.9607  13.5815  -0.34344E+01  -0.67274E+00  -0.57973E+00   0.40104E+01   0.11631E+01
  322    15.0994  13.5851  -0.34598E+01  -0.67930E+00  -0.58630E+00   0.40103E+01   0.11179E+01
  323    15.2394  13.5887  -0.34852E+01  -0.68589E+00  -0.59288E+00   0.40101E+01   0.10738E+01
  324    15.3806  13.5922  -0.35107E+01  -0.69252E+00  -0.59952E+00   0.40099E+01   0.10314E+01
  325    15.5230  13.5957  -0.35364E+01  -0.69921E+00  -0.60620E+00   0.40097E+01   0.98993E+00
  326    15.6666  13.5991  -0.35622E+01  -0.70594E+00  -0.61293E+00   0.40095E+01   0.95051E+00
  327    15.8115  13.6025  -0.35882E+01  -0.71272E+00  -0.61971E+00   0.40093E+01   0.91178E+00
  328    15.9577  13.6059  -0.36143E+01  -0.71954E+00  -0.62653E+00   0.40092E+01   0.87520E+00
  329    16.1051  13.6092  -0.36405E+01  -0.72642E+00  -0.63342E+00   0.40090E+01   0.83844E+00
  330    16.2538  13.6124  -0.36669E+01  -0.73333E+00  -0.64032E+00   0.40088E+01   0.80398E+00
  331    16.4038  13.6157  -0.36935E+01  -0.74031E+00  -0.64730E+00   0.40087E+01   0.77010E+00
  332    16.5551  13.6188  -0.37201E+01  -0.74730E+00  -0.65430E+00   0.40085E+01   0.73799E+00
  333    16.7078  13.6220  -0.37469E+01  -0.75438E+00  -0.66137E+00   0.40084E+01   0.70631E+00
  334    16.8617  13.6251  -0.37739E+01  -0.76149E+00  -0.66849E+00   0.40082E+01   0.67634E+00
  335    17.0170  13.6281  -0.38011E+01  -0.76869E+00  -0.67568E+00   0.40081E+01   0.64704E+00
  336    17.1736  13.6312  -0.38283E+01  -0.77588E+00  -0.68288E+00   0.40079E+01   0.61895E+00
  337    17.3316  13.6342  -0.38557E+01  -0.78312E+00  -0.69012E+00   0.40078E+01   0.59161E+00
  338    17.4910  13.6371  -0.38832E+01  -0.79043E+00  -0.69742E+00   0.40076E+01   0.56623E+00
  339    17.6518  13.6400  -0.39109E+01  -0.79778E+00  -0.70477E+00   0.40075E+01   0.54061E+00
  340    17.8139  13.6429  -0.39388E+01  -0.80519E+00  -0.71218E+00   0.40074E+01   0.51651E+00
  341    17.9775  13.6457  -0.39669E+01  -0.81267E+00  -0.71966E+00   0.40072E+01   0.49348E+00
  342    18.1425  13.6485  -0.39950E+01  -0.82015E+00  -0.72715E+00   0.40071E+01   0.47101E+00
  343    18.3089  13.6513  -0.40233E+01  -0.82773E+00  -0.73472E+00   0.40070E+01   0.44884E+00
  344    18.4768  13.6540  -0.40517E+01  -0.83532E+00  -0.74232E+00   0.40069E+01   0.42860E+00
  345    18.6461  13.6567  -0.40803E+01  -0.84297E+00  -0.74997E+00   0.40068E+01   0.40864E+00
  346    18.8169  13.6593  -0.41091E+01  -0.85069E+00  -0.75769E+00   0.40066E+01   0.38980E+00
  347    18.9892  13.6619  -0.41381E+01  -0.85846E+00  -0.76546E+00   0.40065E+01   0.37135E+00
  348    19.1630  13.6645  -0.41672E+01  -0.86628E+00  -0.77328E+00   0.40064E+01   0.35371E+00
  349    19.3383  13.6671  -0.41965E+01  -0.87419E+00  -0.78119E+00   0.40063E+01   0.33664E+00
  350    19.5151  13.6696  -0.42258E+01  -0.88206E+00  -0.78906E+00   0.40062E+01   0.32042E+00
  351    19.6934  13.6721  -0.42553E+01  -0.89002E+00  -0.79702E+00   0.40061E+01   0.30469E+00
  352    19.8734  13.6745  -0.42850E+01  -0.89804E+00  -0.80503E+00   0.40060E+01   0.29012E+00
  353    20.0548  13.6770  -0.43149E+01  -0.90615E+00  -0.81314E+00   0.40059E+01   0.27590E+00
  354    20.2379  13.6794  -0.43449E+01  -0.91427E+00  -0.82126E+00   0.40058E+01   0.26224E+00
  355    20.4225  13.6817  -0.43751E+01  -0.92246E+00  -0.82945E+00   0.40057E+01   0.24894E+00
  356    20.6088  13.6840  -0.44055E+01  -0.93069E+00  -0.83769E+00   0.40056E+01   0.23653E+00
  357    20.7966  13.6863  -0.44360E+01  -0.93898E+00  -0.84597E+00   0.40055E+01   0.22460E+00
  358    20.9861  13.6886  -0.44666E+01  -0.94732E+00  -0.85432E+00   0.40054E+01   0.21318E+00
  359    21.1773  13.6909  -0.44975E+01  -0.95574E+00  -0.86274E+00   0.40054E+01   0.20216E+00
  360    21.3701  13.6931  -0.45285E+01  -0.96426E+00  -0.87126E+00   0.40000E+01   0.19178E+00
  361    21.5646  13.6953  -0.45597E+01  -0.97276E+00  -0.87976E+00   0.40000E+01   0.18169E+00
  362    21.7607  13.6974  -0.45910E+01  -0.98133E+00  -0.88833E+00   0.40000E+01   0.17209E+00
  363    21.9586  13.6995  -0.46225E+01  -0.98995E+00  -0.89694E+00   0.40000E+01   0.16312E+00
  364    22.1582  13.7016  -0.46542E+01  -0.99862E+00  -0.90562E+00   0.40000E+01   0.15437E+00
  365    22.3596  13.7037  -0.46860E+01  -0.10074E+01  -0.91436E+00   0.40000E+01   0.14613E+00
  366    22.5626  13.7058  -0.47180E+01  -0.10161E+01  -0.92314E+00   0.40000E+01   0.13828E+00
  367    22.7675  13.7078  -0.47502E+01  -0.10250E+01  -0.93199E+00   0.40000E+01   0.13077E+00
  368    22.9741  13.7098  -0.47825E+01  -0.10339E+01  -0.94089E+00   0.40000E+01   0.12369E+00
  369    23.1825  13.7117  -0.48151E+01  -0.10429E+01  -0.94985E+00   0.40000E+01   0.11683E+00
  370    23.3928  13.7137  -0.48478E+01  -0.10519E+01  -0.95887E+00   0.40000E+01   0.11035E+00
  371    23.6049  13.7156  -0.48806E+01  -0.10610E+01  -0.96795E+00   0.40000E+01   0.10422E+00
  372    23.8188  13.7175  -0.49137E+01  -0.10701E+01  -0.97708E+00   0.40000E+01   0.98383E-01
  373    24.0345  13.7194  -0.49469E+01  -0.10793E+01  -0.98627E+00   0.40000E+01   0.92733E-01
  374    24.2522  13.7212  -0.49803E+01  -0.10885E+01  -0.99552E+00   0.40000E+01   0.87462E-01
  375    24.4717  13.7230  -0.50138E+01  -0.10978E+01  -0.10048E+01   0.40000E+01   0.82471E-01
  376    24.6932  13.7248  -0.50475E+01  -0.11072E+01  -0.10142E+01   0.40000E+01   0.77651E-01
  377    24.9166  13.7266  -0.50814E+01  -0.11166E+01  -0.10236E+01   0.40000E+01   0.73180E-01
  378    25.1419  13.7284  -0.51155E+01  -0.11261E+01  -0.10331E+01   0.40000E+01   0.68905E-01
  379    25.3691  13.7301  -0.51498E+01  -0.11356E+01  -0.10426E+01   0.40000E+01   0.64848E-01
  380    25.5984  13.7318  -0.51842E+01  -0.11452E+01  -0.10522E+01   0.40000E+01   0.60995E-01
  381    25.8296  13.7335  -0.52188E+01  -0.11549E+01  -0.10619E+01   0.40000E+01   0.57356E-01
  382    26.0629  13.7351  -0.52536E+01  -0.11646E+01  -0.10716E+01   0.40000E+01   0.53859E-01
  383    26.2982  13.7368  -0.52886E+01  -0.11744E+01  -0.10814E+01   0.40000E+01   0.50651E-01
  384    26.5355  13.7384  -0.53237E+01  -0.11842E+01  -0.10912E+01   0.40000E+01   0.47558E-01
  385    26.7749  13.7400  -0.53591E+01  -0.11941E+01  -0.11011E+01   0.40000E+01   0.44637E-01
  386    27.0164  13.7416  -0.53946E+01  -0.12041E+01  -0.11111E+01   0.40000E+01   0.41912E-01
  387    27.2599  13.7431  -0.54303E+01  -0.12141E+01  -0.11211E+01   0.40000E+01   0.39296E-01
  388    27.5056  13.7447  -0.54662E+01  -0.12242E+01  -0.11312E+01   0.40000E+01   0.36824E-01
  389    27.7534  13.7462  -0.55023E+01  -0.12343E+01  -0.11413E+01   0.40000E+01   0.34505E-01
  390    28.0034  13.7477  -0.55385E+01  -0.12445E+01  -0.11515E+01   0.40000E+01   0.32321E-01
  391    28.2556  13.7492  -0.55749E+01  -0.12548E+01  -0.11618E+01   0.40000E+01   0.30292E-01
  392    28.5099  13.7506  -0.56116E+01  -0.12651E+01  -0.11721E+01   0.40000E+01   0.28343E-01
  393    28.7665  13.7521  -0.56484E+01  -0.12755E+01  -0.11825E+01   0.40000E+01   0.26493E-01
  394    29.0253  13.7535  -0.56855E+01  -0.12860E+01  -0.11930E+01   0.40000E+01   0.24788E-01
  395    29.2863  13.7549  -0.57226E+01  -0.12965E+01  -0.12035E+01   0.40000E+01   0.23170E-01
  396    29.5496  13.7563  -0.57600E+01  -0.13071E+01  -0.12141E+01   0.40000E+01   0.21632E-01
  397    29.8152  13.7577  -0.57976E+01  -0.13177E+01  -0.12247E+01   0.40000E+01   0.20240E-01
  398    30.0831  13.7590  -0.58354E+01  -0.13285E+01  -0.12355E+01   0.40000E+01   0.18861E-01
  399    30.3534  13.7604  -0.58736E+01  -0.13393E+01  -0.12463E+01   0.40000E+01   0.17584E-01
  400    30.6259  13.7617  -0.59115E+01  -0.13501E+01  -0.12571E+01   0.40000E+01   0.16400E-01
