    1     0.0001   0.0014  -0.15259E-04  -0.12943E-06   0.91151E-01   0.11077E+02   0.64463E+01
    2     0.0088   0.1221  -0.13363E-02  -0.10484E-04   0.91140E-01   0.11009E+02   0.66192E+01
    3     0.0176   0.2423  -0.27895E-02  -0.46287E-04   0.91104E-01   0.10944E+02   0.69905E+01
    4     0.0264   0.3621  -0.43145E-02  -0.92216E-04   0.91058E-01   0.10878E+02   0.72663E+01
    5     0.0353   0.4814  -0.59021E-02  -0.14607E-03   0.91005E-01   0.10813E+02   0.75243E+01
    6     0.0443   0.6003  -0.75345E-02  -0.20330E-03   0.90947E-01   0.10749E+02   0.77462E+01
    7     0.0534   0.7188  -0.92100E-02  -0.26337E-03   0.90887E-01   0.10684E+02   0.79478E+01
    8     0.0626   0.8368  -0.10927E-01  -0.32613E-03   0.90825E-01   0.10621E+02   0.81410E+01
    9     0.0718   0.9543  -0.12684E-01  -0.39113E-03   0.90760E-01   0.10557E+02   0.83310E+01
   10     0.0811   1.0713  -0.14480E-01  -0.45848E-03   0.90692E-01   0.10494E+02   0.85139E+01
   11     0.0905   1.1879  -0.16314E-01  -0.52764E-03   0.90623E-01   0.10431E+02   0.86949E+01
   12     0.1000   1.3039  -0.18185E-01  -0.59879E-03   0.90552E-01   0.10368E+02   0.88704E+01
   13     0.1096   1.4195  -0.20094E-01  -0.67211E-03   0.90479E-01   0.10306E+02   0.90472E+01
   14     0.1192   1.5346  -0.22049E-01  -0.74950E-03   0.90401E-01   0.10244E+02   0.92268E+01
   15     0.1290   1.6491  -0.24029E-01  -0.82582E-03   0.90325E-01   0.10182E+02   0.93986E+01
   16     0.1388   1.7632  -0.26046E-01  -0.90423E-03   0.90246E-01   0.10120E+02   0.95734E+01
   17     0.1487   1.8767  -0.28101E-01  -0.98460E-03   0.90166E-01   0.10059E+02   0.97449E+01
   18     0.1587   1.9897  -0.30192E-01  -0.10672E-02   0.90083E-01   0.99978E+01   0.99200E+01
   19     0.1687   2.1021  -0.32320E-01  -0.11524E-02   0.89998E-01   0.99370E+01   0.10094E+02
   20     0.1789   2.2140  -0.34485E-01  -0.12396E-02   0.89911E-01   0.98765E+01   0.10267E+02
   21     0.1891   2.3254  -0.36686E-01  -0.13290E-02   0.89822E-01   0.98162E+01   0.10443E+02
   22     0.1995   2.4362  -0.38925E-01  -0.14207E-02   0.89730E-01   0.97563E+01   0.10618E+02
   23     0.2099   2.5465  -0.41201E-01  -0.15149E-02   0.89636E-01   0.96966E+01   0.10794E+02
   24     0.2204   2.6562  -0.43514E-01  -0.16120E-02   0.89539E-01   0.96372E+01   0.10971E+02
   25     0.2310   2.7653  -0.45864E-01  -0.17117E-02   0.89439E-01   0.95781E+01   0.11149E+02
   26     0.2417   2.8738  -0.48253E-01  -0.18146E-02   0.89336E-01   0.95193E+01   0.11329E+02
   27     0.2525   2.9818  -0.50679E-01  -0.19205E-02   0.89230E-01   0.94607E+01   0.11508E+02
   28     0.2634   3.0892  -0.53143E-01  -0.20294E-02   0.89121E-01   0.94024E+01   0.11689E+02
   29     0.2744   3.1959  -0.55645E-01  -0.21414E-02   0.89009E-01   0.93444E+01   0.11872E+02
   30     0.2855   3.3021  -0.58185E-01  -0.22567E-02   0.88894E-01   0.92866E+01   0.12055E+02
   31     0.2967   3.4077  -0.60763E-01  -0.23754E-02   0.88775E-01   0.92292E+01   0.12238E+02
   32     0.3079   3.5127  -0.63381E-01  -0.24982E-02   0.88653E-01   0.91720E+01   0.12423E+02
   33     0.3193   3.6170  -0.66023E-01  -0.26206E-02   0.88530E-01   0.91150E+01   0.12610E+02
   34     0.3308   3.7207  -0.68720E-01  -0.27510E-02   0.88400E-01   0.90584E+01   0.12798E+02
   35     0.3423   3.8238  -0.71458E-01  -0.28858E-02   0.88265E-01   0.90021E+01   0.12984E+02
   36     0.3540   3.9263  -0.74235E-01  -0.30246E-02   0.88126E-01   0.89461E+01   0.13174E+02
   37     0.3658   4.0281  -0.77052E-01  -0.31679E-02   0.87983E-01   0.88904E+01   0.13364E+02
   38     0.3777   4.1293  -0.79910E-01  -0.33143E-02   0.87836E-01   0.88350E+01   0.13555E+02
   39     0.3896   4.2299  -0.82808E-01  -0.34653E-02   0.87685E-01   0.87800E+01   0.13748E+02
   40     0.4017   4.3298  -0.85746E-01  -0.36207E-02   0.87530E-01   0.87253E+01   0.13941E+02
   41     0.4139   4.4291  -0.88727E-01  -0.37812E-02   0.87369E-01   0.86708E+01   0.14136E+02
   42     0.4262   4.5276  -0.91748E-01  -0.39468E-02   0.87204E-01   0.86167E+01   0.14332E+02
   43     0.4386   4.6256  -0.94812E-01  -0.41176E-02   0.87033E-01   0.85628E+01   0.14528E+02
   44     0.4511   4.7229  -0.97918E-01  -0.42935E-02   0.86857E-01   0.85092E+01   0.14725E+02
   45     0.4637   4.8195  -0.10107E+00  -0.44751E-02   0.86676E-01   0.84560E+01   0.14924E+02
   46     0.4764   4.9154  -0.10426E+00  -0.46618E-02   0.86489E-01   0.84030E+01   0.15124E+02
   47     0.4893   5.0106  -0.10749E+00  -0.48540E-02   0.86297E-01   0.83504E+01   0.15324E+02
   48     0.5022   5.1052  -0.11077E+00  -0.50518E-02   0.86099E-01   0.82981E+01   0.15525E+02
   49     0.5153   5.1991  -0.11409E+00  -0.52556E-02   0.85895E-01   0.82461E+01   0.15726E+02
   50     0.5285   5.2923  -0.11745E+00  -0.54655E-02   0.85685E-01   0.81944E+01   0.15931E+02
   51     0.5417   5.3849  -0.12086E+00  -0.56813E-02   0.85469E-01   0.81431E+01   0.16133E+02
   52     0.5552   5.4767  -0.12431E+00  -0.59033E-02   0.85247E-01   0.80921E+01   0.16338E+02
   53     0.5687   5.5679  -0.12781E+00  -0.61311E-02   0.85020E-01   0.80414E+01   0.16544E+02
   54     0.5823   5.6583  -0.13135E+00  -0.63656E-02   0.84785E-01   0.79910E+01   0.16748E+02
   55     0.5961   5.7481  -0.13494E+00  -0.66065E-02   0.84544E-01   0.79409E+01   0.16954E+02
   56     0.6099   5.8371  -0.13857E+00  -0.68542E-02   0.84297E-01   0.78912E+01   0.17162E+02
   57     0.6239   5.9255  -0.14225E+00  -0.71090E-02   0.84042E-01   0.78418E+01   0.17370E+02
   58     0.6381   6.0132  -0.14597E+00  -0.73708E-02   0.83780E-01   0.77927E+01   0.17579E+02
   59     0.6523   6.1001  -0.14974E+00  -0.76394E-02   0.83511E-01   0.77439E+01   0.17788E+02
   60     0.6667   6.1864  -0.15356E+00  -0.79146E-02   0.83236E-01   0.76955E+01   0.17997E+02
   61     0.6812   6.2719  -0.15742E+00  -0.81973E-02   0.82953E-01   0.76474E+01   0.18207E+02
   62     0.6958   6.3568  -0.16133E+00  -0.84874E-02   0.82663E-01   0.75996E+01   0.18417E+02
   63     0.7105   6.4409  -0.16529E+00  -0.87850E-02   0.82366E-01   0.75522E+01   0.18628E+02
   64     0.7254   6.5244  -0.16929E+00  -0.90897E-02   0.82061E-01   0.75052E+01   0.18837E+02
   65     0.7404   6.6071  -0.17334E+00  -0.94022E-02   0.81748E-01   0.74584E+01   0.19049E+02
   66     0.7555   6.6891  -0.17744E+00  -0.97226E-02   0.81428E-01   0.74120E+01   0.19259E+02
   67     0.7708   6.7704  -0.18159E+00  -0.10051E-01   0.81100E-01   0.73660E+01   0.19470E+02
   68     0.7862   6.8511  -0.18578E+00  -0.10388E-01   0.80763E-01   0.73202E+01   0.19681E+02
   69     0.8017   6.9310  -0.19003E+00  -0.10733E-01   0.80418E-01   0.72748E+01   0.19892E+02
   70     0.8174   7.0102  -0.19432E+00  -0.11086E-01   0.80065E-01   0.72298E+01   0.20103E+02
   71     0.8332   7.0886  -0.19867E+00  -0.11446E-01   0.79704E-01   0.71851E+01   0.20315E+02
   72     0.8491   7.1664  -0.20305E+00  -0.11816E-01   0.79335E-01   0.71407E+01   0.20524E+02
   73     0.8652   7.2435  -0.20749E+00  -0.12193E-01   0.78958E-01   0.70967E+01   0.20735E+02
   74     0.8814   7.3199  -0.21198E+00  -0.12580E-01   0.78571E-01   0.70530E+01   0.20945E+02
   75     0.8977   7.3956  -0.21652E+00  -0.12975E-01   0.78175E-01   0.70096E+01   0.21154E+02
   76     0.9142   7.4705  -0.22111E+00  -0.13381E-01   0.77770E-01   0.69665E+01   0.21363E+02
   77     0.9309   7.5448  -0.22576E+00  -0.13794E-01   0.77357E-01   0.69239E+01   0.21571E+02
   78     0.9477   7.6184  -0.23045E+00  -0.14217E-01   0.76934E-01   0.68816E+01   0.21779E+02
   79     0.9646   7.6913  -0.23519E+00  -0.14649E-01   0.76502E-01   0.68396E+01   0.21985E+02
   80     0.9817   7.7635  -0.23999E+00  -0.15090E-01   0.76061E-01   0.67980E+01   0.22190E+02
   81     0.9989   7.8350  -0.24483E+00  -0.15541E-01   0.75610E-01   0.67567E+01   0.22397E+02
   82     1.0163   7.9058  -0.24973E+00  -0.16001E-01   0.75150E-01   0.67157E+01   0.22600E+02
   83     1.0338   7.9759  -0.25468E+00  -0.16471E-01   0.74679E-01   0.66751E+01   0.22802E+02
   84     1.0515   8.0453  -0.25968E+00  -0.16951E-01   0.74200E-01   0.66348E+01   0.23002E+02
   85     1.0693   8.1141  -0.26473E+00  -0.17441E-01   0.73710E-01   0.65949E+01   0.23204E+02
   86     1.0873   8.1821  -0.26984E+00  -0.17939E-01   0.73211E-01   0.65553E+01   0.23402E+02
   87     1.1055   8.2495  -0.27499E+00  -0.18448E-01   0.72702E-01   0.65160E+01   0.23602E+02
   88     1.1238   8.3162  -0.28020E+00  -0.18968E-01   0.72183E-01   0.64771E+01   0.23797E+02
   89     1.1423   8.3823  -0.28547E+00  -0.19498E-01   0.71652E-01   0.64386E+01   0.23991E+02
   90     1.1609   8.4477  -0.29078E+00  -0.20038E-01   0.71112E-01   0.64004E+01   0.24185E+02
   91     1.1797   8.5124  -0.29615E+00  -0.20589E-01   0.70561E-01   0.63624E+01   0.24376E+02
   92     1.1986   8.5764  -0.30157E+00  -0.21149E-01   0.70001E-01   0.63249E+01   0.24568E+02
   93     1.2177   8.6398  -0.30704E+00  -0.21720E-01   0.69431E-01   0.62877E+01   0.24757E+02
   94     1.2370   8.7025  -0.31257E+00  -0.22302E-01   0.68849E-01   0.62508E+01   0.24945E+02
   95     1.2565   8.7646  -0.31816E+00  -0.22894E-01   0.68257E-01   0.62143E+01   0.25131E+02
   96     1.2761   8.8260  -0.32379E+00  -0.23497E-01   0.67654E-01   0.61782E+01   0.25313E+02
   97     1.2959   8.8868  -0.32948E+00  -0.24110E-01   0.67041E-01   0.61423E+01   0.25495E+02
   98     1.3158   8.9469  -0.33522E+00  -0.24734E-01   0.66417E-01   0.61068E+01   0.25674E+02
   99     1.3360   9.0065  -0.34101E+00  -0.25370E-01   0.65781E-01   0.60717E+01   0.25851E+02
  100     1.3563   9.0653  -0.34687E+00  -0.26017E-01   0.65133E-01   0.60369E+01   0.26025E+02
  101     1.3767   9.1236  -0.35278E+00  -0.26676E-01   0.64474E-01   0.60024E+01   0.26198E+02
  102     1.3974   9.1812  -0.35874E+00  -0.27346E-01   0.63805E-01   0.59682E+01   0.26368E+02
  103     1.4183   9.2382  -0.36476E+00  -0.28028E-01   0.63123E-01   0.59344E+01   0.26537E+02
  104     1.4393   9.2945  -0.37084E+00  -0.28724E-01   0.62427E-01   0.59010E+01   0.26702E+02
  105     1.4605   9.3503  -0.37698E+00  -0.29432E-01   0.61719E-01   0.58679E+01   0.26864E+02
  106     1.4819   9.4054  -0.38317E+00  -0.30151E-01   0.61000E-01   0.58352E+01   0.27024E+02
  107     1.5035   9.4600  -0.38942E+00  -0.30881E-01   0.60270E-01   0.58028E+01   0.27183E+02
  108     1.5252   9.5139  -0.39572E+00  -0.31623E-01   0.59528E-01   0.57708E+01   0.27339E+02
  109     1.5472   9.5673  -0.40208E+00  -0.32377E-01   0.58773E-01   0.57390E+01   0.27490E+02
  110     1.5693   9.6200  -0.40850E+00  -0.33145E-01   0.58005E-01   0.57076E+01   0.27638E+02
  111     1.5917   9.6722  -0.41498E+00  -0.33926E-01   0.57225E-01   0.56766E+01   0.27785E+02
  112     1.6142   9.7238  -0.42152E+00  -0.34719E-01   0.56432E-01   0.56459E+01   0.27930E+02
  113     1.6369   9.7748  -0.42811E+00  -0.35524E-01   0.55627E-01   0.56156E+01   0.28071E+02
  114     1.6598   9.8252  -0.43476E+00  -0.36342E-01   0.54808E-01   0.55855E+01   0.28205E+02
  115     1.6830   9.8751  -0.44147E+00  -0.37173E-01   0.53978E-01   0.55558E+01   0.28335E+02
  116     1.7063   9.9244  -0.44823E+00  -0.38017E-01   0.53134E-01   0.55265E+01   0.28464E+02
  117     1.7298   9.9731  -0.45506E+00  -0.38875E-01   0.52276E-01   0.54975E+01   0.28589E+02
  118     1.7536  10.0213  -0.46195E+00  -0.39746E-01   0.51405E-01   0.54688E+01   0.28706E+02
  119     1.7775  10.0689  -0.46889E+00  -0.40629E-01   0.50522E-01   0.54405E+01   0.28822E+02
  120     1.8016  10.1160  -0.47589E+00  -0.41525E-01   0.49626E-01   0.54125E+01   0.28935E+02
  121     1.8260  10.1626  -0.48295E+00  -0.42435E-01   0.48716E-01   0.53849E+01   0.29045E+02
  122     1.8506  10.2086  -0.49009E+00  -0.43362E-01   0.47789E-01   0.53576E+01   0.29150E+02
  123     1.8753  10.2541  -0.49728E+00  -0.44302E-01   0.46849E-01   0.53307E+01   0.29253E+02
  124     1.9003  10.2990  -0.50452E+00  -0.45254E-01   0.45897E-01   0.53041E+01   0.29351E+02
  125     1.9256  10.3434  -0.51182E+00  -0.46219E-01   0.44932E-01   0.52778E+01   0.29445E+02
  126     1.9510  10.3873  -0.51918E+00  -0.47198E-01   0.43952E-01   0.52518E+01   0.29533E+02
  127     1.9766  10.4307  -0.52660E+00  -0.48191E-01   0.42960E-01   0.52262E+01   0.29620E+02
  128     2.0025  10.4736  -0.53408E+00  -0.49194E-01   0.41956E-01   0.52010E+01   0.29703E+02
  129     2.0286  10.5160  -0.54161E+00  -0.50214E-01   0.40937E-01   0.51760E+01   0.29781E+02
  130     2.0550  10.5579  -0.54922E+00  -0.51251E-01   0.39900E-01   0.51514E+01   0.29853E+02
  131     2.0815  10.5993  -0.55689E+00  -0.52302E-01   0.38848E-01   0.51272E+01   0.29919E+02
  132     2.1083  10.6402  -0.56462E+00  -0.53368E-01   0.37782E-01   0.51033E+01   0.29983E+02
  133     2.1353  10.6806  -0.57242E+00  -0.54449E-01   0.36701E-01   0.50797E+01   0.30044E+02
  134     2.1626  10.7205  -0.58028E+00  -0.55545E-01   0.35606E-01   0.50565E+01   0.30099E+02
  135     2.1901  10.7600  -0.58819E+00  -0.56655E-01   0.34496E-01   0.50336E+01   0.30151E+02
  136     2.2178  10.7990  -0.59617E+00  -0.57780E-01   0.33371E-01   0.50111E+01   0.30199E+02
  137     2.2458  10.8375  -0.60422E+00  -0.58920E-01   0.32230E-01   0.49889E+01   0.30241E+02
  138     2.2740  10.8756  -0.61232E+00  -0.60077E-01   0.31074E-01   0.49670E+01   0.30278E+02
  139     2.3025  10.9132  -0.62050E+00  -0.61248E-01   0.29902E-01   0.49455E+01   0.30309E+02
  140     2.3312  10.9504  -0.62873E+00  -0.62436E-01   0.28715E-01   0.49243E+01   0.30337E+02
  141     2.3602  10.9871  -0.63703E+00  -0.63639E-01   0.27511E-01   0.49034E+01   0.30357E+02
  142     2.3894  11.0234  -0.64540E+00  -0.64858E-01   0.26292E-01   0.48829E+01   0.30374E+02
  143     2.4188  11.0592  -0.65383E+00  -0.66093E-01   0.25057E-01   0.48627E+01   0.30387E+02
  144     2.4486  11.0946  -0.66232E+00  -0.67343E-01   0.23808E-01   0.48428E+01   0.30395E+02
  145     2.4785  11.1296  -0.67087E+00  -0.68608E-01   0.22543E-01   0.48232E+01   0.30399E+02
  146     2.5088  11.1641  -0.67949E+00  -0.69891E-01   0.21260E-01   0.48040E+01   0.30398E+02
  147     2.5393  11.1982  -0.68818E+00  -0.71191E-01   0.19960E-01   0.47851E+01   0.30391E+02
  148     2.5701  11.2320  -0.69693E+00  -0.72506E-01   0.18644E-01   0.47665E+01   0.30380E+02
  149     2.6011  11.2653  -0.70575E+00  -0.73838E-01   0.17313E-01   0.47483E+01   0.30364E+02
  150     2.6324  11.2982  -0.71463E+00  -0.75185E-01   0.15965E-01   0.47304E+01   0.30344E+02
  151     2.6640  11.3306  -0.72358E+00  -0.76551E-01   0.14600E-01   0.47128E+01   0.30318E+02
  152     2.6958  11.3627  -0.73260E+00  -0.77935E-01   0.13216E-01   0.46955E+01   0.30288E+02
  153     2.7280  11.3944  -0.74169E+00  -0.79336E-01   0.11814E-01   0.46786E+01   0.30251E+02
  154     2.7604  11.4258  -0.75084E+00  -0.80755E-01   0.10396E-01   0.46619E+01   0.30210E+02
  155     2.7931  11.4567  -0.76006E+00  -0.82190E-01   0.89607E-02   0.46456E+01   0.30165E+02
  156     2.8260  11.4872  -0.76935E+00  -0.83644E-01   0.75068E-02   0.46296E+01   0.30116E+02
  157     2.8593  11.5174  -0.77871E+00  -0.85116E-01   0.60345E-02   0.46139E+01   0.30059E+02
  158     2.8929  11.5472  -0.78814E+00  -0.86605E-01   0.45453E-02   0.45986E+01   0.29996E+02
  159     2.9267  11.5766  -0.79763E+00  -0.88111E-01   0.30394E-02   0.45835E+01   0.29931E+02
  160     2.9608  11.6057  -0.80719E+00  -0.89635E-01   0.15152E-02   0.45687E+01   0.29858E+02
  161     2.9953  11.6344  -0.81682E+00  -0.91179E-01  -0.28126E-04   0.45543E+01   0.29782E+02
  162     3.0300  11.6628  -0.82652E+00  -0.92740E-01  -0.15898E-02   0.45401E+01   0.29702E+02
  163     3.0651  11.6908  -0.83630E+00  -0.94322E-01  -0.31712E-02   0.45262E+01   0.29614E+02
  164     3.1004  11.7184  -0.84613E+00  -0.95920E-01  -0.47691E-02   0.45127E+01   0.29524E+02
  165     3.1360  11.7458  -0.85604E+00  -0.97536E-01  -0.63855E-02   0.44994E+01   0.29431E+02
  166     3.1720  11.7727  -0.86602E+00  -0.99172E-01  -0.80209E-02   0.44864E+01   0.29332E+02
  167     3.2083  11.7994  -0.87606E+00  -0.10083E+00  -0.96763E-02   0.44737E+01   0.29226E+02
  168     3.2449  11.8257  -0.88619E+00  -0.10250E+00  -0.11352E-01   0.44612E+01   0.29120E+02
  169     3.2818  11.8517  -0.89638E+00  -0.10420E+00  -0.13047E-01   0.44491E+01   0.29004E+02
  170     3.3190  11.8773  -0.90664E+00  -0.10591E+00  -0.14760E-01   0.44372E+01   0.28886E+02
  171     3.3565  11.9026  -0.91698E+00  -0.10765E+00  -0.16497E-01   0.44256E+01   0.28765E+02
  172     3.3944  11.9277  -0.92739E+00  -0.10940E+00  -0.18251E-01   0.44143E+01   0.28559E+02
  173     3.4326  11.9524  -0.93787E+00  -0.11118E+00  -0.20025E-01   0.44032E+01   0.28484E+02
  174     3.4712  11.9768  -0.94842E+00  -0.11297E+00  -0.21821E-01   0.43924E+01   0.28373E+02
  175     3.5100  12.0009  -0.95906E+00  -0.11479E+00  -0.23639E-01   0.43819E+01   0.28223E+02
  176     3.5492  12.0246  -0.96975E+00  -0.11662E+00  -0.25471E-01   0.43715E+01   0.28083E+02
  177     3.5888  12.0481  -0.98056E+00  -0.11849E+00  -0.27339E-01   0.43616E+01   0.27927E+02
  178     3.6287  12.0713  -0.99126E+00  -0.12032E+00  -0.29171E-01   0.43516E+01   0.27780E+02
  179     3.6689  12.0942  -0.10020E+01  -0.12215E+00  -0.30997E-01   0.43418E+01   0.27635E+02
  180     3.7095  12.1169  -0.10133E+01  -0.12419E+00  -0.33038E-01   0.43329E+01   0.27450E+02
  181     3.7505  12.1392  -0.10243E+01  -0.12612E+00  -0.34965E-01   0.43237E+01   0.27283E+02
  182     3.7918  12.1612  -0.10355E+01  -0.12808E+00  -0.36931E-01   0.43149E+01   0.27115E+02
  183     3.8334  12.1830  -0.10467E+01  -0.13006E+00  -0.38914E-01   0.43062E+01   0.26931E+02
  184     3.8754  12.2045  -0.10580E+01  -0.13207E+00  -0.40917E-01   0.42978E+01   0.26835E+02
  185     3.9178  12.2257  -0.10694E+01  -0.13409E+00  -0.42944E-01   0.42896E+01   0.26598E+02
  186     3.9606  12.2467  -0.10808E+01  -0.13615E+00  -0.44997E-01   0.42816E+01   0.26392E+02
  187     4.0037  12.2674  -0.10923E+01  -0.13822E+00  -0.47068E-01   0.42738E+01   0.26208E+02
  188     4.0472  12.2878  -0.11039E+01  -0.14031E+00  -0.49163E-01   0.42662E+01   0.26014E+02
  189     4.0911  12.3080  -0.11156E+01  -0.14243E+00  -0.51280E-01   0.42589E+01   0.25821E+02
  190     4.1353  12.3279  -0.11274E+01  -0.14457E+00  -0.53424E-01   0.42517E+01   0.25626E+02
  191     4.1800  12.3476  -0.11392E+01  -0.14674E+00  -0.55589E-01   0.42447E+01   0.25420E+02
  192     4.2250  12.3670  -0.11511E+01  -0.14893E+00  -0.57777E-01   0.42379E+01   0.25215E+02
  193     4.2705  12.3862  -0.11631E+01  -0.15114E+00  -0.59987E-01   0.42313E+01   0.25008E+02
  194     4.3163  12.4051  -0.11751E+01  -0.15337E+00  -0.62222E-01   0.42249E+01   0.24795E+02
  195     4.3625  12.4238  -0.11873E+01  -0.15563E+00  -0.64483E-01   0.42186E+01   0.24580E+02
  196     4.4091  12.4423  -0.11995E+01  -0.15792E+00  -0.66766E-01   0.42125E+01   0.24364E+02
  197     4.4561  12.4605  -0.12118E+01  -0.16022E+00  -0.69071E-01   0.42066E+01   0.24142E+02
  198     4.5036  12.4785  -0.12242E+01  -0.16255E+00  -0.71402E-01   0.42009E+01   0.23918E+02
  199     4.5514  12.4962  -0.12367E+01  -0.16491E+00  -0.73758E-01   0.41953E+01   0.23693E+02
  200     4.5997  12.5138  -0.12492E+01  -0.16729E+00  -0.76135E-01   0.41898E+01   0.23462E+02
  201     4.6484  12.5311  -0.12618E+01  -0.16969E+00  -0.78544E-01   0.41846E+01   0.23231E+02
  202     4.6975  12.5482  -0.12745E+01  -0.17212E+00  -0.80971E-01   0.41794E+01   0.23000E+02
  203     4.7470  12.5650  -0.12873E+01  -0.17458E+00  -0.83425E-01   0.41744E+01   0.22765E+02
  204     4.7970  12.5817  -0.13002E+01  -0.17705E+00  -0.85904E-01   0.41696E+01   0.22528E+02
  205     4.8474  12.5981  -0.13131E+01  -0.17956E+00  -0.88409E-01   0.41649E+01   0.22292E+02
  206     4.8982  12.6144  -0.13262E+01  -0.18209E+00  -0.90938E-01   0.41603E+01   0.22048E+02
  207     4.9495  12.6304  -0.13393E+01  -0.18465E+00  -0.93495E-01   0.41558E+01   0.21809E+02
  208     5.0012  12.6462  -0.13525E+01  -0.18723E+00  -0.96077E-01   0.41515E+01   0.21562E+02
  209     5.0534  12.6619  -0.13658E+01  -0.18984E+00  -0.98686E-01   0.41473E+01   0.21318E+02
  210     5.1060  12.6773  -0.13791E+01  -0.19247E+00  -0.10132E+00   0.41433E+01   0.21071E+02
  211     5.1591  12.6925  -0.13926E+01  -0.19513E+00  -0.10398E+00   0.41393E+01   0.20823E+02
  212     5.2126  12.7076  -0.14061E+01  -0.19782E+00  -0.10667E+00   0.41355E+01   0.20574E+02
  213     5.2667  12.7224  -0.14197E+01  -0.20054E+00  -0.10938E+00   0.41317E+01   0.20320E+02
  214     5.3211  12.7371  -0.14334E+01  -0.20328E+00  -0.11213E+00   0.41281E+01   0.20069E+02
  215     5.3761  12.7515  -0.14472E+01  -0.20604E+00  -0.11489E+00   0.41246E+01   0.19816E+02
  216     5.4315  12.7658  -0.14611E+01  -0.20884E+00  -0.11769E+00   0.41212E+01   0.19562E+02
  217     5.4874  12.7799  -0.14751E+01  -0.21167E+00  -0.12052E+00   0.41179E+01   0.19306E+02
  218     5.5438  12.7938  -0.14891E+01  -0.21451E+00  -0.12336E+00   0.41146E+01   0.19053E+02
  219     5.6007  12.8076  -0.15033E+01  -0.21739E+00  -0.12624E+00   0.41115E+01   0.18797E+02
  220     5.6581  12.8211  -0.15175E+01  -0.22030E+00  -0.12914E+00   0.41085E+01   0.18542E+02
  221     5.7160  12.8345  -0.15318E+01  -0.22323E+00  -0.13208E+00   0.41055E+01   0.18278E+02
  222     5.7744  12.8477  -0.15462E+01  -0.22619E+00  -0.13504E+00   0.41027E+01   0.18028E+02
  223     5.8333  12.8608  -0.15607E+01  -0.22918E+00  -0.13803E+00   0.40999E+01   0.17768E+02
  224     5.8927  12.8737  -0.15753E+01  -0.23220E+00  -0.14105E+00   0.40972E+01   0.17511E+02
  225     5.9526  12.8864  -0.15899E+01  -0.23525E+00  -0.14410E+00   0.40946E+01   0.17255E+02
  226     6.0131  12.8990  -0.16047E+01  -0.23832E+00  -0.14717E+00   0.40920E+01   0.16997E+02
  227     6.0740  12.9114  -0.16195E+01  -0.24143E+00  -0.15028E+00   0.40896E+01   0.16740E+02
  228     6.1355  12.9236  -0.16345E+01  -0.24456E+00  -0.15341E+00   0.40872E+01   0.16485E+02
  229     6.1976  12.9357  -0.16495E+01  -0.24773E+00  -0.15657E+00   0.40849E+01   0.16226E+02
  230     6.2602  12.9476  -0.16646E+01  -0.25092E+00  -0.15977E+00   0.40826E+01   0.15972E+02
  231     6.3233  12.9594  -0.16798E+01  -0.25414E+00  -0.16299E+00   0.40804E+01   0.15716E+02
  232     6.3869  12.9710  -0.16951E+01  -0.25740E+00  -0.16624E+00   0.40783E+01   0.15464E+02
  233     6.4512  12.9825  -0.17105E+01  -0.26068E+00  -0.16953E+00   0.40762E+01   0.15208E+02
  234     6.5159  12.9938  -0.17260E+01  -0.26399E+00  -0.17284E+00   0.40742E+01   0.14955E+02
  235     6.5813  13.0050  -0.17416E+01  -0.26733E+00  -0.17618E+00   0.40723E+01   0.14704E+02
  236     6.6472  13.0160  -0.17573E+01  -0.27070E+00  -0.17955E+00   0.40704E+01   0.14450E+02
  237     6.7137  13.0269  -0.17730E+01  -0.27411E+00  -0.18296E+00   0.40685E+01   0.14202E+02
  238     6.7807  13.0377  -0.17889E+01  -0.27753E+00  -0.18638E+00   0.40668E+01   0.13955E+02
  239     6.8484  13.0483  -0.18048E+01  -0.28100E+00  -0.18985E+00   0.40650E+01   0.13707E+02
  240     6.9166  13.0588  -0.18209E+01  -0.28449E+00  -0.19334E+00   0.40633E+01   0.13461E+02
  241     6.9854  13.0691  -0.18370E+01  -0.28802E+00  -0.19687E+00   0.40617E+01   0.13215E+02
  242     7.0549  13.0794  -0.18533E+01  -0.29158E+00  -0.20043E+00   0.40601E+01   0.12974E+02
  243     7.1249  13.0894  -0.18696E+01  -0.29517E+00  -0.20402E+00   0.40586E+01   0.12732E+02
  244     7.1955  13.0994  -0.18860E+01  -0.29879E+00  -0.20764E+00   0.40571E+01   0.12494E+02
  245     7.2668  13.1092  -0.19026E+01  -0.30244E+00  -0.21129E+00   0.40556E+01   0.12253E+02
  246     7.3387  13.1189  -0.19192E+01  -0.30613E+00  -0.21498E+00   0.40542E+01   0.12015E+02
  247     7.4112  13.1285  -0.19359E+01  -0.30984E+00  -0.21869E+00   0.40529E+01   0.11782E+02
  248     7.4843  13.1380  -0.19528E+01  -0.31359E+00  -0.22244E+00   0.40515E+01   0.11547E+02
  249     7.5580  13.1473  -0.19697E+01  -0.31737E+00  -0.22622E+00   0.40502E+01   0.11317E+02
  250     7.6324  13.1565  -0.19867E+01  -0.32118E+00  -0.23003E+00   0.40490E+01   0.11087E+02
  251     7.7075  13.1656  -0.20038E+01  -0.32503E+00  -0.23388E+00   0.40477E+01   0.10862E+02
  252     7.7832  13.1746  -0.20210E+01  -0.32890E+00  -0.23775E+00   0.40466E+01   0.10638E+02
  253     7.8596  13.1834  -0.20383E+01  -0.33281E+00  -0.24166E+00   0.40454E+01   0.10415E+02
  254     7.9366  13.1922  -0.20558E+01  -0.33676E+00  -0.24561E+00   0.40443E+01   0.10194E+02
  255     8.0143  13.2008  -0.20733E+01  -0.34074E+00  -0.24959E+00   0.40432E+01   0.99778E+01
  256     8.0926  13.2093  -0.20909E+01  -0.34475E+00  -0.25360E+00   0.40421E+01   0.97621E+01
  257     8.1717  13.2178  -0.21087E+01  -0.34880E+00  -0.25765E+00   0.40411E+01   0.95476E+01
  258     8.2514  13.2261  -0.21265E+01  -0.35287E+00  -0.26172E+00   0.40401E+01   0.93372E+01
  259     8.3319  13.2343  -0.21444E+01  -0.35699E+00  -0.26584E+00   0.40391E+01   0.91273E+01
  260     8.4130  13.2424  -0.21625E+01  -0.36114E+00  -0.26999E+00   0.40382E+01   0.89215E+01
  261     8.4948  13.2503  -0.21806E+01  -0.36532E+00  -0.27417E+00   0.40373E+01   0.87183E+01
  262     8.5774  13.2582  -0.21989E+01  -0.36954E+00  -0.27838E+00   0.40364E+01   0.85163E+01
  263     8.6606  13.2660  -0.22172E+01  -0.37378E+00  -0.28263E+00   0.40355E+01   0.83187E+01
  264     8.7446  13.2737  -0.22357E+01  -0.37807E+00  -0.28692E+00   0.40347E+01   0.81224E+01
  265     8.8293  13.2813  -0.22542E+01  -0.38239E+00  -0.29124E+00   0.40338E+01   0.79286E+01
  266     8.9148  13.2888  -0.22729E+01  -0.38674E+00  -0.29559E+00   0.40330E+01   0.77379E+01
  267     9.0010  13.2962  -0.22917E+01  -0.39114E+00  -0.29998E+00   0.40323E+01   0.75506E+01
  268     9.0879  13.3035  -0.23106E+01  -0.39556E+00  -0.30441E+00   0.40315E+01   0.73648E+01
  269     9.1756  13.3107  -0.23295E+01  -0.40002E+00  -0.30887E+00   0.40308E+01   0.71822E+01
  270     9.2641  13.3178  -0.23486E+01  -0.40452E+00  -0.31337E+00   0.40301E+01   0.70024E+01
  271     9.3534  13.3248  -0.23678E+01  -0.40905E+00  -0.31790E+00   0.40294E+01   0.68250E+01
  272     9.4434  13.3317  -0.23872E+01  -0.41362E+00  -0.32247E+00   0.40287E+01   0.66515E+01
  273     9.5342  13.3386  -0.24066E+01  -0.41822E+00  -0.32707E+00   0.40280E+01   0.64805E+01
  274     9.6257  13.3453  -0.24261E+01  -0.42286E+00  -0.33171E+00   0.40274E+01   0.63116E+01
  275     9.7181  13.3520  -0.24458E+01  -0.42755E+00  -0.33639E+00   0.40268E+01   0.61449E+01
  276     9.8113  13.3586  -0.24655E+01  -0.43226E+00  -0.34111E+00   0.40261E+01   0.59822E+01
  277     9.9053  13.3651  -0.24854E+01  -0.43702E+00  -0.34586E+00   0.40256E+01   0.58217E+01
  278    10.0001  13.3715  -0.25054E+01  -0.44180E+00  -0.35065E+00   0.40250E+01   0.56637E+01
  279    10.0957  13.3778  -0.25255E+01  -0.44663E+00  -0.35548E+00   0.40244E+01   0.55091E+01
  280    10.1922  13.3841  -0.25457E+01  -0.45149E+00  -0.36034E+00   0.40239E+01   0.53582E+01
  281    10.2895  13.3902  -0.25660E+01  -0.45639E+00  -0.36524E+00   0.40233E+01   0.52084E+01
  282    10.3877  13.3963  -0.25864E+01  -0.46134E+00  -0.37019E+00   0.40228E+01   0.50629E+01
  283    10.4867  13.4023  -0.26070E+01  -0.46631E+00  -0.37516E+00   0.40223E+01   0.49198E+01
  284    10.5865  13.4083  -0.26277E+01  -0.47133E+00  -0.38018E+00   0.40218E+01   0.47776E+01
  285    10.6873  13.4141  -0.26484E+01  -0.47639E+00  -0.38523E+00   0.40213E+01   0.46402E+01
  286    10.7889  13.4199  -0.26693E+01  -0.48148E+00  -0.39033E+00   0.40209E+01   0.45048E+01
  287    10.8914  13.4256  -0.26903E+01  -0.48661E+00  -0.39546E+00   0.40204E+01   0.43709E+01
  288    10.9947  13.4312  -0.27115E+01  -0.49178E+00  -0.40063E+00   0.40200E+01   0.42422E+01
  289    11.0990  13.4368  -0.27327E+01  -0.49699E+00  -0.40584E+00   0.40195E+01   0.41154E+01
  290    11.2042  13.4423  -0.27541E+01  -0.50223E+00  -0.41108E+00   0.40191E+01   0.39919E+01
  291    11.3103  13.4477  -0.27756E+01  -0.50752E+00  -0.41637E+00   0.40187E+01   0.38689E+01
  292    11.4173  13.4530  -0.27972E+01  -0.51286E+00  -0.42171E+00   0.40183E+01   0.37501E+01
  293    11.5253  13.4583  -0.28189E+01  -0.51823E+00  -0.42708E+00   0.40179E+01   0.36344E+01
  294    11.6342  13.4635  -0.28408E+01  -0.52363E+00  -0.43248E+00   0.40176E+01   0.35194E+01
  295    11.7440  13.4687  -0.28627E+01  -0.52908E+00  -0.43793E+00   0.40172E+01   0.34085E+01
  296    11.8548  13.4738  -0.28848E+01  -0.53457E+00  -0.44342E+00   0.40168E+01   0.32997E+01
  297    11.9666  13.4788  -0.29070E+01  -0.54009E+00  -0.44894E+00   0.40165E+01   0.31939E+01
  298    12.0793  13.4837  -0.29294E+01  -0.54567E+00  -0.45452E+00   0.40161E+01   0.30905E+01
  299    12.1930  13.4886  -0.29518E+01  -0.55127E+00  -0.46012E+00   0.40158E+01   0.29911E+01
  300    12.3077  13.4934  -0.29744E+01  -0.55693E+00  -0.46578E+00   0.40155E+01   0.28907E+01
  301    12.4234  13.4982  -0.29971E+01  -0.56262E+00  -0.47147E+00   0.40152E+01   0.27953E+01
  302    12.5401  13.5029  -0.30200E+01  -0.56837E+00  -0.47722E+00   0.40148E+01   0.27008E+01
  303    12.6578  13.5075  -0.30429E+01  -0.57413E+00  -0.48298E+00   0.40145E+01   0.26099E+01
  304    12.7766  13.5121  -0.30660E+01  -0.57996E+00  -0.48881E+00   0.40143E+01   0.25206E+01
  305    12.8963  13.5166  -0.30892E+01  -0.58582E+00  -0.49467E+00   0.40140E+01   0.24334E+01
  306    13.0172  13.5211  -0.31125E+01  -0.59172E+00  -0.50057E+00   0.40137E+01   0.23500E+01
  307    13.1390  13.5255  -0.31360E+01  -0.59767E+00  -0.50652E+00   0.40134E+01   0.22673E+01
  308    13.2619  13.5298  -0.31596E+01  -0.60366E+00  -0.51251E+00   0.40131E+01   0.21883E+01
  309    13.3859  13.5341  -0.31833E+01  -0.60969E+00  -0.51854E+00   0.40129E+01   0.21086E+01
  310    13.5110  13.5383  -0.32072E+01  -0.61576E+00  -0.52461E+00   0.40126E+01   0.20341E+01
  311    13.6372  13.5425  -0.32312E+01  -0.62189E+00  -0.53074E+00   0.40124E+01   0.19604E+01
  312    13.7644  13.5466  -0.32552E+01  -0.62802E+00  -0.53687E+00   0.40121E+01   0.18895E+01
  313    13.8928  13.5507  -0.32795E+01  -0.63425E+00  -0.54310E+00   0.40119E+01   0.18200E+01
  314    14.0223  13.5547  -0.33039E+01  -0.64050E+00  -0.54935E+00   0.40117E+01   0.17523E+01
  315    14.1529  13.5587  -0.33284E+01  -0.64679E+00  -0.55564E+00   0.40114E+01   0.16872E+01
  316    14.2846  13.5626  -0.33531E+01  -0.65314E+00  -0.56199E+00   0.40112E+01   0.16238E+01
  317    14.4175  13.5665  -0.33778E+01  -0.65951E+00  -0.56836E+00   0.40110E+01   0.15623E+01
  318    14.5515  13.5703  -0.34027E+01  -0.66595E+00  -0.57480E+00   0.40108E+01   0.15021E+01
  319    14.6867  13.5741  -0.34278E+01  -0.67242E+00  -0.58127E+00   0.40106E+01   0.14448E+01
  320    14.8231  13.5778  -0.34530E+01  -0.67894E+00  -0.58779E+00   0.40104E+01   0.13888E+01
  321    14.9607  13.5815  -0.34783E+01  -0.68550E+00  -0.59435E+00   0.40102E+01   0.13342E+01
  322    15.0994  13.5851  -0.35038E+01  -0.69211E+00  -0.60096E+00   0.40100E+01   0.12817E+01
  323    15.2394  13.5887  -0.35293E+01  -0.69876E+00  -0.60761E+00   0.40098E+01   0.12305E+01
  324    15.3806  13.5922  -0.35551E+01  -0.70548E+00  -0.61433E+00   0.40096E+01   0.11815E+01
  325    15.5230  13.5957  -0.35810E+01  -0.71223E+00  -0.62108E+00   0.40095E+01   0.11334E+01
  326    15.6666  13.5991  -0.36070E+01  -0.71901E+00  -0.62786E+00   0.40093E+01   0.10873E+01
  327    15.8115  13.6025  -0.36332E+01  -0.72586E+00  -0.63471E+00   0.40091E+01   0.10424E+01
  328    15.9577  13.6059  -0.36594E+01  -0.73275E+00  -0.64160E+00   0.40089E+01   0.10000E+01
  329    16.1051  13.6092  -0.36859E+01  -0.73969E+00  -0.64854E+00   0.40088E+01   0.95808E+00
  330    16.2538  13.6124  -0.37125E+01  -0.74667E+00  -0.65552E+00   0.40086E+01   0.91836E+00
  331    16.4038  13.6157  -0.37392E+01  -0.75371E+00  -0.66256E+00   0.40085E+01   0.87897E+00
  332    16.5551  13.6188  -0.37661E+01  -0.76078E+00  -0.66963E+00   0.40083E+01   0.84200E+00
  333    16.7078  13.6220  -0.37931E+01  -0.76792E+00  -0.67677E+00   0.40082E+01   0.80525E+00
  334    16.8617  13.6251  -0.38202E+01  -0.77508E+00  -0.68393E+00   0.40080E+01   0.77072E+00
  335    17.0170  13.6281  -0.38476E+01  -0.78232E+00  -0.69117E+00   0.40079E+01   0.73719E+00
  336    17.1736  13.6312  -0.38751E+01  -0.78960E+00  -0.69845E+00   0.40077E+01   0.70490E+00
  337    17.3316  13.6342  -0.39028E+01  -0.79696E+00  -0.70580E+00   0.40076E+01   0.67351E+00
  338    17.4910  13.6371  -0.39304E+01  -0.80431E+00  -0.71315E+00   0.40075E+01   0.64371E+00
  339    17.6518  13.6400  -0.39583E+01  -0.81172E+00  -0.72057E+00   0.40073E+01   0.61421E+00
  340    17.8139  13.6429  -0.39864E+01  -0.81919E+00  -0.72804E+00   0.40072E+01   0.58730E+00
  341    17.9775  13.6457  -0.40146E+01  -0.82671E+00  -0.73556E+00   0.40071E+01   0.56025E+00
  342    18.1425  13.6485  -0.40430E+01  -0.83430E+00  -0.74315E+00   0.40070E+01   0.53445E+00
  343    18.3089  13.6513  -0.40714E+01  -0.84191E+00  -0.75076E+00   0.40069E+01   0.50985E+00
  344    18.4768  13.6540  -0.41001E+01  -0.84959E+00  -0.75844E+00   0.40067E+01   0.48603E+00
  345    18.6461  13.6567  -0.41290E+01  -0.85735E+00  -0.76620E+00   0.40066E+01   0.46292E+00
  346    18.8169  13.6593  -0.41579E+01  -0.86510E+00  -0.77394E+00   0.40065E+01   0.44151E+00
  347    18.9892  13.6619  -0.41870E+01  -0.87292E+00  -0.78177E+00   0.40064E+01   0.42022E+00
  348    19.1630  13.6645  -0.42163E+01  -0.88080E+00  -0.78965E+00   0.40063E+01   0.40080E+00
  349    19.3383  13.6671  -0.42457E+01  -0.88873E+00  -0.79758E+00   0.40062E+01   0.38103E+00
  350    19.5151  13.6696  -0.42753E+01  -0.89673E+00  -0.80558E+00   0.40061E+01   0.36252E+00
  351    19.6934  13.6721  -0.43051E+01  -0.90476E+00  -0.81361E+00   0.40060E+01   0.34479E+00
  352    19.8734  13.6745  -0.43350E+01  -0.91286E+00  -0.82171E+00   0.40059E+01   0.32770E+00
  353    20.0548  13.6770  -0.43650E+01  -0.92100E+00  -0.82985E+00   0.40058E+01   0.31155E+00
  354    20.2379  13.6794  -0.43952E+01  -0.92918E+00  -0.83803E+00   0.40057E+01   0.29590E+00
  355    20.4225  13.6817  -0.44257E+01  -0.93747E+00  -0.84632E+00   0.40056E+01   0.28094E+00
  356    20.6088  13.6840  -0.44562E+01  -0.94576E+00  -0.85461E+00   0.40055E+01   0.26681E+00
  357    20.7966  13.6863  -0.44869E+01  -0.95412E+00  -0.86297E+00   0.40054E+01   0.25295E+00
  358    20.9861  13.6886  -0.45178E+01  -0.96253E+00  -0.87138E+00   0.40054E+01   0.24004E+00
  359    21.1773  13.6909  -0.45488E+01  -0.97099E+00  -0.87984E+00   0.40053E+01   0.22760E+00
  360    21.3701  13.6931  -0.45800E+01  -0.97958E+00  -0.88843E+00   0.40000E+01   0.21577E+00
  361    21.5646  13.6953  -0.46114E+01  -0.98816E+00  -0.89701E+00   0.40000E+01   0.20439E+00
  362    21.7607  13.6974  -0.46430E+01  -0.99680E+00  -0.90565E+00   0.40000E+01   0.19350E+00
  363    21.9586  13.6995  -0.46747E+01  -0.10055E+01  -0.91433E+00   0.40000E+01   0.18324E+00
  364    22.1582  13.7016  -0.47065E+01  -0.10142E+01  -0.92308E+00   0.40000E+01   0.17343E+00
  365    22.3596  13.7037  -0.47386E+01  -0.10230E+01  -0.93187E+00   0.40000E+01   0.16409E+00
  366    22.5626  13.7058  -0.47708E+01  -0.10319E+01  -0.94074E+00   0.40000E+01   0.15519E+00
  367    22.7675  13.7078  -0.48032E+01  -0.10408E+01  -0.94965E+00   0.40000E+01   0.14669E+00
  368    22.9741  13.7098  -0.48357E+01  -0.10498E+01  -0.95862E+00   0.40000E+01   0.13864E+00
  369    23.1825  13.7117  -0.48685E+01  -0.10588E+01  -0.96765E+00   0.40000E+01   0.13086E+00
  370    23.3928  13.7137  -0.49014E+01  -0.10679E+01  -0.97676E+00   0.40000E+01   0.12355E+00
  371    23.6049  13.7156  -0.49344E+01  -0.10770E+01  -0.98587E+00   0.40000E+01   0.11662E+00
  372    23.8188  13.7175  -0.49677E+01  -0.10862E+01  -0.99510E+00   0.40000E+01   0.10996E+00
  373    24.0345  13.7194  -0.50011E+01  -0.10955E+01  -0.10043E+01   0.40000E+01   0.10368E+00
  374    24.2522  13.7212  -0.50347E+01  -0.11048E+01  -0.10136E+01   0.40000E+01   0.97702E-01
  375    24.4717  13.7230  -0.50684E+01  -0.11142E+01  -0.10230E+01   0.40000E+01   0.92121E-01
  376    24.6932  13.7248  -0.51023E+01  -0.11236E+01  -0.10325E+01   0.40000E+01   0.86737E-01
  377    24.9166  13.7266  -0.51365E+01  -0.11331E+01  -0.10419E+01   0.40000E+01   0.81689E-01
  378    25.1419  13.7284  -0.51708E+01  -0.11427E+01  -0.10515E+01   0.40000E+01   0.76862E-01
  379    25.3691  13.7301  -0.52052E+01  -0.11523E+01  -0.10611E+01   0.40000E+01   0.72323E-01
  380    25.5984  13.7318  -0.52399E+01  -0.11619E+01  -0.10708E+01   0.40000E+01   0.67941E-01
  381    25.8296  13.7335  -0.52747E+01  -0.11717E+01  -0.10805E+01   0.40000E+01   0.63875E-01
  382    26.0629  13.7351  -0.53097E+01  -0.11814E+01  -0.10903E+01   0.40000E+01   0.60001E-01
  383    26.2982  13.7368  -0.53450E+01  -0.11913E+01  -0.11002E+01   0.40000E+01   0.56313E-01
  384    26.5355  13.7384  -0.53803E+01  -0.12012E+01  -0.11101E+01   0.40000E+01   0.52873E-01
  385    26.7749  13.7400  -0.54158E+01  -0.12112E+01  -0.11200E+01   0.40000E+01   0.49601E-01
  386    27.0164  13.7416  -0.54515E+01  -0.12212E+01  -0.11301E+01   0.40000E+01   0.46522E-01
  387    27.2599  13.7431  -0.54875E+01  -0.12313E+01  -0.11402E+01   0.40000E+01   0.43668E-01
  388    27.5056  13.7447  -0.55236E+01  -0.12415E+01  -0.11503E+01   0.40000E+01   0.40868E-01
  389    27.7534  13.7462  -0.55599E+01  -0.12517E+01  -0.11605E+01   0.40000E+01   0.38277E-01
  390    28.0034  13.7477  -0.55963E+01  -0.12620E+01  -0.11708E+01   0.40000E+01   0.35830E-01
  391    28.2556  13.7492  -0.56330E+01  -0.12723E+01  -0.11812E+01   0.40000E+01   0.33559E-01
  392    28.5099  13.7506  -0.56698E+01  -0.12827E+01  -0.11915E+01   0.40000E+01   0.31384E-01
  393    28.7665  13.7521  -0.57069E+01  -0.12932E+01  -0.12020E+01   0.40000E+01   0.29327E-01
  394    29.0253  13.7535  -0.57441E+01  -0.13037E+01  -0.12125E+01   0.40000E+01   0.27425E-01
  395    29.2863  13.7549  -0.57815E+01  -0.13143E+01  -0.12231E+01   0.40000E+01   0.25621E-01
  396    29.5496  13.7563  -0.58191E+01  -0.13249E+01  -0.12338E+01   0.40000E+01   0.23918E-01
  397    29.8152  13.7577  -0.58569E+01  -0.13357E+01  -0.12445E+01   0.40000E+01   0.22306E-01
  398    30.0831  13.7590  -0.58948E+01  -0.13464E+01  -0.12553E+01   0.40000E+01   0.20859E-01
  399    30.3534  13.7604  -0.59331E+01  -0.13573E+01  -0.12661E+01   0.40000E+01   0.19414E-01
  400    30.6259  13.7617  -0.59717E+01  -0.13683E+01  -0.12771E+01   0.40000E+01   0.18089E-01
