    1     0.0001   0.0014  -0.15259E-04  -0.12943E-06   0.88345E-01   0.10772E+02   0.90874E+01
    2     0.0088   0.1221  -0.13824E-02  -0.15221E-04   0.88330E-01   0.10707E+02   0.96749E+01
    3     0.0176   0.2423  -0.28848E-02  -0.56746E-04   0.88288E-01   0.10643E+02   0.10209E+02
    4     0.0264   0.3621  -0.44636E-02  -0.10954E-03   0.88236E-01   0.10580E+02   0.10615E+02
    5     0.0353   0.4814  -0.61061E-02  -0.17049E-03   0.88175E-01   0.10517E+02   0.10990E+02
    6     0.0443   0.6003  -0.77951E-02  -0.23534E-03   0.88110E-01   0.10455E+02   0.11313E+02
    7     0.0534   0.7188  -0.95283E-02  -0.30362E-03   0.88042E-01   0.10393E+02   0.11605E+02
    8     0.0626   0.8368  -0.11304E-01  -0.37494E-03   0.87970E-01   0.10331E+02   0.11885E+02
    9     0.0718   0.9543  -0.13122E-01  -0.44881E-03   0.87896E-01   0.10270E+02   0.12160E+02
   10     0.0811   1.0713  -0.14979E-01  -0.52526E-03   0.87820E-01   0.10208E+02   0.12424E+02
   11     0.0905   1.1879  -0.16876E-01  -0.60431E-03   0.87741E-01   0.10148E+02   0.12687E+02
   12     0.1000   1.3039  -0.18811E-01  -0.68478E-03   0.87660E-01   0.10087E+02   0.12941E+02
   13     0.1096   1.4195  -0.20785E-01  -0.76763E-03   0.87578E-01   0.10027E+02   0.13196E+02
   14     0.1192   1.5346  -0.22806E-01  -0.85523E-03   0.87490E-01   0.99669E+01   0.13456E+02
   15     0.1290   1.6491  -0.24855E-01  -0.94200E-03   0.87403E-01   0.99072E+01   0.13703E+02
   16     0.1388   1.7632  -0.26940E-01  -0.10312E-02   0.87314E-01   0.98477E+01   0.13956E+02
   17     0.1487   1.8767  -0.29065E-01  -0.11229E-02   0.87222E-01   0.97885E+01   0.14203E+02
   18     0.1587   1.9897  -0.31226E-01  -0.12168E-02   0.87128E-01   0.97296E+01   0.14455E+02
   19     0.1687   2.1021  -0.33426E-01  -0.13132E-02   0.87032E-01   0.96709E+01   0.14706E+02
   20     0.1789   2.2140  -0.35663E-01  -0.14120E-02   0.86933E-01   0.96125E+01   0.14955E+02
   21     0.1891   2.3254  -0.37938E-01  -0.15135E-02   0.86832E-01   0.95544E+01   0.15208E+02
   22     0.1995   2.4362  -0.40251E-01  -0.16179E-02   0.86727E-01   0.94965E+01   0.15459E+02
   23     0.2099   2.5465  -0.42602E-01  -0.17250E-02   0.86620E-01   0.94389E+01   0.15713E+02
   24     0.2204   2.6562  -0.44992E-01  -0.18354E-02   0.86510E-01   0.93815E+01   0.15966E+02
   25     0.2310   2.7653  -0.47421E-01  -0.19487E-02   0.86397E-01   0.93245E+01   0.16222E+02
   26     0.2417   2.8738  -0.49889E-01  -0.20650E-02   0.86280E-01   0.92677E+01   0.16480E+02
   27     0.2525   2.9818  -0.52397E-01  -0.21852E-02   0.86160E-01   0.92112E+01   0.16737E+02
   28     0.2634   3.0892  -0.54943E-01  -0.23087E-02   0.86037E-01   0.91550E+01   0.16996E+02
   29     0.2744   3.1959  -0.57529E-01  -0.24358E-02   0.85909E-01   0.90990E+01   0.17257E+02
   30     0.2855   3.3021  -0.60154E-01  -0.25663E-02   0.85779E-01   0.90433E+01   0.17520E+02
   31     0.2967   3.4077  -0.62819E-01  -0.27004E-02   0.85645E-01   0.89879E+01   0.17782E+02
   32     0.3079   3.5127  -0.65524E-01  -0.28386E-02   0.85507E-01   0.89328E+01   0.18046E+02
   33     0.3193   3.6170  -0.68256E-01  -0.29773E-02   0.85368E-01   0.88779E+01   0.18314E+02
   34     0.3308   3.7207  -0.71042E-01  -0.31239E-02   0.85221E-01   0.88233E+01   0.18581E+02
   35     0.3423   3.8238  -0.73870E-01  -0.32750E-02   0.85070E-01   0.87690E+01   0.18847E+02
   36     0.3540   3.9263  -0.76739E-01  -0.34308E-02   0.84914E-01   0.87151E+01   0.19118E+02
   37     0.3658   4.0281  -0.79650E-01  -0.35910E-02   0.84754E-01   0.86614E+01   0.19389E+02
   38     0.3777   4.1293  -0.82603E-01  -0.37563E-02   0.84589E-01   0.86080E+01   0.19662E+02
   39     0.3896   4.2299  -0.85598E-01  -0.39265E-02   0.84419E-01   0.85548E+01   0.19936E+02
   40     0.4017   4.3298  -0.88635E-01  -0.41013E-02   0.84244E-01   0.85020E+01   0.20211E+02
   41     0.4139   4.4291  -0.91714E-01  -0.42813E-02   0.84064E-01   0.84495E+01   0.20488E+02
   42     0.4262   4.5276  -0.94837E-01  -0.44667E-02   0.83879E-01   0.83973E+01   0.20768E+02
   43     0.4386   4.6256  -0.98002E-01  -0.46574E-02   0.83688E-01   0.83454E+01   0.21046E+02
   44     0.4511   4.7229  -0.10121E+00  -0.48538E-02   0.83491E-01   0.82937E+01   0.21326E+02
   45     0.4637   4.8195  -0.10446E+00  -0.50552E-02   0.83290E-01   0.82424E+01   0.21609E+02
   46     0.4764   4.9154  -0.10776E+00  -0.52628E-02   0.83082E-01   0.81914E+01   0.21892E+02
   47     0.4893   5.0106  -0.11110E+00  -0.54760E-02   0.82869E-01   0.81407E+01   0.22176E+02
   48     0.5022   5.1052  -0.11448E+00  -0.56960E-02   0.82649E-01   0.80903E+01   0.22461E+02
   49     0.5153   5.1991  -0.11791E+00  -0.59223E-02   0.82423E-01   0.80402E+01   0.22745E+02
   50     0.5285   5.2923  -0.12139E+00  -0.61551E-02   0.82190E-01   0.79904E+01   0.23034E+02
   51     0.5417   5.3849  -0.12491E+00  -0.63941E-02   0.81951E-01   0.79409E+01   0.23319E+02
   52     0.5552   5.4767  -0.12848E+00  -0.66396E-02   0.81706E-01   0.78917E+01   0.23607E+02
   53     0.5687   5.5679  -0.13209E+00  -0.68911E-02   0.81454E-01   0.78429E+01   0.23899E+02
   54     0.5823   5.6583  -0.13574E+00  -0.71493E-02   0.81196E-01   0.77944E+01   0.24186E+02
   55     0.5961   5.7481  -0.13945E+00  -0.74149E-02   0.80930E-01   0.77462E+01   0.24477E+02
   56     0.6099   5.8371  -0.14320E+00  -0.76878E-02   0.80657E-01   0.76983E+01   0.24769E+02
   57     0.6239   5.9255  -0.14700E+00  -0.79679E-02   0.80377E-01   0.76507E+01   0.25060E+02
   58     0.6381   6.0132  -0.15084E+00  -0.82554E-02   0.80090E-01   0.76035E+01   0.25353E+02
   59     0.6523   6.1001  -0.15474E+00  -0.85502E-02   0.79795E-01   0.75565E+01   0.25645E+02
   60     0.6667   6.1864  -0.15868E+00  -0.88528E-02   0.79492E-01   0.75099E+01   0.25938E+02
   61     0.6812   6.2719  -0.16267E+00  -0.91624E-02   0.79183E-01   0.74636E+01   0.26231E+02
   62     0.6958   6.3568  -0.16670E+00  -0.94797E-02   0.78866E-01   0.74177E+01   0.26523E+02
   63     0.7105   6.4409  -0.17079E+00  -0.98051E-02   0.78540E-01   0.73720E+01   0.26818E+02
   64     0.7254   6.5244  -0.17492E+00  -0.10139E-01   0.78207E-01   0.73267E+01   0.27109E+02
   65     0.7404   6.6071  -0.17910E+00  -0.10480E-01   0.77865E-01   0.72817E+01   0.27402E+02
   66     0.7555   6.6891  -0.18334E+00  -0.10830E-01   0.77515E-01   0.72370E+01   0.27695E+02
   67     0.7708   6.7704  -0.18762E+00  -0.11188E-01   0.77157E-01   0.71927E+01   0.27987E+02
   68     0.7862   6.8511  -0.19195E+00  -0.11554E-01   0.76792E-01   0.71487E+01   0.28279E+02
   69     0.8017   6.9310  -0.19633E+00  -0.11928E-01   0.76417E-01   0.71050E+01   0.28571E+02
   70     0.8174   7.0102  -0.20076E+00  -0.12312E-01   0.76034E-01   0.70617E+01   0.28862E+02
   71     0.8332   7.0886  -0.20524E+00  -0.12703E-01   0.75642E-01   0.70187E+01   0.29154E+02
   72     0.8491   7.1664  -0.20977E+00  -0.13104E-01   0.75241E-01   0.69759E+01   0.29443E+02
   73     0.8652   7.2435  -0.21434E+00  -0.13514E-01   0.74832E-01   0.69335E+01   0.29732E+02
   74     0.8814   7.3199  -0.21897E+00  -0.13932E-01   0.74413E-01   0.68915E+01   0.30021E+02
   75     0.8977   7.3956  -0.22366E+00  -0.14360E-01   0.73985E-01   0.68498E+01   0.30307E+02
   76     0.9142   7.4705  -0.22839E+00  -0.14797E-01   0.73548E-01   0.68084E+01   0.30594E+02
   77     0.9309   7.5448  -0.23318E+00  -0.15243E-01   0.73102E-01   0.67674E+01   0.30879E+02
   78     0.9477   7.6184  -0.23801E+00  -0.15698E-01   0.72647E-01   0.67267E+01   0.31162E+02
   79     0.9646   7.6913  -0.24290E+00  -0.16163E-01   0.72182E-01   0.66863E+01   0.31444E+02
   80     0.9817   7.7635  -0.24784E+00  -0.16638E-01   0.71707E-01   0.66463E+01   0.31725E+02
   81     0.9989   7.8350  -0.25283E+00  -0.17122E-01   0.71223E-01   0.66066E+01   0.32006E+02
   82     1.0163   7.9058  -0.25787E+00  -0.17617E-01   0.70729E-01   0.65672E+01   0.32284E+02
   83     1.0338   7.9759  -0.26297E+00  -0.18121E-01   0.70224E-01   0.65281E+01   0.32560E+02
   84     1.0515   8.0453  -0.26812E+00  -0.18636E-01   0.69710E-01   0.64895E+01   0.32834E+02
   85     1.0693   8.1141  -0.27333E+00  -0.19161E-01   0.69185E-01   0.64511E+01   0.33109E+02
   86     1.0873   8.1821  -0.27859E+00  -0.19695E-01   0.68650E-01   0.64130E+01   0.33379E+02
   87     1.1055   8.2495  -0.28390E+00  -0.20240E-01   0.68105E-01   0.63753E+01   0.33648E+02
   88     1.1238   8.3162  -0.28926E+00  -0.20796E-01   0.67549E-01   0.63379E+01   0.33912E+02
   89     1.1423   8.3823  -0.29468E+00  -0.21364E-01   0.66982E-01   0.63009E+01   0.34176E+02
   90     1.1609   8.4477  -0.30016E+00  -0.21941E-01   0.66404E-01   0.62642E+01   0.34440E+02
   91     1.1797   8.5124  -0.30568E+00  -0.22529E-01   0.65816E-01   0.62278E+01   0.34699E+02
   92     1.1986   8.5764  -0.31127E+00  -0.23128E-01   0.65217E-01   0.61918E+01   0.34957E+02
   93     1.2177   8.6398  -0.31690E+00  -0.23738E-01   0.64608E-01   0.61561E+01   0.35209E+02
   94     1.2370   8.7025  -0.32260E+00  -0.24359E-01   0.63986E-01   0.61207E+01   0.35462E+02
   95     1.2565   8.7646  -0.32834E+00  -0.24991E-01   0.63354E-01   0.60857E+01   0.35712E+02
   96     1.2761   8.8260  -0.33415E+00  -0.25635E-01   0.62710E-01   0.60510E+01   0.35956E+02
   97     1.2959   8.8868  -0.34001E+00  -0.26292E-01   0.62054E-01   0.60167E+01   0.36200E+02
   98     1.3158   8.9469  -0.34593E+00  -0.26959E-01   0.61387E-01   0.59827E+01   0.36438E+02
   99     1.3360   9.0065  -0.35190E+00  -0.27637E-01   0.60709E-01   0.59490E+01   0.36672E+02
  100     1.3563   9.0653  -0.35793E+00  -0.28326E-01   0.60019E-01   0.59157E+01   0.36903E+02
  101     1.3767   9.1236  -0.36401E+00  -0.29028E-01   0.59317E-01   0.58826E+01   0.37132E+02
  102     1.3974   9.1812  -0.37016E+00  -0.29743E-01   0.58602E-01   0.58499E+01   0.37356E+02
  103     1.4183   9.2382  -0.37636E+00  -0.30469E-01   0.57876E-01   0.58176E+01   0.37577E+02
  104     1.4393   9.2945  -0.38262E+00  -0.31208E-01   0.57137E-01   0.57856E+01   0.37792E+02
  105     1.4605   9.3503  -0.38893E+00  -0.31959E-01   0.56386E-01   0.57540E+01   0.38003E+02
  106     1.4819   9.4054  -0.39530E+00  -0.32722E-01   0.55623E-01   0.57227E+01   0.38211E+02
  107     1.5035   9.4600  -0.40174E+00  -0.33499E-01   0.54846E-01   0.56916E+01   0.38412E+02
  108     1.5252   9.5139  -0.40823E+00  -0.34288E-01   0.54057E-01   0.56610E+01   0.38608E+02
  109     1.5472   9.5673  -0.41478E+00  -0.35089E-01   0.53256E-01   0.56307E+01   0.38801E+02
  110     1.5693   9.6200  -0.42138E+00  -0.35903E-01   0.52442E-01   0.56007E+01   0.38990E+02
  111     1.5917   9.6722  -0.42804E+00  -0.36729E-01   0.51616E-01   0.55710E+01   0.39174E+02
  112     1.6142   9.7238  -0.43477E+00  -0.37570E-01   0.50775E-01   0.55417E+01   0.39351E+02
  113     1.6369   9.7748  -0.44155E+00  -0.38423E-01   0.49922E-01   0.55127E+01   0.39524E+02
  114     1.6598   9.8252  -0.44839E+00  -0.39289E-01   0.49056E-01   0.54841E+01   0.39693E+02
  115     1.6830   9.8751  -0.45529E+00  -0.40167E-01   0.48178E-01   0.54558E+01   0.39860E+02
  116     1.7063   9.9244  -0.46224E+00  -0.41058E-01   0.47287E-01   0.54278E+01   0.40020E+02
  117     1.7298   9.9731  -0.46926E+00  -0.41964E-01   0.46381E-01   0.54001E+01   0.40172E+02
  118     1.7536  10.0213  -0.47633E+00  -0.42881E-01   0.45464E-01   0.53728E+01   0.40319E+02
  119     1.7775  10.0689  -0.48347E+00  -0.43812E-01   0.44534E-01   0.53458E+01   0.40464E+02
  120     1.8016  10.1160  -0.49066E+00  -0.44757E-01   0.43589E-01   0.53192E+01   0.40601E+02
  121     1.8260  10.1626  -0.49791E+00  -0.45716E-01   0.42629E-01   0.52929E+01   0.40734E+02
  122     1.8506  10.2086  -0.50523E+00  -0.46689E-01   0.41657E-01   0.52669E+01   0.40860E+02
  123     1.8753  10.2541  -0.51260E+00  -0.47675E-01   0.40670E-01   0.52412E+01   0.40984E+02
  124     1.9003  10.2990  -0.52004E+00  -0.48678E-01   0.39668E-01   0.52159E+01   0.41099E+02
  125     1.9256  10.3434  -0.52756E+00  -0.49697E-01   0.38649E-01   0.51910E+01   0.41207E+02
  126     1.9510  10.3873  -0.53512E+00  -0.50728E-01   0.37617E-01   0.51664E+01   0.41311E+02
  127     1.9766  10.4307  -0.54275E+00  -0.51773E-01   0.36573E-01   0.51421E+01   0.41414E+02
  128     2.0025  10.4736  -0.55043E+00  -0.52832E-01   0.35513E-01   0.51181E+01   0.41506E+02
  129     2.0286  10.5160  -0.55818E+00  -0.53907E-01   0.34438E-01   0.50945E+01   0.41590E+02
  130     2.0550  10.5579  -0.56600E+00  -0.54998E-01   0.33347E-01   0.50712E+01   0.41673E+02
  131     2.0815  10.5993  -0.57388E+00  -0.56103E-01   0.32242E-01   0.50483E+01   0.41751E+02
  132     2.1083  10.6402  -0.58182E+00  -0.57223E-01   0.31122E-01   0.50257E+01   0.41817E+02
  133     2.1353  10.6806  -0.58982E+00  -0.58358E-01   0.29987E-01   0.50034E+01   0.41875E+02
  134     2.1626  10.7205  -0.59788E+00  -0.59508E-01   0.28837E-01   0.49814E+01   0.41927E+02
  135     2.1901  10.7600  -0.60602E+00  -0.60674E-01   0.27671E-01   0.49598E+01   0.41975E+02
  136     2.2178  10.7990  -0.61421E+00  -0.61856E-01   0.26489E-01   0.49385E+01   0.42009E+02
  137     2.2458  10.8375  -0.62247E+00  -0.63052E-01   0.25293E-01   0.49175E+01   0.42039E+02
  138     2.2740  10.8756  -0.63079E+00  -0.64264E-01   0.24082E-01   0.48969E+01   0.42067E+02
  139     2.3025  10.9132  -0.63918E+00  -0.65495E-01   0.22850E-01   0.48766E+01   0.42085E+02
  140     2.3312  10.9504  -0.64764E+00  -0.66742E-01   0.21603E-01   0.48566E+01   0.42100E+02
  141     2.3602  10.9871  -0.65616E+00  -0.68003E-01   0.20343E-01   0.48370E+01   0.42107E+02
  142     2.3894  11.0234  -0.66474E+00  -0.69279E-01   0.19067E-01   0.48176E+01   0.42106E+02
  143     2.4188  11.0592  -0.67338E+00  -0.70571E-01   0.17774E-01   0.47986E+01   0.42097E+02
  144     2.4486  11.0946  -0.68209E+00  -0.71877E-01   0.16468E-01   0.47799E+01   0.42083E+02
  145     2.4785  11.1296  -0.69085E+00  -0.73198E-01   0.15147E-01   0.47616E+01   0.42066E+02
  146     2.5088  11.1641  -0.69969E+00  -0.74541E-01   0.13804E-01   0.47435E+01   0.42036E+02
  147     2.5393  11.1982  -0.70861E+00  -0.75901E-01   0.12444E-01   0.47258E+01   0.41999E+02
  148     2.5701  11.2320  -0.71759E+00  -0.77277E-01   0.11068E-01   0.47084E+01   0.41958E+02
  149     2.6011  11.2653  -0.72663E+00  -0.78671E-01   0.96740E-02   0.46914E+01   0.41911E+02
  150     2.6324  11.2982  -0.73574E+00  -0.80081E-01   0.82641E-02   0.46746E+01   0.41858E+02
  151     2.6640  11.3306  -0.74492E+00  -0.81508E-01   0.68372E-02   0.46582E+01   0.41799E+02
  152     2.6958  11.3627  -0.75416E+00  -0.82953E-01   0.53920E-02   0.46420E+01   0.41733E+02
  153     2.7280  11.3944  -0.76348E+00  -0.84416E-01   0.39291E-02   0.46262E+01   0.41656E+02
  154     2.7604  11.4258  -0.77286E+00  -0.85897E-01   0.24482E-02   0.46107E+01   0.41573E+02
  155     2.7931  11.4567  -0.78231E+00  -0.87396E-01   0.94916E-03   0.45955E+01   0.41482E+02
  156     2.8260  11.4872  -0.79183E+00  -0.88913E-01  -0.56767E-03   0.45806E+01   0.41385E+02
  157     2.8593  11.5174  -0.80142E+00  -0.90448E-01  -0.21029E-02   0.45660E+01   0.41281E+02
  158     2.8929  11.5472  -0.81107E+00  -0.92000E-01  -0.36549E-02   0.45517E+01   0.41173E+02
  159     2.9267  11.5766  -0.82079E+00  -0.93570E-01  -0.52249E-02   0.45376E+01   0.41059E+02
  160     2.9608  11.6057  -0.83059E+00  -0.95160E-01  -0.68147E-02   0.45239E+01   0.40934E+02
  161     2.9953  11.6344  -0.84045E+00  -0.96769E-01  -0.84234E-02   0.45104E+01   0.40805E+02
  162     3.0300  11.6628  -0.85039E+00  -0.98395E-01  -0.10050E-01   0.44973E+01   0.40670E+02
  163     3.0651  11.6908  -0.86038E+00  -0.10004E+00  -0.11695E-01   0.44844E+01   0.40529E+02
  164     3.1004  11.7184  -0.87046E+00  -0.10170E+00  -0.13359E-01   0.44718E+01   0.40380E+02
  165     3.1360  11.7458  -0.88060E+00  -0.10339E+00  -0.15044E-01   0.44595E+01   0.40226E+02
  166     3.1720  11.7727  -0.89083E+00  -0.10509E+00  -0.16750E-01   0.44475E+01   0.40065E+02
  167     3.2083  11.7994  -0.90111E+00  -0.10682E+00  -0.18474E-01   0.44357E+01   0.39894E+02
  168     3.2449  11.8257  -0.91148E+00  -0.10856E+00  -0.20218E-01   0.44243E+01   0.39723E+02
  169     3.2818  11.8517  -0.92191E+00  -0.11033E+00  -0.21983E-01   0.44130E+01   0.39544E+02
  170     3.3190  11.8773  -0.93242E+00  -0.11211E+00  -0.23769E-01   0.44021E+01   0.39354E+02
  171     3.3565  11.9026  -0.94300E+00  -0.11392E+00  -0.25573E-01   0.43914E+01   0.39160E+02
  172     3.3944  11.9277  -0.95365E+00  -0.11574E+00  -0.27397E-01   0.43809E+01   0.38961E+02
  173     3.4326  11.9524  -0.96437E+00  -0.11759E+00  -0.29242E-01   0.43707E+01   0.38754E+02
  174     3.4712  11.9768  -0.97517E+00  -0.11945E+00  -0.31108E-01   0.43607E+01   0.38543E+02
  175     3.5100  12.0009  -0.98605E+00  -0.12134E+00  -0.32996E-01   0.43510E+01   0.38323E+02
  176     3.5492  12.0246  -0.99699E+00  -0.12325E+00  -0.34903E-01   0.43415E+01   0.38103E+02
  177     3.5888  12.0481  -0.10080E+01  -0.12518E+00  -0.36830E-01   0.43323E+01   0.37876E+02
  178     3.6287  12.0713  -0.10191E+01  -0.12712E+00  -0.38780E-01   0.43233E+01   0.37643E+02
  179     3.6689  12.0942  -0.10303E+01  -0.12910E+00  -0.40751E-01   0.43145E+01   0.37405E+02
  180     3.7095  12.1169  -0.10415E+01  -0.13109E+00  -0.42745E-01   0.43059E+01   0.37163E+02
  181     3.7505  12.1392  -0.10528E+01  -0.13310E+00  -0.44760E-01   0.42975E+01   0.36908E+02
  182     3.7918  12.1612  -0.10642E+01  -0.13514E+00  -0.46799E-01   0.42894E+01   0.36671E+02
  183     3.8334  12.1830  -0.10757E+01  -0.13720E+00  -0.48859E-01   0.42815E+01   0.36312E+02
  184     3.8754  12.2045  -0.10872E+01  -0.13929E+00  -0.50941E-01   0.42738E+01   0.36105E+02
  185     3.9178  12.2257  -0.10989E+01  -0.14139E+00  -0.53046E-01   0.42663E+01   0.35874E+02
  186     3.9606  12.2467  -0.11106E+01  -0.14352E+00  -0.55177E-01   0.42590E+01   0.35591E+02
  187     4.0037  12.2674  -0.11223E+01  -0.14567E+00  -0.57321E-01   0.42518E+01   0.35316E+02
  188     4.0472  12.2878  -0.11342E+01  -0.14786E+00  -0.59512E-01   0.42449E+01   0.35024E+02
  189     4.0911  12.3080  -0.11458E+01  -0.14994E+00  -0.61595E-01   0.42379E+01   0.34760E+02
  190     4.1353  12.3279  -0.11580E+01  -0.15222E+00  -0.63876E-01   0.42315E+01   0.34457E+02
  191     4.1800  12.3476  -0.11702E+01  -0.15451E+00  -0.66164E-01   0.42252E+01   0.34146E+02
  192     4.2250  12.3670  -0.11824E+01  -0.15677E+00  -0.68422E-01   0.42189E+01   0.33853E+02
  193     4.2705  12.3862  -0.11946E+01  -0.15906E+00  -0.70714E-01   0.42129E+01   0.33533E+02
  194     4.3163  12.4051  -0.12069E+01  -0.16137E+00  -0.73024E-01   0.42070E+01   0.33322E+02
  195     4.3625  12.4238  -0.12193E+01  -0.16371E+00  -0.75360E-01   0.42013E+01   0.32953E+02
  196     4.4091  12.4423  -0.12318E+01  -0.16607E+00  -0.77725E-01   0.41957E+01   0.32616E+02
  197     4.4561  12.4605  -0.12444E+01  -0.16846E+00  -0.80110E-01   0.41903E+01   0.32301E+02
  198     4.5036  12.4785  -0.12570E+01  -0.17087E+00  -0.82521E-01   0.41851E+01   0.31981E+02
  199     4.5514  12.4962  -0.12697E+01  -0.17330E+00  -0.84957E-01   0.41799E+01   0.31662E+02
  200     4.5997  12.5138  -0.12825E+01  -0.17577E+00  -0.87420E-01   0.41750E+01   0.31335E+02
  201     4.6484  12.5311  -0.12954E+01  -0.17825E+00  -0.89907E-01   0.41702E+01   0.31004E+02
  202     4.6975  12.5482  -0.13084E+01  -0.18076E+00  -0.92419E-01   0.41655E+01   0.30674E+02
  203     4.7470  12.5650  -0.13214E+01  -0.18330E+00  -0.94955E-01   0.41609E+01   0.30341E+02
  204     4.7970  12.5817  -0.13346E+01  -0.18587E+00  -0.97520E-01   0.41565E+01   0.30002E+02
  205     4.8474  12.5981  -0.13478E+01  -0.18846E+00  -0.10011E+00   0.41522E+01   0.29666E+02
  206     4.8982  12.6144  -0.13611E+01  -0.19107E+00  -0.10272E+00   0.41480E+01   0.29323E+02
  207     4.9495  12.6304  -0.13745E+01  -0.19371E+00  -0.10536E+00   0.41439E+01   0.28981E+02
  208     5.0012  12.6462  -0.13879E+01  -0.19637E+00  -0.10803E+00   0.41400E+01   0.28634E+02
  209     5.0534  12.6619  -0.14015E+01  -0.19907E+00  -0.11072E+00   0.41361E+01   0.28286E+02
  210     5.1060  12.6773  -0.14151E+01  -0.20179E+00  -0.11344E+00   0.41324E+01   0.27941E+02
  211     5.1591  12.6925  -0.14288E+01  -0.20453E+00  -0.11619E+00   0.41288E+01   0.27590E+02
  212     5.2126  12.7076  -0.14426E+01  -0.20730E+00  -0.11896E+00   0.41253E+01   0.27238E+02
  213     5.2667  12.7224  -0.14565E+01  -0.21010E+00  -0.12176E+00   0.41219E+01   0.26891E+02
  214     5.3211  12.7371  -0.14705E+01  -0.21293E+00  -0.12458E+00   0.41186E+01   0.26538E+02
  215     5.3761  12.7515  -0.14846E+01  -0.21578E+00  -0.12744E+00   0.41154E+01   0.26185E+02
  216     5.4315  12.7658  -0.14987E+01  -0.21867E+00  -0.13032E+00   0.41122E+01   0.25831E+02
  217     5.4874  12.7799  -0.15129E+01  -0.22157E+00  -0.13323E+00   0.41092E+01   0.25478E+02
  218     5.5438  12.7938  -0.15273E+01  -0.22451E+00  -0.13617E+00   0.41063E+01   0.25122E+02
  219     5.6007  12.8076  -0.15417E+01  -0.22748E+00  -0.13913E+00   0.41034E+01   0.24769E+02
  220     5.6581  12.8211  -0.15562E+01  -0.23047E+00  -0.14213E+00   0.41006E+01   0.24416E+02
  221     5.7160  12.8345  -0.15707E+01  -0.23349E+00  -0.14515E+00   0.40979E+01   0.24058E+02
  222     5.7744  12.8477  -0.15854E+01  -0.23654E+00  -0.14820E+00   0.40953E+01   0.23702E+02
  223     5.8333  12.8608  -0.16002E+01  -0.23962E+00  -0.15127E+00   0.40928E+01   0.23348E+02
  224     5.8927  12.8737  -0.16150E+01  -0.24273E+00  -0.15439E+00   0.40903E+01   0.22991E+02
  225     5.9526  12.8864  -0.16300E+01  -0.24586E+00  -0.15752E+00   0.40879E+01   0.22639E+02
  226     6.0131  12.8990  -0.16450E+01  -0.24903E+00  -0.16068E+00   0.40856E+01   0.22287E+02
  227     6.0740  12.9114  -0.16601E+01  -0.25222E+00  -0.16388E+00   0.40833E+01   0.21936E+02
  228     6.1355  12.9236  -0.16753E+01  -0.25544E+00  -0.16710E+00   0.40811E+01   0.21579E+02
  229     6.1976  12.9357  -0.16906E+01  -0.25870E+00  -0.17035E+00   0.40790E+01   0.21227E+02
  230     6.2602  12.9476  -0.17060E+01  -0.26198E+00  -0.17363E+00   0.40769E+01   0.20882E+02
  231     6.3233  12.9594  -0.17215E+01  -0.26529E+00  -0.17695E+00   0.40749E+01   0.20532E+02
  232     6.3869  12.9710  -0.17371E+01  -0.26863E+00  -0.18029E+00   0.40730E+01   0.20188E+02
  233     6.4512  12.9825  -0.17527E+01  -0.27200E+00  -0.18366E+00   0.40711E+01   0.19841E+02
  234     6.5159  12.9938  -0.17685E+01  -0.27541E+00  -0.18706E+00   0.40692E+01   0.19498E+02
  235     6.5813  13.0050  -0.17844E+01  -0.27884E+00  -0.19049E+00   0.40674E+01   0.19158E+02
  236     6.6472  13.0160  -0.18003E+01  -0.28230E+00  -0.19396E+00   0.40657E+01   0.18814E+02
  237     6.7137  13.0269  -0.18164E+01  -0.28580E+00  -0.19745E+00   0.40640E+01   0.18478E+02
  238     6.7807  13.0377  -0.18325E+01  -0.28932E+00  -0.20097E+00   0.40624E+01   0.18140E+02
  239     6.8484  13.0483  -0.18487E+01  -0.29288E+00  -0.20453E+00   0.40608E+01   0.17807E+02
  240     6.9166  13.0588  -0.18651E+01  -0.29646E+00  -0.20812E+00   0.40592E+01   0.17473E+02
  241     6.9854  13.0691  -0.18815E+01  -0.30008E+00  -0.21173E+00   0.40577E+01   0.17143E+02
  242     7.0549  13.0794  -0.18980E+01  -0.30373E+00  -0.21539E+00   0.40563E+01   0.16813E+02
  243     7.1249  13.0894  -0.19146E+01  -0.30741E+00  -0.21907E+00   0.40549E+01   0.16488E+02
  244     7.1955  13.0994  -0.19313E+01  -0.31112E+00  -0.22278E+00   0.40535E+01   0.16168E+02
  245     7.2668  13.1092  -0.19481E+01  -0.31486E+00  -0.22652E+00   0.40521E+01   0.15848E+02
  246     7.3387  13.1189  -0.19650E+01  -0.31864E+00  -0.23030E+00   0.40508E+01   0.15528E+02
  247     7.4112  13.1285  -0.19820E+01  -0.32245E+00  -0.23410E+00   0.40496E+01   0.15215E+02
  248     7.4843  13.1380  -0.19992E+01  -0.32629E+00  -0.23795E+00   0.40483E+01   0.14905E+02
  249     7.5580  13.1473  -0.20164E+01  -0.33017E+00  -0.24182E+00   0.40472E+01   0.14595E+02
  250     7.6324  13.1565  -0.20337E+01  -0.33407E+00  -0.24573E+00   0.40460E+01   0.14291E+02
  251     7.7075  13.1656  -0.20511E+01  -0.33801E+00  -0.24967E+00   0.40449E+01   0.13988E+02
  252     7.7832  13.1746  -0.20686E+01  -0.34198E+00  -0.25364E+00   0.40438E+01   0.13687E+02
  253     7.8596  13.1834  -0.20862E+01  -0.34599E+00  -0.25764E+00   0.40427E+01   0.13392E+02
  254     7.9366  13.1922  -0.21039E+01  -0.35003E+00  -0.26168E+00   0.40417E+01   0.13098E+02
  255     8.0143  13.2008  -0.21217E+01  -0.35410E+00  -0.26575E+00   0.40407E+01   0.12809E+02
  256     8.0926  13.2093  -0.21396E+01  -0.35820E+00  -0.26986E+00   0.40397E+01   0.12523E+02
  257     8.1717  13.2178  -0.21576E+01  -0.36234E+00  -0.27399E+00   0.40387E+01   0.12240E+02
  258     8.2514  13.2261  -0.21757E+01  -0.36651E+00  -0.27817E+00   0.40378E+01   0.11961E+02
  259     8.3319  13.2343  -0.21939E+01  -0.37072E+00  -0.28237E+00   0.40369E+01   0.11687E+02
  260     8.4130  13.2424  -0.22123E+01  -0.37496E+00  -0.28661E+00   0.40360E+01   0.11414E+02
  261     8.4948  13.2503  -0.22307E+01  -0.37924E+00  -0.29090E+00   0.40352E+01   0.11146E+02
  262     8.5774  13.2582  -0.22492E+01  -0.38355E+00  -0.29520E+00   0.40343E+01   0.10881E+02
  263     8.6606  13.2660  -0.22679E+01  -0.38789E+00  -0.29955E+00   0.40335E+01   0.10619E+02
  264     8.7446  13.2737  -0.22866E+01  -0.39227E+00  -0.30393E+00   0.40328E+01   0.10360E+02
  265     8.8293  13.2813  -0.23055E+01  -0.39669E+00  -0.30834E+00   0.40320E+01   0.10105E+02
  266     8.9148  13.2888  -0.23244E+01  -0.40114E+00  -0.31279E+00   0.40312E+01   0.98561E+01
  267     9.0010  13.2962  -0.23435E+01  -0.40562E+00  -0.31728E+00   0.40305E+01   0.96100E+01
  268     9.0879  13.3035  -0.23627E+01  -0.41014E+00  -0.32180E+00   0.40298E+01   0.93671E+01
  269     9.1756  13.3107  -0.23819E+01  -0.41470E+00  -0.32635E+00   0.40291E+01   0.91275E+01
  270     9.2641  13.3178  -0.24013E+01  -0.41929E+00  -0.33095E+00   0.40285E+01   0.88939E+01
  271     9.3534  13.3248  -0.24208E+01  -0.42392E+00  -0.33557E+00   0.40278E+01   0.86606E+01
  272     9.4434  13.3317  -0.24404E+01  -0.42859E+00  -0.34024E+00   0.40272E+01   0.84346E+01
  273     9.5342  13.3386  -0.24601E+01  -0.43329E+00  -0.34494E+00   0.40266E+01   0.82103E+01
  274     9.6257  13.3453  -0.24799E+01  -0.43802E+00  -0.34967E+00   0.40260E+01   0.79912E+01
  275     9.7181  13.3520  -0.24999E+01  -0.44279E+00  -0.35445E+00   0.40254E+01   0.77744E+01
  276     9.8113  13.3586  -0.25199E+01  -0.44761E+00  -0.35926E+00   0.40248E+01   0.75625E+01
  277     9.9053  13.3651  -0.25401E+01  -0.45245E+00  -0.36411E+00   0.40243E+01   0.73560E+01
  278    10.0001  13.3715  -0.25604E+01  -0.45734E+00  -0.36899E+00   0.40237E+01   0.71511E+01
  279    10.0957  13.3778  -0.25807E+01  -0.46226E+00  -0.37391E+00   0.40232E+01   0.69510E+01
  280    10.1922  13.3841  -0.26012E+01  -0.46722E+00  -0.37888E+00   0.40227E+01   0.67547E+01
  281    10.2895  13.3902  -0.26219E+01  -0.47222E+00  -0.38388E+00   0.40222E+01   0.65607E+01
  282    10.3877  13.3963  -0.26426E+01  -0.47726E+00  -0.38891E+00   0.40217E+01   0.63726E+01
  283    10.4867  13.4023  -0.26634E+01  -0.48233E+00  -0.39398E+00   0.40212E+01   0.61875E+01
  284    10.5865  13.4083  -0.26844E+01  -0.48744E+00  -0.39910E+00   0.40208E+01   0.60049E+01
  285    10.6873  13.4141  -0.27054E+01  -0.49259E+00  -0.40424E+00   0.40203E+01   0.58285E+01
  286    10.7889  13.4199  -0.27266E+01  -0.49778E+00  -0.40944E+00   0.40199E+01   0.56540E+01
  287    10.8914  13.4256  -0.27479E+01  -0.50301E+00  -0.41466E+00   0.40195E+01   0.54830E+01
  288    10.9947  13.4312  -0.27694E+01  -0.50828E+00  -0.41993E+00   0.40191E+01   0.53168E+01
  289    11.0990  13.4368  -0.27909E+01  -0.51358E+00  -0.42524E+00   0.40187E+01   0.51538E+01
  290    11.2042  13.4423  -0.28125E+01  -0.51893E+00  -0.43058E+00   0.40183E+01   0.49949E+01
  291    11.3103  13.4477  -0.28343E+01  -0.52432E+00  -0.43597E+00   0.40179E+01   0.48369E+01
  292    11.4173  13.4530  -0.28562E+01  -0.52974E+00  -0.44139E+00   0.40175E+01   0.46859E+01
  293    11.5253  13.4583  -0.28782E+01  -0.53520E+00  -0.44686E+00   0.40171E+01   0.45375E+01
  294    11.6342  13.4635  -0.29004E+01  -0.54070E+00  -0.45236E+00   0.40168E+01   0.43926E+01
  295    11.7440  13.4687  -0.29226E+01  -0.54625E+00  -0.45791E+00   0.40164E+01   0.42501E+01
  296    11.8548  13.4738  -0.29450E+01  -0.55184E+00  -0.46350E+00   0.40161E+01   0.41118E+01
  297    11.9666  13.4788  -0.29675E+01  -0.55747E+00  -0.46912E+00   0.40158E+01   0.39773E+01
  298    12.0793  13.4837  -0.29901E+01  -0.56313E+00  -0.47479E+00   0.40154E+01   0.38444E+01
  299    12.1930  13.4886  -0.30129E+01  -0.56884E+00  -0.48050E+00   0.40151E+01   0.37169E+01
  300    12.3077  13.4934  -0.30358E+01  -0.57459E+00  -0.48625E+00   0.40148E+01   0.35899E+01
  301    12.4234  13.4982  -0.30587E+01  -0.58038E+00  -0.49203E+00   0.40145E+01   0.34687E+01
  302    12.5401  13.5029  -0.30819E+01  -0.58621E+00  -0.49787E+00   0.40142E+01   0.33504E+01
  303    12.6578  13.5075  -0.31051E+01  -0.59208E+00  -0.50374E+00   0.40139E+01   0.32356E+01
  304    12.7766  13.5121  -0.31285E+01  -0.59800E+00  -0.50966E+00   0.40137E+01   0.31224E+01
  305    12.8963  13.5166  -0.31520E+01  -0.60396E+00  -0.51562E+00   0.40134E+01   0.30133E+01
  306    13.0172  13.5211  -0.31757E+01  -0.60998E+00  -0.52163E+00   0.40131E+01   0.29053E+01
  307    13.1390  13.5255  -0.31994E+01  -0.61601E+00  -0.52767E+00   0.40129E+01   0.28022E+01
  308    13.2619  13.5298  -0.32233E+01  -0.62210E+00  -0.53375E+00   0.40126E+01   0.27009E+01
  309    13.3859  13.5341  -0.32473E+01  -0.62822E+00  -0.53987E+00   0.40124E+01   0.26039E+01
  310    13.5110  13.5383  -0.32715E+01  -0.63440E+00  -0.54605E+00   0.40121E+01   0.25082E+01
  311    13.6372  13.5425  -0.32957E+01  -0.64062E+00  -0.55227E+00   0.40119E+01   0.24161E+01
  312    13.7644  13.5466  -0.33202E+01  -0.64688E+00  -0.55853E+00   0.40117E+01   0.23267E+01
  313    13.8928  13.5507  -0.33447E+01  -0.65318E+00  -0.56484E+00   0.40114E+01   0.22384E+01
  314    14.0223  13.5547  -0.33694E+01  -0.65954E+00  -0.57119E+00   0.40112E+01   0.21544E+01
  315    14.1529  13.5587  -0.33942E+01  -0.66592E+00  -0.57757E+00   0.40110E+01   0.20722E+01
  316    14.2846  13.5626  -0.34191E+01  -0.67235E+00  -0.58401E+00   0.40108E+01   0.19939E+01
  317    14.4175  13.5665  -0.34442E+01  -0.67884E+00  -0.59049E+00   0.40106E+01   0.19159E+01
  318    14.5515  13.5703  -0.34694E+01  -0.68536E+00  -0.59702E+00   0.40104E+01   0.18427E+01
  319    14.6867  13.5741  -0.34948E+01  -0.69195E+00  -0.60360E+00   0.40102E+01   0.17698E+01
  320    14.8231  13.5778  -0.35202E+01  -0.69856E+00  -0.61021E+00   0.40100E+01   0.16997E+01
  321    14.9607  13.5815  -0.35458E+01  -0.70522E+00  -0.61687E+00   0.40098E+01   0.16316E+01
  322    15.0994  13.5851  -0.35716E+01  -0.71193E+00  -0.62358E+00   0.40096E+01   0.15661E+01
  323    15.2394  13.5887  -0.35975E+01  -0.71868E+00  -0.63034E+00   0.40095E+01   0.15034E+01
  324    15.3806  13.5922  -0.36235E+01  -0.72548E+00  -0.63714E+00   0.40093E+01   0.14417E+01
  325    15.5230  13.5957  -0.36497E+01  -0.73233E+00  -0.64398E+00   0.40091E+01   0.13829E+01
  326    15.6666  13.5991  -0.36760E+01  -0.73922E+00  -0.65088E+00   0.40090E+01   0.13251E+01
  327    15.8115  13.6025  -0.37025E+01  -0.74617E+00  -0.65782E+00   0.40088E+01   0.12702E+01
  328    15.9577  13.6059  -0.37291E+01  -0.75316E+00  -0.66481E+00   0.40086E+01   0.12165E+01
  329    16.1051  13.6092  -0.37558E+01  -0.76018E+00  -0.67184E+00   0.40085E+01   0.11652E+01
  330    16.2538  13.6124  -0.37827E+01  -0.76727E+00  -0.67893E+00   0.40083E+01   0.11149E+01
  331    16.4038  13.6157  -0.38097E+01  -0.77440E+00  -0.68606E+00   0.40082E+01   0.10678E+01
  332    16.5551  13.6188  -0.38369E+01  -0.78159E+00  -0.69324E+00   0.40080E+01   0.10213E+01
  333    16.7078  13.6220  -0.38642E+01  -0.78881E+00  -0.70046E+00   0.40079E+01   0.97708E+00
  334    16.8617  13.6251  -0.38917E+01  -0.79610E+00  -0.70775E+00   0.40078E+01   0.93335E+00
  335    17.0170  13.6281  -0.39193E+01  -0.80341E+00  -0.71507E+00   0.40076E+01   0.89263E+00
  336    17.1736  13.6312  -0.39470E+01  -0.81079E+00  -0.72244E+00   0.40075E+01   0.85226E+00
  337    17.3316  13.6342  -0.39749E+01  -0.81821E+00  -0.72986E+00   0.40074E+01   0.81488E+00
  338    17.4910  13.6371  -0.40030E+01  -0.82569E+00  -0.73735E+00   0.40072E+01   0.77795E+00
  339    17.6518  13.6400  -0.40312E+01  -0.83321E+00  -0.74486E+00   0.40071E+01   0.74227E+00
  340    17.8139  13.6429  -0.40596E+01  -0.84079E+00  -0.75244E+00   0.40070E+01   0.70790E+00
  341    17.9775  13.6457  -0.40880E+01  -0.84840E+00  -0.76005E+00   0.40069E+01   0.67528E+00
  342    18.1425  13.6485  -0.41167E+01  -0.85608E+00  -0.76773E+00   0.40068E+01   0.64341E+00
  343    18.3089  13.6513  -0.41455E+01  -0.86380E+00  -0.77546E+00   0.40066E+01   0.61398E+00
  344    18.4768  13.6540  -0.41745E+01  -0.87158E+00  -0.78323E+00   0.40065E+01   0.58462E+00
  345    18.6461  13.6567  -0.42038E+01  -0.87947E+00  -0.79112E+00   0.40064E+01   0.55671E+00
  346    18.8169  13.6593  -0.42328E+01  -0.88728E+00  -0.79893E+00   0.40063E+01   0.53019E+00
  347    18.9892  13.6619  -0.42623E+01  -0.89521E+00  -0.80686E+00   0.40062E+01   0.50380E+00
  348    19.1630  13.6645  -0.42919E+01  -0.90320E+00  -0.81485E+00   0.40061E+01   0.48006E+00
  349    19.3383  13.6671  -0.43216E+01  -0.91122E+00  -0.82287E+00   0.40060E+01   0.45654E+00
  350    19.5151  13.6696  -0.43515E+01  -0.91931E+00  -0.83097E+00   0.40059E+01   0.43405E+00
  351    19.6934  13.6721  -0.43816E+01  -0.92746E+00  -0.83911E+00   0.40058E+01   0.41263E+00
  352    19.8734  13.6745  -0.44118E+01  -0.93565E+00  -0.84731E+00   0.40057E+01   0.39185E+00
  353    20.0548  13.6770  -0.44423E+01  -0.94396E+00  -0.85562E+00   0.40056E+01   0.37186E+00
  354    20.2379  13.6794  -0.44727E+01  -0.95219E+00  -0.86385E+00   0.40055E+01   0.35298E+00
  355    20.4225  13.6817  -0.45033E+01  -0.96054E+00  -0.87219E+00   0.40055E+01   0.33476E+00
  356    20.6088  13.6840  -0.45342E+01  -0.96893E+00  -0.88059E+00   0.40054E+01   0.31800E+00
  357    20.7966  13.6863  -0.45653E+01  -0.97743E+00  -0.88908E+00   0.40053E+01   0.30149E+00
  358    20.9861  13.6886  -0.45964E+01  -0.98593E+00  -0.89758E+00   0.40052E+01   0.28584E+00
  359    21.1773  13.6909  -0.46278E+01  -0.99450E+00  -0.90615E+00   0.40051E+01   0.27055E+00
  360    21.3701  13.6931  -0.46593E+01  -0.10031E+01  -0.91478E+00   0.40050E+01   0.25635E+00
  361    21.5646  13.6953  -0.46909E+01  -0.10119E+01  -0.92351E+00   0.40000E+01   0.24274E+00
  362    21.7607  13.6974  -0.47228E+01  -0.10206E+01  -0.93224E+00   0.40000E+01   0.22976E+00
  363    21.9586  13.6995  -0.47548E+01  -0.10294E+01  -0.94105E+00   0.40000E+01   0.21735E+00
  364    22.1582  13.7016  -0.47870E+01  -0.10382E+01  -0.94990E+00   0.40000E+01   0.20553E+00
  365    22.3596  13.7037  -0.48193E+01  -0.10471E+01  -0.95879E+00   0.40000E+01   0.19420E+00
  366    22.5626  13.7058  -0.48519E+01  -0.10561E+01  -0.96776E+00   0.40000E+01   0.18358E+00
  367    22.7675  13.7078  -0.48845E+01  -0.10651E+01  -0.97677E+00   0.40000E+01   0.17341E+00
  368    22.9741  13.7098  -0.49174E+01  -0.10742E+01  -0.98584E+00   0.40000E+01   0.16376E+00
  369    23.1825  13.7117  -0.49504E+01  -0.10833E+01  -0.99498E+00   0.40000E+01   0.15455E+00
  370    23.3928  13.7137  -0.49836E+01  -0.10925E+01  -0.10042E+01   0.40000E+01   0.14579E+00
  371    23.6049  13.7156  -0.50170E+01  -0.11018E+01  -0.10134E+01   0.40000E+01   0.13746E+00
  372    23.8188  13.7175  -0.50506E+01  -0.11111E+01  -0.10227E+01   0.40000E+01   0.12963E+00
  373    24.0345  13.7194  -0.50843E+01  -0.11204E+01  -0.10321E+01   0.40000E+01   0.12205E+00
  374    24.2522  13.7212  -0.51182E+01  -0.11299E+01  -0.10415E+01   0.40000E+01   0.11491E+00
  375    24.4717  13.7230  -0.51522E+01  -0.11393E+01  -0.10510E+01   0.40000E+01   0.10825E+00
  376    24.6932  13.7248  -0.51865E+01  -0.11489E+01  -0.10605E+01   0.40000E+01   0.10182E+00
  377    24.9166  13.7266  -0.52209E+01  -0.11584E+01  -0.10701E+01   0.40000E+01   0.95840E-01
  378    25.1419  13.7284  -0.52555E+01  -0.11681E+01  -0.10798E+01   0.40000E+01   0.90128E-01
  379    25.3691  13.7301  -0.52903E+01  -0.11778E+01  -0.10895E+01   0.40000E+01   0.84728E-01
  380    25.5984  13.7318  -0.53253E+01  -0.11876E+01  -0.10993E+01   0.40000E+01   0.79582E-01
  381    25.8296  13.7335  -0.53605E+01  -0.11974E+01  -0.11091E+01   0.40000E+01   0.74727E-01
  382    26.0629  13.7351  -0.53958E+01  -0.12073E+01  -0.11190E+01   0.40000E+01   0.70140E-01
  383    26.2982  13.7368  -0.54313E+01  -0.12173E+01  -0.11289E+01   0.40000E+01   0.65804E-01
  384    26.5355  13.7384  -0.54670E+01  -0.12273E+01  -0.11390E+01   0.40000E+01   0.61730E-01
  385    26.7749  13.7400  -0.55028E+01  -0.12374E+01  -0.11490E+01   0.40000E+01   0.57811E-01
  386    27.0164  13.7416  -0.55389E+01  -0.12475E+01  -0.11592E+01   0.40000E+01   0.54234E-01
  387    27.2599  13.7431  -0.55750E+01  -0.12577E+01  -0.11693E+01   0.40000E+01   0.50820E-01
  388    27.5056  13.7447  -0.56115E+01  -0.12680E+01  -0.11796E+01   0.40000E+01   0.47560E-01
  389    27.7534  13.7462  -0.56481E+01  -0.12783E+01  -0.11900E+01   0.40000E+01   0.44533E-01
  390    28.0034  13.7477  -0.56849E+01  -0.12887E+01  -0.12003E+01   0.40000E+01   0.41635E-01
  391    28.2556  13.7492  -0.57219E+01  -0.12991E+01  -0.12108E+01   0.40000E+01   0.38938E-01
  392    28.5099  13.7506  -0.57591E+01  -0.13096E+01  -0.12213E+01   0.40000E+01   0.36391E-01
  393    28.7665  13.7521  -0.57964E+01  -0.13202E+01  -0.12318E+01   0.40000E+01   0.34005E-01
  394    29.0253  13.7535  -0.58340E+01  -0.13308E+01  -0.12425E+01   0.40000E+01   0.31756E-01
  395    29.2863  13.7549  -0.58717E+01  -0.13415E+01  -0.12532E+01   0.40000E+01   0.29658E-01
  396    29.5496  13.7563  -0.59096E+01  -0.13523E+01  -0.12639E+01   0.40000E+01   0.27640E-01
  397    29.8152  13.7577  -0.59478E+01  -0.13632E+01  -0.12748E+01   0.40000E+01   0.25791E-01
  398    30.0831  13.7590  -0.59861E+01  -0.13740E+01  -0.12857E+01   0.40000E+01   0.24078E-01
  399    30.3534  13.7604  -0.60246E+01  -0.13850E+01  -0.12966E+01   0.40000E+01   0.22409E-01
  400    30.6259  13.7617  -0.60633E+01  -0.13960E+01  -0.13077E+01   0.40000E+01   0.20871E-01
