    1     0.0001   0.0014  -0.15259E-04   0.00000E+00   0.89284E-01   0.10873E+02   0.80907E+01
    2     0.0088   0.1221  -0.13662E-02  -0.13306E-04   0.89270E-01   0.10808E+02   0.85232E+01
    3     0.0176   0.2423  -0.28508E-02  -0.52603E-04   0.89231E-01   0.10743E+02   0.89954E+01
    4     0.0264   0.3621  -0.44110E-02  -0.10309E-03   0.89181E-01   0.10679E+02   0.93523E+01
    5     0.0353   0.4814  -0.60338E-02  -0.16107E-03   0.89123E-01   0.10616E+02   0.96838E+01
    6     0.0443   0.6003  -0.77025E-02  -0.22286E-03   0.89061E-01   0.10553E+02   0.99683E+01
    7     0.0534   0.7188  -0.94153E-02  -0.28792E-03   0.88996E-01   0.10490E+02   0.10226E+02
    8     0.0626   0.8368  -0.11171E-01  -0.35603E-03   0.88928E-01   0.10427E+02   0.10474E+02
    9     0.0718   0.9543  -0.12966E-01  -0.42645E-03   0.88857E-01   0.10365E+02   0.10717E+02
   10     0.0811   1.0713  -0.14802E-01  -0.49952E-03   0.88784E-01   0.10303E+02   0.10951E+02
   11     0.0905   1.1879  -0.16677E-01  -0.57484E-03   0.88709E-01   0.10242E+02   0.11183E+02
   12     0.1000   1.3039  -0.18589E-01  -0.65214E-03   0.88632E-01   0.10181E+02   0.11407E+02
   13     0.1096   1.4195  -0.20540E-01  -0.73151E-03   0.88552E-01   0.10120E+02   0.11633E+02
   14     0.1192   1.5346  -0.22538E-01  -0.81521E-03   0.88469E-01   0.10059E+02   0.11862E+02
   15     0.1290   1.6491  -0.24562E-01  -0.89816E-03   0.88386E-01   0.99985E+01   0.12081E+02
   16     0.1388   1.7632  -0.26624E-01  -0.98359E-03   0.88300E-01   0.99383E+01   0.12305E+02
   17     0.1487   1.8767  -0.28723E-01  -0.10713E-02   0.88212E-01   0.98784E+01   0.12524E+02
   18     0.1587   1.9897  -0.30860E-01  -0.11614E-02   0.88122E-01   0.98188E+01   0.12747E+02
   19     0.1687   2.1021  -0.33036E-01  -0.12539E-02   0.88030E-01   0.97594E+01   0.12970E+02
   20     0.1789   2.2140  -0.35248E-01  -0.13486E-02   0.87935E-01   0.97003E+01   0.13190E+02
   21     0.1891   2.3254  -0.37499E-01  -0.14459E-02   0.87838E-01   0.96415E+01   0.13415E+02
   22     0.1995   2.4362  -0.39786E-01  -0.15460E-02   0.87738E-01   0.95829E+01   0.13638E+02
   23     0.2099   2.5465  -0.42113E-01  -0.16491E-02   0.87635E-01   0.95246E+01   0.13862E+02
   24     0.2204   2.6562  -0.44477E-01  -0.17548E-02   0.87529E-01   0.94666E+01   0.14088E+02
   25     0.2310   2.7653  -0.46878E-01  -0.18635E-02   0.87420E-01   0.94088E+01   0.14314E+02
   26     0.2417   2.8738  -0.49319E-01  -0.19751E-02   0.87309E-01   0.93514E+01   0.14544E+02
   27     0.2525   2.9818  -0.51798E-01  -0.20899E-02   0.87194E-01   0.92942E+01   0.14771E+02
   28     0.2634   3.0892  -0.54315E-01  -0.22081E-02   0.87076E-01   0.92372E+01   0.15002E+02
   29     0.2744   3.1959  -0.56871E-01  -0.23297E-02   0.86954E-01   0.91806E+01   0.15234E+02
   30     0.2855   3.3021  -0.59467E-01  -0.24550E-02   0.86829E-01   0.91242E+01   0.15467E+02
   31     0.2967   3.4077  -0.62102E-01  -0.25838E-02   0.86700E-01   0.90681E+01   0.15700E+02
   32     0.3079   3.5127  -0.64778E-01  -0.27170E-02   0.86567E-01   0.90123E+01   0.15935E+02
   33     0.3193   3.6170  -0.67481E-01  -0.28503E-02   0.86433E-01   0.89567E+01   0.16173E+02
   34     0.3308   3.7207  -0.70239E-01  -0.29920E-02   0.86292E-01   0.89015E+01   0.16411E+02
   35     0.3423   3.8238  -0.73036E-01  -0.31377E-02   0.86146E-01   0.88465E+01   0.16647E+02
   36     0.3540   3.9263  -0.75875E-01  -0.32876E-02   0.85996E-01   0.87919E+01   0.16888E+02
   37     0.3658   4.0281  -0.78754E-01  -0.34418E-02   0.85842E-01   0.87375E+01   0.17129E+02
   38     0.3777   4.1293  -0.81673E-01  -0.36005E-02   0.85683E-01   0.86835E+01   0.17372E+02
   39     0.3896   4.2299  -0.84635E-01  -0.37641E-02   0.85520E-01   0.86297E+01   0.17616E+02
   40     0.4017   4.3298  -0.87638E-01  -0.39328E-02   0.85351E-01   0.85762E+01   0.17860E+02
   41     0.4139   4.4291  -0.90685E-01  -0.41064E-02   0.85177E-01   0.85230E+01   0.18107E+02
   42     0.4262   4.5276  -0.93774E-01  -0.42853E-02   0.84998E-01   0.84702E+01   0.18355E+02
   43     0.4386   4.6256  -0.96907E-01  -0.44696E-02   0.84814E-01   0.84176E+01   0.18602E+02
   44     0.4511   4.7229  -0.10008E+00  -0.46596E-02   0.84624E-01   0.83654E+01   0.18851E+02
   45     0.4637   4.8195  -0.10330E+00  -0.48551E-02   0.84429E-01   0.83134E+01   0.19103E+02
   46     0.4764   4.9154  -0.10656E+00  -0.50560E-02   0.84228E-01   0.82618E+01   0.19355E+02
   47     0.4893   5.0106  -0.10987E+00  -0.52627E-02   0.84021E-01   0.82104E+01   0.19608E+02
   48     0.5022   5.1052  -0.11322E+00  -0.54753E-02   0.83808E-01   0.81594E+01   0.19861E+02
   49     0.5153   5.1991  -0.11661E+00  -0.56943E-02   0.83589E-01   0.81087E+01   0.20115E+02
   50     0.5285   5.2923  -0.12005E+00  -0.59191E-02   0.83365E-01   0.80583E+01   0.20372E+02
   51     0.5417   5.3849  -0.12353E+00  -0.61500E-02   0.83134E-01   0.80082E+01   0.20626E+02
   52     0.5552   5.4767  -0.12706E+00  -0.63877E-02   0.82896E-01   0.79584E+01   0.20883E+02
   53     0.5687   5.5679  -0.13064E+00  -0.66320E-02   0.82652E-01   0.79089E+01   0.21142E+02
   54     0.5823   5.6583  -0.13426E+00  -0.68826E-02   0.82401E-01   0.78598E+01   0.21398E+02
   55     0.5961   5.7481  -0.13792E+00  -0.71403E-02   0.82143E-01   0.78110E+01   0.21657E+02
   56     0.6099   5.8371  -0.14164E+00  -0.74048E-02   0.81879E-01   0.77625E+01   0.21918E+02
   57     0.6239   5.9255  -0.14539E+00  -0.76765E-02   0.81607E-01   0.77143E+01   0.22178E+02
   58     0.6381   6.0132  -0.14920E+00  -0.79548E-02   0.81329E-01   0.76665E+01   0.22440E+02
   59     0.6523   6.1001  -0.15305E+00  -0.82405E-02   0.81043E-01   0.76190E+01   0.22702E+02
   60     0.6667   6.1864  -0.15695E+00  -0.85334E-02   0.80750E-01   0.75718E+01   0.22962E+02
   61     0.6812   6.2719  -0.16089E+00  -0.88337E-02   0.80450E-01   0.75248E+01   0.23224E+02
   62     0.6958   6.3568  -0.16488E+00  -0.91418E-02   0.80142E-01   0.74782E+01   0.23485E+02
   63     0.7105   6.4409  -0.16892E+00  -0.94581E-02   0.79826E-01   0.74319E+01   0.23749E+02
   64     0.7254   6.5244  -0.17301E+00  -0.97825E-02   0.79501E-01   0.73860E+01   0.24009E+02
   65     0.7404   6.6071  -0.17715E+00  -0.10114E-01   0.79170E-01   0.73404E+01   0.24272E+02
   66     0.7555   6.6891  -0.18134E+00  -0.10453E-01   0.78831E-01   0.72952E+01   0.24534E+02
   67     0.7708   6.7704  -0.18557E+00  -0.10800E-01   0.78484E-01   0.72503E+01   0.24795E+02
   68     0.7862   6.8511  -0.18985E+00  -0.11155E-01   0.78129E-01   0.72058E+01   0.25058E+02
   69     0.8017   6.9310  -0.19419E+00  -0.11518E-01   0.77765E-01   0.71615E+01   0.25319E+02
   70     0.8174   7.0102  -0.19857E+00  -0.11891E-01   0.77393E-01   0.71176E+01   0.25580E+02
   71     0.8332   7.0886  -0.20300E+00  -0.12272E-01   0.77011E-01   0.70740E+01   0.25842E+02
   72     0.8491   7.1664  -0.20748E+00  -0.12662E-01   0.76622E-01   0.70307E+01   0.26102E+02
   73     0.8652   7.2435  -0.21201E+00  -0.13060E-01   0.76223E-01   0.69878E+01   0.26362E+02
   74     0.8814   7.3199  -0.21659E+00  -0.13468E-01   0.75816E-01   0.69452E+01   0.26622E+02
   75     0.8977   7.3956  -0.22123E+00  -0.13885E-01   0.75399E-01   0.69029E+01   0.26880E+02
   76     0.9142   7.4705  -0.22591E+00  -0.14310E-01   0.74974E-01   0.68610E+01   0.27139E+02
   77     0.9309   7.5448  -0.23064E+00  -0.14744E-01   0.74539E-01   0.68194E+01   0.27396E+02
   78     0.9477   7.6184  -0.23543E+00  -0.15189E-01   0.74095E-01   0.67781E+01   0.27651E+02
   79     0.9646   7.6913  -0.24027E+00  -0.15642E-01   0.73642E-01   0.67372E+01   0.27905E+02
   80     0.9817   7.7635  -0.24516E+00  -0.16106E-01   0.73178E-01   0.66966E+01   0.28158E+02
   81     0.9989   7.8350  -0.25010E+00  -0.16579E-01   0.72705E-01   0.66564E+01   0.28413E+02
   82     1.0163   7.9058  -0.25509E+00  -0.17061E-01   0.72223E-01   0.66165E+01   0.28666E+02
   83     1.0338   7.9759  -0.26014E+00  -0.17554E-01   0.71730E-01   0.65769E+01   0.28915E+02
   84     1.0515   8.0453  -0.26524E+00  -0.18056E-01   0.71228E-01   0.65376E+01   0.29163E+02
   85     1.0693   8.1141  -0.27039E+00  -0.18569E-01   0.70715E-01   0.64988E+01   0.29411E+02
   86     1.0873   8.1821  -0.27560E+00  -0.19091E-01   0.70193E-01   0.64602E+01   0.29656E+02
   87     1.1055   8.2495  -0.28085E+00  -0.19624E-01   0.69660E-01   0.64220E+01   0.29901E+02
   88     1.1238   8.3162  -0.28617E+00  -0.20167E-01   0.69116E-01   0.63841E+01   0.30142E+02
   89     1.1423   8.3823  -0.29154E+00  -0.20722E-01   0.68562E-01   0.63466E+01   0.30382E+02
   90     1.1609   8.4477  -0.29696E+00  -0.21287E-01   0.67997E-01   0.63094E+01   0.30621E+02
   91     1.1797   8.5124  -0.30243E+00  -0.21861E-01   0.67422E-01   0.62725E+01   0.30855E+02
   92     1.1986   8.5764  -0.30796E+00  -0.22447E-01   0.66837E-01   0.62360E+01   0.31088E+02
   93     1.2177   8.6398  -0.31354E+00  -0.23043E-01   0.66241E-01   0.61998E+01   0.31318E+02
   94     1.2370   8.7025  -0.31918E+00  -0.23652E-01   0.65632E-01   0.61639E+01   0.31549E+02
   95     1.2565   8.7646  -0.32487E+00  -0.24272E-01   0.65012E-01   0.61284E+01   0.31776E+02
   96     1.2761   8.8260  -0.33062E+00  -0.24902E-01   0.64382E-01   0.60932E+01   0.31997E+02
   97     1.2959   8.8868  -0.33643E+00  -0.25544E-01   0.63740E-01   0.60584E+01   0.32217E+02
   98     1.3158   8.9469  -0.34229E+00  -0.26197E-01   0.63087E-01   0.60239E+01   0.32433E+02
   99     1.3360   9.0065  -0.34820E+00  -0.26862E-01   0.62422E-01   0.59897E+01   0.32646E+02
  100     1.3563   9.0653  -0.35418E+00  -0.27540E-01   0.61744E-01   0.59559E+01   0.32854E+02
  101     1.3767   9.1236  -0.36021E+00  -0.28228E-01   0.61055E-01   0.59224E+01   0.33061E+02
  102     1.3974   9.1812  -0.36629E+00  -0.28928E-01   0.60355E-01   0.58893E+01   0.33264E+02
  103     1.4183   9.2382  -0.37243E+00  -0.29640E-01   0.59644E-01   0.58565E+01   0.33465E+02
  104     1.4393   9.2945  -0.37863E+00  -0.30364E-01   0.58920E-01   0.58240E+01   0.33661E+02
  105     1.4605   9.3503  -0.38489E+00  -0.31101E-01   0.58183E-01   0.57918E+01   0.33853E+02
  106     1.4819   9.4054  -0.39120E+00  -0.31850E-01   0.57434E-01   0.57600E+01   0.34041E+02
  107     1.5035   9.4600  -0.39757E+00  -0.32611E-01   0.56673E-01   0.57286E+01   0.34227E+02
  108     1.5252   9.5139  -0.40399E+00  -0.33383E-01   0.55901E-01   0.56974E+01   0.34412E+02
  109     1.5472   9.5673  -0.41047E+00  -0.34167E-01   0.55116E-01   0.56666E+01   0.34591E+02
  110     1.5693   9.6200  -0.41702E+00  -0.34965E-01   0.54319E-01   0.56362E+01   0.34764E+02
  111     1.5917   9.6722  -0.42361E+00  -0.35775E-01   0.53509E-01   0.56060E+01   0.34933E+02
  112     1.6142   9.7238  -0.43026E+00  -0.36596E-01   0.52688E-01   0.55763E+01   0.35099E+02
  113     1.6369   9.7748  -0.43697E+00  -0.37431E-01   0.51853E-01   0.55468E+01   0.35263E+02
  114     1.6598   9.8252  -0.44375E+00  -0.38279E-01   0.51005E-01   0.55177E+01   0.35421E+02
  115     1.6830   9.8751  -0.45058E+00  -0.39141E-01   0.50143E-01   0.54888E+01   0.35573E+02
  116     1.7063   9.9244  -0.45746E+00  -0.40014E-01   0.49270E-01   0.54604E+01   0.35722E+02
  117     1.7298   9.9731  -0.46441E+00  -0.40901E-01   0.48382E-01   0.54323E+01   0.35868E+02
  118     1.7536  10.0213  -0.47142E+00  -0.41805E-01   0.47479E-01   0.54045E+01   0.36006E+02
  119     1.7775  10.0689  -0.47850E+00  -0.42723E-01   0.46561E-01   0.53772E+01   0.36140E+02
  120     1.8016  10.1160  -0.48564E+00  -0.43652E-01   0.45631E-01   0.53501E+01   0.36272E+02
  121     1.8260  10.1626  -0.49283E+00  -0.44594E-01   0.44689E-01   0.53233E+01   0.36400E+02
  122     1.8506  10.2086  -0.50008E+00  -0.45551E-01   0.43733E-01   0.52969E+01   0.36521E+02
  123     1.8753  10.2541  -0.50739E+00  -0.46522E-01   0.42762E-01   0.52708E+01   0.36637E+02
  124     1.9003  10.2990  -0.51477E+00  -0.47508E-01   0.41776E-01   0.52451E+01   0.36748E+02
  125     1.9256  10.3434  -0.52220E+00  -0.48508E-01   0.40776E-01   0.52197E+01   0.36858E+02
  126     1.9510  10.3873  -0.52970E+00  -0.49521E-01   0.39762E-01   0.51947E+01   0.36958E+02
  127     1.9766  10.4307  -0.53726E+00  -0.50550E-01   0.38734E-01   0.51699E+01   0.37051E+02
  128     2.0025  10.4736  -0.54488E+00  -0.51592E-01   0.37692E-01   0.51455E+01   0.37139E+02
  129     2.0286  10.5160  -0.55256E+00  -0.52649E-01   0.36634E-01   0.51214E+01   0.37221E+02
  130     2.0550  10.5579  -0.56031E+00  -0.53722E-01   0.35562E-01   0.50977E+01   0.37298E+02
  131     2.0815  10.5993  -0.56812E+00  -0.54809E-01   0.34475E-01   0.50743E+01   0.37365E+02
  132     2.1083  10.6402  -0.57598E+00  -0.55909E-01   0.33375E-01   0.50513E+01   0.37430E+02
  133     2.1353  10.6806  -0.58391E+00  -0.57026E-01   0.32258E-01   0.50286E+01   0.37493E+02
  134     2.1626  10.7205  -0.59192E+00  -0.58161E-01   0.31123E-01   0.50062E+01   0.37545E+02
  135     2.1901  10.7600  -0.59998E+00  -0.59310E-01   0.29974E-01   0.49842E+01   0.37595E+02
  136     2.2178  10.7990  -0.60811E+00  -0.60472E-01   0.28812E-01   0.49625E+01   0.37638E+02
  137     2.2458  10.8375  -0.61629E+00  -0.61649E-01   0.27634E-01   0.49411E+01   0.37673E+02
  138     2.2740  10.8756  -0.62454E+00  -0.62842E-01   0.26442E-01   0.49200E+01   0.37704E+02
  139     2.3025  10.9132  -0.63284E+00  -0.64047E-01   0.25236E-01   0.48993E+01   0.37730E+02
  140     2.3312  10.9504  -0.64120E+00  -0.65269E-01   0.24015E-01   0.48789E+01   0.37753E+02
  141     2.3602  10.9871  -0.64965E+00  -0.66510E-01   0.22774E-01   0.48588E+01   0.37764E+02
  142     2.3894  11.0234  -0.65816E+00  -0.67767E-01   0.21517E-01   0.48391E+01   0.37769E+02
  143     2.4188  11.0592  -0.66673E+00  -0.69040E-01   0.20243E-01   0.48197E+01   0.37770E+02
  144     2.4486  11.0946  -0.67537E+00  -0.70330E-01   0.18953E-01   0.48006E+01   0.37764E+02
  145     2.4785  11.1296  -0.68407E+00  -0.71635E-01   0.17648E-01   0.47819E+01   0.37755E+02
  146     2.5088  11.1641  -0.69284E+00  -0.72957E-01   0.16327E-01   0.47634E+01   0.37741E+02
  147     2.5393  11.1982  -0.70167E+00  -0.74296E-01   0.14988E-01   0.47453E+01   0.37720E+02
  148     2.5701  11.2320  -0.71058E+00  -0.75652E-01   0.13632E-01   0.47276E+01   0.37690E+02
  149     2.6011  11.2653  -0.71954E+00  -0.77024E-01   0.12259E-01   0.47101E+01   0.37655E+02
  150     2.6324  11.2982  -0.72858E+00  -0.78415E-01   0.10869E-01   0.46930E+01   0.37612E+02
  151     2.6640  11.3306  -0.73768E+00  -0.79822E-01   0.94617E-02   0.46761E+01   0.37562E+02
  152     2.6958  11.3627  -0.74686E+00  -0.81247E-01   0.80367E-02   0.46596E+01   0.37507E+02
  153     2.7280  11.3944  -0.75609E+00  -0.82689E-01   0.65949E-02   0.46434E+01   0.37447E+02
  154     2.7604  11.4258  -0.76539E+00  -0.84147E-01   0.51372E-02   0.46275E+01   0.37382E+02
  155     2.7931  11.4567  -0.77476E+00  -0.85623E-01   0.36610E-02   0.46119E+01   0.37311E+02
  156     2.8260  11.4872  -0.78420E+00  -0.87118E-01   0.21658E-02   0.45966E+01   0.37232E+02
  157     2.8593  11.5174  -0.79371E+00  -0.88631E-01   0.65313E-03   0.45817E+01   0.37147E+02
  158     2.8929  11.5472  -0.80328E+00  -0.90160E-01  -0.87672E-03   0.45670E+01   0.37057E+02
  159     2.9267  11.5766  -0.81293E+00  -0.91708E-01  -0.24242E-02   0.45526E+01   0.36963E+02
  160     2.9608  11.6057  -0.82264E+00  -0.93275E-01  -0.39908E-02   0.45386E+01   0.36860E+02
  161     2.9953  11.6344  -0.83243E+00  -0.94862E-01  -0.55781E-02   0.45248E+01   0.36752E+02
  162     3.0300  11.6628  -0.84228E+00  -0.96468E-01  -0.71841E-02   0.45113E+01   0.36638E+02
  163     3.0651  11.6908  -0.85221E+00  -0.98092E-01  -0.88080E-02   0.44981E+01   0.36517E+02
  164     3.1004  11.7184  -0.86221E+00  -0.99735E-01  -0.10451E-01   0.44852E+01   0.36391E+02
  165     3.1360  11.7458  -0.87228E+00  -0.10140E+00  -0.12115E-01   0.44726E+01   0.36261E+02
  166     3.1720  11.7727  -0.88242E+00  -0.10308E+00  -0.13798E-01   0.44602E+01   0.36123E+02
  167     3.2083  11.7994  -0.89263E+00  -0.10478E+00  -0.15499E-01   0.44482E+01   0.35975E+02
  168     3.2449  11.8257  -0.90291E+00  -0.10650E+00  -0.17219E-01   0.44364E+01   0.35826E+02
  169     3.2818  11.8517  -0.91326E+00  -0.10824E+00  -0.18959E-01   0.44248E+01   0.35670E+02
  170     3.3190  11.8773  -0.92368E+00  -0.11000E+00  -0.20720E-01   0.44136E+01   0.35507E+02
  171     3.3565  11.9026  -0.93418E+00  -0.11179E+00  -0.22501E-01   0.44026E+01   0.35339E+02
  172     3.3944  11.9277  -0.94475E+00  -0.11359E+00  -0.24302E-01   0.43918E+01   0.35168E+02
  173     3.4326  11.9524  -0.95539E+00  -0.11541E+00  -0.26121E-01   0.43813E+01   0.34991E+02
  174     3.4712  11.9768  -0.96610E+00  -0.11725E+00  -0.27962E-01   0.43711E+01   0.34809E+02
  175     3.5100  12.0009  -0.97688E+00  -0.11911E+00  -0.29824E-01   0.43611E+01   0.34621E+02
  176     3.5492  12.0246  -0.98774E+00  -0.12099E+00  -0.31708E-01   0.43513E+01   0.34431E+02
  177     3.5888  12.0481  -0.99868E+00  -0.12290E+00  -0.33611E-01   0.43418E+01   0.34229E+02
  178     3.6287  12.0713  -0.10097E+01  -0.12482E+00  -0.35537E-01   0.43325E+01   0.34035E+02
  179     3.6689  12.0942  -0.10208E+01  -0.12677E+00  -0.37487E-01   0.43235E+01   0.33789E+02
  180     3.7095  12.1169  -0.10319E+01  -0.12874E+00  -0.39455E-01   0.43147E+01   0.33524E+02
  181     3.7505  12.1392  -0.10432E+01  -0.13073E+00  -0.41445E-01   0.43061E+01   0.33401E+02
  182     3.7918  12.1612  -0.10545E+01  -0.13274E+00  -0.43460E-01   0.42977E+01   0.33164E+02
  183     3.8334  12.1830  -0.10659E+01  -0.13478E+00  -0.45495E-01   0.42896E+01   0.32941E+02
  184     3.8754  12.2045  -0.10773E+01  -0.13684E+00  -0.47552E-01   0.42816E+01   0.32706E+02
  185     3.9178  12.2257  -0.10888E+01  -0.13890E+00  -0.49620E-01   0.42739E+01   0.32468E+02
  186     3.9606  12.2467  -0.11001E+01  -0.14089E+00  -0.51610E-01   0.42660E+01   0.32251E+02
  187     4.0037  12.2674  -0.11122E+01  -0.14315E+00  -0.53861E-01   0.42590E+01   0.31979E+02
  188     4.0472  12.2878  -0.11239E+01  -0.14528E+00  -0.56000E-01   0.42519E+01   0.31728E+02
  189     4.0911  12.3080  -0.11358E+01  -0.14746E+00  -0.58173E-01   0.42449E+01   0.31477E+02
  190     4.1353  12.3279  -0.11477E+01  -0.14965E+00  -0.60364E-01   0.42381E+01   0.31214E+02
  191     4.1800  12.3476  -0.11597E+01  -0.15186E+00  -0.62577E-01   0.42315E+01   0.31050E+02
  192     4.2250  12.3670  -0.11718E+01  -0.15410E+00  -0.64816E-01   0.42251E+01   0.30695E+02
  193     4.2705  12.3862  -0.11839E+01  -0.15636E+00  -0.67081E-01   0.42189E+01   0.30429E+02
  194     4.3163  12.4051  -0.11962E+01  -0.15865E+00  -0.69366E-01   0.42128E+01   0.30154E+02
  195     4.3625  12.4238  -0.12085E+01  -0.16096E+00  -0.71677E-01   0.42069E+01   0.29883E+02
  196     4.4091  12.4423  -0.12209E+01  -0.16330E+00  -0.74012E-01   0.42012E+01   0.29610E+02
  197     4.4561  12.4605  -0.12333E+01  -0.16566E+00  -0.76374E-01   0.41956E+01   0.29328E+02
  198     4.5036  12.4785  -0.12459E+01  -0.16804E+00  -0.78758E-01   0.41902E+01   0.29042E+02
  199     4.5514  12.4962  -0.12585E+01  -0.17045E+00  -0.81167E-01   0.41849E+01   0.28757E+02
  200     4.5997  12.5138  -0.12713E+01  -0.17288E+00  -0.83600E-01   0.41798E+01   0.28468E+02
  201     4.6484  12.5311  -0.12841E+01  -0.17535E+00  -0.86061E-01   0.41748E+01   0.28172E+02
  202     4.6975  12.5482  -0.12969E+01  -0.17783E+00  -0.88547E-01   0.41700E+01   0.27879E+02
  203     4.7470  12.5650  -0.13099E+01  -0.18034E+00  -0.91054E-01   0.41653E+01   0.27580E+02
  204     4.7970  12.5817  -0.13229E+01  -0.18287E+00  -0.93589E-01   0.41607E+01   0.27281E+02
  205     4.8474  12.5981  -0.13361E+01  -0.18543E+00  -0.96150E-01   0.41563E+01   0.26980E+02
  206     4.8982  12.6144  -0.13493E+01  -0.18802E+00  -0.98734E-01   0.41520E+01   0.26672E+02
  207     4.9495  12.6304  -0.13626E+01  -0.19063E+00  -0.10135E+00   0.41478E+01   0.26368E+02
  208     5.0012  12.6462  -0.13759E+01  -0.19327E+00  -0.10398E+00   0.41437E+01   0.26060E+02
  209     5.0534  12.6619  -0.13894E+01  -0.19593E+00  -0.10665E+00   0.41398E+01   0.25752E+02
  210     5.1060  12.6773  -0.14029E+01  -0.19862E+00  -0.10934E+00   0.41360E+01   0.25443E+02
  211     5.1591  12.6925  -0.14166E+01  -0.20134E+00  -0.11206E+00   0.41322E+01   0.25130E+02
  212     5.2126  12.7076  -0.14303E+01  -0.20408E+00  -0.11480E+00   0.41286E+01   0.24814E+02
  213     5.2667  12.7224  -0.14441E+01  -0.20685E+00  -0.11757E+00   0.41251E+01   0.24504E+02
  214     5.3211  12.7371  -0.14580E+01  -0.20965E+00  -0.12037E+00   0.41217E+01   0.24190E+02
  215     5.3761  12.7515  -0.14719E+01  -0.21248E+00  -0.12319E+00   0.41184E+01   0.23872E+02
  216     5.4315  12.7658  -0.14860E+01  -0.21533E+00  -0.12605E+00   0.41151E+01   0.23554E+02
  217     5.4874  12.7799  -0.15001E+01  -0.21821E+00  -0.12893E+00   0.41120E+01   0.23243E+02
  218     5.5438  12.7938  -0.15144E+01  -0.22112E+00  -0.13184E+00   0.41090E+01   0.22919E+02
  219     5.6007  12.8076  -0.15287E+01  -0.22405E+00  -0.13477E+00   0.41060E+01   0.22602E+02
  220     5.6581  12.8211  -0.15431E+01  -0.22702E+00  -0.13773E+00   0.41032E+01   0.22281E+02
  221     5.7160  12.8345  -0.15576E+01  -0.23001E+00  -0.14072E+00   0.41004E+01   0.21964E+02
  222     5.7744  12.8477  -0.15722E+01  -0.23304E+00  -0.14376E+00   0.40977E+01   0.21643E+02
  223     5.8333  12.8608  -0.15868E+01  -0.23608E+00  -0.14679E+00   0.40951E+01   0.21327E+02
  224     5.8927  12.8737  -0.16016E+01  -0.23916E+00  -0.14987E+00   0.40925E+01   0.21007E+02
  225     5.9526  12.8864  -0.16164E+01  -0.24226E+00  -0.15298E+00   0.40901E+01   0.20692E+02
  226     6.0131  12.8990  -0.16313E+01  -0.24540E+00  -0.15611E+00   0.40877E+01   0.20364E+02
  227     6.0740  12.9114  -0.16464E+01  -0.24856E+00  -0.15928E+00   0.40854E+01   0.20055E+02
  228     6.1355  12.9236  -0.16615E+01  -0.25176E+00  -0.16247E+00   0.40831E+01   0.19736E+02
  229     6.1976  12.9357  -0.16767E+01  -0.25498E+00  -0.16569E+00   0.40809E+01   0.19419E+02
  230     6.2602  12.9476  -0.16920E+01  -0.25823E+00  -0.16894E+00   0.40788E+01   0.19105E+02
  231     6.3233  12.9594  -0.17074E+01  -0.26151E+00  -0.17222E+00   0.40767E+01   0.18790E+02
  232     6.3869  12.9710  -0.17229E+01  -0.26482E+00  -0.17554E+00   0.40747E+01   0.18479E+02
  233     6.4512  12.9825  -0.17385E+01  -0.26816E+00  -0.17888E+00   0.40727E+01   0.18167E+02
  234     6.5159  12.9938  -0.17541E+01  -0.27153E+00  -0.18225E+00   0.40708E+01   0.17857E+02
  235     6.5813  13.0050  -0.17699E+01  -0.27494E+00  -0.18565E+00   0.40690E+01   0.17549E+02
  236     6.6472  13.0160  -0.17858E+01  -0.27837E+00  -0.18909E+00   0.40672E+01   0.17239E+02
  237     6.7137  13.0269  -0.18017E+01  -0.28184E+00  -0.19255E+00   0.40655E+01   0.16936E+02
  238     6.7807  13.0377  -0.18178E+01  -0.28533E+00  -0.19604E+00   0.40638E+01   0.16628E+02
  239     6.8484  13.0483  -0.18339E+01  -0.28885E+00  -0.19957E+00   0.40622E+01   0.16326E+02
  240     6.9166  13.0588  -0.18501E+01  -0.29241E+00  -0.20313E+00   0.40606E+01   0.16024E+02
  241     6.9854  13.0691  -0.18665E+01  -0.29600E+00  -0.20671E+00   0.40590E+01   0.15724E+02
  242     7.0549  13.0794  -0.18829E+01  -0.29961E+00  -0.21033E+00   0.40575E+01   0.15428E+02
  243     7.1249  13.0894  -0.18994E+01  -0.30326E+00  -0.21398E+00   0.40561E+01   0.15136E+02
  244     7.1955  13.0994  -0.19160E+01  -0.30694E+00  -0.21766E+00   0.40547E+01   0.14843E+02
  245     7.2668  13.1092  -0.19327E+01  -0.31065E+00  -0.22137E+00   0.40533E+01   0.14551E+02
  246     7.3387  13.1189  -0.19496E+01  -0.31440E+00  -0.22512E+00   0.40519E+01   0.14265E+02
  247     7.4112  13.1285  -0.19665E+01  -0.31818E+00  -0.22890E+00   0.40506E+01   0.13980E+02
  248     7.4843  13.1380  -0.19835E+01  -0.32199E+00  -0.23270E+00   0.40494E+01   0.13697E+02
  249     7.5580  13.1473  -0.20006E+01  -0.32583E+00  -0.23655E+00   0.40482E+01   0.13416E+02
  250     7.6324  13.1565  -0.20178E+01  -0.32971E+00  -0.24043E+00   0.40470E+01   0.13137E+02
  251     7.7075  13.1656  -0.20351E+01  -0.33361E+00  -0.24433E+00   0.40458E+01   0.12863E+02
  252     7.7832  13.1746  -0.20525E+01  -0.33756E+00  -0.24827E+00   0.40447E+01   0.12590E+02
  253     7.8596  13.1834  -0.20700E+01  -0.34153E+00  -0.25224E+00   0.40436E+01   0.12321E+02
  254     7.9366  13.1922  -0.20876E+01  -0.34553E+00  -0.25625E+00   0.40425E+01   0.12053E+02
  255     8.0143  13.2008  -0.21053E+01  -0.34957E+00  -0.26029E+00   0.40415E+01   0.11792E+02
  256     8.0926  13.2093  -0.21232E+01  -0.35365E+00  -0.26436E+00   0.40405E+01   0.11532E+02
  257     8.1717  13.2178  -0.21411E+01  -0.35775E+00  -0.26847E+00   0.40395E+01   0.11273E+02
  258     8.2514  13.2261  -0.21591E+01  -0.36189E+00  -0.27261E+00   0.40386E+01   0.11018E+02
  259     8.3319  13.2343  -0.21772E+01  -0.36608E+00  -0.27679E+00   0.40376E+01   0.10769E+02
  260     8.4130  13.2424  -0.21955E+01  -0.37028E+00  -0.28100E+00   0.40367E+01   0.10520E+02
  261     8.4948  13.2503  -0.22138E+01  -0.37453E+00  -0.28524E+00   0.40359E+01   0.10275E+02
  262     8.5774  13.2582  -0.22322E+01  -0.37880E+00  -0.28952E+00   0.40350E+01   0.10033E+02
  263     8.6606  13.2660  -0.22508E+01  -0.38312E+00  -0.29384E+00   0.40342E+01   0.97927E+01
  264     8.7446  13.2737  -0.22694E+01  -0.38747E+00  -0.29818E+00   0.40334E+01   0.95576E+01
  265     8.8293  13.2813  -0.22882E+01  -0.39185E+00  -0.30256E+00   0.40326E+01   0.93262E+01
  266     8.9148  13.2888  -0.23070E+01  -0.39627E+00  -0.30698E+00   0.40318E+01   0.90962E+01
  267     9.0010  13.2962  -0.23260E+01  -0.40072E+00  -0.31143E+00   0.40311E+01   0.88720E+01
  268     9.0879  13.3035  -0.23451E+01  -0.40521E+00  -0.31593E+00   0.40304E+01   0.86515E+01
  269     9.1756  13.3107  -0.23642E+01  -0.40973E+00  -0.32045E+00   0.40297E+01   0.84301E+01
  270     9.2641  13.3178  -0.23835E+01  -0.41429E+00  -0.32501E+00   0.40290E+01   0.82165E+01
  271     9.3534  13.3248  -0.24029E+01  -0.41889E+00  -0.32961E+00   0.40283E+01   0.80042E+01
  272     9.4434  13.3317  -0.24224E+01  -0.42352E+00  -0.33424E+00   0.40277E+01   0.77963E+01
  273     9.5342  13.3386  -0.24420E+01  -0.42819E+00  -0.33890E+00   0.40270E+01   0.75917E+01
  274     9.6257  13.3453  -0.24618E+01  -0.43289E+00  -0.34361E+00   0.40264E+01   0.73906E+01
  275     9.7181  13.3520  -0.24816E+01  -0.43764E+00  -0.34835E+00   0.40258E+01   0.71918E+01
  276     9.8113  13.3586  -0.25016E+01  -0.44241E+00  -0.35313E+00   0.40253E+01   0.69989E+01
  277     9.9053  13.3651  -0.25216E+01  -0.44723E+00  -0.35795E+00   0.40247E+01   0.68083E+01
  278    10.0001  13.3715  -0.25418E+01  -0.45209E+00  -0.36280E+00   0.40241E+01   0.66194E+01
  279    10.0957  13.3778  -0.25621E+01  -0.45698E+00  -0.36769E+00   0.40236E+01   0.64365E+01
  280    10.1922  13.3841  -0.25825E+01  -0.46191E+00  -0.37262E+00   0.40231E+01   0.62557E+01
  281    10.2895  13.3902  -0.26030E+01  -0.46687E+00  -0.37759E+00   0.40226E+01   0.60782E+01
  282    10.3877  13.3963  -0.26236E+01  -0.47187E+00  -0.38259E+00   0.40221E+01   0.59049E+01
  283    10.4867  13.4023  -0.26444E+01  -0.47691E+00  -0.38763E+00   0.40216E+01   0.57348E+01
  284    10.5865  13.4083  -0.26652E+01  -0.48199E+00  -0.39271E+00   0.40211E+01   0.55681E+01
  285    10.6873  13.4141  -0.26862E+01  -0.48711E+00  -0.39783E+00   0.40207E+01   0.54047E+01
  286    10.7889  13.4199  -0.27073E+01  -0.49227E+00  -0.40299E+00   0.40202E+01   0.52450E+01
  287    10.8914  13.4256  -0.27285E+01  -0.49747E+00  -0.40819E+00   0.40198E+01   0.50865E+01
  288    10.9947  13.4312  -0.27498E+01  -0.50270E+00  -0.41342E+00   0.40194E+01   0.49342E+01
  289    11.0990  13.4368  -0.27713E+01  -0.50798E+00  -0.41869E+00   0.40189E+01   0.47840E+01
  290    11.2042  13.4423  -0.27928E+01  -0.51329E+00  -0.42400E+00   0.40185E+01   0.46363E+01
  291    11.3103  13.4477  -0.28145E+01  -0.51864E+00  -0.42936E+00   0.40182E+01   0.44931E+01
  292    11.4173  13.4530  -0.28363E+01  -0.52404E+00  -0.43475E+00   0.40178E+01   0.43530E+01
  293    11.5253  13.4583  -0.28582E+01  -0.52946E+00  -0.44018E+00   0.40174E+01   0.42169E+01
  294    11.6342  13.4635  -0.28803E+01  -0.53494E+00  -0.44566E+00   0.40170E+01   0.40818E+01
  295    11.7440  13.4687  -0.29024E+01  -0.54045E+00  -0.45117E+00   0.40167E+01   0.39509E+01
  296    11.8548  13.4738  -0.29247E+01  -0.54601E+00  -0.45673E+00   0.40163E+01   0.38238E+01
  297    11.9666  13.4788  -0.29471E+01  -0.55160E+00  -0.46232E+00   0.40160E+01   0.36980E+01
  298    12.0793  13.4837  -0.29696E+01  -0.55723E+00  -0.46795E+00   0.40157E+01   0.35761E+01
  299    12.1930  13.4886  -0.29923E+01  -0.56291E+00  -0.47363E+00   0.40153E+01   0.34590E+01
  300    12.3077  13.4934  -0.30151E+01  -0.56862E+00  -0.47934E+00   0.40150E+01   0.33415E+01
  301    12.4234  13.4982  -0.30379E+01  -0.57438E+00  -0.48510E+00   0.40147E+01   0.32301E+01
  302    12.5401  13.5029  -0.30610E+01  -0.58019E+00  -0.49090E+00   0.40144E+01   0.31206E+01
  303    12.6578  13.5075  -0.30841E+01  -0.58602E+00  -0.49674E+00   0.40141E+01   0.30136E+01
  304    12.7766  13.5121  -0.31074E+01  -0.59191E+00  -0.50263E+00   0.40139E+01   0.29098E+01
  305    12.8963  13.5166  -0.31308E+01  -0.59784E+00  -0.50856E+00   0.40136E+01   0.28065E+01
  306    13.0172  13.5211  -0.31544E+01  -0.60381E+00  -0.51453E+00   0.40133E+01   0.27092E+01
  307    13.1390  13.5255  -0.31780E+01  -0.60982E+00  -0.52054E+00   0.40130E+01   0.26120E+01
  308    13.2619  13.5298  -0.32018E+01  -0.61587E+00  -0.52658E+00   0.40128E+01   0.25197E+01
  309    13.3859  13.5341  -0.32257E+01  -0.62197E+00  -0.53269E+00   0.40125E+01   0.24287E+01
  310    13.5110  13.5383  -0.32498E+01  -0.62811E+00  -0.53883E+00   0.40123E+01   0.23413E+01
  311    13.6372  13.5425  -0.32740E+01  -0.63430E+00  -0.54501E+00   0.40121E+01   0.22547E+01
  312    13.7644  13.5466  -0.32983E+01  -0.64052E+00  -0.55124E+00   0.40118E+01   0.21713E+01
  313    13.8928  13.5507  -0.33228E+01  -0.64680E+00  -0.55752E+00   0.40116E+01   0.20907E+01
  314    14.0223  13.5547  -0.33473E+01  -0.65310E+00  -0.56381E+00   0.40114E+01   0.20122E+01
  315    14.1529  13.5587  -0.33720E+01  -0.65946E+00  -0.57018E+00   0.40112E+01   0.19364E+01
  316    14.2846  13.5626  -0.33968E+01  -0.66587E+00  -0.57659E+00   0.40109E+01   0.18627E+01
  317    14.4175  13.5665  -0.34218E+01  -0.67232E+00  -0.58303E+00   0.40107E+01   0.17920E+01
  318    14.5515  13.5703  -0.34470E+01  -0.67883E+00  -0.58954E+00   0.40105E+01   0.17216E+01
  319    14.6867  13.5741  -0.34722E+01  -0.68535E+00  -0.59607E+00   0.40103E+01   0.16552E+01
  320    14.8231  13.5778  -0.34976E+01  -0.69194E+00  -0.60265E+00   0.40101E+01   0.15897E+01
  321    14.9607  13.5815  -0.35231E+01  -0.69857E+00  -0.60928E+00   0.40099E+01   0.15266E+01
  322    15.0994  13.5851  -0.35487E+01  -0.70524E+00  -0.61596E+00   0.40098E+01   0.14663E+01
  323    15.2394  13.5887  -0.35745E+01  -0.71197E+00  -0.62268E+00   0.40096E+01   0.14069E+01
  324    15.3806  13.5922  -0.36005E+01  -0.71873E+00  -0.62945E+00   0.40094E+01   0.13502E+01
  325    15.5230  13.5957  -0.36265E+01  -0.72555E+00  -0.63626E+00   0.40092E+01   0.12948E+01
  326    15.6666  13.5991  -0.36528E+01  -0.73241E+00  -0.64313E+00   0.40091E+01   0.12415E+01
  327    15.8115  13.6025  -0.36791E+01  -0.73932E+00  -0.65004E+00   0.40089E+01   0.11897E+01
  328    15.9577  13.6059  -0.37056E+01  -0.74627E+00  -0.65698E+00   0.40087E+01   0.11403E+01
  329    16.1051  13.6092  -0.37323E+01  -0.75328E+00  -0.66399E+00   0.40086E+01   0.10918E+01
  330    16.2538  13.6124  -0.37590E+01  -0.76032E+00  -0.67104E+00   0.40084E+01   0.10460E+01
  331    16.4038  13.6157  -0.37860E+01  -0.76743E+00  -0.67814E+00   0.40083E+01   0.10011E+01
  332    16.5551  13.6188  -0.38130E+01  -0.77457E+00  -0.68528E+00   0.40081E+01   0.95869E+00
  333    16.7078  13.6220  -0.38403E+01  -0.78178E+00  -0.69249E+00   0.40080E+01   0.91608E+00
  334    16.8617  13.6251  -0.38676E+01  -0.78901E+00  -0.69972E+00   0.40078E+01   0.87646E+00
  335    17.0170  13.6281  -0.38951E+01  -0.79631E+00  -0.70702E+00   0.40077E+01   0.83764E+00
  336    17.1736  13.6312  -0.39228E+01  -0.80364E+00  -0.71435E+00   0.40076E+01   0.80089E+00
  337    17.3316  13.6342  -0.39506E+01  -0.81104E+00  -0.72176E+00   0.40074E+01   0.76510E+00
  338    17.4910  13.6371  -0.39786E+01  -0.81848E+00  -0.72919E+00   0.40073E+01   0.73075E+00
  339    17.6518  13.6400  -0.40067E+01  -0.82598E+00  -0.73670E+00   0.40072E+01   0.69723E+00
  340    17.8139  13.6429  -0.40349E+01  -0.83350E+00  -0.74422E+00   0.40071E+01   0.66544E+00
  341    17.9775  13.6457  -0.40633E+01  -0.84109E+00  -0.75181E+00   0.40069E+01   0.63430E+00
  342    18.1425  13.6485  -0.40919E+01  -0.84873E+00  -0.75945E+00   0.40068E+01   0.60595E+00
  343    18.3089  13.6513  -0.41206E+01  -0.85642E+00  -0.76714E+00   0.40067E+01   0.57715E+00
  344    18.4768  13.6540  -0.41496E+01  -0.86422E+00  -0.77493E+00   0.40066E+01   0.54990E+00
  345    18.6461  13.6567  -0.41784E+01  -0.87195E+00  -0.78267E+00   0.40065E+01   0.52389E+00
  346    18.8169  13.6593  -0.42076E+01  -0.87981E+00  -0.79052E+00   0.40064E+01   0.49849E+00
  347    18.9892  13.6619  -0.42370E+01  -0.88772E+00  -0.79844E+00   0.40063E+01   0.47506E+00
  348    19.1630  13.6645  -0.42664E+01  -0.89565E+00  -0.80636E+00   0.40062E+01   0.45212E+00
  349    19.3383  13.6671  -0.42960E+01  -0.90365E+00  -0.81437E+00   0.40061E+01   0.42986E+00
  350    19.5151  13.6696  -0.43258E+01  -0.91170E+00  -0.82242E+00   0.40060E+01   0.40950E+00
  351    19.6934  13.6721  -0.43558E+01  -0.91981E+00  -0.83053E+00   0.40059E+01   0.38874E+00
  352    19.8734  13.6745  -0.43861E+01  -0.92802E+00  -0.83873E+00   0.40058E+01   0.36916E+00
  353    20.0548  13.6770  -0.44162E+01  -0.93618E+00  -0.84690E+00   0.40057E+01   0.35071E+00
  354    20.2379  13.6794  -0.44466E+01  -0.94444E+00  -0.85516E+00   0.40056E+01   0.33288E+00
  355    20.4225  13.6817  -0.44772E+01  -0.95277E+00  -0.86348E+00   0.40055E+01   0.31619E+00
  356    20.6088  13.6840  -0.45080E+01  -0.96114E+00  -0.87186E+00   0.40054E+01   0.30007E+00
  357    20.7966  13.6863  -0.45389E+01  -0.96957E+00  -0.88029E+00   0.40053E+01   0.28452E+00
  358    20.9861  13.6886  -0.45700E+01  -0.97805E+00  -0.88877E+00   0.40053E+01   0.26966E+00
  359    21.1773  13.6909  -0.46012E+01  -0.98659E+00  -0.89730E+00   0.40052E+01   0.25553E+00
  360    21.3701  13.6931  -0.46326E+01  -0.99517E+00  -0.90589E+00   0.40051E+01   0.24223E+00
  361    21.5646  13.6953  -0.46642E+01  -0.10039E+01  -0.91459E+00   0.40000E+01   0.22941E+00
  362    21.7607  13.6974  -0.46960E+01  -0.10126E+01  -0.92331E+00   0.40000E+01   0.21707E+00
  363    21.9586  13.6995  -0.47279E+01  -0.10213E+01  -0.93206E+00   0.40000E+01   0.20553E+00
  364    22.1582  13.7016  -0.47599E+01  -0.10301E+01  -0.94087E+00   0.40000E+01   0.19429E+00
  365    22.3596  13.7037  -0.47922E+01  -0.10390E+01  -0.94974E+00   0.40000E+01   0.18367E+00
  366    22.5626  13.7058  -0.48246E+01  -0.10479E+01  -0.95867E+00   0.40000E+01   0.17371E+00
  367    22.7675  13.7078  -0.48572E+01  -0.10569E+01  -0.96764E+00   0.40000E+01   0.16402E+00
  368    22.9741  13.7098  -0.48899E+01  -0.10660E+01  -0.97669E+00   0.40000E+01   0.15494E+00
  369    23.1825  13.7117  -0.49228E+01  -0.10751E+01  -0.98577E+00   0.40000E+01   0.14630E+00
  370    23.3928  13.7137  -0.49559E+01  -0.10842E+01  -0.99493E+00   0.40000E+01   0.13800E+00
  371    23.6049  13.7156  -0.49892E+01  -0.10934E+01  -0.10041E+01   0.40000E+01   0.13028E+00
  372    23.8188  13.7175  -0.50227E+01  -0.11027E+01  -0.10134E+01   0.40000E+01   0.12279E+00
  373    24.0345  13.7194  -0.50563E+01  -0.11120E+01  -0.10228E+01   0.40000E+01   0.11565E+00
  374    24.2522  13.7212  -0.50901E+01  -0.11214E+01  -0.10321E+01   0.40000E+01   0.10898E+00
  375    24.4717  13.7230  -0.51241E+01  -0.11309E+01  -0.10416E+01   0.40000E+01   0.10264E+00
  376    24.6932  13.7248  -0.51582E+01  -0.11404E+01  -0.10511E+01   0.40000E+01   0.96604E-01
  377    24.9166  13.7266  -0.51926E+01  -0.11499E+01  -0.10607E+01   0.40000E+01   0.90915E-01
  378    25.1419  13.7284  -0.52270E+01  -0.11595E+01  -0.10703E+01   0.40000E+01   0.85534E-01
  379    25.3691  13.7301  -0.52617E+01  -0.11692E+01  -0.10799E+01   0.40000E+01   0.80419E-01
  380    25.5984  13.7318  -0.52966E+01  -0.11790E+01  -0.10897E+01   0.40000E+01   0.75568E-01
  381    25.8296  13.7335  -0.53316E+01  -0.11888E+01  -0.10995E+01   0.40000E+01   0.70932E-01
  382    26.0629  13.7351  -0.53668E+01  -0.11986E+01  -0.11093E+01   0.40000E+01   0.66640E-01
  383    26.2982  13.7368  -0.54022E+01  -0.12085E+01  -0.11192E+01   0.40000E+01   0.62526E-01
  384    26.5355  13.7384  -0.54379E+01  -0.12185E+01  -0.11293E+01   0.40000E+01   0.58644E-01
  385    26.7749  13.7400  -0.54736E+01  -0.12286E+01  -0.11393E+01   0.40000E+01   0.54999E-01
  386    27.0164  13.7416  -0.55095E+01  -0.12387E+01  -0.11494E+01   0.40000E+01   0.51536E-01
  387    27.2599  13.7431  -0.55456E+01  -0.12488E+01  -0.11595E+01   0.40000E+01   0.48324E-01
  388    27.5056  13.7447  -0.55819E+01  -0.12591E+01  -0.11698E+01   0.40000E+01   0.45258E-01
  389    27.7534  13.7462  -0.56185E+01  -0.12693E+01  -0.11801E+01   0.40000E+01   0.42367E-01
  390    28.0034  13.7477  -0.56552E+01  -0.12797E+01  -0.11904E+01   0.40000E+01   0.39624E-01
  391    28.2556  13.7492  -0.56920E+01  -0.12901E+01  -0.12008E+01   0.40000E+01   0.37080E-01
  392    28.5099  13.7506  -0.57291E+01  -0.13006E+01  -0.12113E+01   0.40000E+01   0.34688E-01
  393    28.7665  13.7521  -0.57663E+01  -0.13111E+01  -0.12218E+01   0.40000E+01   0.32395E-01
  394    29.0253  13.7535  -0.58038E+01  -0.13217E+01  -0.12324E+01   0.40000E+01   0.30240E-01
  395    29.2863  13.7549  -0.58414E+01  -0.13324E+01  -0.12431E+01   0.40000E+01   0.28265E-01
  396    29.5496  13.7563  -0.58791E+01  -0.13431E+01  -0.12538E+01   0.40000E+01   0.26383E-01
  397    29.8152  13.7577  -0.59172E+01  -0.13539E+01  -0.12646E+01   0.40000E+01   0.24593E-01
  398    30.0831  13.7590  -0.59554E+01  -0.13648E+01  -0.12755E+01   0.40000E+01   0.22927E-01
  399    30.3534  13.7604  -0.59938E+01  -0.13756E+01  -0.12864E+01   0.40000E+01   0.21402E-01
  400    30.6259  13.7617  -0.60324E+01  -0.13867E+01  -0.12974E+01   0.40000E+01   0.19916E-01
