    1     0.0001   0.0014  -0.15259E-04   0.00000E+00   0.86458E-01   0.10569E+02   0.11520E+02
    2     0.0088   0.1221  -0.14146E-02  -0.18561E-04   0.86439E-01   0.10506E+02   0.12464E+02
    3     0.0176   0.2423  -0.29511E-02  -0.64047E-04   0.86394E-01   0.10443E+02   0.13150E+02
    4     0.0264   0.3621  -0.45666E-02  -0.12145E-03   0.86336E-01   0.10382E+02   0.13673E+02
    5     0.0353   0.4814  -0.62466E-02  -0.18722E-03   0.86270E-01   0.10320E+02   0.14155E+02
    6     0.0443   0.6003  -0.79745E-02  -0.25738E-03   0.86200E-01   0.10260E+02   0.14569E+02
    7     0.0534   0.7188  -0.97477E-02  -0.33116E-03   0.86126E-01   0.10199E+02   0.14944E+02
    8     0.0626   0.8368  -0.11564E-01  -0.40828E-03   0.86049E-01   0.10139E+02   0.15302E+02
    9     0.0718   0.9543  -0.13424E-01  -0.48825E-03   0.85969E-01   0.10079E+02   0.15655E+02
   10     0.0811   1.0713  -0.15324E-01  -0.57108E-03   0.85887E-01   0.10019E+02   0.15994E+02
   11     0.0905   1.1879  -0.17264E-01  -0.65611E-03   0.85802E-01   0.99597E+01   0.16329E+02
   12     0.1000   1.3039  -0.19244E-01  -0.74356E-03   0.85714E-01   0.99006E+01   0.16654E+02
   13     0.1096   1.4195  -0.21263E-01  -0.83368E-03   0.85624E-01   0.98418E+01   0.16980E+02
   14     0.1192   1.5346  -0.23331E-01  -0.92859E-03   0.85529E-01   0.97833E+01   0.17312E+02
   15     0.1290   1.6491  -0.25425E-01  -0.10228E-02   0.85435E-01   0.97249E+01   0.17629E+02
   16     0.1388   1.7632  -0.27559E-01  -0.11199E-02   0.85338E-01   0.96668E+01   0.17951E+02
   17     0.1487   1.8767  -0.29732E-01  -0.12195E-02   0.85238E-01   0.96091E+01   0.18267E+02
   18     0.1587   1.9897  -0.31943E-01  -0.13217E-02   0.85136E-01   0.95515E+01   0.18590E+02
   19     0.1687   2.1021  -0.34193E-01  -0.14268E-02   0.85031E-01   0.94942E+01   0.18910E+02
   20     0.1789   2.2140  -0.36482E-01  -0.15346E-02   0.84923E-01   0.94372E+01   0.19227E+02
   21     0.1891   2.3254  -0.38811E-01  -0.16457E-02   0.84812E-01   0.93805E+01   0.19551E+02
   22     0.1995   2.4362  -0.41178E-01  -0.17596E-02   0.84698E-01   0.93240E+01   0.19871E+02
   23     0.2099   2.5465  -0.43585E-01  -0.18764E-02   0.84581E-01   0.92678E+01   0.20193E+02
   24     0.2204   2.6562  -0.46031E-01  -0.19964E-02   0.84461E-01   0.92119E+01   0.20517E+02
   25     0.2310   2.7653  -0.48517E-01  -0.21197E-02   0.84338E-01   0.91562E+01   0.20843E+02
   26     0.2417   2.8738  -0.51042E-01  -0.22468E-02   0.84211E-01   0.91008E+01   0.21171E+02
   27     0.2525   2.9818  -0.53608E-01  -0.23773E-02   0.84080E-01   0.90457E+01   0.21497E+02
   28     0.2634   3.0892  -0.56213E-01  -0.25115E-02   0.83946E-01   0.89908E+01   0.21827E+02
   29     0.2744   3.1959  -0.58859E-01  -0.26493E-02   0.83808E-01   0.89362E+01   0.22159E+02
   30     0.2855   3.3021  -0.61546E-01  -0.27911E-02   0.83667E-01   0.88819E+01   0.22492E+02
   31     0.2967   3.4077  -0.64273E-01  -0.29371E-02   0.83521E-01   0.88279E+01   0.22825E+02
   32     0.3079   3.5127  -0.67042E-01  -0.30876E-02   0.83370E-01   0.87741E+01   0.23161E+02
   33     0.3193   3.6170  -0.69837E-01  -0.32385E-02   0.83219E-01   0.87205E+01   0.23500E+02
   34     0.3308   3.7207  -0.72689E-01  -0.33975E-02   0.83060E-01   0.86673E+01   0.23839E+02
   35     0.3423   3.8238  -0.75582E-01  -0.35611E-02   0.82897E-01   0.86144E+01   0.24175E+02
   36     0.3540   3.9263  -0.78518E-01  -0.37297E-02   0.82728E-01   0.85617E+01   0.24519E+02
   37     0.3658   4.0281  -0.81496E-01  -0.39031E-02   0.82555E-01   0.85094E+01   0.24862E+02
   38     0.3777   4.1293  -0.84517E-01  -0.40817E-02   0.82376E-01   0.84573E+01   0.25206E+02
   39     0.3896   4.2299  -0.87580E-01  -0.42649E-02   0.82193E-01   0.84055E+01   0.25553E+02
   40     0.4017   4.3298  -0.90688E-01  -0.44536E-02   0.82004E-01   0.83540E+01   0.25901E+02
   41     0.4139   4.4291  -0.93838E-01  -0.46479E-02   0.81810E-01   0.83028E+01   0.26251E+02
   42     0.4262   4.5276  -0.97033E-01  -0.48479E-02   0.81610E-01   0.82519E+01   0.26603E+02
   43     0.4386   4.6256  -0.10027E+00  -0.50533E-02   0.81404E-01   0.82013E+01   0.26953E+02
   44     0.4511   4.7229  -0.10355E+00  -0.52645E-02   0.81193E-01   0.81510E+01   0.27305E+02
   45     0.4637   4.8195  -0.10688E+00  -0.54818E-02   0.80976E-01   0.81010E+01   0.27661E+02
   46     0.4764   4.9154  -0.11025E+00  -0.57051E-02   0.80753E-01   0.80512E+01   0.28017E+02
   47     0.4893   5.0106  -0.11367E+00  -0.59343E-02   0.80523E-01   0.80017E+01   0.28375E+02
   48     0.5022   5.1052  -0.11713E+00  -0.61695E-02   0.80288E-01   0.79526E+01   0.28732E+02
   49     0.5153   5.1991  -0.12064E+00  -0.64111E-02   0.80047E-01   0.79038E+01   0.29089E+02
   50     0.5285   5.2923  -0.12419E+00  -0.66597E-02   0.79798E-01   0.78553E+01   0.29452E+02
   51     0.5417   5.3849  -0.12779E+00  -0.69149E-02   0.79543E-01   0.78071E+01   0.29809E+02
   52     0.5552   5.4767  -0.13143E+00  -0.71765E-02   0.79281E-01   0.77592E+01   0.30170E+02
   53     0.5687   5.5679  -0.13513E+00  -0.74450E-02   0.79013E-01   0.77116E+01   0.30535E+02
   54     0.5823   5.6583  -0.13886E+00  -0.77204E-02   0.78737E-01   0.76642E+01   0.30894E+02
   55     0.5961   5.7481  -0.14265E+00  -0.80027E-02   0.78455E-01   0.76172E+01   0.31258E+02
   56     0.6099   5.8371  -0.14648E+00  -0.82924E-02   0.78165E-01   0.75706E+01   0.31624E+02
   57     0.6239   5.9255  -0.15036E+00  -0.85900E-02   0.77868E-01   0.75242E+01   0.31988E+02
   58     0.6381   6.0132  -0.15429E+00  -0.88951E-02   0.77563E-01   0.74781E+01   0.32354E+02
   59     0.6523   6.1001  -0.15826E+00  -0.92074E-02   0.77250E-01   0.74324E+01   0.32719E+02
   60     0.6667   6.1864  -0.16229E+00  -0.95276E-02   0.76930E-01   0.73870E+01   0.33083E+02
   61     0.6812   6.2719  -0.16636E+00  -0.98556E-02   0.76602E-01   0.73419E+01   0.33449E+02
   62     0.6958   6.3568  -0.17048E+00  -0.10192E-01   0.76266E-01   0.72971E+01   0.33813E+02
   63     0.7105   6.4409  -0.17465E+00  -0.10536E-01   0.75922E-01   0.72526E+01   0.34181E+02
   64     0.7254   6.5244  -0.17888E+00  -0.10888E-01   0.75569E-01   0.72084E+01   0.34544E+02
   65     0.7404   6.6071  -0.18315E+00  -0.11250E-01   0.75208E-01   0.71646E+01   0.34910E+02
   66     0.7555   6.6891  -0.18747E+00  -0.11619E-01   0.74839E-01   0.71211E+01   0.35273E+02
   67     0.7708   6.7704  -0.19184E+00  -0.11997E-01   0.74461E-01   0.70779E+01   0.35637E+02
   68     0.7862   6.8511  -0.19626E+00  -0.12383E-01   0.74074E-01   0.70350E+01   0.36002E+02
   69     0.8017   6.9310  -0.20073E+00  -0.12778E-01   0.73679E-01   0.69925E+01   0.36365E+02
   70     0.8174   7.0102  -0.20525E+00  -0.13182E-01   0.73276E-01   0.69503E+01   0.36727E+02
   71     0.8332   7.0886  -0.20983E+00  -0.13595E-01   0.72863E-01   0.69084E+01   0.37090E+02
   72     0.8491   7.1664  -0.21445E+00  -0.14017E-01   0.72440E-01   0.68667E+01   0.37449E+02
   73     0.8652   7.2435  -0.21913E+00  -0.14449E-01   0.72008E-01   0.68255E+01   0.37809E+02
   74     0.8814   7.3199  -0.22386E+00  -0.14891E-01   0.71567E-01   0.67846E+01   0.38166E+02
   75     0.8977   7.3956  -0.22864E+00  -0.15341E-01   0.71116E-01   0.67440E+01   0.38521E+02
   76     0.9142   7.4705  -0.23347E+00  -0.15801E-01   0.70657E-01   0.67037E+01   0.38876E+02
   77     0.9309   7.5448  -0.23836E+00  -0.16270E-01   0.70188E-01   0.66638E+01   0.39227E+02
   78     0.9477   7.6184  -0.24330E+00  -0.16750E-01   0.69708E-01   0.66241E+01   0.39577E+02
   79     0.9646   7.6913  -0.24829E+00  -0.17239E-01   0.69219E-01   0.65849E+01   0.39925E+02
   80     0.9817   7.7635  -0.25334E+00  -0.17739E-01   0.68719E-01   0.65459E+01   0.40270E+02
   81     0.9989   7.8350  -0.25844E+00  -0.18249E-01   0.68209E-01   0.65073E+01   0.40617E+02
   82     1.0163   7.9058  -0.26359E+00  -0.18768E-01   0.67689E-01   0.64690E+01   0.40959E+02
   83     1.0338   7.9759  -0.26880E+00  -0.19298E-01   0.67159E-01   0.64310E+01   0.41297E+02
   84     1.0515   8.0453  -0.27406E+00  -0.19839E-01   0.66619E-01   0.63934E+01   0.41632E+02
   85     1.0693   8.1141  -0.27937E+00  -0.20390E-01   0.66068E-01   0.63561E+01   0.41966E+02
   86     1.0873   8.1821  -0.28474E+00  -0.20951E-01   0.65507E-01   0.63191E+01   0.42294E+02
   87     1.1055   8.2495  -0.29016E+00  -0.21524E-01   0.64934E-01   0.62824E+01   0.42622E+02
   88     1.1238   8.3162  -0.29564E+00  -0.22106E-01   0.64351E-01   0.62461E+01   0.42945E+02
   89     1.1423   8.3823  -0.30118E+00  -0.22700E-01   0.63758E-01   0.62101E+01   0.43265E+02
   90     1.1609   8.4477  -0.30676E+00  -0.23304E-01   0.63153E-01   0.61744E+01   0.43584E+02
   91     1.1797   8.5124  -0.31240E+00  -0.23920E-01   0.62538E-01   0.61391E+01   0.43896E+02
   92     1.1986   8.5764  -0.31810E+00  -0.24547E-01   0.61911E-01   0.61040E+01   0.44206E+02
   93     1.2177   8.6398  -0.32385E+00  -0.25185E-01   0.61273E-01   0.60693E+01   0.44510E+02
   94     1.2370   8.7025  -0.32966E+00  -0.25834E-01   0.60624E-01   0.60350E+01   0.44813E+02
   95     1.2565   8.7646  -0.33553E+00  -0.26494E-01   0.59964E-01   0.60010E+01   0.45113E+02
   96     1.2761   8.8260  -0.34145E+00  -0.27166E-01   0.59292E-01   0.59673E+01   0.45404E+02
   97     1.2959   8.8868  -0.34743E+00  -0.27850E-01   0.58608E-01   0.59340E+01   0.45694E+02
   98     1.3158   8.9469  -0.35346E+00  -0.28545E-01   0.57912E-01   0.59009E+01   0.45978E+02
   99     1.3360   9.0065  -0.35955E+00  -0.29252E-01   0.57205E-01   0.58682E+01   0.46257E+02
  100     1.3563   9.0653  -0.36570E+00  -0.29972E-01   0.56486E-01   0.58358E+01   0.46532E+02
  101     1.3767   9.1236  -0.37190E+00  -0.30704E-01   0.55754E-01   0.58038E+01   0.46805E+02
  102     1.3974   9.1812  -0.37817E+00  -0.31447E-01   0.55010E-01   0.57721E+01   0.47070E+02
  103     1.4183   9.2382  -0.38449E+00  -0.32203E-01   0.54255E-01   0.57407E+01   0.47331E+02
  104     1.4393   9.2945  -0.39087E+00  -0.32972E-01   0.53486E-01   0.57096E+01   0.47585E+02
  105     1.4605   9.3503  -0.39730E+00  -0.33753E-01   0.52704E-01   0.56789E+01   0.47835E+02
  106     1.4819   9.4054  -0.40380E+00  -0.34547E-01   0.51911E-01   0.56485E+01   0.48082E+02
  107     1.5035   9.4600  -0.41035E+00  -0.35353E-01   0.51105E-01   0.56185E+01   0.48323E+02
  108     1.5252   9.5139  -0.41696E+00  -0.36172E-01   0.50286E-01   0.55887E+01   0.48557E+02
  109     1.5472   9.5673  -0.42364E+00  -0.37004E-01   0.49454E-01   0.55594E+01   0.48785E+02
  110     1.5693   9.6200  -0.43037E+00  -0.37849E-01   0.48609E-01   0.55303E+01   0.49007E+02
  111     1.5917   9.6722  -0.43716E+00  -0.38707E-01   0.47750E-01   0.55016E+01   0.49224E+02
  112     1.6142   9.7238  -0.44401E+00  -0.39580E-01   0.46878E-01   0.54732E+01   0.49435E+02
  113     1.6369   9.7748  -0.45092E+00  -0.40464E-01   0.45993E-01   0.54452E+01   0.49639E+02
  114     1.6598   9.8252  -0.45789E+00  -0.41362E-01   0.45096E-01   0.54174E+01   0.49835E+02
  115     1.6830   9.8751  -0.46492E+00  -0.42273E-01   0.44184E-01   0.53900E+01   0.50026E+02
  116     1.7063   9.9244  -0.47201E+00  -0.43199E-01   0.43258E-01   0.53630E+01   0.50211E+02
  117     1.7298   9.9731  -0.47916E+00  -0.44139E-01   0.42318E-01   0.53363E+01   0.50388E+02
  118     1.7536  10.0213  -0.48638E+00  -0.45093E-01   0.41365E-01   0.53099E+01   0.50554E+02
  119     1.7775  10.0689  -0.49365E+00  -0.46060E-01   0.40397E-01   0.52838E+01   0.50716E+02
  120     1.8016  10.1160  -0.50099E+00  -0.47042E-01   0.39416E-01   0.52581E+01   0.50868E+02
  121     1.8260  10.1626  -0.50839E+00  -0.48039E-01   0.38419E-01   0.52327E+01   0.51012E+02
  122     1.8506  10.2086  -0.51585E+00  -0.49049E-01   0.37409E-01   0.52076E+01   0.51150E+02
  123     1.8753  10.2541  -0.52336E+00  -0.50073E-01   0.36385E-01   0.51829E+01   0.51284E+02
  124     1.9003  10.2990  -0.53095E+00  -0.51112E-01   0.35346E-01   0.51585E+01   0.51406E+02
  125     1.9256  10.3434  -0.53860E+00  -0.52166E-01   0.34292E-01   0.51344E+01   0.51518E+02
  126     1.9510  10.3873  -0.54630E+00  -0.53234E-01   0.33223E-01   0.51107E+01   0.51624E+02
  127     1.9766  10.4307  -0.55407E+00  -0.54316E-01   0.32142E-01   0.50873E+01   0.51730E+02
  128     2.0025  10.4736  -0.56190E+00  -0.55412E-01   0.31046E-01   0.50642E+01   0.51825E+02
  129     2.0286  10.5160  -0.56979E+00  -0.56524E-01   0.29934E-01   0.50414E+01   0.51906E+02
  130     2.0550  10.5579  -0.57774E+00  -0.57649E-01   0.28809E-01   0.50190E+01   0.51985E+02
  131     2.0815  10.5993  -0.58575E+00  -0.58789E-01   0.27669E-01   0.49969E+01   0.52055E+02
  132     2.1083  10.6402  -0.59383E+00  -0.59945E-01   0.26513E-01   0.49751E+01   0.52117E+02
  133     2.1353  10.6806  -0.60198E+00  -0.61117E-01   0.25341E-01   0.49536E+01   0.52172E+02
  134     2.1626  10.7205  -0.61018E+00  -0.62302E-01   0.24155E-01   0.49325E+01   0.52217E+02
  135     2.1901  10.7600  -0.61845E+00  -0.63506E-01   0.22952E-01   0.49117E+01   0.52256E+02
  136     2.2178  10.7990  -0.62680E+00  -0.64728E-01   0.21729E-01   0.48913E+01   0.52283E+02
  137     2.2458  10.8375  -0.63521E+00  -0.65964E-01   0.20493E-01   0.48712E+01   0.52305E+02
  138     2.2740  10.8756  -0.64367E+00  -0.67215E-01   0.19243E-01   0.48514E+01   0.52323E+02
  139     2.3025  10.9132  -0.65221E+00  -0.68482E-01   0.17976E-01   0.48319E+01   0.52327E+02
  140     2.3312  10.9504  -0.66081E+00  -0.69766E-01   0.16691E-01   0.48128E+01   0.52326E+02
  141     2.3602  10.9871  -0.66947E+00  -0.71067E-01   0.15390E-01   0.47939E+01   0.52320E+02
  142     2.3894  11.0234  -0.67821E+00  -0.72384E-01   0.14074E-01   0.47754E+01   0.52303E+02
  143     2.4188  11.0592  -0.68701E+00  -0.73718E-01   0.12740E-01   0.47572E+01   0.52270E+02
  144     2.4486  11.0946  -0.69587E+00  -0.75067E-01   0.11390E-01   0.47394E+01   0.52228E+02
  145     2.4785  11.1296  -0.70480E+00  -0.76435E-01   0.10023E-01   0.47218E+01   0.52182E+02
  146     2.5088  11.1641  -0.71380E+00  -0.77820E-01   0.86379E-02   0.47046E+01   0.52122E+02
  147     2.5393  11.1982  -0.72286E+00  -0.79220E-01   0.72377E-02   0.46876E+01   0.52053E+02
  148     2.5701  11.2320  -0.73199E+00  -0.80637E-01   0.58204E-02   0.46710E+01   0.51982E+02
  149     2.6011  11.2653  -0.74120E+00  -0.82076E-01   0.43813E-02   0.46547E+01   0.51899E+02
  150     2.6324  11.2982  -0.75048E+00  -0.83532E-01   0.29259E-02   0.46388E+01   0.51810E+02
  151     2.6640  11.3306  -0.75981E+00  -0.85002E-01   0.14556E-02   0.46231E+01   0.51712E+02
  152     2.6958  11.3627  -0.76921E+00  -0.86490E-01  -0.32641E-04   0.46077E+01   0.51603E+02
  153     2.7280  11.3944  -0.77867E+00  -0.87994E-01  -0.15368E-02   0.45926E+01   0.51487E+02
  154     2.7604  11.4258  -0.78820E+00  -0.89513E-01  -0.30556E-02   0.45778E+01   0.51368E+02
  155     2.7931  11.4567  -0.79780E+00  -0.91055E-01  -0.45974E-02   0.45633E+01   0.51234E+02
  156     2.8260  11.4872  -0.80748E+00  -0.92616E-01  -0.61588E-02   0.45491E+01   0.51090E+02
  157     2.8593  11.5174  -0.81723E+00  -0.94196E-01  -0.77382E-02   0.45352E+01   0.50941E+02
  158     2.8929  11.5472  -0.82705E+00  -0.95794E-01  -0.93366E-02   0.45216E+01   0.50785E+02
  159     2.9267  11.5766  -0.83693E+00  -0.97410E-01  -0.10952E-01   0.45082E+01   0.50623E+02
  160     2.9608  11.6057  -0.84689E+00  -0.99044E-01  -0.12587E-01   0.44952E+01   0.50453E+02
  161     2.9953  11.6344  -0.85691E+00  -0.10070E+00  -0.14241E-01   0.44825E+01   0.50272E+02
  162     3.0300  11.6628  -0.86701E+00  -0.10237E+00  -0.15915E-01   0.44700E+01   0.50083E+02
  163     3.0651  11.6908  -0.87718E+00  -0.10407E+00  -0.17608E-01   0.44578E+01   0.49884E+02
  164     3.1004  11.7184  -0.88742E+00  -0.10578E+00  -0.19321E-01   0.44458E+01   0.49675E+02
  165     3.1360  11.7458  -0.89774E+00  -0.10751E+00  -0.21053E-01   0.44342E+01   0.49461E+02
  166     3.1720  11.7727  -0.90812E+00  -0.10926E+00  -0.22805E-01   0.44228E+01   0.49243E+02
  167     3.2083  11.7994  -0.91856E+00  -0.11103E+00  -0.24574E-01   0.44116E+01   0.49013E+02
  168     3.2449  11.8257  -0.92909E+00  -0.11282E+00  -0.26365E-01   0.44007E+01   0.48779E+02
  169     3.2818  11.8517  -0.93969E+00  -0.11464E+00  -0.28178E-01   0.43901E+01   0.48534E+02
  170     3.3190  11.8773  -0.95036E+00  -0.11647E+00  -0.30009E-01   0.43797E+01   0.48282E+02
  171     3.3565  11.9026  -0.96109E+00  -0.11832E+00  -0.31859E-01   0.43696E+01   0.48026E+02
  172     3.3944  11.9277  -0.97191E+00  -0.12019E+00  -0.33731E-01   0.43597E+01   0.47764E+02
  173     3.4326  11.9524  -0.98280E+00  -0.12208E+00  -0.35627E-01   0.43501E+01   0.47490E+02
  174     3.4712  11.9768  -0.99377E+00  -0.12400E+00  -0.37543E-01   0.43407E+01   0.47210E+02
  175     3.5100  12.0009  -0.10048E+01  -0.12594E+00  -0.39479E-01   0.43315E+01   0.46924E+02
  176     3.5492  12.0246  -0.10159E+01  -0.12790E+00  -0.41438E-01   0.43225E+01   0.46635E+02
  177     3.5888  12.0481  -0.10271E+01  -0.12988E+00  -0.43419E-01   0.43138E+01   0.46336E+02
  178     3.6287  12.0713  -0.10384E+01  -0.13188E+00  -0.45420E-01   0.43053E+01   0.46027E+02
  179     3.6689  12.0942  -0.10497E+01  -0.13390E+00  -0.47442E-01   0.42970E+01   0.45712E+02
  180     3.7095  12.1169  -0.10611E+01  -0.13594E+00  -0.49487E-01   0.42889E+01   0.45393E+02
  181     3.7505  12.1392  -0.10726E+01  -0.13801E+00  -0.51554E-01   0.42810E+01   0.45067E+02
  182     3.7918  12.1612  -0.10842E+01  -0.14010E+00  -0.53644E-01   0.42734E+01   0.44733E+02
  183     3.8334  12.1830  -0.10958E+01  -0.14221E+00  -0.55755E-01   0.42659E+01   0.44396E+02
  184     3.8754  12.2045  -0.11075E+01  -0.14434E+00  -0.57887E-01   0.42586E+01   0.44057E+02
  185     3.9178  12.2257  -0.11193E+01  -0.14650E+00  -0.60043E-01   0.42515E+01   0.43708E+02
  186     3.9606  12.2467  -0.11312E+01  -0.14868E+00  -0.62223E-01   0.42446E+01   0.43356E+02
  187     4.0037  12.2674  -0.11431E+01  -0.15088E+00  -0.64426E-01   0.42379E+01   0.42999E+02
  188     4.0472  12.2878  -0.11552E+01  -0.15311E+00  -0.66651E-01   0.42314E+01   0.42631E+02
  189     4.0911  12.3080  -0.11673E+01  -0.15536E+00  -0.68903E-01   0.42250E+01   0.42266E+02
  190     4.1353  12.3279  -0.11795E+01  -0.15763E+00  -0.71176E-01   0.42189E+01   0.41776E+02
  191     4.1800  12.3476  -0.11917E+01  -0.15993E+00  -0.73473E-01   0.42129E+01   0.41524E+02
  192     4.2250  12.3670  -0.12041E+01  -0.16225E+00  -0.75796E-01   0.42070E+01   0.41127E+02
  193     4.2705  12.3862  -0.12165E+01  -0.16460E+00  -0.78141E-01   0.42013E+01   0.40748E+02
  194     4.3163  12.4051  -0.12290E+01  -0.16697E+00  -0.80516E-01   0.41958E+01   0.40347E+02
  195     4.3625  12.4238  -0.12415E+01  -0.16932E+00  -0.82863E-01   0.41903E+01   0.39963E+02
  196     4.4091  12.4423  -0.12540E+01  -0.17169E+00  -0.85229E-01   0.41850E+01   0.39577E+02
  197     4.4561  12.4605  -0.12670E+01  -0.17424E+00  -0.87779E-01   0.41801E+01   0.39143E+02
  198     4.5036  12.4785  -0.12798E+01  -0.17669E+00  -0.90228E-01   0.41751E+01   0.38742E+02
  199     4.5514  12.4962  -0.12927E+01  -0.17918E+00  -0.92725E-01   0.41703E+01   0.38316E+02
  200     4.5997  12.5138  -0.13057E+01  -0.18170E+00  -0.95239E-01   0.41656E+01   0.37997E+02
  201     4.6484  12.5311  -0.13187E+01  -0.18424E+00  -0.97779E-01   0.41611E+01   0.37533E+02
  202     4.6975  12.5482  -0.13319E+01  -0.18681E+00  -0.10035E+00   0.41567E+01   0.37080E+02
  203     4.7470  12.5650  -0.13451E+01  -0.18940E+00  -0.10294E+00   0.41524E+01   0.36661E+02
  204     4.7970  12.5817  -0.13584E+01  -0.19202E+00  -0.10556E+00   0.41482E+01   0.36239E+02
  205     4.8474  12.5981  -0.13718E+01  -0.19466E+00  -0.10821E+00   0.41442E+01   0.35819E+02
  206     4.8982  12.6144  -0.13853E+01  -0.19734E+00  -0.11088E+00   0.41403E+01   0.35389E+02
  207     4.9495  12.6304  -0.13989E+01  -0.20003E+00  -0.11358E+00   0.41364E+01   0.34959E+02
  208     5.0012  12.6462  -0.14125E+01  -0.20276E+00  -0.11630E+00   0.41327E+01   0.34526E+02
  209     5.0534  12.6619  -0.14262E+01  -0.20551E+00  -0.11905E+00   0.41291E+01   0.34094E+02
  210     5.1060  12.6773  -0.14401E+01  -0.20829E+00  -0.12183E+00   0.41256E+01   0.33660E+02
  211     5.1591  12.6925  -0.14540E+01  -0.21109E+00  -0.12463E+00   0.41222E+01   0.33220E+02
  212     5.2126  12.7076  -0.14679E+01  -0.21392E+00  -0.12747E+00   0.41189E+01   0.32781E+02
  213     5.2667  12.7224  -0.14820E+01  -0.21678E+00  -0.13032E+00   0.41157E+01   0.32344E+02
  214     5.3211  12.7371  -0.14962E+01  -0.21967E+00  -0.13321E+00   0.41126E+01   0.31904E+02
  215     5.3761  12.7515  -0.15104E+01  -0.22258E+00  -0.13612E+00   0.41096E+01   0.31462E+02
  216     5.4315  12.7658  -0.15247E+01  -0.22552E+00  -0.13906E+00   0.41066E+01   0.31023E+02
  217     5.4874  12.7799  -0.15391E+01  -0.22849E+00  -0.14203E+00   0.41038E+01   0.30583E+02
  218     5.5438  12.7938  -0.15536E+01  -0.23149E+00  -0.14503E+00   0.41010E+01   0.30144E+02
  219     5.6007  12.8076  -0.15682E+01  -0.23451E+00  -0.14805E+00   0.40983E+01   0.29704E+02
  220     5.6581  12.8211  -0.15829E+01  -0.23756E+00  -0.15110E+00   0.40957E+01   0.29263E+02
  221     5.7160  12.8345  -0.15977E+01  -0.24064E+00  -0.15418E+00   0.40932E+01   0.28825E+02
  222     5.7744  12.8477  -0.16125E+01  -0.24375E+00  -0.15729E+00   0.40907E+01   0.28387E+02
  223     5.8333  12.8608  -0.16275E+01  -0.24689E+00  -0.16043E+00   0.40883E+01   0.27946E+02
  224     5.8927  12.8737  -0.16425E+01  -0.25006E+00  -0.16360E+00   0.40860E+01   0.27510E+02
  225     5.9526  12.8864  -0.16577E+01  -0.25326E+00  -0.16680E+00   0.40837E+01   0.27076E+02
  226     6.0131  12.8990  -0.16729E+01  -0.25648E+00  -0.17002E+00   0.40815E+01   0.26637E+02
  227     6.0740  12.9114  -0.16882E+01  -0.25974E+00  -0.17328E+00   0.40794E+01   0.26202E+02
  228     6.1355  12.9236  -0.17036E+01  -0.26301E+00  -0.17656E+00   0.40773E+01   0.25771E+02
  229     6.1976  12.9357  -0.17191E+01  -0.26634E+00  -0.17988E+00   0.40753E+01   0.25335E+02
  230     6.2602  12.9476  -0.17346E+01  -0.26967E+00  -0.18322E+00   0.40734E+01   0.24910E+02
  231     6.3233  12.9594  -0.17503E+01  -0.27305E+00  -0.18659E+00   0.40715E+01   0.24481E+02
  232     6.3869  12.9710  -0.17661E+01  -0.27645E+00  -0.18999E+00   0.40696E+01   0.24062E+02
  233     6.4512  12.9825  -0.17819E+01  -0.27988E+00  -0.19343E+00   0.40678E+01   0.23626E+02
  234     6.5159  12.9938  -0.17979E+01  -0.28335E+00  -0.19689E+00   0.40661E+01   0.23216E+02
  235     6.5813  13.0050  -0.18139E+01  -0.28684E+00  -0.20039E+00   0.40644E+01   0.22795E+02
  236     6.6472  13.0160  -0.18301E+01  -0.29037E+00  -0.20391E+00   0.40628E+01   0.22378E+02
  237     6.7137  13.0269  -0.18463E+01  -0.29392E+00  -0.20746E+00   0.40612E+01   0.21967E+02
  238     6.7807  13.0377  -0.18626E+01  -0.29751E+00  -0.21105E+00   0.40596E+01   0.21554E+02
  239     6.8484  13.0483  -0.18790E+01  -0.30113E+00  -0.21467E+00   0.40581E+01   0.21148E+02
  240     6.9166  13.0588  -0.18956E+01  -0.30477E+00  -0.21832E+00   0.40567E+01   0.20743E+02
  241     6.9854  13.0691  -0.19122E+01  -0.30845E+00  -0.22200E+00   0.40552E+01   0.20341E+02
  242     7.0549  13.0794  -0.19289E+01  -0.31217E+00  -0.22571E+00   0.40539E+01   0.19942E+02
  243     7.1249  13.0894  -0.19457E+01  -0.31591E+00  -0.22945E+00   0.40525E+01   0.19549E+02
  244     7.1955  13.0994  -0.19626E+01  -0.31969E+00  -0.23323E+00   0.40512E+01   0.19157E+02
  245     7.2668  13.1092  -0.19796E+01  -0.32349E+00  -0.23703E+00   0.40499E+01   0.18765E+02
  246     7.3387  13.1189  -0.19967E+01  -0.32733E+00  -0.24088E+00   0.40487E+01   0.18379E+02
  247     7.4112  13.1285  -0.20139E+01  -0.33120E+00  -0.24475E+00   0.40475E+01   0.17998E+02
  248     7.4843  13.1380  -0.20312E+01  -0.33511E+00  -0.24865E+00   0.40463E+01   0.17621E+02
  249     7.5580  13.1473  -0.20486E+01  -0.33904E+00  -0.25258E+00   0.40452E+01   0.17250E+02
  250     7.6324  13.1565  -0.20661E+01  -0.34301E+00  -0.25655E+00   0.40441E+01   0.16878E+02
  251     7.7075  13.1656  -0.20837E+01  -0.34701E+00  -0.26055E+00   0.40430E+01   0.16514E+02
  252     7.7832  13.1746  -0.21014E+01  -0.35105E+00  -0.26459E+00   0.40420E+01   0.16155E+02
  253     7.8596  13.1834  -0.21192E+01  -0.35512E+00  -0.26866E+00   0.40410E+01   0.15797E+02
  254     7.9366  13.1922  -0.21371E+01  -0.35922E+00  -0.27276E+00   0.40400E+01   0.15445E+02
  255     8.0143  13.2008  -0.21551E+01  -0.36335E+00  -0.27689E+00   0.40391E+01   0.15095E+02
  256     8.0926  13.2093  -0.21732E+01  -0.36752E+00  -0.28107E+00   0.40381E+01   0.14750E+02
  257     8.1717  13.2178  -0.21914E+01  -0.37172E+00  -0.28527E+00   0.40372E+01   0.14408E+02
  258     8.2514  13.2261  -0.22097E+01  -0.37596E+00  -0.28950E+00   0.40363E+01   0.14072E+02
  259     8.3319  13.2343  -0.22281E+01  -0.38023E+00  -0.29377E+00   0.40355E+01   0.13741E+02
  260     8.4130  13.2424  -0.22466E+01  -0.38454E+00  -0.29808E+00   0.40346E+01   0.13415E+02
  261     8.4948  13.2503  -0.22652E+01  -0.38887E+00  -0.30241E+00   0.40338E+01   0.13094E+02
  262     8.5774  13.2582  -0.22840E+01  -0.39325E+00  -0.30679E+00   0.40331E+01   0.12776E+02
  263     8.6606  13.2660  -0.23028E+01  -0.39765E+00  -0.31120E+00   0.40323E+01   0.12462E+02
  264     8.7446  13.2737  -0.23217E+01  -0.40210E+00  -0.31564E+00   0.40315E+01   0.12155E+02
  265     8.8293  13.2813  -0.23408E+01  -0.40658E+00  -0.32012E+00   0.40308E+01   0.11850E+02
  266     8.9148  13.2888  -0.23599E+01  -0.41109E+00  -0.32464E+00   0.40301E+01   0.11552E+02
  267     9.0010  13.2962  -0.23792E+01  -0.41564E+00  -0.32918E+00   0.40294E+01   0.11258E+02
  268     9.0879  13.3035  -0.23985E+01  -0.42023E+00  -0.33377E+00   0.40287E+01   0.10966E+02
  269     9.1756  13.3107  -0.24180E+01  -0.42485E+00  -0.33839E+00   0.40281E+01   0.10681E+02
  270     9.2641  13.3178  -0.24376E+01  -0.42950E+00  -0.34305E+00   0.40275E+01   0.10403E+02
  271     9.3534  13.3248  -0.24573E+01  -0.43420E+00  -0.34774E+00   0.40268E+01   0.10124E+02
  272     9.4434  13.3317  -0.24771E+01  -0.43892E+00  -0.35247E+00   0.40262E+01   0.98552E+01
  273     9.5342  13.3386  -0.24970E+01  -0.44369E+00  -0.35723E+00   0.40257E+01   0.95905E+01
  274     9.6257  13.3453  -0.25170E+01  -0.44849E+00  -0.36203E+00   0.40251E+01   0.93272E+01
  275     9.7181  13.3520  -0.25371E+01  -0.45333E+00  -0.36688E+00   0.40245E+01   0.90711E+01
  276     9.8113  13.3586  -0.25574E+01  -0.45821E+00  -0.37175E+00   0.40240E+01   0.88192E+01
  277     9.9053  13.3651  -0.25777E+01  -0.46312E+00  -0.37666E+00   0.40235E+01   0.85731E+01
  278    10.0001  13.3715  -0.25982E+01  -0.46807E+00  -0.38161E+00   0.40229E+01   0.83292E+01
  279    10.0957  13.3778  -0.26188E+01  -0.47306E+00  -0.38660E+00   0.40224E+01   0.80928E+01
  280    10.1922  13.3841  -0.26394E+01  -0.47808E+00  -0.39162E+00   0.40220E+01   0.78616E+01
  281    10.2895  13.3902  -0.26603E+01  -0.48314E+00  -0.39668E+00   0.40215E+01   0.76327E+01
  282    10.3877  13.3963  -0.26812E+01  -0.48824E+00  -0.40179E+00   0.40210E+01   0.74097E+01
  283    10.4867  13.4023  -0.27022E+01  -0.49338E+00  -0.40692E+00   0.40206E+01   0.71902E+01
  284    10.5865  13.4083  -0.27234E+01  -0.49856E+00  -0.41210E+00   0.40201E+01   0.69754E+01
  285    10.6873  13.4141  -0.27446E+01  -0.50378E+00  -0.41732E+00   0.40197E+01   0.67656E+01
  286    10.7889  13.4199  -0.27660E+01  -0.50903E+00  -0.42257E+00   0.40193E+01   0.65604E+01
  287    10.8914  13.4256  -0.27875E+01  -0.51432E+00  -0.42786E+00   0.40189E+01   0.63583E+01
  288    10.9947  13.4312  -0.28091E+01  -0.51965E+00  -0.43319E+00   0.40185E+01   0.61636E+01
  289    11.0990  13.4368  -0.28309E+01  -0.52503E+00  -0.43857E+00   0.40181E+01   0.59719E+01
  290    11.2042  13.4423  -0.28527E+01  -0.53043E+00  -0.44398E+00   0.40177E+01   0.57843E+01
  291    11.3103  13.4477  -0.28747E+01  -0.53589E+00  -0.44943E+00   0.40173E+01   0.55995E+01
  292    11.4173  13.4530  -0.28968E+01  -0.54138E+00  -0.45492E+00   0.40170E+01   0.54217E+01
  293    11.5253  13.4583  -0.29190E+01  -0.54691E+00  -0.46045E+00   0.40166E+01   0.52470E+01
  294    11.6342  13.4635  -0.29413E+01  -0.55248E+00  -0.46602E+00   0.40163E+01   0.50750E+01
  295    11.7440  13.4687  -0.29638E+01  -0.55809E+00  -0.47163E+00   0.40160E+01   0.49097E+01
  296    11.8548  13.4738  -0.29864E+01  -0.56374E+00  -0.47728E+00   0.40156E+01   0.47476E+01
  297    11.9666  13.4788  -0.30090E+01  -0.56943E+00  -0.48297E+00   0.40153E+01   0.45903E+01
  298    12.0793  13.4837  -0.30319E+01  -0.57516E+00  -0.48871E+00   0.40150E+01   0.44351E+01
  299    12.1930  13.4886  -0.30548E+01  -0.58094E+00  -0.49448E+00   0.40147E+01   0.42856E+01
  300    12.3077  13.4934  -0.30779E+01  -0.58676E+00  -0.50030E+00   0.40144E+01   0.41377E+01
  301    12.4234  13.4982  -0.31011E+01  -0.59261E+00  -0.50615E+00   0.40141E+01   0.39950E+01
  302    12.5401  13.5029  -0.31244E+01  -0.59851E+00  -0.51205E+00   0.40138E+01   0.38557E+01
  303    12.6578  13.5075  -0.31479E+01  -0.60444E+00  -0.51799E+00   0.40136E+01   0.37221E+01
  304    12.7766  13.5121  -0.31714E+01  -0.61043E+00  -0.52397E+00   0.40133E+01   0.35901E+01
  305    12.8963  13.5166  -0.31951E+01  -0.61644E+00  -0.52998E+00   0.40130E+01   0.34635E+01
  306    13.0172  13.5211  -0.32190E+01  -0.62252E+00  -0.53607E+00   0.40128E+01   0.33392E+01
  307    13.1390  13.5255  -0.32429E+01  -0.62863E+00  -0.54217E+00   0.40125E+01   0.32183E+01
  308    13.2619  13.5298  -0.32670E+01  -0.63479E+00  -0.54833E+00   0.40123E+01   0.31005E+01
  309    13.3859  13.5341  -0.32912E+01  -0.64097E+00  -0.55452E+00   0.40120E+01   0.29872E+01
  310    13.5110  13.5383  -0.33156E+01  -0.64722E+00  -0.56076E+00   0.40118E+01   0.28764E+01
  311    13.6372  13.5425  -0.33400E+01  -0.65350E+00  -0.56704E+00   0.40116E+01   0.27682E+01
  312    13.7644  13.5466  -0.33646E+01  -0.65982E+00  -0.57336E+00   0.40114E+01   0.26646E+01
  313    13.8928  13.5507  -0.33894E+01  -0.66619E+00  -0.57974E+00   0.40112E+01   0.25634E+01
  314    14.0223  13.5547  -0.34142E+01  -0.67261E+00  -0.58615E+00   0.40109E+01   0.24664E+01
  315    14.1529  13.5587  -0.34393E+01  -0.67907E+00  -0.59261E+00   0.40107E+01   0.23690E+01
  316    14.2846  13.5626  -0.34644E+01  -0.68557E+00  -0.59912E+00   0.40105E+01   0.22789E+01
  317    14.4175  13.5665  -0.34897E+01  -0.69212E+00  -0.60566E+00   0.40103E+01   0.21893E+01
  318    14.5515  13.5703  -0.35150E+01  -0.69869E+00  -0.61224E+00   0.40101E+01   0.21035E+01
  319    14.6867  13.5741  -0.35406E+01  -0.70535E+00  -0.61889E+00   0.40100E+01   0.20200E+01
  320    14.8231  13.5778  -0.35663E+01  -0.71202E+00  -0.62557E+00   0.40098E+01   0.19404E+01
  321    14.9607  13.5815  -0.35921E+01  -0.71877E+00  -0.63231E+00   0.40096E+01   0.18608E+01
  322    15.0994  13.5851  -0.36181E+01  -0.72554E+00  -0.63908E+00   0.40094E+01   0.17853E+01
  323    15.2394  13.5887  -0.36442E+01  -0.73235E+00  -0.64590E+00   0.40092E+01   0.17120E+01
  324    15.3806  13.5922  -0.36704E+01  -0.73922E+00  -0.65276E+00   0.40091E+01   0.16414E+01
  325    15.5230  13.5957  -0.36968E+01  -0.74614E+00  -0.65968E+00   0.40089E+01   0.15740E+01
  326    15.6666  13.5991  -0.37233E+01  -0.75310E+00  -0.66664E+00   0.40088E+01   0.15074E+01
  327    15.8115  13.6025  -0.37499E+01  -0.76010E+00  -0.67364E+00   0.40086E+01   0.14444E+01
  328    15.9577  13.6059  -0.37767E+01  -0.76715E+00  -0.68070E+00   0.40084E+01   0.13828E+01
  329    16.1051  13.6092  -0.38037E+01  -0.77426E+00  -0.68780E+00   0.40083E+01   0.13238E+01
  330    16.2538  13.6124  -0.38308E+01  -0.78141E+00  -0.69495E+00   0.40081E+01   0.12661E+01
  331    16.4038  13.6157  -0.38580E+01  -0.78860E+00  -0.70214E+00   0.40080E+01   0.12115E+01
  332    16.5551  13.6188  -0.38853E+01  -0.79585E+00  -0.70939E+00   0.40079E+01   0.11581E+01
  333    16.7078  13.6220  -0.39129E+01  -0.80314E+00  -0.71669E+00   0.40077E+01   0.11074E+01
  334    16.8617  13.6251  -0.39405E+01  -0.81049E+00  -0.72403E+00   0.40076E+01   0.10578E+01
  335    17.0170  13.6281  -0.39683E+01  -0.81788E+00  -0.73142E+00   0.40075E+01   0.10113E+01
  336    17.1736  13.6312  -0.39963E+01  -0.82533E+00  -0.73887E+00   0.40073E+01   0.96474E+00
  337    17.3316  13.6342  -0.40244E+01  -0.83281E+00  -0.74636E+00   0.40072E+01   0.92142E+00
  338    17.4910  13.6371  -0.40526E+01  -0.84034E+00  -0.75389E+00   0.40071E+01   0.87922E+00
  339    17.6518  13.6400  -0.40810E+01  -0.84794E+00  -0.76148E+00   0.40070E+01   0.83959E+00
  340    17.8139  13.6429  -0.41096E+01  -0.85558E+00  -0.76912E+00   0.40068E+01   0.80022E+00
  341    17.9775  13.6457  -0.41383E+01  -0.86326E+00  -0.77681E+00   0.40067E+01   0.76275E+00
  342    18.1425  13.6485  -0.41672E+01  -0.87103E+00  -0.78457E+00   0.40066E+01   0.72655E+00
  343    18.3089  13.6513  -0.41962E+01  -0.87880E+00  -0.79235E+00   0.40065E+01   0.69224E+00
  344    18.4768  13.6540  -0.42253E+01  -0.88664E+00  -0.80019E+00   0.40064E+01   0.65956E+00
  345    18.6461  13.6567  -0.42546E+01  -0.89454E+00  -0.80808E+00   0.40063E+01   0.62729E+00
  346    18.8169  13.6593  -0.42841E+01  -0.90247E+00  -0.81602E+00   0.40062E+01   0.59729E+00
  347    18.9892  13.6619  -0.43138E+01  -0.91052E+00  -0.82406E+00   0.40061E+01   0.56831E+00
  348    19.1630  13.6645  -0.43435E+01  -0.91853E+00  -0.83207E+00   0.40060E+01   0.54030E+00
  349    19.3383  13.6671  -0.43735E+01  -0.92664E+00  -0.84019E+00   0.40059E+01   0.51291E+00
  350    19.5151  13.6696  -0.44036E+01  -0.93478E+00  -0.84833E+00   0.40058E+01   0.48795E+00
  351    19.6934  13.6721  -0.44338E+01  -0.94298E+00  -0.85653E+00   0.40057E+01   0.46330E+00
  352    19.8734  13.6745  -0.44642E+01  -0.95125E+00  -0.86479E+00   0.40056E+01   0.44043E+00
  353    20.0548  13.6770  -0.44948E+01  -0.95956E+00  -0.87310E+00   0.40055E+01   0.41778E+00
  354    20.2379  13.6794  -0.45255E+01  -0.96793E+00  -0.88147E+00   0.40054E+01   0.39628E+00
  355    20.4225  13.6817  -0.45564E+01  -0.97635E+00  -0.88989E+00   0.40054E+01   0.37592E+00
  356    20.6088  13.6840  -0.45875E+01  -0.98483E+00  -0.89837E+00   0.40053E+01   0.35641E+00
  357    20.7966  13.6863  -0.46187E+01  -0.99336E+00  -0.90690E+00   0.40052E+01   0.33778E+00
  358    20.9861  13.6886  -0.46501E+01  -0.10019E+01  -0.91547E+00   0.40051E+01   0.31996E+00
  359    21.1773  13.6909  -0.46817E+01  -0.10106E+01  -0.92413E+00   0.40050E+01   0.30286E+00
  360    21.3701  13.6931  -0.47134E+01  -0.10193E+01  -0.93281E+00   0.40050E+01   0.28678E+00
  361    21.5646  13.6953  -0.47452E+01  -0.10281E+01  -0.94161E+00   0.40000E+01   0.27125E+00
  362    21.7607  13.6974  -0.47773E+01  -0.10369E+01  -0.95041E+00   0.40000E+01   0.25671E+00
  363    21.9586  13.6995  -0.48095E+01  -0.10457E+01  -0.95927E+00   0.40000E+01   0.24281E+00
  364    22.1582  13.7016  -0.48419E+01  -0.10547E+01  -0.96819E+00   0.40000E+01   0.22944E+00
  365    22.3596  13.7037  -0.48745E+01  -0.10636E+01  -0.97717E+00   0.40000E+01   0.21686E+00
  366    22.5626  13.7058  -0.49072E+01  -0.10726E+01  -0.98619E+00   0.40000E+01   0.20477E+00
  367    22.7675  13.7078  -0.49401E+01  -0.10817E+01  -0.99528E+00   0.40000E+01   0.19322E+00
  368    22.9741  13.7098  -0.49731E+01  -0.10909E+01  -0.10044E+01   0.40000E+01   0.18247E+00
  369    23.1825  13.7117  -0.50064E+01  -0.11001E+01  -0.10136E+01   0.40000E+01   0.17203E+00
  370    23.3928  13.7137  -0.50398E+01  -0.11093E+01  -0.10229E+01   0.40000E+01   0.16217E+00
  371    23.6049  13.7156  -0.50733E+01  -0.11186E+01  -0.10322E+01   0.40000E+01   0.15299E+00
  372    23.8188  13.7175  -0.51071E+01  -0.11280E+01  -0.10416E+01   0.40000E+01   0.14413E+00
  373    24.0345  13.7194  -0.51410E+01  -0.11374E+01  -0.10510E+01   0.40000E+01   0.13573E+00
  374    24.2522  13.7212  -0.51752E+01  -0.11469E+01  -0.10605E+01   0.40000E+01   0.12772E+00
  375    24.4717  13.7230  -0.52095E+01  -0.11565E+01  -0.10700E+01   0.40000E+01   0.12015E+00
  376    24.6932  13.7248  -0.52439E+01  -0.11661E+01  -0.10796E+01   0.40000E+01   0.11304E+00
  377    24.9166  13.7266  -0.52785E+01  -0.11758E+01  -0.10893E+01   0.40000E+01   0.10627E+00
  378    25.1419  13.7284  -0.53133E+01  -0.11855E+01  -0.10990E+01   0.40000E+01   0.99926E-01
  379    25.3691  13.7301  -0.53483E+01  -0.11953E+01  -0.11088E+01   0.40000E+01   0.93893E-01
  380    25.5984  13.7318  -0.53835E+01  -0.12051E+01  -0.11187E+01   0.40000E+01   0.88174E-01
  381    25.8296  13.7335  -0.54189E+01  -0.12150E+01  -0.11286E+01   0.40000E+01   0.82736E-01
  382    26.0629  13.7351  -0.54544E+01  -0.12250E+01  -0.11385E+01   0.40000E+01   0.77639E-01
  383    26.2982  13.7368  -0.54901E+01  -0.12350E+01  -0.11486E+01   0.40000E+01   0.72756E-01
  384    26.5355  13.7384  -0.55260E+01  -0.12451E+01  -0.11587E+01   0.40000E+01   0.68234E-01
  385    26.7749  13.7400  -0.55621E+01  -0.12552E+01  -0.11688E+01   0.40000E+01   0.63925E-01
  386    27.0164  13.7416  -0.55984E+01  -0.12655E+01  -0.11790E+01   0.40000E+01   0.59839E-01
  387    27.2599  13.7431  -0.56348E+01  -0.12757E+01  -0.11893E+01   0.40000E+01   0.56087E-01
  388    27.5056  13.7447  -0.56714E+01  -0.12860E+01  -0.11996E+01   0.40000E+01   0.52462E-01
  389    27.7534  13.7462  -0.57082E+01  -0.12964E+01  -0.12100E+01   0.40000E+01   0.49082E-01
  390    28.0034  13.7477  -0.57453E+01  -0.13069E+01  -0.12205E+01   0.40000E+01   0.45918E-01
  391    28.2556  13.7492  -0.57825E+01  -0.13174E+01  -0.12310E+01   0.40000E+01   0.42899E-01
  392    28.5099  13.7506  -0.58199E+01  -0.13280E+01  -0.12416E+01   0.40000E+01   0.40062E-01
  393    28.7665  13.7521  -0.58574E+01  -0.13386E+01  -0.12522E+01   0.40000E+01   0.37406E-01
  394    29.0253  13.7535  -0.58951E+01  -0.13493E+01  -0.12629E+01   0.40000E+01   0.34925E-01
  395    29.2863  13.7549  -0.59331E+01  -0.13601E+01  -0.12737E+01   0.40000E+01   0.32582E-01
  396    29.5496  13.7563  -0.59713E+01  -0.13710E+01  -0.12845E+01   0.40000E+01   0.30402E-01
  397    29.8152  13.7577  -0.60095E+01  -0.13818E+01  -0.12954E+01   0.40000E+01   0.28298E-01
  398    30.0831  13.7590  -0.60482E+01  -0.13928E+01  -0.13064E+01   0.40000E+01   0.26395E-01
  399    30.3534  13.7604  -0.60869E+01  -0.14039E+01  -0.13174E+01   0.40000E+01   0.24600E-01
  400    30.6259  13.7617  -0.61258E+01  -0.14150E+01  -0.13285E+01   0.40000E+01   0.22890E-01
