    1     0.0001   0.0014  -0.15259E-04   0.51772E-07   0.85510E-01   0.10468E+02   0.12863E+02
    2     0.0088   0.1221  -0.14322E-02  -0.20425E-04   0.85489E-01   0.10406E+02   0.14147E+02
    3     0.0176   0.2423  -0.29869E-02  -0.68189E-04   0.85441E-01   0.10344E+02   0.14928E+02
    4     0.0264   0.3621  -0.46228E-02  -0.12847E-03   0.85381E-01   0.10283E+02   0.15522E+02
    5     0.0353   0.4814  -0.63235E-02  -0.19724E-03   0.85312E-01   0.10223E+02   0.16068E+02
    6     0.0443   0.6003  -0.80728E-02  -0.27059E-03   0.85239E-01   0.10162E+02   0.16537E+02
    7     0.0534   0.7188  -0.98677E-02  -0.34758E-03   0.85162E-01   0.10103E+02   0.16962E+02
    8     0.0626   0.8368  -0.11707E-01  -0.42811E-03   0.85081E-01   0.10043E+02   0.17368E+02
    9     0.0718   0.9543  -0.13589E-01  -0.51150E-03   0.84998E-01   0.99837E+01   0.17766E+02
   10     0.0811   1.0713  -0.15512E-01  -0.59770E-03   0.84912E-01   0.99248E+01   0.18150E+02
   11     0.0905   1.1879  -0.17475E-01  -0.68652E-03   0.84823E-01   0.98661E+01   0.18529E+02
   12     0.1000   1.3039  -0.19480E-01  -0.77808E-03   0.84731E-01   0.98077E+01   0.18897E+02
   13     0.1096   1.4195  -0.21523E-01  -0.87217E-03   0.84637E-01   0.97496E+01   0.19265E+02
   14     0.1192   1.5346  -0.23615E-01  -0.97111E-03   0.84538E-01   0.96918E+01   0.19640E+02
   15     0.1290   1.6491  -0.25735E-01  -0.10699E-02   0.84440E-01   0.96342E+01   0.19998E+02
   16     0.1388   1.7632  -0.27894E-01  -0.11711E-02   0.84338E-01   0.95768E+01   0.20362E+02
   17     0.1487   1.8767  -0.30093E-01  -0.12750E-02   0.84235E-01   0.95197E+01   0.20719E+02
   18     0.1587   1.9897  -0.32331E-01  -0.13817E-02   0.84128E-01   0.94629E+01   0.21082E+02
   19     0.1687   2.1021  -0.34608E-01  -0.14913E-02   0.84018E-01   0.94064E+01   0.21444E+02
   20     0.1789   2.2140  -0.36924E-01  -0.16037E-02   0.83906E-01   0.93501E+01   0.21802E+02
   21     0.1891   2.3254  -0.39279E-01  -0.17194E-02   0.83790E-01   0.92940E+01   0.22167E+02
   22     0.1995   2.4362  -0.41674E-01  -0.18381E-02   0.83671E-01   0.92382E+01   0.22528E+02
   23     0.2099   2.5465  -0.44108E-01  -0.19594E-02   0.83550E-01   0.91827E+01   0.22892E+02
   24     0.2204   2.6562  -0.46582E-01  -0.20845E-02   0.83425E-01   0.91275E+01   0.23257E+02
   25     0.2310   2.7653  -0.49097E-01  -0.22130E-02   0.83297E-01   0.90725E+01   0.23624E+02
   26     0.2417   2.8738  -0.51651E-01  -0.23451E-02   0.83164E-01   0.90178E+01   0.23994E+02
   27     0.2525   2.9818  -0.54245E-01  -0.24811E-02   0.83028E-01   0.89633E+01   0.24362E+02
   28     0.2634   3.0892  -0.56880E-01  -0.26205E-02   0.82889E-01   0.89091E+01   0.24733E+02
   29     0.2744   3.1959  -0.59556E-01  -0.27638E-02   0.82746E-01   0.88552E+01   0.25108E+02
   30     0.2855   3.3021  -0.62272E-01  -0.29112E-02   0.82598E-01   0.88016E+01   0.25483E+02
   31     0.2967   3.4077  -0.65030E-01  -0.30628E-02   0.82447E-01   0.87482E+01   0.25858E+02
   32     0.3079   3.5127  -0.67829E-01  -0.32190E-02   0.82291E-01   0.86951E+01   0.26236E+02
   33     0.3193   3.6170  -0.70655E-01  -0.33753E-02   0.82134E-01   0.86422E+01   0.26618E+02
   34     0.3308   3.7207  -0.73537E-01  -0.35400E-02   0.81970E-01   0.85896E+01   0.27000E+02
   35     0.3423   3.8238  -0.76463E-01  -0.37098E-02   0.81800E-01   0.85374E+01   0.27379E+02
   36     0.3540   3.9263  -0.79430E-01  -0.38842E-02   0.81625E-01   0.84854E+01   0.27766E+02
   37     0.3658   4.0281  -0.82441E-01  -0.40642E-02   0.81445E-01   0.84336E+01   0.28152E+02
   38     0.3777   4.1293  -0.85494E-01  -0.42488E-02   0.81261E-01   0.83822E+01   0.28539E+02
   39     0.3896   4.2299  -0.88591E-01  -0.44387E-02   0.81071E-01   0.83311E+01   0.28929E+02
   40     0.4017   4.3298  -0.91732E-01  -0.46344E-02   0.80875E-01   0.82802E+01   0.29320E+02
   41     0.4139   4.4291  -0.94917E-01  -0.48357E-02   0.80674E-01   0.82296E+01   0.29714E+02
   42     0.4262   4.5276  -0.98147E-01  -0.50426E-02   0.80467E-01   0.81793E+01   0.30110E+02
   43     0.4386   4.6256  -0.10142E+00  -0.52550E-02   0.80255E-01   0.81294E+01   0.30503E+02
   44     0.4511   4.7229  -0.10474E+00  -0.54731E-02   0.80036E-01   0.80797E+01   0.30899E+02
   45     0.4637   4.8195  -0.10810E+00  -0.56977E-02   0.79812E-01   0.80303E+01   0.31299E+02
   46     0.4764   4.9154  -0.11151E+00  -0.59286E-02   0.79581E-01   0.79812E+01   0.31699E+02
   47     0.4893   5.0106  -0.11497E+00  -0.61655E-02   0.79344E-01   0.79325E+01   0.32100E+02
   48     0.5022   5.1052  -0.11847E+00  -0.64090E-02   0.79101E-01   0.78840E+01   0.32501E+02
   49     0.5153   5.1991  -0.12202E+00  -0.66593E-02   0.78850E-01   0.78358E+01   0.32901E+02
   50     0.5285   5.2923  -0.12561E+00  -0.69166E-02   0.78593E-01   0.77878E+01   0.33307E+02
   51     0.5417   5.3849  -0.12925E+00  -0.71800E-02   0.78330E-01   0.77403E+01   0.33708E+02
   52     0.5552   5.4767  -0.13294E+00  -0.74505E-02   0.78059E-01   0.76930E+01   0.34113E+02
   53     0.5687   5.5679  -0.13667E+00  -0.77284E-02   0.77781E-01   0.76460E+01   0.34523E+02
   54     0.5823   5.6583  -0.14045E+00  -0.80135E-02   0.77496E-01   0.75993E+01   0.34925E+02
   55     0.5961   5.7481  -0.14428E+00  -0.83057E-02   0.77204E-01   0.75529E+01   0.35333E+02
   56     0.6099   5.8371  -0.14816E+00  -0.86053E-02   0.76904E-01   0.75069E+01   0.35742E+02
   57     0.6239   5.9255  -0.15208E+00  -0.89127E-02   0.76597E-01   0.74611E+01   0.36149E+02
   58     0.6381   6.0132  -0.15606E+00  -0.92278E-02   0.76282E-01   0.74157E+01   0.36558E+02
   59     0.6523   6.1001  -0.16008E+00  -0.95504E-02   0.75959E-01   0.73706E+01   0.36967E+02
   60     0.6667   6.1864  -0.16415E+00  -0.98811E-02   0.75628E-01   0.73257E+01   0.37374E+02
   61     0.6812   6.2719  -0.16827E+00  -0.10220E-01   0.75290E-01   0.72812E+01   0.37782E+02
   62     0.6958   6.3568  -0.17244E+00  -0.10566E-01   0.74944E-01   0.72370E+01   0.38189E+02
   63     0.7105   6.4409  -0.17666E+00  -0.10921E-01   0.74589E-01   0.71931E+01   0.38599E+02
   64     0.7254   6.5244  -0.18093E+00  -0.11284E-01   0.74226E-01   0.71496E+01   0.39002E+02
   65     0.7404   6.6071  -0.18524E+00  -0.11655E-01   0.73855E-01   0.71063E+01   0.39409E+02
   66     0.7555   6.6891  -0.18961E+00  -0.12034E-01   0.73476E-01   0.70634E+01   0.39814E+02
   67     0.7708   6.7704  -0.19403E+00  -0.12422E-01   0.73088E-01   0.70208E+01   0.40218E+02
   68     0.7862   6.8511  -0.19850E+00  -0.12819E-01   0.72690E-01   0.69785E+01   0.40623E+02
   69     0.8017   6.9310  -0.20302E+00  -0.13225E-01   0.72284E-01   0.69365E+01   0.41026E+02
   70     0.8174   7.0102  -0.20759E+00  -0.13641E-01   0.71869E-01   0.68949E+01   0.41428E+02
   71     0.8332   7.0886  -0.21221E+00  -0.14065E-01   0.71445E-01   0.68535E+01   0.41829E+02
   72     0.8491   7.1664  -0.21689E+00  -0.14498E-01   0.71011E-01   0.68125E+01   0.42227E+02
   73     0.8652   7.2435  -0.22161E+00  -0.14941E-01   0.70569E-01   0.67718E+01   0.42626E+02
   74     0.8814   7.3199  -0.22639E+00  -0.15393E-01   0.70116E-01   0.67314E+01   0.43022E+02
   75     0.8977   7.3956  -0.23122E+00  -0.15855E-01   0.69654E-01   0.66914E+01   0.43416E+02
   76     0.9142   7.4705  -0.23611E+00  -0.16327E-01   0.69183E-01   0.66517E+01   0.43809E+02
   77     0.9309   7.5448  -0.24104E+00  -0.16809E-01   0.68701E-01   0.66123E+01   0.44199E+02
   78     0.9477   7.6184  -0.24603E+00  -0.17300E-01   0.68210E-01   0.65732E+01   0.44588E+02
   79     0.9646   7.6913  -0.25108E+00  -0.17801E-01   0.67709E-01   0.65344E+01   0.44974E+02
   80     0.9817   7.7635  -0.25617E+00  -0.18312E-01   0.67198E-01   0.64960E+01   0.45358E+02
   81     0.9989   7.8350  -0.26132E+00  -0.18833E-01   0.66677E-01   0.64579E+01   0.45743E+02
   82     1.0163   7.9058  -0.26653E+00  -0.19365E-01   0.66145E-01   0.64201E+01   0.46122E+02
   83     1.0338   7.9759  -0.27179E+00  -0.19908E-01   0.65601E-01   0.63827E+01   0.46496E+02
   84     1.0515   8.0453  -0.27710E+00  -0.20461E-01   0.65048E-01   0.63456E+01   0.46867E+02
   85     1.0693   8.1141  -0.28247E+00  -0.21025E-01   0.64485E-01   0.63088E+01   0.47238E+02
   86     1.0873   8.1821  -0.28789E+00  -0.21599E-01   0.63911E-01   0.62723E+01   0.47601E+02
   87     1.1055   8.2495  -0.29337E+00  -0.22184E-01   0.63325E-01   0.62361E+01   0.47964E+02
   88     1.1238   8.3162  -0.29891E+00  -0.22781E-01   0.62729E-01   0.62003E+01   0.48319E+02
   89     1.1423   8.3823  -0.30450E+00  -0.23389E-01   0.62121E-01   0.61648E+01   0.48673E+02
   90     1.1609   8.4477  -0.31014E+00  -0.24007E-01   0.61503E-01   0.61297E+01   0.49025E+02
   91     1.1797   8.5124  -0.31585E+00  -0.24637E-01   0.60873E-01   0.60949E+01   0.49370E+02
   92     1.1986   8.5764  -0.32160E+00  -0.25278E-01   0.60231E-01   0.60604E+01   0.49712E+02
   93     1.2177   8.6398  -0.32742E+00  -0.25931E-01   0.59579E-01   0.60262E+01   0.50045E+02
   94     1.2370   8.7025  -0.33329E+00  -0.26595E-01   0.58914E-01   0.59924E+01   0.50378E+02
   95     1.2565   8.7646  -0.33922E+00  -0.27271E-01   0.58239E-01   0.59589E+01   0.50706E+02
   96     1.2761   8.8260  -0.34520E+00  -0.27958E-01   0.57551E-01   0.59257E+01   0.51026E+02
   97     1.2959   8.8868  -0.35124E+00  -0.28658E-01   0.56852E-01   0.58929E+01   0.51344E+02
   98     1.3158   8.9469  -0.35734E+00  -0.29369E-01   0.56141E-01   0.58603E+01   0.51654E+02
   99     1.3360   9.0065  -0.36349E+00  -0.30092E-01   0.55418E-01   0.58281E+01   0.51958E+02
  100     1.3563   9.0653  -0.36970E+00  -0.30827E-01   0.54683E-01   0.57962E+01   0.52257E+02
  101     1.3767   9.1236  -0.37597E+00  -0.31574E-01   0.53936E-01   0.57646E+01   0.52553E+02
  102     1.3974   9.1812  -0.38229E+00  -0.32333E-01   0.53176E-01   0.57334E+01   0.52840E+02
  103     1.4183   9.2382  -0.38868E+00  -0.33105E-01   0.52405E-01   0.57025E+01   0.53123E+02
  104     1.4393   9.2945  -0.39512E+00  -0.33889E-01   0.51621E-01   0.56720E+01   0.53399E+02
  105     1.4605   9.3503  -0.40162E+00  -0.34685E-01   0.50824E-01   0.56418E+01   0.53669E+02
  106     1.4819   9.4054  -0.40818E+00  -0.35495E-01   0.50015E-01   0.56119E+01   0.53933E+02
  107     1.5035   9.4600  -0.41480E+00  -0.36317E-01   0.49192E-01   0.55823E+01   0.54191E+02
  108     1.5252   9.5139  -0.42147E+00  -0.37153E-01   0.48357E-01   0.55530E+01   0.54445E+02
  109     1.5472   9.5673  -0.42821E+00  -0.38001E-01   0.47509E-01   0.55241E+01   0.54690E+02
  110     1.5693   9.6200  -0.43501E+00  -0.38862E-01   0.46648E-01   0.54955E+01   0.54927E+02
  111     1.5917   9.6722  -0.44186E+00  -0.39737E-01   0.45773E-01   0.54673E+01   0.55156E+02
  112     1.6142   9.7238  -0.44878E+00  -0.40625E-01   0.44884E-01   0.54393E+01   0.55381E+02
  113     1.6369   9.7748  -0.45575E+00  -0.41526E-01   0.43983E-01   0.54117E+01   0.55601E+02
  114     1.6598   9.8252  -0.46279E+00  -0.42442E-01   0.43068E-01   0.53845E+01   0.55812E+02
  115     1.6830   9.8751  -0.46989E+00  -0.43370E-01   0.42139E-01   0.53575E+01   0.56014E+02
  116     1.7063   9.9244  -0.47704E+00  -0.44312E-01   0.41197E-01   0.53309E+01   0.56210E+02
  117     1.7298   9.9731  -0.48426E+00  -0.45269E-01   0.40241E-01   0.53047E+01   0.56398E+02
  118     1.7536  10.0213  -0.49155E+00  -0.46240E-01   0.39269E-01   0.52788E+01   0.56577E+02
  119     1.7775  10.0689  -0.49889E+00  -0.47225E-01   0.38285E-01   0.52531E+01   0.56750E+02
  120     1.8016  10.1160  -0.50629E+00  -0.48222E-01   0.37287E-01   0.52279E+01   0.56911E+02
  121     1.8260  10.1626  -0.51375E+00  -0.49235E-01   0.36275E-01   0.52029E+01   0.57068E+02
  122     1.8506  10.2086  -0.52128E+00  -0.50263E-01   0.35247E-01   0.51783E+01   0.57216E+02
  123     1.8753  10.2541  -0.52887E+00  -0.51306E-01   0.34204E-01   0.51540E+01   0.57356E+02
  124     1.9003  10.2990  -0.53652E+00  -0.52363E-01   0.33147E-01   0.51301E+01   0.57483E+02
  125     1.9256  10.3434  -0.54424E+00  -0.53434E-01   0.32075E-01   0.51064E+01   0.57604E+02
  126     1.9510  10.3873  -0.55202E+00  -0.54521E-01   0.30989E-01   0.50831E+01   0.57710E+02
  127     1.9766  10.4307  -0.55986E+00  -0.55623E-01   0.29886E-01   0.50602E+01   0.57811E+02
  128     2.0025  10.4736  -0.56777E+00  -0.56740E-01   0.28770E-01   0.50375E+01   0.57904E+02
  129     2.0286  10.5160  -0.57574E+00  -0.57871E-01   0.27639E-01   0.50152E+01   0.57986E+02
  130     2.0550  10.5579  -0.58377E+00  -0.59018E-01   0.26491E-01   0.49932E+01   0.58060E+02
  131     2.0815  10.5993  -0.59187E+00  -0.60181E-01   0.25328E-01   0.49716E+01   0.58120E+02
  132     2.1083  10.6402  -0.60003E+00  -0.61358E-01   0.24151E-01   0.49502E+01   0.58177E+02
  133     2.1353  10.6806  -0.60824E+00  -0.62550E-01   0.22960E-01   0.49292E+01   0.58232E+02
  134     2.1626  10.7205  -0.61653E+00  -0.63758E-01   0.21752E-01   0.49086E+01   0.58266E+02
  135     2.1901  10.7600  -0.62487E+00  -0.64980E-01   0.20530E-01   0.48882E+01   0.58295E+02
  136     2.2178  10.7990  -0.63328E+00  -0.66217E-01   0.19292E-01   0.48682E+01   0.58314E+02
  137     2.2458  10.8375  -0.64176E+00  -0.67471E-01   0.18038E-01   0.48484E+01   0.58325E+02
  138     2.2740  10.8756  -0.65030E+00  -0.68742E-01   0.16767E-01   0.48290E+01   0.58326E+02
  139     2.3025  10.9132  -0.65890E+00  -0.70028E-01   0.15482E-01   0.48100E+01   0.58318E+02
  140     2.3312  10.9504  -0.66757E+00  -0.71331E-01   0.14179E-01   0.47912E+01   0.58306E+02
  141     2.3602  10.9871  -0.67632E+00  -0.72654E-01   0.12855E-01   0.47728E+01   0.58277E+02
  142     2.3894  11.0234  -0.68514E+00  -0.73992E-01   0.11517E-01   0.47547E+01   0.58244E+02
  143     2.4188  11.0592  -0.69401E+00  -0.75345E-01   0.10164E-01   0.47369E+01   0.58204E+02
  144     2.4486  11.0946  -0.70295E+00  -0.76716E-01   0.87939E-02   0.47195E+01   0.58147E+02
  145     2.4785  11.1296  -0.71196E+00  -0.78104E-01   0.74055E-02   0.47023E+01   0.58085E+02
  146     2.5088  11.1641  -0.72103E+00  -0.79510E-01   0.59998E-02   0.46855E+01   0.58022E+02
  147     2.5393  11.1982  -0.73018E+00  -0.80932E-01   0.45771E-02   0.46689E+01   0.57941E+02
  148     2.5701  11.2320  -0.73939E+00  -0.82372E-01   0.31374E-02   0.46527E+01   0.57843E+02
  149     2.6011  11.2653  -0.74866E+00  -0.83829E-01   0.16806E-02   0.46368E+01   0.57741E+02
  150     2.6324  11.2982  -0.75801E+00  -0.85305E-01   0.20438E-03   0.46212E+01   0.57629E+02
  151     2.6640  11.3306  -0.76743E+00  -0.86798E-01  -0.12886E-02   0.46058E+01   0.57499E+02
  152     2.6958  11.3627  -0.77691E+00  -0.88307E-01  -0.27974E-02   0.45908E+01   0.57367E+02
  153     2.7280  11.3944  -0.78646E+00  -0.89837E-01  -0.43274E-02   0.45761E+01   0.57226E+02
  154     2.7604  11.4258  -0.79609E+00  -0.91388E-01  -0.58779E-02   0.45617E+01   0.57075E+02
  155     2.7931  11.4567  -0.80579E+00  -0.92953E-01  -0.74435E-02   0.45476E+01   0.56917E+02
  156     2.8260  11.4872  -0.81554E+00  -0.94536E-01  -0.90265E-02   0.45338E+01   0.56748E+02
  157     2.8593  11.5174  -0.82537E+00  -0.96137E-01  -0.10628E-01   0.45202E+01   0.56568E+02
  158     2.8929  11.5472  -0.83525E+00  -0.97753E-01  -0.12243E-01   0.45069E+01   0.56384E+02
  159     2.9267  11.5766  -0.84521E+00  -0.99390E-01  -0.13880E-01   0.44939E+01   0.56192E+02
  160     2.9608  11.6057  -0.85525E+00  -0.10105E+00  -0.15540E-01   0.44812E+01   0.55979E+02
  161     2.9953  11.6344  -0.86536E+00  -0.10273E+00  -0.17218E-01   0.44688E+01   0.55765E+02
  162     3.0300  11.6628  -0.87554E+00  -0.10443E+00  -0.18916E-01   0.44567E+01   0.55545E+02
  163     3.0651  11.6908  -0.88579E+00  -0.10614E+00  -0.20632E-01   0.44448E+01   0.55315E+02
  164     3.1004  11.7184  -0.89611E+00  -0.10788E+00  -0.22367E-01   0.44332E+01   0.55079E+02
  165     3.1360  11.7458  -0.90651E+00  -0.10963E+00  -0.24123E-01   0.44218E+01   0.54833E+02
  166     3.1720  11.7727  -0.91697E+00  -0.11141E+00  -0.25898E-01   0.44107E+01   0.54576E+02
  167     3.2083  11.7994  -0.92751E+00  -0.11320E+00  -0.27695E-01   0.43999E+01   0.54306E+02
  168     3.2449  11.8257  -0.93812E+00  -0.11502E+00  -0.29511E-01   0.43893E+01   0.54031E+02
  169     3.2818  11.8517  -0.94881E+00  -0.11686E+00  -0.31349E-01   0.43790E+01   0.53747E+02
  170     3.3190  11.8773  -0.95956E+00  -0.11871E+00  -0.33205E-01   0.43689E+01   0.53456E+02
  171     3.3565  11.9026  -0.97039E+00  -0.12059E+00  -0.35081E-01   0.43591E+01   0.53160E+02
  172     3.3944  11.9277  -0.98129E+00  -0.12249E+00  -0.36979E-01   0.43494E+01   0.52855E+02
  173     3.4326  11.9524  -0.99227E+00  -0.12441E+00  -0.38899E-01   0.43401E+01   0.52540E+02
  174     3.4712  11.9768  -0.10033E+01  -0.12635E+00  -0.40838E-01   0.43309E+01   0.52220E+02
  175     3.5100  12.0009  -0.10144E+01  -0.12831E+00  -0.42798E-01   0.43220E+01   0.51893E+02
  176     3.5492  12.0246  -0.10256E+01  -0.13029E+00  -0.44780E-01   0.43133E+01   0.51560E+02
  177     3.5888  12.0481  -0.10369E+01  -0.13230E+00  -0.46786E-01   0.43048E+01   0.51216E+02
  178     3.6287  12.0713  -0.10483E+01  -0.13432E+00  -0.48813E-01   0.42966E+01   0.50865E+02
  179     3.6689  12.0942  -0.10597E+01  -0.13637E+00  -0.50862E-01   0.42885E+01   0.50510E+02
  180     3.7095  12.1169  -0.10712E+01  -0.13844E+00  -0.52934E-01   0.42807E+01   0.50149E+02
  181     3.7505  12.1392  -0.10828E+01  -0.14054E+00  -0.55029E-01   0.42730E+01   0.49776E+02
  182     3.7918  12.1612  -0.10944E+01  -0.14265E+00  -0.57145E-01   0.42656E+01   0.49397E+02
  183     3.8334  12.1830  -0.11061E+01  -0.14479E+00  -0.59282E-01   0.42583E+01   0.49012E+02
  184     3.8754  12.2045  -0.11179E+01  -0.14695E+00  -0.61443E-01   0.42513E+01   0.48624E+02
  185     3.9178  12.2257  -0.11298E+01  -0.14914E+00  -0.63627E-01   0.42444E+01   0.48224E+02
  186     3.9606  12.2467  -0.11418E+01  -0.15134E+00  -0.65835E-01   0.42377E+01   0.47822E+02
  187     4.0037  12.2674  -0.11538E+01  -0.15357E+00  -0.68063E-01   0.42312E+01   0.47418E+02
  188     4.0472  12.2878  -0.11659E+01  -0.15582E+00  -0.70315E-01   0.42249E+01   0.47006E+02
  189     4.0911  12.3080  -0.11781E+01  -0.15810E+00  -0.72591E-01   0.42187E+01   0.46588E+02
  190     4.1353  12.3279  -0.11904E+01  -0.16040E+00  -0.74892E-01   0.42127E+01   0.46171E+02
  191     4.1800  12.3476  -0.12027E+01  -0.16272E+00  -0.77215E-01   0.42069E+01   0.45734E+02
  192     4.2250  12.3670  -0.12152E+01  -0.16508E+00  -0.79566E-01   0.42012E+01   0.45320E+02
  193     4.2705  12.3862  -0.12277E+01  -0.16745E+00  -0.81939E-01   0.41957E+01   0.44748E+02
  194     4.3163  12.4051  -0.12403E+01  -0.16985E+00  -0.84336E-01   0.41903E+01   0.44428E+02
  195     4.3625  12.4238  -0.12530E+01  -0.17227E+00  -0.86759E-01   0.41851E+01   0.43983E+02
  196     4.4091  12.4423  -0.12657E+01  -0.17472E+00  -0.89206E-01   0.41801E+01   0.43539E+02
  197     4.4561  12.4605  -0.12786E+01  -0.17719E+00  -0.91681E-01   0.41751E+01   0.43078E+02
  198     4.5036  12.4785  -0.12913E+01  -0.17964E+00  -0.94133E-01   0.41703E+01   0.42628E+02
  199     4.5514  12.4962  -0.13042E+01  -0.18211E+00  -0.96603E-01   0.41655E+01   0.42181E+02
  200     4.5997  12.5138  -0.13176E+01  -0.18476E+00  -0.99254E-01   0.41612E+01   0.41684E+02
  201     4.6484  12.5311  -0.13307E+01  -0.18732E+00  -0.10181E+00   0.41567E+01   0.41223E+02
  202     4.6975  12.5482  -0.13439E+01  -0.18992E+00  -0.10441E+00   0.41525E+01   0.40733E+02
  203     4.7470  12.5650  -0.13572E+01  -0.19254E+00  -0.10703E+00   0.41483E+01   0.40381E+02
  204     4.7970  12.5817  -0.13706E+01  -0.19518E+00  -0.10967E+00   0.41443E+01   0.39815E+02
  205     4.8474  12.5981  -0.13841E+01  -0.19786E+00  -0.11235E+00   0.41403E+01   0.39329E+02
  206     4.8982  12.6144  -0.13977E+01  -0.20056E+00  -0.11505E+00   0.41365E+01   0.38844E+02
  207     4.9495  12.6304  -0.14113E+01  -0.20328E+00  -0.11777E+00   0.41328E+01   0.38370E+02
  208     5.0012  12.6462  -0.14251E+01  -0.20604E+00  -0.12053E+00   0.41292E+01   0.37888E+02
  209     5.0534  12.6619  -0.14389E+01  -0.20882E+00  -0.12331E+00   0.41257E+01   0.37401E+02
  210     5.1060  12.6773  -0.14528E+01  -0.21163E+00  -0.12612E+00   0.41223E+01   0.36919E+02
  211     5.1591  12.6925  -0.14668E+01  -0.21446E+00  -0.12895E+00   0.41190E+01   0.36430E+02
  212     5.2126  12.7076  -0.14809E+01  -0.21732E+00  -0.13181E+00   0.41158E+01   0.35937E+02
  213     5.2667  12.7224  -0.14950E+01  -0.22021E+00  -0.13470E+00   0.41127E+01   0.35453E+02
  214     5.3211  12.7371  -0.15093E+01  -0.22313E+00  -0.13762E+00   0.41097E+01   0.34961E+02
  215     5.3761  12.7515  -0.15236E+01  -0.22607E+00  -0.14056E+00   0.41068E+01   0.34470E+02
  216     5.4315  12.7658  -0.15380E+01  -0.22904E+00  -0.14353E+00   0.41039E+01   0.33980E+02
  217     5.4874  12.7799  -0.15525E+01  -0.23204E+00  -0.14653E+00   0.41012E+01   0.33485E+02
  218     5.5438  12.7938  -0.15672E+01  -0.23507E+00  -0.14956E+00   0.40985E+01   0.32996E+02
  219     5.6007  12.8076  -0.15818E+01  -0.23812E+00  -0.15261E+00   0.40959E+01   0.32507E+02
  220     5.6581  12.8211  -0.15966E+01  -0.24120E+00  -0.15569E+00   0.40933E+01   0.32015E+02
  221     5.7160  12.8345  -0.16115E+01  -0.24432E+00  -0.15881E+00   0.40909E+01   0.31532E+02
  222     5.7744  12.8477  -0.16264E+01  -0.24745E+00  -0.16194E+00   0.40885E+01   0.31039E+02
  223     5.8333  12.8608  -0.16415E+01  -0.25062E+00  -0.16511E+00   0.40861E+01   0.30556E+02
  224     5.8927  12.8737  -0.16566E+01  -0.25382E+00  -0.16831E+00   0.40839E+01   0.30069E+02
  225     5.9526  12.8864  -0.16718E+01  -0.25705E+00  -0.17154E+00   0.40817E+01   0.29584E+02
  226     6.0131  12.8990  -0.16871E+01  -0.26030E+00  -0.17479E+00   0.40796E+01   0.29100E+02
  227     6.0740  12.9114  -0.17025E+01  -0.26359E+00  -0.17808E+00   0.40775E+01   0.28627E+02
  228     6.1355  12.9236  -0.17180E+01  -0.26690E+00  -0.18139E+00   0.40755E+01   0.28140E+02
  229     6.1976  12.9357  -0.17336E+01  -0.27025E+00  -0.18474E+00   0.40735E+01   0.27660E+02
  230     6.2602  12.9476  -0.17493E+01  -0.27362E+00  -0.18811E+00   0.40716E+01   0.27187E+02
  231     6.3233  12.9594  -0.17650E+01  -0.27703E+00  -0.19152E+00   0.40698E+01   0.26712E+02
  232     6.3869  12.9710  -0.17809E+01  -0.28046E+00  -0.19495E+00   0.40680E+01   0.26245E+02
  233     6.4512  12.9825  -0.17968E+01  -0.28392E+00  -0.19841E+00   0.40663E+01   0.25776E+02
  234     6.5159  12.9938  -0.18129E+01  -0.28742E+00  -0.20191E+00   0.40646E+01   0.25315E+02
  235     6.5813  13.0050  -0.18290E+01  -0.29094E+00  -0.20543E+00   0.40629E+01   0.24843E+02
  236     6.6472  13.0160  -0.18453E+01  -0.29450E+00  -0.20899E+00   0.40613E+01   0.24389E+02
  237     6.7137  13.0269  -0.18616E+01  -0.29809E+00  -0.21258E+00   0.40598E+01   0.23933E+02
  238     6.7807  13.0377  -0.18780E+01  -0.30171E+00  -0.21620E+00   0.40583E+01   0.23479E+02
  239     6.8484  13.0483  -0.18945E+01  -0.30535E+00  -0.21984E+00   0.40568E+01   0.23029E+02
  240     6.9166  13.0588  -0.19111E+01  -0.30903E+00  -0.22352E+00   0.40554E+01   0.22583E+02
  241     6.9854  13.0691  -0.19279E+01  -0.31275E+00  -0.22724E+00   0.40540E+01   0.22140E+02
  242     7.0549  13.0794  -0.19447E+01  -0.31649E+00  -0.23098E+00   0.40527E+01   0.21700E+02
  243     7.1249  13.0894  -0.19616E+01  -0.32026E+00  -0.23475E+00   0.40514E+01   0.21266E+02
  244     7.1955  13.0994  -0.19786E+01  -0.32407E+00  -0.23856E+00   0.40501E+01   0.20837E+02
  245     7.2668  13.1092  -0.19957E+01  -0.32791E+00  -0.24240E+00   0.40489E+01   0.20408E+02
  246     7.3387  13.1189  -0.20129E+01  -0.33178E+00  -0.24627E+00   0.40477E+01   0.19982E+02
  247     7.4112  13.1285  -0.20302E+01  -0.33568E+00  -0.25017E+00   0.40465E+01   0.19564E+02
  248     7.4843  13.1380  -0.20476E+01  -0.33962E+00  -0.25411E+00   0.40454E+01   0.19146E+02
  249     7.5580  13.1473  -0.20650E+01  -0.34359E+00  -0.25808E+00   0.40443E+01   0.18735E+02
  250     7.6324  13.1565  -0.20826E+01  -0.34759E+00  -0.26208E+00   0.40432E+01   0.18331E+02
  251     7.7075  13.1656  -0.21003E+01  -0.35162E+00  -0.26611E+00   0.40422E+01   0.17933E+02
  252     7.7832  13.1746  -0.21181E+01  -0.35569E+00  -0.27018E+00   0.40412E+01   0.17533E+02
  253     7.8596  13.1834  -0.21360E+01  -0.35979E+00  -0.27428E+00   0.40402E+01   0.17141E+02
  254     7.9366  13.1922  -0.21540E+01  -0.36392E+00  -0.27841E+00   0.40392E+01   0.16756E+02
  255     8.0143  13.2008  -0.21721E+01  -0.36809E+00  -0.28258E+00   0.40383E+01   0.16373E+02
  256     8.0926  13.2093  -0.21903E+01  -0.37229E+00  -0.28678E+00   0.40374E+01   0.15997E+02
  257     8.1717  13.2178  -0.22086E+01  -0.37652E+00  -0.29101E+00   0.40365E+01   0.15621E+02
  258     8.2514  13.2261  -0.22270E+01  -0.38079E+00  -0.29528E+00   0.40356E+01   0.15252E+02
  259     8.3319  13.2343  -0.22455E+01  -0.38510E+00  -0.29959E+00   0.40348E+01   0.14891E+02
  260     8.4130  13.2424  -0.22641E+01  -0.38943E+00  -0.30392E+00   0.40340E+01   0.14533E+02
  261     8.4948  13.2503  -0.22829E+01  -0.39380E+00  -0.30829E+00   0.40332E+01   0.14178E+02
  262     8.5774  13.2582  -0.23017E+01  -0.39821E+00  -0.31270E+00   0.40324E+01   0.13833E+02
  263     8.6606  13.2660  -0.23206E+01  -0.40265E+00  -0.31714E+00   0.40317E+01   0.13491E+02
  264     8.7446  13.2737  -0.23396E+01  -0.40712E+00  -0.32161E+00   0.40310E+01   0.13153E+02
  265     8.8293  13.2813  -0.23588E+01  -0.41163E+00  -0.32612E+00   0.40302E+01   0.12820E+02
  266     8.9148  13.2888  -0.23780E+01  -0.41619E+00  -0.33068E+00   0.40296E+01   0.12496E+02
  267     9.0010  13.2962  -0.23974E+01  -0.42077E+00  -0.33526E+00   0.40289E+01   0.12175E+02
  268     9.0879  13.3035  -0.24168E+01  -0.42538E+00  -0.33987E+00   0.40282E+01   0.11858E+02
  269     9.1756  13.3107  -0.24364E+01  -0.43004E+00  -0.34453E+00   0.40276E+01   0.11545E+02
  270     9.2641  13.3178  -0.24561E+01  -0.43473E+00  -0.34922E+00   0.40270E+01   0.11240E+02
  271     9.3534  13.3248  -0.24759E+01  -0.43945E+00  -0.35394E+00   0.40264E+01   0.10939E+02
  272     9.4434  13.3317  -0.24958E+01  -0.44421E+00  -0.35870E+00   0.40258E+01   0.10644E+02
  273     9.5342  13.3386  -0.25158E+01  -0.44901E+00  -0.36350E+00   0.40252E+01   0.10355E+02
  274     9.6257  13.3453  -0.25359E+01  -0.45384E+00  -0.36833E+00   0.40246E+01   0.10070E+02
  275     9.7181  13.3520  -0.25561E+01  -0.45871E+00  -0.37320E+00   0.40241E+01   0.97898E+01
  276     9.8113  13.3586  -0.25764E+01  -0.46362E+00  -0.37811E+00   0.40236E+01   0.95161E+01
  277     9.9053  13.3651  -0.25969E+01  -0.46857E+00  -0.38306E+00   0.40231E+01   0.92484E+01
  278    10.0001  13.3715  -0.26175E+01  -0.47355E+00  -0.38804E+00   0.40226E+01   0.89829E+01
  279    10.0957  13.3778  -0.26381E+01  -0.47857E+00  -0.39306E+00   0.40221E+01   0.87263E+01
  280    10.1922  13.3841  -0.26589E+01  -0.48362E+00  -0.39811E+00   0.40216E+01   0.84737E+01
  281    10.2895  13.3902  -0.26798E+01  -0.48872E+00  -0.40321E+00   0.40211E+01   0.82236E+01
  282    10.3877  13.3963  -0.27008E+01  -0.49385E+00  -0.40834E+00   0.40207E+01   0.79836E+01
  283    10.4867  13.4023  -0.27220E+01  -0.49902E+00  -0.41351E+00   0.40202E+01   0.77452E+01
  284    10.5865  13.4083  -0.27432E+01  -0.50424E+00  -0.41873E+00   0.40198E+01   0.75116E+01
  285    10.6873  13.4141  -0.27646E+01  -0.50948E+00  -0.42397E+00   0.40194E+01   0.72843E+01
  286    10.7889  13.4199  -0.27861E+01  -0.51477E+00  -0.42926E+00   0.40190E+01   0.70603E+01
  287    10.8914  13.4256  -0.28077E+01  -0.52010E+00  -0.43459E+00   0.40186E+01   0.68426E+01
  288    10.9947  13.4312  -0.28294E+01  -0.52546E+00  -0.43995E+00   0.40182E+01   0.66291E+01
  289    11.0990  13.4368  -0.28512E+01  -0.53086E+00  -0.44535E+00   0.40178E+01   0.64226E+01
  290    11.2042  13.4423  -0.28732E+01  -0.53631E+00  -0.45080E+00   0.40174E+01   0.62190E+01
  291    11.3103  13.4477  -0.28952E+01  -0.54179E+00  -0.45628E+00   0.40171E+01   0.60197E+01
  292    11.4173  13.4530  -0.29174E+01  -0.54732E+00  -0.46181E+00   0.40167E+01   0.58268E+01
  293    11.5253  13.4583  -0.29397E+01  -0.55288E+00  -0.46737E+00   0.40164E+01   0.56370E+01
  294    11.6342  13.4635  -0.29622E+01  -0.55848E+00  -0.47297E+00   0.40160E+01   0.54530E+01
  295    11.7440  13.4687  -0.29847E+01  -0.56413E+00  -0.47862E+00   0.40157E+01   0.52712E+01
  296    11.8548  13.4738  -0.30074E+01  -0.56981E+00  -0.48430E+00   0.40154E+01   0.50970E+01
  297    11.9666  13.4788  -0.30302E+01  -0.57553E+00  -0.49002E+00   0.40151E+01   0.49261E+01
  298    12.0793  13.4837  -0.30531E+01  -0.58129E+00  -0.49578E+00   0.40148E+01   0.47602E+01
  299    12.1930  13.4886  -0.30762E+01  -0.58710E+00  -0.50159E+00   0.40145E+01   0.45975E+01
  300    12.3077  13.4934  -0.30993E+01  -0.59295E+00  -0.50744E+00   0.40142E+01   0.44374E+01
  301    12.4234  13.4982  -0.31226E+01  -0.59885E+00  -0.51334E+00   0.40139E+01   0.42849E+01
  302    12.5401  13.5029  -0.31461E+01  -0.60477E+00  -0.51926E+00   0.40136E+01   0.41341E+01
  303    12.6578  13.5075  -0.31696E+01  -0.61074E+00  -0.52523E+00   0.40134E+01   0.39879E+01
  304    12.7766  13.5121  -0.31933E+01  -0.61676E+00  -0.53125E+00   0.40131E+01   0.38470E+01
  305    12.8963  13.5166  -0.32170E+01  -0.62281E+00  -0.53730E+00   0.40129E+01   0.37088E+01
  306    13.0172  13.5211  -0.32410E+01  -0.62891E+00  -0.54340E+00   0.40126E+01   0.35766E+01
  307    13.1390  13.5255  -0.32651E+01  -0.63506E+00  -0.54955E+00   0.40124E+01   0.34455E+01
  308    13.2619  13.5298  -0.32892E+01  -0.64124E+00  -0.55573E+00   0.40121E+01   0.33193E+01
  309    13.3859  13.5341  -0.33136E+01  -0.64748E+00  -0.56197E+00   0.40119E+01   0.31972E+01
  310    13.5110  13.5383  -0.33380E+01  -0.65374E+00  -0.56823E+00   0.40117E+01   0.30774E+01
  311    13.6372  13.5425  -0.33626E+01  -0.66007E+00  -0.57456E+00   0.40114E+01   0.29616E+01
  312    13.7644  13.5466  -0.33873E+01  -0.66642E+00  -0.58091E+00   0.40112E+01   0.28488E+01
  313    13.8928  13.5507  -0.34121E+01  -0.67282E+00  -0.58731E+00   0.40110E+01   0.27407E+01
  314    14.0223  13.5547  -0.34371E+01  -0.67927E+00  -0.59376E+00   0.40108E+01   0.26350E+01
  315    14.1529  13.5587  -0.34622E+01  -0.68576E+00  -0.60025E+00   0.40106E+01   0.25339E+01
  316    14.2846  13.5626  -0.34874E+01  -0.69230E+00  -0.60679E+00   0.40104E+01   0.24331E+01
  317    14.4175  13.5665  -0.35128E+01  -0.69888E+00  -0.61337E+00   0.40102E+01   0.23383E+01
  318    14.5515  13.5703  -0.35383E+01  -0.70551E+00  -0.62000E+00   0.40100E+01   0.22454E+01
  319    14.6867  13.5741  -0.35639E+01  -0.71216E+00  -0.62665E+00   0.40098E+01   0.21570E+01
  320    14.8231  13.5778  -0.35897E+01  -0.71889E+00  -0.63338E+00   0.40097E+01   0.20692E+01
  321    14.9607  13.5815  -0.36156E+01  -0.72565E+00  -0.64014E+00   0.40095E+01   0.19866E+01
  322    15.0994  13.5851  -0.36417E+01  -0.73247E+00  -0.64696E+00   0.40093E+01   0.19043E+01
  323    15.2394  13.5887  -0.36679E+01  -0.73932E+00  -0.65381E+00   0.40091E+01   0.18259E+01
  324    15.3806  13.5922  -0.36942E+01  -0.74621E+00  -0.66070E+00   0.40090E+01   0.17501E+01
  325    15.5230  13.5957  -0.37207E+01  -0.75316E+00  -0.66765E+00   0.40088E+01   0.16769E+01
  326    15.6666  13.5991  -0.37473E+01  -0.76015E+00  -0.67464E+00   0.40087E+01   0.16068E+01
  327    15.8115  13.6025  -0.37741E+01  -0.76719E+00  -0.68168E+00   0.40085E+01   0.15384E+01
  328    15.9577  13.6059  -0.38009E+01  -0.77428E+00  -0.68877E+00   0.40083E+01   0.14732E+01
  329    16.1051  13.6092  -0.38280E+01  -0.78141E+00  -0.69590E+00   0.40082E+01   0.14094E+01
  330    16.2538  13.6124  -0.38552E+01  -0.78860E+00  -0.70309E+00   0.40081E+01   0.13484E+01
  331    16.4038  13.6157  -0.38825E+01  -0.79583E+00  -0.71032E+00   0.40079E+01   0.12892E+01
  332    16.5551  13.6188  -0.39100E+01  -0.80311E+00  -0.71760E+00   0.40078E+01   0.12328E+01
  333    16.7078  13.6220  -0.39376E+01  -0.81044E+00  -0.72493E+00   0.40076E+01   0.11774E+01
  334    16.8617  13.6251  -0.39653E+01  -0.81781E+00  -0.73230E+00   0.40075E+01   0.11255E+01
  335    17.0170  13.6281  -0.39932E+01  -0.82524E+00  -0.73973E+00   0.40074E+01   0.10747E+01
  336    17.1736  13.6312  -0.40213E+01  -0.83271E+00  -0.74720E+00   0.40073E+01   0.10262E+01
  337    17.3316  13.6342  -0.40495E+01  -0.84024E+00  -0.75473E+00   0.40071E+01   0.97888E+00
  338    17.4910  13.6371  -0.40779E+01  -0.84782E+00  -0.76231E+00   0.40070E+01   0.93432E+00
  339    17.6518  13.6400  -0.41063E+01  -0.85542E+00  -0.76991E+00   0.40069E+01   0.89090E+00
  340    17.8139  13.6429  -0.41350E+01  -0.86310E+00  -0.77759E+00   0.40068E+01   0.84989E+00
  341    17.9775  13.6457  -0.41638E+01  -0.87082E+00  -0.78531E+00   0.40067E+01   0.80983E+00
  342    18.1425  13.6485  -0.41928E+01  -0.87861E+00  -0.79310E+00   0.40066E+01   0.77130E+00
  343    18.3089  13.6513  -0.42220E+01  -0.88646E+00  -0.80095E+00   0.40064E+01   0.73438E+00
  344    18.4768  13.6540  -0.42512E+01  -0.89431E+00  -0.80880E+00   0.40063E+01   0.69928E+00
  345    18.6461  13.6567  -0.42806E+01  -0.90223E+00  -0.81672E+00   0.40062E+01   0.66583E+00
  346    18.8169  13.6593  -0.43101E+01  -0.91020E+00  -0.82470E+00   0.40061E+01   0.63312E+00
  347    18.9892  13.6619  -0.43399E+01  -0.91824E+00  -0.83273E+00   0.40060E+01   0.60213E+00
  348    19.1630  13.6645  -0.43698E+01  -0.92633E+00  -0.84082E+00   0.40059E+01   0.57258E+00
  349    19.3383  13.6671  -0.43998E+01  -0.93445E+00  -0.84895E+00   0.40058E+01   0.54398E+00
  350    19.5151  13.6696  -0.44301E+01  -0.94268E+00  -0.85717E+00   0.40057E+01   0.51662E+00
  351    19.6934  13.6721  -0.44603E+01  -0.95089E+00  -0.86538E+00   0.40057E+01   0.49082E+00
  352    19.8734  13.6745  -0.44908E+01  -0.95918E+00  -0.87367E+00   0.40056E+01   0.46556E+00
  353    20.0548  13.6770  -0.45215E+01  -0.96752E+00  -0.88201E+00   0.40055E+01   0.44288E+00
  354    20.2379  13.6794  -0.45523E+01  -0.97592E+00  -0.89041E+00   0.40054E+01   0.41938E+00
  355    20.4225  13.6817  -0.45834E+01  -0.98441E+00  -0.89890E+00   0.40053E+01   0.39751E+00
  356    20.6088  13.6840  -0.46145E+01  -0.99288E+00  -0.90738E+00   0.40052E+01   0.37681E+00
  357    20.7966  13.6863  -0.46458E+01  -0.10014E+01  -0.91594E+00   0.40051E+01   0.35690E+00
  358    20.9861  13.6886  -0.46773E+01  -0.10101E+01  -0.92455E+00   0.40051E+01   0.33824E+00
  359    21.1773  13.6909  -0.47090E+01  -0.10187E+01  -0.93323E+00   0.40050E+01   0.32023E+00
  360    21.3701  13.6931  -0.47408E+01  -0.10275E+01  -0.94196E+00   0.40049E+01   0.30311E+00
  361    21.5646  13.6953  -0.47728E+01  -0.10363E+01  -0.95079E+00   0.40000E+01   0.28658E+00
  362    21.7607  13.6974  -0.48049E+01  -0.10451E+01  -0.95963E+00   0.40000E+01   0.27103E+00
  363    21.9586  13.6995  -0.48372E+01  -0.10540E+01  -0.96851E+00   0.40000E+01   0.25637E+00
  364    22.1582  13.7016  -0.48697E+01  -0.10630E+01  -0.97746E+00   0.40000E+01   0.24229E+00
  365    22.3596  13.7037  -0.49024E+01  -0.10720E+01  -0.98649E+00   0.40000E+01   0.22882E+00
  366    22.5626  13.7058  -0.49352E+01  -0.10811E+01  -0.99555E+00   0.40000E+01   0.21612E+00
  367    22.7675  13.7078  -0.49682E+01  -0.10902E+01  -0.10047E+01   0.40000E+01   0.20382E+00
  368    22.9741  13.7098  -0.50014E+01  -0.10993E+01  -0.10138E+01   0.40000E+01   0.19239E+00
  369    23.1825  13.7117  -0.50347E+01  -0.11086E+01  -0.10231E+01   0.40000E+01   0.18146E+00
  370    23.3928  13.7137  -0.50682E+01  -0.11179E+01  -0.10324E+01   0.40000E+01   0.17100E+00
  371    23.6049  13.7156  -0.51019E+01  -0.11272E+01  -0.10417E+01   0.40000E+01   0.16125E+00
  372    23.8188  13.7175  -0.51358E+01  -0.11366E+01  -0.10511E+01   0.40000E+01   0.15189E+00
  373    24.0345  13.7194  -0.51698E+01  -0.11461E+01  -0.10606E+01   0.40000E+01   0.14289E+00
  374    24.2522  13.7212  -0.52041E+01  -0.11556E+01  -0.10701E+01   0.40000E+01   0.13452E+00
  375    24.4717  13.7230  -0.52384E+01  -0.11652E+01  -0.10797E+01   0.40000E+01   0.12656E+00
  376    24.6932  13.7248  -0.52730E+01  -0.11749E+01  -0.10893E+01   0.40000E+01   0.11896E+00
  377    24.9166  13.7266  -0.53077E+01  -0.11845E+01  -0.10990E+01   0.40000E+01   0.11187E+00
  378    25.1419  13.7284  -0.53426E+01  -0.11943E+01  -0.11088E+01   0.40000E+01   0.10509E+00
  379    25.3691  13.7301  -0.53777E+01  -0.12041E+01  -0.11186E+01   0.40000E+01   0.98738E-01
  380    25.5984  13.7318  -0.54130E+01  -0.12140E+01  -0.11285E+01   0.40000E+01   0.92679E-01
  381    25.8296  13.7335  -0.54485E+01  -0.12239E+01  -0.11384E+01   0.40000E+01   0.86917E-01
  382    26.0629  13.7351  -0.54841E+01  -0.12340E+01  -0.11484E+01   0.40000E+01   0.81561E-01
  383    26.2982  13.7368  -0.55199E+01  -0.12440E+01  -0.11585E+01   0.40000E+01   0.76475E-01
  384    26.5355  13.7384  -0.55559E+01  -0.12541E+01  -0.11686E+01   0.40000E+01   0.71633E-01
  385    26.7749  13.7400  -0.55922E+01  -0.12643E+01  -0.11788E+01   0.40000E+01   0.67131E-01
  386    27.0164  13.7416  -0.56284E+01  -0.12745E+01  -0.11890E+01   0.40000E+01   0.62852E-01
  387    27.2599  13.7431  -0.56651E+01  -0.12849E+01  -0.11994E+01   0.40000E+01   0.58843E-01
  388    27.5056  13.7447  -0.57018E+01  -0.12952E+01  -0.12097E+01   0.40000E+01   0.55019E-01
  389    27.7534  13.7462  -0.57387E+01  -0.13056E+01  -0.12201E+01   0.40000E+01   0.51489E-01
  390    28.0034  13.7477  -0.57758E+01  -0.13161E+01  -0.12306E+01   0.40000E+01   0.48121E-01
  391    28.2556  13.7492  -0.58131E+01  -0.13267E+01  -0.12412E+01   0.40000E+01   0.44998E-01
  392    28.5099  13.7506  -0.58506E+01  -0.13373E+01  -0.12518E+01   0.40000E+01   0.41997E-01
  393    28.7665  13.7521  -0.58883E+01  -0.13480E+01  -0.12625E+01   0.40000E+01   0.39203E-01
  394    29.0253  13.7535  -0.59262E+01  -0.13587E+01  -0.12732E+01   0.40000E+01   0.36628E-01
  395    29.2863  13.7549  -0.59642E+01  -0.13696E+01  -0.12840E+01   0.40000E+01   0.34131E-01
  396    29.5496  13.7563  -0.60026E+01  -0.13804E+01  -0.12949E+01   0.40000E+01   0.31795E-01
  397    29.8152  13.7577  -0.60409E+01  -0.13914E+01  -0.13059E+01   0.40000E+01   0.29663E-01
  398    30.0831  13.7590  -0.60795E+01  -0.14023E+01  -0.13168E+01   0.40000E+01   0.27642E-01
  399    30.3534  13.7604  -0.61184E+01  -0.14134E+01  -0.13279E+01   0.40000E+01   0.25716E-01
  400    30.6259  13.7617  -0.61574E+01  -0.14245E+01  -0.13390E+01   0.40000E+01   0.23926E-01
