    1     0.0001   0.0014  -0.15259E-04   0.51772E-07   0.83621E-01   0.10269E+02   0.16299E+02
    2     0.0088   0.1221  -0.14630E-02  -0.25369E-04   0.83596E-01   0.10208E+02   0.18239E+02
    3     0.0176   0.2423  -0.30517E-02  -0.79011E-04   0.83542E-01   0.10147E+02   0.19239E+02
    4     0.0264   0.3621  -0.47244E-02  -0.14625E-03   0.83475E-01   0.10087E+02   0.20007E+02
    5     0.0353   0.4814  -0.64634E-02  -0.22231E-03   0.83399E-01   0.10028E+02   0.20709E+02
    6     0.0443   0.6003  -0.82526E-02  -0.30333E-03   0.83318E-01   0.99691E+01   0.21311E+02
    7     0.0534   0.7188  -0.10090E-01  -0.38903E-03   0.83232E-01   0.99104E+01   0.21856E+02
    8     0.0626   0.8368  -0.11973E-01  -0.47760E-03   0.83144E-01   0.98521E+01   0.22375E+02
    9     0.0718   0.9543  -0.13901E-01  -0.56857E-03   0.83053E-01   0.97943E+01   0.22887E+02
   10     0.0811   1.0713  -0.15871E-01  -0.66295E-03   0.82958E-01   0.97367E+01   0.23378E+02
   11     0.0905   1.1879  -0.17882E-01  -0.76006E-03   0.82861E-01   0.96794E+01   0.23863E+02
   12     0.1000   1.3039  -0.19935E-01  -0.86032E-03   0.82761E-01   0.96224E+01   0.24333E+02
   13     0.1096   1.4195  -0.22028E-01  -0.96330E-03   0.82658E-01   0.95656E+01   0.24805E+02
   14     0.1192   1.5346  -0.24170E-01  -0.10712E-02   0.82550E-01   0.95091E+01   0.25283E+02
   15     0.1290   1.6491  -0.26341E-01  -0.11786E-02   0.82443E-01   0.94529E+01   0.25740E+02
   16     0.1388   1.7632  -0.28552E-01  -0.12883E-02   0.82333E-01   0.93970E+01   0.26205E+02
   17     0.1487   1.8767  -0.30804E-01  -0.14013E-02   0.82220E-01   0.93413E+01   0.26661E+02
   18     0.1587   1.9897  -0.33095E-01  -0.15172E-02   0.82104E-01   0.92859E+01   0.27125E+02
   19     0.1687   2.1021  -0.35426E-01  -0.16362E-02   0.81985E-01   0.92307E+01   0.27587E+02
   20     0.1789   2.2140  -0.37798E-01  -0.17584E-02   0.81863E-01   0.91758E+01   0.28043E+02
   21     0.1891   2.3254  -0.40210E-01  -0.18839E-02   0.81738E-01   0.91211E+01   0.28508E+02
   22     0.1995   2.4362  -0.42662E-01  -0.20123E-02   0.81609E-01   0.90668E+01   0.28969E+02
   23     0.2099   2.5465  -0.45155E-01  -0.21444E-02   0.81477E-01   0.90127E+01   0.29432E+02
   24     0.2204   2.6562  -0.47689E-01  -0.22801E-02   0.81341E-01   0.89589E+01   0.29896E+02
   25     0.2310   2.7653  -0.50264E-01  -0.24198E-02   0.81202E-01   0.89053E+01   0.30363E+02
   26     0.2417   2.8738  -0.52880E-01  -0.25633E-02   0.81058E-01   0.88519E+01   0.30833E+02
   27     0.2525   2.9818  -0.55537E-01  -0.27102E-02   0.80911E-01   0.87989E+01   0.31301E+02
   28     0.2634   3.0892  -0.58235E-01  -0.28613E-02   0.80760E-01   0.87461E+01   0.31774E+02
   29     0.2744   3.1959  -0.60975E-01  -0.30166E-02   0.80605E-01   0.86936E+01   0.32250E+02
   30     0.2855   3.3021  -0.63756E-01  -0.31764E-02   0.80445E-01   0.86413E+01   0.32727E+02
   31     0.2967   3.4077  -0.66580E-01  -0.33406E-02   0.80281E-01   0.85893E+01   0.33204E+02
   32     0.3079   3.5127  -0.69446E-01  -0.35093E-02   0.80112E-01   0.85375E+01   0.33684E+02
   33     0.3193   3.6170  -0.72340E-01  -0.36788E-02   0.79943E-01   0.84860E+01   0.34168E+02
   34     0.3308   3.7207  -0.75292E-01  -0.38572E-02   0.79764E-01   0.84348E+01   0.34651E+02
   35     0.3423   3.8238  -0.78287E-01  -0.40407E-02   0.79581E-01   0.83838E+01   0.35129E+02
   36     0.3540   3.9263  -0.81325E-01  -0.42294E-02   0.79392E-01   0.83331E+01   0.35618E+02
   37     0.3658   4.0281  -0.84407E-01  -0.44228E-02   0.79199E-01   0.82828E+01   0.36105E+02
   38     0.3777   4.1293  -0.87533E-01  -0.46217E-02   0.79000E-01   0.82327E+01   0.36595E+02
   39     0.3896   4.2299  -0.90704E-01  -0.48264E-02   0.78795E-01   0.81829E+01   0.37087E+02
   40     0.4017   4.3298  -0.93918E-01  -0.50367E-02   0.78585E-01   0.81333E+01   0.37580E+02
   41     0.4139   4.4291  -0.97178E-01  -0.52527E-02   0.78369E-01   0.80841E+01   0.38076E+02
   42     0.4262   4.5276  -0.10048E+00  -0.54746E-02   0.78147E-01   0.80352E+01   0.38576E+02
   43     0.4386   4.6256  -0.10383E+00  -0.57027E-02   0.77919E-01   0.79865E+01   0.39071E+02
   44     0.4511   4.7229  -0.10723E+00  -0.59371E-02   0.77684E-01   0.79381E+01   0.39569E+02
   45     0.4637   4.8195  -0.11067E+00  -0.61776E-02   0.77444E-01   0.78900E+01   0.40071E+02
   46     0.4764   4.9154  -0.11416E+00  -0.64246E-02   0.77197E-01   0.78421E+01   0.40574E+02
   47     0.4893   5.0106  -0.11769E+00  -0.66778E-02   0.76944E-01   0.77946E+01   0.41077E+02
   48     0.5022   5.1052  -0.12127E+00  -0.69382E-02   0.76683E-01   0.77474E+01   0.41581E+02
   49     0.5153   5.1991  -0.12490E+00  -0.72053E-02   0.76416E-01   0.77004E+01   0.42084E+02
   50     0.5285   5.2923  -0.12857E+00  -0.74791E-02   0.76142E-01   0.76538E+01   0.42594E+02
   51     0.5417   5.3849  -0.13230E+00  -0.77601E-02   0.75861E-01   0.76074E+01   0.43097E+02
   52     0.5552   5.4767  -0.13606E+00  -0.80483E-02   0.75573E-01   0.75613E+01   0.43604E+02
   53     0.5687   5.5679  -0.13988E+00  -0.83438E-02   0.75278E-01   0.75156E+01   0.44117E+02
   54     0.5823   5.6583  -0.14375E+00  -0.86464E-02   0.74975E-01   0.74701E+01   0.44621E+02
   55     0.5961   5.7481  -0.14766E+00  -0.89568E-02   0.74665E-01   0.74250E+01   0.45131E+02
   56     0.6099   5.8371  -0.15162E+00  -0.92752E-02   0.74346E-01   0.73801E+01   0.45643E+02
   57     0.6239   5.9255  -0.15564E+00  -0.96010E-02   0.74020E-01   0.73355E+01   0.46153E+02
   58     0.6381   6.0132  -0.15970E+00  -0.99348E-02   0.73687E-01   0.72913E+01   0.46664E+02
   59     0.6523   6.1001  -0.16381E+00  -0.10277E-01   0.73345E-01   0.72474E+01   0.47174E+02
   60     0.6667   6.1864  -0.16797E+00  -0.10627E-01   0.72994E-01   0.72037E+01   0.47682E+02
   61     0.6812   6.2719  -0.17218E+00  -0.10985E-01   0.72636E-01   0.71604E+01   0.48192E+02
   62     0.6958   6.3568  -0.17644E+00  -0.11352E-01   0.72270E-01   0.71174E+01   0.48699E+02
   63     0.7105   6.4409  -0.18075E+00  -0.11727E-01   0.71894E-01   0.70746E+01   0.49211E+02
   64     0.7254   6.5244  -0.18511E+00  -0.12111E-01   0.71511E-01   0.70322E+01   0.49713E+02
   65     0.7404   6.6071  -0.18952E+00  -0.12504E-01   0.71118E-01   0.69901E+01   0.50220E+02
   66     0.7555   6.6891  -0.19399E+00  -0.12906E-01   0.70716E-01   0.69483E+01   0.50724E+02
   67     0.7708   6.7704  -0.19851E+00  -0.13317E-01   0.70305E-01   0.69069E+01   0.51226E+02
   68     0.7862   6.8511  -0.20308E+00  -0.13736E-01   0.69885E-01   0.68658E+01   0.51729E+02
   69     0.8017   6.9310  -0.20770E+00  -0.14165E-01   0.69456E-01   0.68249E+01   0.52228E+02
   70     0.8174   7.0102  -0.21237E+00  -0.14604E-01   0.69017E-01   0.67844E+01   0.52725E+02
   71     0.8332   7.0886  -0.21710E+00  -0.15052E-01   0.68570E-01   0.67443E+01   0.53222E+02
   72     0.8491   7.1664  -0.22188E+00  -0.15510E-01   0.68112E-01   0.67044E+01   0.53713E+02
   73     0.8652   7.2435  -0.22671E+00  -0.15977E-01   0.67644E-01   0.66648E+01   0.54205E+02
   74     0.8814   7.3199  -0.23160E+00  -0.16454E-01   0.67167E-01   0.66255E+01   0.54693E+02
   75     0.8977   7.3956  -0.23653E+00  -0.16941E-01   0.66680E-01   0.65866E+01   0.55177E+02
   76     0.9142   7.4705  -0.24153E+00  -0.17439E-01   0.66183E-01   0.65480E+01   0.55660E+02
   77     0.9309   7.5448  -0.24657E+00  -0.17945E-01   0.65676E-01   0.65097E+01   0.56138E+02
   78     0.9477   7.6184  -0.25168E+00  -0.18463E-01   0.65159E-01   0.64718E+01   0.56613E+02
   79     0.9646   7.6913  -0.25683E+00  -0.18990E-01   0.64631E-01   0.64341E+01   0.57085E+02
   80     0.9817   7.7635  -0.26204E+00  -0.19528E-01   0.64093E-01   0.63968E+01   0.57552E+02
   81     0.9989   7.8350  -0.26730E+00  -0.20076E-01   0.63545E-01   0.63597E+01   0.58020E+02
   82     1.0163   7.9058  -0.27262E+00  -0.20635E-01   0.62986E-01   0.63230E+01   0.58481E+02
   83     1.0338   7.9759  -0.27799E+00  -0.21204E-01   0.62417E-01   0.62867E+01   0.58935E+02
   84     1.0515   8.0453  -0.28342E+00  -0.21784E-01   0.61837E-01   0.62506E+01   0.59384E+02
   85     1.0693   8.1141  -0.28890E+00  -0.22374E-01   0.61247E-01   0.62149E+01   0.59831E+02
   86     1.0873   8.1821  -0.29443E+00  -0.22975E-01   0.60646E-01   0.61795E+01   0.60272E+02
   87     1.1055   8.2495  -0.30003E+00  -0.23588E-01   0.60034E-01   0.61444E+01   0.60712E+02
   88     1.1238   8.3162  -0.30568E+00  -0.24212E-01   0.59410E-01   0.61096E+01   0.61142E+02
   89     1.1423   8.3823  -0.31138E+00  -0.24846E-01   0.58775E-01   0.60752E+01   0.61568E+02
   90     1.1609   8.4477  -0.31714E+00  -0.25493E-01   0.58129E-01   0.60410E+01   0.61991E+02
   91     1.1797   8.5124  -0.32296E+00  -0.26151E-01   0.57471E-01   0.60072E+01   0.62407E+02
   92     1.1986   8.5764  -0.32884E+00  -0.26820E-01   0.56801E-01   0.59737E+01   0.62818E+02
   93     1.2177   8.6398  -0.33477E+00  -0.27502E-01   0.56119E-01   0.59405E+01   0.63220E+02
   94     1.2370   8.7025  -0.34076E+00  -0.28195E-01   0.55426E-01   0.59077E+01   0.63621E+02
   95     1.2565   8.7646  -0.34681E+00  -0.28900E-01   0.54721E-01   0.58752E+01   0.64017E+02
   96     1.2761   8.8260  -0.35291E+00  -0.29617E-01   0.54005E-01   0.58430E+01   0.64402E+02
   97     1.2959   8.8868  -0.35907E+00  -0.30345E-01   0.53276E-01   0.58112E+01   0.64784E+02
   98     1.3158   8.9469  -0.36529E+00  -0.31087E-01   0.52534E-01   0.57796E+01   0.65156E+02
   99     1.3360   9.0065  -0.37157E+00  -0.31841E-01   0.51780E-01   0.57484E+01   0.65520E+02
  100     1.3563   9.0653  -0.37791E+00  -0.32608E-01   0.51013E-01   0.57175E+01   0.65877E+02
  101     1.3767   9.1236  -0.38431E+00  -0.33386E-01   0.50235E-01   0.56869E+01   0.66230E+02
  102     1.3974   9.1812  -0.39076E+00  -0.34178E-01   0.49444E-01   0.56567E+01   0.66570E+02
  103     1.4183   9.2382  -0.39728E+00  -0.34982E-01   0.48639E-01   0.56268E+01   0.66903E+02
  104     1.4393   9.2945  -0.40385E+00  -0.35800E-01   0.47821E-01   0.55972E+01   0.67228E+02
  105     1.4605   9.3503  -0.41049E+00  -0.36631E-01   0.46991E-01   0.55680E+01   0.67546E+02
  106     1.4819   9.4054  -0.41718E+00  -0.37474E-01   0.46148E-01   0.55390E+01   0.67856E+02
  107     1.5035   9.4600  -0.42393E+00  -0.38330E-01   0.45291E-01   0.55104E+01   0.68157E+02
  108     1.5252   9.5139  -0.43075E+00  -0.39200E-01   0.44421E-01   0.54822E+01   0.68447E+02
  109     1.5472   9.5673  -0.43762E+00  -0.40083E-01   0.43538E-01   0.54542E+01   0.68727E+02
  110     1.5693   9.6200  -0.44456E+00  -0.40980E-01   0.42642E-01   0.54266E+01   0.69000E+02
  111     1.5917   9.6722  -0.45155E+00  -0.41889E-01   0.41732E-01   0.53993E+01   0.69264E+02
  112     1.6142   9.7238  -0.45861E+00  -0.42813E-01   0.40809E-01   0.53723E+01   0.69516E+02
  113     1.6369   9.7748  -0.46572E+00  -0.43749E-01   0.39873E-01   0.53457E+01   0.69762E+02
  114     1.6598   9.8252  -0.47289E+00  -0.44700E-01   0.38922E-01   0.53193E+01   0.69996E+02
  115     1.6830   9.8751  -0.48013E+00  -0.45664E-01   0.37957E-01   0.52933E+01   0.70219E+02
  116     1.7063   9.9244  -0.48743E+00  -0.46642E-01   0.36980E-01   0.52677E+01   0.70434E+02
  117     1.7298   9.9731  -0.49478E+00  -0.47634E-01   0.35988E-01   0.52423E+01   0.70639E+02
  118     1.7536  10.0213  -0.50220E+00  -0.48640E-01   0.34982E-01   0.52173E+01   0.70831E+02
  119     1.7775  10.0689  -0.50969E+00  -0.49660E-01   0.33961E-01   0.51926E+01   0.71015E+02
  120     1.8016  10.1160  -0.51723E+00  -0.50695E-01   0.32926E-01   0.51683E+01   0.71190E+02
  121     1.8260  10.1626  -0.52484E+00  -0.51745E-01   0.31877E-01   0.51442E+01   0.71357E+02
  122     1.8506  10.2086  -0.53251E+00  -0.52808E-01   0.30813E-01   0.51205E+01   0.71510E+02
  123     1.8753  10.2541  -0.54024E+00  -0.53887E-01   0.29734E-01   0.50971E+01   0.71655E+02
  124     1.9003  10.2990  -0.54803E+00  -0.54981E-01   0.28640E-01   0.50740E+01   0.71786E+02
  125     1.9256  10.3434  -0.55589E+00  -0.56090E-01   0.27532E-01   0.50513E+01   0.71911E+02
  126     1.9510  10.3873  -0.56381E+00  -0.57213E-01   0.26408E-01   0.50289E+01   0.72022E+02
  127     1.9766  10.4307  -0.57180E+00  -0.58352E-01   0.25269E-01   0.50068E+01   0.72127E+02
  128     2.0025  10.4736  -0.57985E+00  -0.59506E-01   0.24116E-01   0.49850E+01   0.72217E+02
  129     2.0286  10.5160  -0.58796E+00  -0.60676E-01   0.22945E-01   0.49636E+01   0.72295E+02
  130     2.0550  10.5579  -0.59614E+00  -0.61862E-01   0.21759E-01   0.49425E+01   0.72365E+02
  131     2.0815  10.5993  -0.60438E+00  -0.63062E-01   0.20560E-01   0.49217E+01   0.72419E+02
  132     2.1083  10.6402  -0.61269E+00  -0.64278E-01   0.19344E-01   0.49012E+01   0.72464E+02
  133     2.1353  10.6806  -0.62106E+00  -0.65511E-01   0.18111E-01   0.48811E+01   0.72502E+02
  134     2.1626  10.7205  -0.62951E+00  -0.66760E-01   0.16861E-01   0.48613E+01   0.72519E+02
  135     2.1901  10.7600  -0.63801E+00  -0.68025E-01   0.15597E-01   0.48418E+01   0.72527E+02
  136     2.2178  10.7990  -0.64658E+00  -0.69306E-01   0.14315E-01   0.48226E+01   0.72520E+02
  137     2.2458  10.8375  -0.65522E+00  -0.70604E-01   0.13017E-01   0.48038E+01   0.72497E+02
  138     2.2740  10.8756  -0.66393E+00  -0.71919E-01   0.11702E-01   0.47852E+01   0.72467E+02
  139     2.3025  10.9132  -0.67269E+00  -0.73249E-01   0.10372E-01   0.47670E+01   0.72425E+02
  140     2.3312  10.9504  -0.68153E+00  -0.74596E-01   0.90250E-02   0.47491E+01   0.72373E+02
  141     2.3602  10.9871  -0.69043E+00  -0.75961E-01   0.76602E-02   0.47315E+01   0.72301E+02
  142     2.3894  11.0234  -0.69940E+00  -0.77342E-01   0.62794E-02   0.47142E+01   0.72225E+02
  143     2.4188  11.0592  -0.70843E+00  -0.78738E-01   0.48833E-02   0.46972E+01   0.72141E+02
  144     2.4486  11.0946  -0.71753E+00  -0.80152E-01   0.34693E-02   0.46805E+01   0.72035E+02
  145     2.4785  11.1296  -0.72669E+00  -0.81581E-01   0.20400E-02   0.46642E+01   0.71923E+02
  146     2.5088  11.1641  -0.73592E+00  -0.83028E-01   0.59376E-03   0.46481E+01   0.71803E+02
  147     2.5393  11.1982  -0.74522E+00  -0.84493E-01  -0.87129E-03   0.46323E+01   0.71667E+02
  148     2.5701  11.2320  -0.75458E+00  -0.85975E-01  -0.23535E-02   0.46168E+01   0.71520E+02
  149     2.6011  11.2653  -0.76401E+00  -0.87474E-01  -0.38523E-02   0.46017E+01   0.71365E+02
  150     2.6324  11.2982  -0.77353E+00  -0.88995E-01  -0.53738E-02   0.45868E+01   0.71195E+02
  151     2.6640  11.3306  -0.78311E+00  -0.90535E-01  -0.69132E-02   0.45723E+01   0.71014E+02
  152     2.6958  11.3627  -0.79275E+00  -0.92089E-01  -0.84676E-02   0.45580E+01   0.70830E+02
  153     2.7280  11.3944  -0.80246E+00  -0.93662E-01  -0.10041E-01   0.45440E+01   0.70626E+02
  154     2.7604  11.4258  -0.81225E+00  -0.95256E-01  -0.11635E-01   0.45304E+01   0.70412E+02
  155     2.7931  11.4567  -0.82210E+00  -0.96867E-01  -0.13246E-01   0.45170E+01   0.70197E+02
  156     2.8260  11.4872  -0.83203E+00  -0.98498E-01  -0.14876E-01   0.45038E+01   0.69962E+02
  157     2.8593  11.5174  -0.84202E+00  -0.10015E+00  -0.16525E-01   0.44910E+01   0.69707E+02
  158     2.8929  11.5472  -0.85209E+00  -0.10181E+00  -0.18193E-01   0.44784E+01   0.69445E+02
  159     2.9267  11.5766  -0.86223E+00  -0.10350E+00  -0.19882E-01   0.44661E+01   0.69171E+02
  160     2.9608  11.6057  -0.87243E+00  -0.10521E+00  -0.21587E-01   0.44541E+01   0.68877E+02
  161     2.9953  11.6344  -0.88271E+00  -0.10693E+00  -0.23312E-01   0.44423E+01   0.68585E+02
  162     3.0300  11.6628  -0.89307E+00  -0.10868E+00  -0.25062E-01   0.44308E+01   0.68279E+02
  163     3.0651  11.6908  -0.90349E+00  -0.11045E+00  -0.26829E-01   0.44196E+01   0.67965E+02
  164     3.1004  11.7184  -0.91399E+00  -0.11224E+00  -0.28614E-01   0.44086E+01   0.67637E+02
  165     3.1360  11.7458  -0.92455E+00  -0.11404E+00  -0.30418E-01   0.43979E+01   0.67298E+02
  166     3.1720  11.7727  -0.93517E+00  -0.11586E+00  -0.32238E-01   0.43874E+01   0.66958E+02
  167     3.2083  11.7994  -0.94587E+00  -0.11770E+00  -0.34081E-01   0.43771E+01   0.66599E+02
  168     3.2449  11.8257  -0.95665E+00  -0.11957E+00  -0.35948E-01   0.43671E+01   0.66228E+02
  169     3.2818  11.8517  -0.96751E+00  -0.12146E+00  -0.37836E-01   0.43574E+01   0.65851E+02
  170     3.3190  11.8773  -0.97844E+00  -0.12337E+00  -0.39744E-01   0.43479E+01   0.65465E+02
  171     3.3565  11.9026  -0.98944E+00  -0.12529E+00  -0.41671E-01   0.43386E+01   0.65073E+02
  172     3.3944  11.9277  -0.10005E+01  -0.12724E+00  -0.43620E-01   0.43295E+01   0.64677E+02
  173     3.4326  11.9524  -0.10117E+01  -0.12921E+00  -0.45592E-01   0.43207E+01   0.64260E+02
  174     3.4712  11.9768  -0.10229E+01  -0.13121E+00  -0.47585E-01   0.43121E+01   0.63836E+02
  175     3.5100  12.0009  -0.10342E+01  -0.13322E+00  -0.49599E-01   0.43037E+01   0.63400E+02
  176     3.5492  12.0246  -0.10456E+01  -0.13526E+00  -0.51636E-01   0.42955E+01   0.62959E+02
  177     3.5888  12.0481  -0.10570E+01  -0.13732E+00  -0.53694E-01   0.42875E+01   0.62511E+02
  178     3.6287  12.0713  -0.10685E+01  -0.13939E+00  -0.55771E-01   0.42797E+01   0.62056E+02
  179     3.6689  12.0942  -0.10801E+01  -0.14149E+00  -0.57873E-01   0.42722E+01   0.61590E+02
  180     3.7095  12.1169  -0.10918E+01  -0.14362E+00  -0.59997E-01   0.42648E+01   0.61117E+02
  181     3.7505  12.1392  -0.11036E+01  -0.14576E+00  -0.62142E-01   0.42576E+01   0.60638E+02
  182     3.7918  12.1612  -0.11154E+01  -0.14793E+00  -0.64310E-01   0.42506E+01   0.60153E+02
  183     3.8334  12.1830  -0.11273E+01  -0.15012E+00  -0.66501E-01   0.42438E+01   0.59659E+02
  184     3.8754  12.2045  -0.11393E+01  -0.15234E+00  -0.68718E-01   0.42371E+01   0.59159E+02
  185     3.9178  12.2257  -0.11513E+01  -0.15458E+00  -0.70957E-01   0.42307E+01   0.58647E+02
  186     3.9606  12.2467  -0.11635E+01  -0.15684E+00  -0.73219E-01   0.42244E+01   0.58135E+02
  187     4.0037  12.2674  -0.11757E+01  -0.15913E+00  -0.75506E-01   0.42183E+01   0.57615E+02
  188     4.0472  12.2878  -0.11880E+01  -0.16144E+00  -0.77816E-01   0.42123E+01   0.57085E+02
  189     4.0911  12.3080  -0.12004E+01  -0.16377E+00  -0.80148E-01   0.42065E+01   0.56546E+02
  190     4.1353  12.3279  -0.12128E+01  -0.16613E+00  -0.82504E-01   0.42009E+01   0.56008E+02
  191     4.1800  12.3476  -0.12254E+01  -0.16851E+00  -0.84885E-01   0.41954E+01   0.55460E+02
  192     4.2250  12.3670  -0.12380E+01  -0.17091E+00  -0.87291E-01   0.41901E+01   0.54904E+02
  193     4.2705  12.3862  -0.12507E+01  -0.17334E+00  -0.89719E-01   0.41849E+01   0.54352E+02
  194     4.3163  12.4051  -0.12634E+01  -0.17579E+00  -0.92171E-01   0.41799E+01   0.53791E+02
  195     4.3625  12.4238  -0.12763E+01  -0.17827E+00  -0.94649E-01   0.41750E+01   0.53228E+02
  196     4.4091  12.4423  -0.12892E+01  -0.18077E+00  -0.97152E-01   0.41702E+01   0.52664E+02
  197     4.4561  12.4605  -0.13022E+01  -0.18330E+00  -0.99680E-01   0.41656E+01   0.52080E+02
  198     4.5036  12.4785  -0.13153E+01  -0.18586E+00  -0.10223E+00   0.41611E+01   0.51523E+02
  199     4.5514  12.4962  -0.13285E+01  -0.18844E+00  -0.10481E+00   0.41567E+01   0.50784E+02
  200     4.5997  12.5138  -0.13418E+01  -0.19104E+00  -0.10742E+00   0.41525E+01   0.50353E+02
  201     4.6484  12.5311  -0.13551E+01  -0.19367E+00  -0.11005E+00   0.41483E+01   0.49748E+02
  202     4.6975  12.5482  -0.13685E+01  -0.19633E+00  -0.11271E+00   0.41443E+01   0.49166E+02
  203     4.7470  12.5650  -0.13821E+01  -0.19902E+00  -0.11540E+00   0.41404E+01   0.48559E+02
  204     4.7970  12.5817  -0.13953E+01  -0.20162E+00  -0.11800E+00   0.41365E+01   0.47993E+02
  205     4.8474  12.5981  -0.14092E+01  -0.20443E+00  -0.12081E+00   0.41329E+01   0.47374E+02
  206     4.8982  12.6144  -0.14231E+01  -0.20721E+00  -0.12359E+00   0.41294E+01   0.46758E+02
  207     4.9495  12.6304  -0.14369E+01  -0.21000E+00  -0.12638E+00   0.41259E+01   0.46160E+02
  208     5.0012  12.6462  -0.14508E+01  -0.21281E+00  -0.12919E+00   0.41225E+01   0.45577E+02
  209     5.0534  12.6619  -0.14648E+01  -0.21565E+00  -0.13203E+00   0.41192E+01   0.45048E+02
  210     5.1060  12.6773  -0.14789E+01  -0.21852E+00  -0.13489E+00   0.41160E+01   0.44335E+02
  211     5.1591  12.6925  -0.14931E+01  -0.22141E+00  -0.13779E+00   0.41129E+01   0.43737E+02
  212     5.2126  12.7076  -0.15073E+01  -0.22433E+00  -0.14071E+00   0.41099E+01   0.43128E+02
  213     5.2667  12.7224  -0.15217E+01  -0.22728E+00  -0.14366E+00   0.41070E+01   0.42530E+02
  214     5.3211  12.7371  -0.15361E+01  -0.23025E+00  -0.14663E+00   0.41041E+01   0.41921E+02
  215     5.3761  12.7515  -0.15507E+01  -0.23326E+00  -0.14964E+00   0.41014E+01   0.41312E+02
  216     5.4315  12.7658  -0.15653E+01  -0.23629E+00  -0.15267E+00   0.40987E+01   0.40706E+02
  217     5.4874  12.7799  -0.15800E+01  -0.23935E+00  -0.15573E+00   0.40961E+01   0.40096E+02
  218     5.5438  12.7938  -0.15948E+01  -0.24244E+00  -0.15882E+00   0.40936E+01   0.39491E+02
  219     5.6007  12.8076  -0.16096E+01  -0.24556E+00  -0.16193E+00   0.40911E+01   0.38883E+02
  220     5.6581  12.8211  -0.16246E+01  -0.24870E+00  -0.16508E+00   0.40887E+01   0.38276E+02
  221     5.7160  12.8345  -0.16397E+01  -0.25187E+00  -0.16825E+00   0.40864E+01   0.37676E+02
  222     5.7744  12.8477  -0.16548E+01  -0.25507E+00  -0.17145E+00   0.40842E+01   0.37068E+02
  223     5.8333  12.8608  -0.16700E+01  -0.25831E+00  -0.17469E+00   0.40820E+01   0.36471E+02
  224     5.8927  12.8737  -0.16853E+01  -0.26157E+00  -0.17794E+00   0.40799E+01   0.35872E+02
  225     5.9526  12.8864  -0.17008E+01  -0.26485E+00  -0.18123E+00   0.40778E+01   0.35278E+02
  226     6.0131  12.8990  -0.17162E+01  -0.26817E+00  -0.18455E+00   0.40758E+01   0.34685E+02
  227     6.0740  12.9114  -0.17318E+01  -0.27152E+00  -0.18790E+00   0.40738E+01   0.34094E+02
  228     6.1355  12.9236  -0.17475E+01  -0.27489E+00  -0.19127E+00   0.40719E+01   0.33507E+02
  229     6.1976  12.9357  -0.17633E+01  -0.27830E+00  -0.19468E+00   0.40701E+01   0.32920E+02
  230     6.2602  12.9476  -0.17792E+01  -0.28174E+00  -0.19812E+00   0.40683E+01   0.32337E+02
  231     6.3233  12.9594  -0.17951E+01  -0.28521E+00  -0.20158E+00   0.40666E+01   0.31763E+02
  232     6.3869  12.9710  -0.18112E+01  -0.28870E+00  -0.20508E+00   0.40649E+01   0.31188E+02
  233     6.4512  12.9825  -0.18273E+01  -0.29223E+00  -0.20861E+00   0.40632E+01   0.30614E+02
  234     6.5159  12.9938  -0.18436E+01  -0.29579E+00  -0.21217E+00   0.40617E+01   0.30047E+02
  235     6.5813  13.0050  -0.18599E+01  -0.29938E+00  -0.21575E+00   0.40601E+01   0.29485E+02
  236     6.6472  13.0160  -0.18763E+01  -0.30300E+00  -0.21938E+00   0.40586E+01   0.28920E+02
  237     6.7137  13.0269  -0.18928E+01  -0.30664E+00  -0.22302E+00   0.40571E+01   0.28370E+02
  238     6.7807  13.0377  -0.19095E+01  -0.31033E+00  -0.22671E+00   0.40557E+01   0.27819E+02
  239     6.8484  13.0483  -0.19262E+01  -0.31404E+00  -0.23042E+00   0.40543E+01   0.27265E+02
  240     6.9166  13.0588  -0.19430E+01  -0.31778E+00  -0.23416E+00   0.40530E+01   0.26728E+02
  241     6.9854  13.0691  -0.19599E+01  -0.32156E+00  -0.23794E+00   0.40517E+01   0.26190E+02
  242     7.0549  13.0794  -0.19769E+01  -0.32537E+00  -0.24174E+00   0.40504E+01   0.25656E+02
  243     7.1249  13.0894  -0.19940E+01  -0.32920E+00  -0.24558E+00   0.40492E+01   0.25131E+02
  244     7.1955  13.0994  -0.20112E+01  -0.33307E+00  -0.24945E+00   0.40480E+01   0.24611E+02
  245     7.2668  13.1092  -0.20285E+01  -0.33698E+00  -0.25335E+00   0.40468E+01   0.24091E+02
  246     7.3387  13.1189  -0.20459E+01  -0.34091E+00  -0.25729E+00   0.40457E+01   0.23579E+02
  247     7.4112  13.1285  -0.20633E+01  -0.34488E+00  -0.26126E+00   0.40446E+01   0.23075E+02
  248     7.4843  13.1380  -0.20809E+01  -0.34888E+00  -0.26526E+00   0.40435E+01   0.22572E+02
  249     7.5580  13.1473  -0.20986E+01  -0.35291E+00  -0.26929E+00   0.40425E+01   0.22079E+02
  250     7.6324  13.1565  -0.21164E+01  -0.35698E+00  -0.27336E+00   0.40415E+01   0.21587E+02
  251     7.7075  13.1656  -0.21343E+01  -0.36107E+00  -0.27745E+00   0.40405E+01   0.21106E+02
  252     7.7832  13.1746  -0.21523E+01  -0.36521E+00  -0.28159E+00   0.40395E+01   0.20624E+02
  253     7.8596  13.1834  -0.21704E+01  -0.36937E+00  -0.28575E+00   0.40386E+01   0.20154E+02
  254     7.9366  13.1922  -0.21886E+01  -0.37357E+00  -0.28995E+00   0.40377E+01   0.19691E+02
  255     8.0143  13.2008  -0.22068E+01  -0.37780E+00  -0.29418E+00   0.40368E+01   0.19231E+02
  256     8.0926  13.2093  -0.22252E+01  -0.38206E+00  -0.29844E+00   0.40359E+01   0.18779E+02
  257     8.1717  13.2178  -0.22437E+01  -0.38636E+00  -0.30274E+00   0.40351E+01   0.18331E+02
  258     8.2514  13.2261  -0.22623E+01  -0.39070E+00  -0.30708E+00   0.40343E+01   0.17890E+02
  259     8.3319  13.2343  -0.22810E+01  -0.39506E+00  -0.31144E+00   0.40335E+01   0.17460E+02
  260     8.4130  13.2424  -0.22999E+01  -0.39947E+00  -0.31585E+00   0.40327E+01   0.17030E+02
  261     8.4948  13.2503  -0.23188E+01  -0.40391E+00  -0.32029E+00   0.40319E+01   0.16607E+02
  262     8.5774  13.2582  -0.23378E+01  -0.40838E+00  -0.32475E+00   0.40312E+01   0.16191E+02
  263     8.6606  13.2660  -0.23569E+01  -0.41288E+00  -0.32926E+00   0.40305E+01   0.15782E+02
  264     8.7446  13.2737  -0.23761E+01  -0.41742E+00  -0.33380E+00   0.40298E+01   0.15378E+02
  265     8.8293  13.2813  -0.23955E+01  -0.42200E+00  -0.33838E+00   0.40291E+01   0.14983E+02
  266     8.9148  13.2888  -0.24149E+01  -0.42661E+00  -0.34299E+00   0.40285E+01   0.14596E+02
  267     9.0010  13.2962  -0.24345E+01  -0.43125E+00  -0.34763E+00   0.40278E+01   0.14213E+02
  268     9.0879  13.3035  -0.24541E+01  -0.43593E+00  -0.35231E+00   0.40272E+01   0.13837E+02
  269     9.1756  13.3107  -0.24739E+01  -0.44066E+00  -0.35704E+00   0.40266E+01   0.13468E+02
  270     9.2641  13.3178  -0.24938E+01  -0.44541E+00  -0.36179E+00   0.40260E+01   0.13105E+02
  271     9.3534  13.3248  -0.25138E+01  -0.45020E+00  -0.36658E+00   0.40254E+01   0.12747E+02
  272     9.4434  13.3317  -0.25338E+01  -0.45503E+00  -0.37141E+00   0.40249E+01   0.12398E+02
  273     9.5342  13.3386  -0.25540E+01  -0.45989E+00  -0.37627E+00   0.40243E+01   0.12052E+02
  274     9.6257  13.3453  -0.25744E+01  -0.46479E+00  -0.38117E+00   0.40238E+01   0.11716E+02
  275     9.7181  13.3520  -0.25948E+01  -0.46973E+00  -0.38611E+00   0.40233E+01   0.11385E+02
  276     9.8113  13.3586  -0.26153E+01  -0.47470E+00  -0.39108E+00   0.40228E+01   0.11061E+02
  277     9.9053  13.3651  -0.26360E+01  -0.47971E+00  -0.39609E+00   0.40223E+01   0.10744E+02
  278    10.0001  13.3715  -0.26567E+01  -0.48476E+00  -0.40114E+00   0.40218E+01   0.10430E+02
  279    10.0957  13.3778  -0.26776E+01  -0.48984E+00  -0.40622E+00   0.40213E+01   0.10126E+02
  280    10.1922  13.3841  -0.26986E+01  -0.49497E+00  -0.41135E+00   0.40209E+01   0.98291E+01
  281    10.2895  13.3902  -0.27197E+01  -0.50013E+00  -0.41651E+00   0.40204E+01   0.95345E+01
  282    10.3877  13.3963  -0.27409E+01  -0.50533E+00  -0.42170E+00   0.40200E+01   0.92500E+01
  283    10.4867  13.4023  -0.27622E+01  -0.51056E+00  -0.42694E+00   0.40196E+01   0.89696E+01
  284    10.5865  13.4083  -0.27837E+01  -0.51584E+00  -0.43222E+00   0.40192E+01   0.86949E+01
  285    10.6873  13.4141  -0.28052E+01  -0.52115E+00  -0.43753E+00   0.40188E+01   0.84284E+01
  286    10.7889  13.4199  -0.28269E+01  -0.52651E+00  -0.44288E+00   0.40184E+01   0.81657E+01
  287    10.8914  13.4256  -0.28487E+01  -0.53190E+00  -0.44828E+00   0.40180E+01   0.79086E+01
  288    10.9947  13.4312  -0.28706E+01  -0.53733E+00  -0.45371E+00   0.40176E+01   0.76593E+01
  289    11.0990  13.4368  -0.28927E+01  -0.54280E+00  -0.45918E+00   0.40173E+01   0.74153E+01
  290    11.2042  13.4423  -0.29148E+01  -0.54831E+00  -0.46469E+00   0.40169E+01   0.71773E+01
  291    11.3103  13.4477  -0.29371E+01  -0.55386E+00  -0.47024E+00   0.40166E+01   0.69431E+01
  292    11.4173  13.4530  -0.29595E+01  -0.55944E+00  -0.47582E+00   0.40162E+01   0.67180E+01
  293    11.5253  13.4583  -0.29820E+01  -0.56508E+00  -0.48145E+00   0.40159E+01   0.64966E+01
  294    11.6342  13.4635  -0.30046E+01  -0.57074E+00  -0.48712E+00   0.40156E+01   0.62809E+01
  295    11.7440  13.4687  -0.30274E+01  -0.57646E+00  -0.49284E+00   0.40153E+01   0.60692E+01
  296    11.8548  13.4738  -0.30502E+01  -0.58220E+00  -0.49858E+00   0.40150E+01   0.58654E+01
  297    11.9666  13.4788  -0.30732E+01  -0.58799E+00  -0.50437E+00   0.40147E+01   0.56648E+01
  298    12.0793  13.4837  -0.30963E+01  -0.59382E+00  -0.51020E+00   0.40144E+01   0.54699E+01
  299    12.1930  13.4886  -0.31196E+01  -0.59970E+00  -0.51608E+00   0.40141E+01   0.52824E+01
  300    12.3077  13.4934  -0.31430E+01  -0.60561E+00  -0.52199E+00   0.40138E+01   0.50959E+01
  301    12.4234  13.4982  -0.31664E+01  -0.61156E+00  -0.52794E+00   0.40135E+01   0.49180E+01
  302    12.5401  13.5029  -0.31901E+01  -0.61757E+00  -0.53394E+00   0.40133E+01   0.47434E+01
  303    12.6578  13.5075  -0.32138E+01  -0.62360E+00  -0.53998E+00   0.40130E+01   0.45744E+01
  304    12.7766  13.5121  -0.32377E+01  -0.62969E+00  -0.54606E+00   0.40128E+01   0.44083E+01
  305    12.8963  13.5166  -0.32617E+01  -0.63581E+00  -0.55219E+00   0.40125E+01   0.42485E+01
  306    13.0172  13.5211  -0.32858E+01  -0.64197E+00  -0.55835E+00   0.40123E+01   0.40934E+01
  307    13.1390  13.5255  -0.33100E+01  -0.64818E+00  -0.56455E+00   0.40120E+01   0.39419E+01
  308    13.2619  13.5298  -0.33344E+01  -0.65443E+00  -0.57081E+00   0.40118E+01   0.37958E+01
  309    13.3859  13.5341  -0.33590E+01  -0.66073E+00  -0.57711E+00   0.40116E+01   0.36549E+01
  310    13.5110  13.5383  -0.33836E+01  -0.66706E+00  -0.58344E+00   0.40114E+01   0.35169E+01
  311    13.6372  13.5425  -0.34084E+01  -0.67345E+00  -0.58983E+00   0.40111E+01   0.33835E+01
  312    13.7644  13.5466  -0.34333E+01  -0.67987E+00  -0.59625E+00   0.40109E+01   0.32521E+01
  313    13.8928  13.5507  -0.34583E+01  -0.68635E+00  -0.60273E+00   0.40107E+01   0.31270E+01
  314    14.0223  13.5547  -0.34835E+01  -0.69286E+00  -0.60924E+00   0.40105E+01   0.30041E+01
  315    14.1529  13.5587  -0.35088E+01  -0.69941E+00  -0.61579E+00   0.40103E+01   0.28872E+01
  316    14.2846  13.5626  -0.35342E+01  -0.70601E+00  -0.62239E+00   0.40101E+01   0.27736E+01
  317    14.4175  13.5665  -0.35598E+01  -0.71266E+00  -0.62904E+00   0.40100E+01   0.26639E+01
  318    14.5515  13.5703  -0.35855E+01  -0.71935E+00  -0.63573E+00   0.40098E+01   0.25541E+01
  319    14.6867  13.5741  -0.36114E+01  -0.72609E+00  -0.64247E+00   0.40096E+01   0.24531E+01
  320    14.8231  13.5778  -0.36373E+01  -0.73288E+00  -0.64926E+00   0.40094E+01   0.23526E+01
  321    14.9607  13.5815  -0.36634E+01  -0.73968E+00  -0.65606E+00   0.40093E+01   0.22564E+01
  322    15.0994  13.5851  -0.36897E+01  -0.74657E+00  -0.66295E+00   0.40091E+01   0.21625E+01
  323    15.2394  13.5887  -0.37161E+01  -0.75349E+00  -0.66987E+00   0.40089E+01   0.20741E+01
  324    15.3806  13.5922  -0.37426E+01  -0.76047E+00  -0.67685E+00   0.40088E+01   0.19858E+01
  325    15.5230  13.5957  -0.37693E+01  -0.76748E+00  -0.68386E+00   0.40086E+01   0.19020E+01
  326    15.6666  13.5991  -0.37961E+01  -0.77453E+00  -0.69091E+00   0.40085E+01   0.18205E+01
  327    15.8115  13.6025  -0.38231E+01  -0.78164E+00  -0.69802E+00   0.40083E+01   0.17427E+01
  328    15.9577  13.6059  -0.38502E+01  -0.78880E+00  -0.70518E+00   0.40082E+01   0.16683E+01
  329    16.1051  13.6092  -0.38774E+01  -0.79600E+00  -0.71238E+00   0.40080E+01   0.15953E+01
  330    16.2538  13.6124  -0.39048E+01  -0.80325E+00  -0.71962E+00   0.40079E+01   0.15254E+01
  331    16.4038  13.6157  -0.39323E+01  -0.81053E+00  -0.72691E+00   0.40077E+01   0.14579E+01
  332    16.5551  13.6188  -0.39600E+01  -0.81790E+00  -0.73428E+00   0.40076E+01   0.13932E+01
  333    16.7078  13.6220  -0.39878E+01  -0.82529E+00  -0.74167E+00   0.40075E+01   0.13304E+01
  334    16.8617  13.6251  -0.40158E+01  -0.83273E+00  -0.74911E+00   0.40074E+01   0.12703E+01
  335    17.0170  13.6281  -0.40439E+01  -0.84022E+00  -0.75660E+00   0.40072E+01   0.12127E+01
  336    17.1736  13.6312  -0.40721E+01  -0.84776E+00  -0.76414E+00   0.40071E+01   0.11574E+01
  337    17.3316  13.6342  -0.41005E+01  -0.85534E+00  -0.77172E+00   0.40070E+01   0.11039E+01
  338    17.4910  13.6371  -0.41291E+01  -0.86299E+00  -0.77937E+00   0.40069E+01   0.10527E+01
  339    17.6518  13.6400  -0.41578E+01  -0.87068E+00  -0.78706E+00   0.40068E+01   0.10034E+01
  340    17.8139  13.6429  -0.41867E+01  -0.87844E+00  -0.79482E+00   0.40066E+01   0.95610E+00
  341    17.9775  13.6457  -0.42156E+01  -0.88620E+00  -0.80258E+00   0.40065E+01   0.91081E+00
  342    18.1425  13.6485  -0.42448E+01  -0.89405E+00  -0.81043E+00   0.40064E+01   0.86717E+00
  343    18.3089  13.6513  -0.42741E+01  -0.90195E+00  -0.81832E+00   0.40063E+01   0.82579E+00
  344    18.4768  13.6540  -0.43037E+01  -0.90992E+00  -0.82630E+00   0.40062E+01   0.78550E+00
  345    18.6461  13.6567  -0.43332E+01  -0.91788E+00  -0.83426E+00   0.40061E+01   0.74716E+00
  346    18.8169  13.6593  -0.43629E+01  -0.92592E+00  -0.84230E+00   0.40060E+01   0.70997E+00
  347    18.9892  13.6619  -0.43929E+01  -0.93402E+00  -0.85040E+00   0.40059E+01   0.67602E+00
  348    19.1630  13.6645  -0.44230E+01  -0.94217E+00  -0.85855E+00   0.40058E+01   0.64191E+00
  349    19.3383  13.6671  -0.44534E+01  -0.95044E+00  -0.86681E+00   0.40057E+01   0.60973E+00
  350    19.5151  13.6696  -0.44836E+01  -0.95863E+00  -0.87501E+00   0.40056E+01   0.57903E+00
  351    19.6934  13.6721  -0.45141E+01  -0.96693E+00  -0.88331E+00   0.40055E+01   0.54869E+00
  352    19.8734  13.6745  -0.45449E+01  -0.97529E+00  -0.89167E+00   0.40055E+01   0.52138E+00
  353    20.0548  13.6770  -0.45757E+01  -0.98370E+00  -0.90008E+00   0.40054E+01   0.49462E+00
  354    20.2379  13.6794  -0.46068E+01  -0.99218E+00  -0.90856E+00   0.40053E+01   0.46893E+00
  355    20.4225  13.6817  -0.46380E+01  -0.10007E+01  -0.91708E+00   0.40052E+01   0.44442E+00
  356    20.6088  13.6840  -0.46694E+01  -0.10093E+01  -0.92566E+00   0.40051E+01   0.42106E+00
  357    20.7966  13.6863  -0.47009E+01  -0.10179E+01  -0.93431E+00   0.40051E+01   0.39870E+00
  358    20.9861  13.6886  -0.47326E+01  -0.10266E+01  -0.94297E+00   0.40050E+01   0.37733E+00
  359    21.1773  13.6909  -0.47644E+01  -0.10353E+01  -0.95171E+00   0.40049E+01   0.35715E+00
  360    21.3701  13.6931  -0.47964E+01  -0.10441E+01  -0.96049E+00   0.40048E+01   0.33784E+00
  361    21.5646  13.6953  -0.48287E+01  -0.10531E+01  -0.96943E+00   0.40000E+01   0.31934E+00
  362    21.7607  13.6974  -0.48610E+01  -0.10619E+01  -0.97832E+00   0.40000E+01   0.30187E+00
  363    21.9586  13.6995  -0.48935E+01  -0.10709E+01  -0.98728E+00   0.40000E+01   0.28513E+00
  364    22.1582  13.7016  -0.49262E+01  -0.10799E+01  -0.99629E+00   0.40000E+01   0.26945E+00
  365    22.3596  13.7037  -0.49591E+01  -0.10890E+01  -0.10054E+01   0.40000E+01   0.25444E+00
  366    22.5626  13.7058  -0.49921E+01  -0.10981E+01  -0.10145E+01   0.40000E+01   0.24012E+00
  367    22.7675  13.7078  -0.50253E+01  -0.11073E+01  -0.10237E+01   0.40000E+01   0.22656E+00
  368    22.9741  13.7098  -0.50587E+01  -0.11166E+01  -0.10329E+01   0.40000E+01   0.21360E+00
  369    23.1825  13.7117  -0.50922E+01  -0.11259E+01  -0.10422E+01   0.40000E+01   0.20125E+00
  370    23.3928  13.7137  -0.51259E+01  -0.11352E+01  -0.10516E+01   0.40000E+01   0.18965E+00
  371    23.6049  13.7156  -0.51598E+01  -0.11446E+01  -0.10610E+01   0.40000E+01   0.17866E+00
  372    23.8188  13.7175  -0.51939E+01  -0.11541E+01  -0.10705E+01   0.40000E+01   0.16822E+00
  373    24.0345  13.7194  -0.52281E+01  -0.11636E+01  -0.10800E+01   0.40000E+01   0.15833E+00
  374    24.2522  13.7212  -0.52625E+01  -0.11732E+01  -0.10896E+01   0.40000E+01   0.14886E+00
  375    24.4717  13.7230  -0.52972E+01  -0.11829E+01  -0.10993E+01   0.40000E+01   0.14006E+00
  376    24.6932  13.7248  -0.53319E+01  -0.11926E+01  -0.11090E+01   0.40000E+01   0.13155E+00
  377    24.9166  13.7266  -0.53669E+01  -0.12024E+01  -0.11188E+01   0.40000E+01   0.12355E+00
  378    25.1419  13.7284  -0.54020E+01  -0.12122E+01  -0.11286E+01   0.40000E+01   0.11609E+00
  379    25.3691  13.7301  -0.54373E+01  -0.12221E+01  -0.11385E+01   0.40000E+01   0.10898E+00
  380    25.5984  13.7318  -0.54728E+01  -0.12320E+01  -0.11484E+01   0.40000E+01   0.10227E+00
  381    25.8296  13.7335  -0.55085E+01  -0.12421E+01  -0.11584E+01   0.40000E+01   0.95919E-01
  382    26.0629  13.7351  -0.55443E+01  -0.12521E+01  -0.11685E+01   0.40000E+01   0.89897E-01
  383    26.2982  13.7368  -0.55804E+01  -0.12623E+01  -0.11786E+01   0.40000E+01   0.84252E-01
  384    26.5355  13.7384  -0.56166E+01  -0.12725E+01  -0.11888E+01   0.40000E+01   0.78929E-01
  385    26.7749  13.7400  -0.56530E+01  -0.12827E+01  -0.11991E+01   0.40000E+01   0.73860E-01
  386    27.0164  13.7416  -0.56896E+01  -0.12930E+01  -0.12094E+01   0.40000E+01   0.69156E-01
  387    27.2599  13.7431  -0.57263E+01  -0.13034E+01  -0.12198E+01   0.40000E+01   0.64728E-01
  388    27.5056  13.7447  -0.57633E+01  -0.13138E+01  -0.12302E+01   0.40000E+01   0.60468E-01
  389    27.7534  13.7462  -0.58004E+01  -0.13243E+01  -0.12407E+01   0.40000E+01   0.56528E-01
  390    28.0034  13.7477  -0.58377E+01  -0.13349E+01  -0.12513E+01   0.40000E+01   0.52841E-01
  391    28.2556  13.7492  -0.58753E+01  -0.13455E+01  -0.12619E+01   0.40000E+01   0.49361E-01
  392    28.5099  13.7506  -0.59130E+01  -0.13562E+01  -0.12726E+01   0.40000E+01   0.46085E-01
  393    28.7665  13.7521  -0.59509E+01  -0.13670E+01  -0.12833E+01   0.40000E+01   0.42978E-01
  394    29.0253  13.7535  -0.59890E+01  -0.13778E+01  -0.12942E+01   0.40000E+01   0.40089E-01
  395    29.2863  13.7549  -0.60272E+01  -0.13887E+01  -0.13050E+01   0.40000E+01   0.37409E-01
  396    29.5496  13.7563  -0.60657E+01  -0.13996E+01  -0.13160E+01   0.40000E+01   0.34834E-01
  397    29.8152  13.7577  -0.61044E+01  -0.14106E+01  -0.13270E+01   0.40000E+01   0.32414E-01
  398    30.0831  13.7590  -0.61432E+01  -0.14217E+01  -0.13381E+01   0.40000E+01   0.30218E-01
  399    30.3534  13.7604  -0.61822E+01  -0.14328E+01  -0.13492E+01   0.40000E+01   0.28111E-01
  400    30.6259  13.7617  -0.62215E+01  -0.14440E+01  -0.13604E+01   0.40000E+01   0.26152E-01
