    1     0.0001   0.0014  -0.15259E-04   0.15532E-06   0.80721E-01   0.99669E+01   0.22970E+02
    2     0.0088   0.1221  -0.15216E-02  -0.31012E-04   0.80690E-01   0.99078E+01   0.26747E+02
    3     0.0176   0.2423  -0.31715E-02  -0.91076E-04   0.80629E-01   0.98498E+01   0.28188E+02
    4     0.0264   0.3621  -0.49114E-02  -0.16630E-03   0.80554E-01   0.97924E+01   0.29321E+02
    5     0.0353   0.4814  -0.67187E-02  -0.25054E-03   0.80470E-01   0.97355E+01   0.30344E+02
    6     0.0443   0.6003  -0.85770E-02  -0.34009E-03   0.80380E-01   0.96789E+01   0.31219E+02
    7     0.0534   0.7188  -0.10484E-01  -0.43394E-03   0.80287E-01   0.96227E+01   0.32010E+02
    8     0.0626   0.8368  -0.12439E-01  -0.53213E-03   0.80188E-01   0.95668E+01   0.32767E+02
    9     0.0718   0.9543  -0.14439E-01  -0.63392E-03   0.80087E-01   0.95111E+01   0.33509E+02
   10     0.0811   1.0713  -0.16483E-01  -0.73944E-03   0.79981E-01   0.94558E+01   0.34222E+02
   11     0.0905   1.1879  -0.18571E-01  -0.84852E-03   0.79872E-01   0.94007E+01   0.34926E+02
   12     0.1000   1.3039  -0.20701E-01  -0.96073E-03   0.79760E-01   0.93459E+01   0.35607E+02
   13     0.1096   1.4195  -0.22874E-01  -0.10764E-02   0.79644E-01   0.92913E+01   0.36290E+02
   14     0.1192   1.5346  -0.25097E-01  -0.11971E-02   0.79523E-01   0.92371E+01   0.36981E+02
   15     0.1290   1.6491  -0.27350E-01  -0.13183E-02   0.79402E-01   0.91830E+01   0.37642E+02
   16     0.1388   1.7632  -0.29645E-01  -0.14427E-02   0.79278E-01   0.91292E+01   0.38314E+02
   17     0.1487   1.8767  -0.31983E-01  -0.15708E-02   0.79150E-01   0.90757E+01   0.38971E+02
   18     0.1587   1.9897  -0.34362E-01  -0.17023E-02   0.79018E-01   0.90224E+01   0.39640E+02
   19     0.1687   2.1021  -0.36782E-01  -0.18374E-02   0.78883E-01   0.89693E+01   0.40306E+02
   20     0.1789   2.2140  -0.39244E-01  -0.19757E-02   0.78745E-01   0.89166E+01   0.40962E+02
   21     0.1891   2.3254  -0.41748E-01  -0.21177E-02   0.78603E-01   0.88640E+01   0.41632E+02
   22     0.1995   2.4362  -0.44293E-01  -0.22637E-02   0.78457E-01   0.88117E+01   0.42293E+02
   23     0.2099   2.5465  -0.46881E-01  -0.24134E-02   0.78307E-01   0.87597E+01   0.42957E+02
   24     0.2204   2.6562  -0.49511E-01  -0.25675E-02   0.78153E-01   0.87079E+01   0.43625E+02
   25     0.2310   2.7653  -0.52183E-01  -0.27252E-02   0.77995E-01   0.86564E+01   0.44293E+02
   26     0.2417   2.8738  -0.54897E-01  -0.28870E-02   0.77834E-01   0.86052E+01   0.44967E+02
   27     0.2525   2.9818  -0.57653E-01  -0.30530E-02   0.77667E-01   0.85542E+01   0.45634E+02
   28     0.2634   3.0892  -0.60452E-01  -0.32237E-02   0.77497E-01   0.85034E+01   0.46310E+02
   29     0.2744   3.1959  -0.63294E-01  -0.33991E-02   0.77321E-01   0.84529E+01   0.46989E+02
   30     0.2855   3.3021  -0.66179E-01  -0.35790E-02   0.77141E-01   0.84026E+01   0.47669E+02
   31     0.2967   3.4077  -0.69107E-01  -0.37635E-02   0.76957E-01   0.83527E+01   0.48347E+02
   32     0.3079   3.5127  -0.72080E-01  -0.39531E-02   0.76767E-01   0.83029E+01   0.49029E+02
   33     0.3193   3.6170  -0.75081E-01  -0.41439E-02   0.76577E-01   0.82534E+01   0.49718E+02
   34     0.3308   3.7207  -0.78141E-01  -0.43438E-02   0.76377E-01   0.82042E+01   0.50404E+02
   35     0.3423   3.8238  -0.81245E-01  -0.45487E-02   0.76172E-01   0.81552E+01   0.51080E+02
   36     0.3540   3.9263  -0.84393E-01  -0.47591E-02   0.75961E-01   0.81066E+01   0.51772E+02
   37     0.3658   4.0281  -0.87587E-01  -0.49753E-02   0.75745E-01   0.80582E+01   0.52463E+02
   38     0.3777   4.1293  -0.90827E-01  -0.51973E-02   0.75523E-01   0.80100E+01   0.53155E+02
   39     0.3896   4.2299  -0.94112E-01  -0.54254E-02   0.75295E-01   0.79622E+01   0.53852E+02
   40     0.4017   4.3298  -0.97443E-01  -0.56593E-02   0.75061E-01   0.79146E+01   0.54550E+02
   41     0.4139   4.4291  -0.10082E+00  -0.58993E-02   0.74821E-01   0.78673E+01   0.55251E+02
   42     0.4262   4.5276  -0.10424E+00  -0.61460E-02   0.74575E-01   0.78202E+01   0.55956E+02
   43     0.4386   4.6256  -0.10771E+00  -0.63987E-02   0.74322E-01   0.77735E+01   0.56654E+02
   44     0.4511   4.7229  -0.11123E+00  -0.66576E-02   0.74063E-01   0.77270E+01   0.57355E+02
   45     0.4637   4.8195  -0.11479E+00  -0.69233E-02   0.73797E-01   0.76808E+01   0.58062E+02
   46     0.4764   4.9154  -0.11840E+00  -0.71963E-02   0.73524E-01   0.76349E+01   0.58769E+02
   47     0.4893   5.0106  -0.12206E+00  -0.74761E-02   0.73244E-01   0.75893E+01   0.59478E+02
   48     0.5022   5.1052  -0.12577E+00  -0.77636E-02   0.72957E-01   0.75439E+01   0.60185E+02
   49     0.5153   5.1991  -0.12952E+00  -0.80585E-02   0.72662E-01   0.74987E+01   0.60891E+02
   50     0.5285   5.2923  -0.13332E+00  -0.83608E-02   0.72360E-01   0.74539E+01   0.61605E+02
   51     0.5417   5.3849  -0.13718E+00  -0.86689E-02   0.72052E-01   0.74095E+01   0.62309E+02
   52     0.5552   5.4767  -0.14108E+00  -0.89785E-02   0.71742E-01   0.73659E+01   0.63018E+02
   53     0.5687   5.5679  -0.14503E+00  -0.92954E-02   0.71425E-01   0.73226E+01   0.63736E+02
   54     0.5823   5.6583  -0.14902E+00  -0.96195E-02   0.71101E-01   0.72795E+01   0.64440E+02
   55     0.5961   5.7481  -0.15307E+00  -0.99599E-02   0.70761E-01   0.72360E+01   0.65153E+02
   56     0.6099   5.8371  -0.15716E+00  -0.10313E-01   0.70407E-01   0.71923E+01   0.65867E+02
   57     0.6239   5.9255  -0.16131E+00  -0.10676E-01   0.70044E-01   0.71490E+01   0.66576E+02
   58     0.6381   6.0132  -0.16552E+00  -0.11048E-01   0.69672E-01   0.71060E+01   0.67287E+02
   59     0.6523   6.1001  -0.16977E+00  -0.11421E-01   0.69299E-01   0.70640E+01   0.67996E+02
   60     0.6667   6.1864  -0.17408E+00  -0.11803E-01   0.68918E-01   0.70222E+01   0.68700E+02
   61     0.6812   6.2719  -0.17843E+00  -0.12193E-01   0.68527E-01   0.69807E+01   0.69407E+02
   62     0.6958   6.3568  -0.18284E+00  -0.12593E-01   0.68128E-01   0.69395E+01   0.70108E+02
   63     0.7105   6.4409  -0.18730E+00  -0.13002E-01   0.67719E-01   0.68986E+01   0.70815E+02
   64     0.7254   6.5244  -0.19182E+00  -0.13420E-01   0.67300E-01   0.68579E+01   0.71509E+02
   65     0.7404   6.6071  -0.19638E+00  -0.13848E-01   0.66873E-01   0.68175E+01   0.72207E+02
   66     0.7555   6.6891  -0.20100E+00  -0.14284E-01   0.66436E-01   0.67776E+01   0.72900E+02
   67     0.7708   6.7704  -0.20567E+00  -0.14730E-01   0.65990E-01   0.67379E+01   0.73592E+02
   68     0.7862   6.8511  -0.21040E+00  -0.15186E-01   0.65535E-01   0.66984E+01   0.74286E+02
   69     0.8017   6.9310  -0.21518E+00  -0.15651E-01   0.65070E-01   0.66594E+01   0.74974E+02
   70     0.8174   7.0102  -0.22001E+00  -0.16126E-01   0.64595E-01   0.66206E+01   0.75657E+02
   71     0.8332   7.0886  -0.22489E+00  -0.16611E-01   0.64109E-01   0.65820E+01   0.76336E+02
   72     0.8491   7.1664  -0.22983E+00  -0.17106E-01   0.63615E-01   0.65439E+01   0.77005E+02
   73     0.8652   7.2435  -0.23483E+00  -0.17611E-01   0.63110E-01   0.65060E+01   0.77675E+02
   74     0.8814   7.3199  -0.23988E+00  -0.18126E-01   0.62594E-01   0.64684E+01   0.78339E+02
   75     0.8977   7.3956  -0.24498E+00  -0.18651E-01   0.62069E-01   0.64312E+01   0.78995E+02
   76     0.9142   7.4705  -0.25014E+00  -0.19188E-01   0.61533E-01   0.63942E+01   0.79649E+02
   77     0.9309   7.5448  -0.25535E+00  -0.19734E-01   0.60986E-01   0.63576E+01   0.80295E+02
   78     0.9477   7.6184  -0.26062E+00  -0.20291E-01   0.60429E-01   0.63213E+01   0.80935E+02
   79     0.9646   7.6913  -0.26595E+00  -0.20859E-01   0.59862E-01   0.62852E+01   0.81570E+02
   80     0.9817   7.7635  -0.27133E+00  -0.21437E-01   0.59283E-01   0.62495E+01   0.82198E+02
   81     0.9989   7.8350  -0.27676E+00  -0.22026E-01   0.58694E-01   0.62141E+01   0.82829E+02
   82     1.0163   7.9058  -0.28226E+00  -0.22627E-01   0.58094E-01   0.61790E+01   0.83446E+02
   83     1.0338   7.9759  -0.28780E+00  -0.23238E-01   0.57483E-01   0.61442E+01   0.84054E+02
   84     1.0515   8.0453  -0.29341E+00  -0.23860E-01   0.56861E-01   0.61098E+01   0.84655E+02
   85     1.0693   8.1141  -0.29907E+00  -0.24494E-01   0.56227E-01   0.60756E+01   0.85255E+02
   86     1.0873   8.1821  -0.30479E+00  -0.25139E-01   0.55581E-01   0.60418E+01   0.85842E+02
   87     1.1055   8.2495  -0.31056E+00  -0.25795E-01   0.54925E-01   0.60083E+01   0.86426E+02
   88     1.1238   8.3162  -0.31639E+00  -0.26464E-01   0.54257E-01   0.59751E+01   0.86995E+02
   89     1.1423   8.3823  -0.32228E+00  -0.27143E-01   0.53577E-01   0.59422E+01   0.87560E+02
   90     1.1609   8.4477  -0.32823E+00  -0.27835E-01   0.52885E-01   0.59096E+01   0.88120E+02
   91     1.1797   8.5124  -0.33423E+00  -0.28539E-01   0.52182E-01   0.58773E+01   0.88668E+02
   92     1.1986   8.5764  -0.34030E+00  -0.29255E-01   0.51466E-01   0.58454E+01   0.89206E+02
   93     1.2177   8.6398  -0.34642E+00  -0.29983E-01   0.50737E-01   0.58138E+01   0.89730E+02
   94     1.2370   8.7025  -0.35260E+00  -0.30723E-01   0.49997E-01   0.57825E+01   0.90252E+02
   95     1.2565   8.7646  -0.35884E+00  -0.31476E-01   0.49244E-01   0.57515E+01   0.90764E+02
   96     1.2761   8.8260  -0.36514E+00  -0.32242E-01   0.48479E-01   0.57208E+01   0.91258E+02
   97     1.2959   8.8868  -0.37151E+00  -0.33020E-01   0.47701E-01   0.56905E+01   0.91746E+02
   98     1.3158   8.9469  -0.37792E+00  -0.33811E-01   0.46910E-01   0.56605E+01   0.92219E+02
   99     1.3360   9.0065  -0.38440E+00  -0.34614E-01   0.46106E-01   0.56308E+01   0.92684E+02
  100     1.3563   9.0653  -0.39094E+00  -0.35431E-01   0.45290E-01   0.56014E+01   0.93135E+02
  101     1.3767   9.1236  -0.39754E+00  -0.36261E-01   0.44460E-01   0.55723E+01   0.93578E+02
  102     1.3974   9.1812  -0.40420E+00  -0.37103E-01   0.43617E-01   0.55436E+01   0.94005E+02
  103     1.4183   9.2382  -0.41092E+00  -0.37959E-01   0.42762E-01   0.55152E+01   0.94423E+02
  104     1.4393   9.2945  -0.41770E+00  -0.38827E-01   0.41894E-01   0.54871E+01   0.94828E+02
  105     1.4605   9.3503  -0.42454E+00  -0.39709E-01   0.41012E-01   0.54593E+01   0.95221E+02
  106     1.4819   9.4054  -0.43144E+00  -0.40603E-01   0.40117E-01   0.54318E+01   0.95599E+02
  107     1.5035   9.4600  -0.43839E+00  -0.41511E-01   0.39210E-01   0.54047E+01   0.95965E+02
  108     1.5252   9.5139  -0.44541E+00  -0.42432E-01   0.38288E-01   0.53778E+01   0.96320E+02
  109     1.5472   9.5673  -0.45249E+00  -0.43367E-01   0.37353E-01   0.53513E+01   0.96661E+02
  110     1.5693   9.6200  -0.45963E+00  -0.44317E-01   0.36404E-01   0.53251E+01   0.96986E+02
  111     1.5917   9.6722  -0.46684E+00  -0.45279E-01   0.35441E-01   0.52993E+01   0.97298E+02
  112     1.6142   9.7238  -0.47410E+00  -0.46256E-01   0.34465E-01   0.52737E+01   0.97599E+02
  113     1.6369   9.7748  -0.48143E+00  -0.47247E-01   0.33474E-01   0.52485E+01   0.97891E+02
  114     1.6598   9.8252  -0.48882E+00  -0.48252E-01   0.32468E-01   0.52236E+01   0.98165E+02
  115     1.6830   9.8751  -0.49627E+00  -0.49272E-01   0.31448E-01   0.51990E+01   0.98424E+02
  116     1.7063   9.9244  -0.50379E+00  -0.50306E-01   0.30415E-01   0.51747E+01   0.98674E+02
  117     1.7298   9.9731  -0.51136E+00  -0.51354E-01   0.29367E-01   0.51508E+01   0.98908E+02
  118     1.7536  10.0213  -0.51900E+00  -0.52417E-01   0.28303E-01   0.51272E+01   0.99122E+02
  119     1.7775  10.0689  -0.52671E+00  -0.53496E-01   0.27224E-01   0.51038E+01   0.99326E+02
  120     1.8016  10.1160  -0.53448E+00  -0.54588E-01   0.26132E-01   0.50809E+01   0.99512E+02
  121     1.8260  10.1626  -0.54231E+00  -0.55697E-01   0.25024E-01   0.50582E+01   0.99682E+02
  122     1.8506  10.2086  -0.55021E+00  -0.56820E-01   0.23900E-01   0.50359E+01   0.99835E+02
  123     1.8753  10.2541  -0.55817E+00  -0.57959E-01   0.22761E-01   0.50139E+01   0.99978E+02
  124     1.9003  10.2990  -0.56619E+00  -0.59113E-01   0.21608E-01   0.49922E+01   0.10010E+03
  125     1.9256  10.3434  -0.57428E+00  -0.60282E-01   0.20438E-01   0.49708E+01   0.10021E+03
  126     1.9510  10.3873  -0.58244E+00  -0.61467E-01   0.19253E-01   0.49498E+01   0.10029E+03
  127     1.9766  10.4307  -0.59066E+00  -0.62668E-01   0.18053E-01   0.49290E+01   0.10037E+03
  128     2.0025  10.4736  -0.59894E+00  -0.63884E-01   0.16837E-01   0.49086E+01   0.10043E+03
  129     2.0286  10.5160  -0.60729E+00  -0.65115E-01   0.15605E-01   0.48885E+01   0.10046E+03
  130     2.0550  10.5579  -0.61570E+00  -0.66362E-01   0.14359E-01   0.48687E+01   0.10049E+03
  131     2.0815  10.5993  -0.62418E+00  -0.67625E-01   0.13096E-01   0.48492E+01   0.10050E+03
  132     2.1083  10.6402  -0.63272E+00  -0.68904E-01   0.11816E-01   0.48301E+01   0.10049E+03
  133     2.1353  10.6806  -0.64133E+00  -0.70199E-01   0.10522E-01   0.48112E+01   0.10047E+03
  134     2.1626  10.7205  -0.65000E+00  -0.71510E-01   0.92110E-02   0.47927E+01   0.10042E+03
  135     2.1901  10.7600  -0.65874E+00  -0.72837E-01   0.78837E-02   0.47745E+01   0.10037E+03
  136     2.2178  10.7990  -0.66755E+00  -0.74181E-01   0.65393E-02   0.47566E+01   0.10030E+03
  137     2.2458  10.8375  -0.67642E+00  -0.75542E-01   0.51785E-02   0.47390E+01   0.10021E+03
  138     2.2740  10.8756  -0.68536E+00  -0.76919E-01   0.38012E-02   0.47217E+01   0.10010E+03
  139     2.3025  10.9132  -0.69436E+00  -0.78314E-01   0.24060E-02   0.47047E+01   0.99980E+02
  140     2.3312  10.9504  -0.70344E+00  -0.79726E-01   0.99422E-03   0.46880E+01   0.99852E+02
  141     2.3602  10.9871  -0.71258E+00  -0.81155E-01  -0.43441E-03   0.46716E+01   0.99702E+02
  142     2.3894  11.0234  -0.72179E+00  -0.82601E-01  -0.18807E-02   0.46555E+01   0.99536E+02
  143     2.4188  11.0592  -0.73106E+00  -0.84065E-01  -0.33443E-02   0.46397E+01   0.99355E+02
  144     2.4486  11.0946  -0.74041E+00  -0.85547E-01  -0.48269E-02   0.46243E+01   0.99153E+02
  145     2.4785  11.1296  -0.74983E+00  -0.87047E-01  -0.63260E-02   0.46091E+01   0.98940E+02
  146     2.5088  11.1641  -0.75931E+00  -0.88563E-01  -0.78420E-02   0.45942E+01   0.98709E+02
  147     2.5393  11.1982  -0.76886E+00  -0.90098E-01  -0.93775E-02   0.45796E+01   0.98464E+02
  148     2.5701  11.2320  -0.77848E+00  -0.91652E-01  -0.10932E-01   0.45653E+01   0.98199E+02
  149     2.6011  11.2653  -0.78818E+00  -0.93225E-01  -0.12504E-01   0.45513E+01   0.97916E+02
  150     2.6324  11.2982  -0.79794E+00  -0.94815E-01  -0.14095E-01   0.45376E+01   0.97616E+02
  151     2.6640  11.3306  -0.80777E+00  -0.96426E-01  -0.15705E-01   0.45241E+01   0.97292E+02
  152     2.6958  11.3627  -0.81767E+00  -0.98054E-01  -0.17333E-01   0.45110E+01   0.96960E+02
  153     2.7280  11.3944  -0.82765E+00  -0.99700E-01  -0.18979E-01   0.44981E+01   0.96610E+02
  154     2.7604  11.4258  -0.83769E+00  -0.10137E+00  -0.20646E-01   0.44854E+01   0.96238E+02
  155     2.7931  11.4567  -0.84780E+00  -0.10305E+00  -0.22331E-01   0.44731E+01   0.95855E+02
  156     2.8260  11.4872  -0.85798E+00  -0.10475E+00  -0.24033E-01   0.44610E+01   0.95471E+02
  157     2.8593  11.5174  -0.86823E+00  -0.10648E+00  -0.25755E-01   0.44492E+01   0.95058E+02
  158     2.8929  11.5472  -0.87855E+00  -0.10821E+00  -0.27494E-01   0.44376E+01   0.94632E+02
  159     2.9267  11.5766  -0.88893E+00  -0.10997E+00  -0.29253E-01   0.44263E+01   0.94201E+02
  160     2.9608  11.6057  -0.89939E+00  -0.11175E+00  -0.31032E-01   0.44152E+01   0.93744E+02
  161     2.9953  11.6344  -0.90992E+00  -0.11355E+00  -0.32830E-01   0.44044E+01   0.93280E+02
  162     3.0300  11.6628  -0.92053E+00  -0.11537E+00  -0.34651E-01   0.43939E+01   0.92806E+02
  163     3.0651  11.6908  -0.93122E+00  -0.11722E+00  -0.36495E-01   0.43836E+01   0.92310E+02
  164     3.1004  11.7184  -0.94197E+00  -0.11908E+00  -0.38355E-01   0.43735E+01   0.91812E+02
  165     3.1360  11.7458  -0.95280E+00  -0.12096E+00  -0.40237E-01   0.43637E+01   0.91295E+02
  166     3.1720  11.7727  -0.96370E+00  -0.12286E+00  -0.42140E-01   0.43541E+01   0.90768E+02
  167     3.2083  11.7994  -0.97468E+00  -0.12478E+00  -0.44064E-01   0.43448E+01   0.90233E+02
  168     3.2449  11.8257  -0.98573E+00  -0.12673E+00  -0.46009E-01   0.43356E+01   0.89673E+02
  169     3.2818  11.8517  -0.99685E+00  -0.12869E+00  -0.47974E-01   0.43267E+01   0.89096E+02
  170     3.3190  11.8773  -0.10080E+01  -0.13068E+00  -0.49962E-01   0.43180E+01   0.88506E+02
  171     3.3565  11.9026  -0.10193E+01  -0.13269E+00  -0.51971E-01   0.43095E+01   0.87896E+02
  172     3.3944  11.9277  -0.10307E+01  -0.13472E+00  -0.53999E-01   0.43013E+01   0.87289E+02
  173     3.4326  11.9524  -0.10421E+01  -0.13677E+00  -0.56054E-01   0.42932E+01   0.86664E+02
  174     3.4712  11.9768  -0.10536E+01  -0.13885E+00  -0.58130E-01   0.42854E+01   0.86031E+02
  175     3.5100  12.0009  -0.10652E+01  -0.14094E+00  -0.60224E-01   0.42777E+01   0.85385E+02
  176     3.5492  12.0246  -0.10768E+01  -0.14306E+00  -0.62341E-01   0.42702E+01   0.84731E+02
  177     3.5888  12.0481  -0.10885E+01  -0.14519E+00  -0.64474E-01   0.42630E+01   0.84073E+02
  178     3.6287  12.0713  -0.11003E+01  -0.14736E+00  -0.66636E-01   0.42559E+01   0.83390E+02
  179     3.6689  12.0942  -0.11122E+01  -0.14954E+00  -0.68821E-01   0.42490E+01   0.82701E+02
  180     3.7095  12.1169  -0.11241E+01  -0.15175E+00  -0.71029E-01   0.42423E+01   0.82008E+02
  181     3.7505  12.1392  -0.11361E+01  -0.15398E+00  -0.73259E-01   0.42357E+01   0.81305E+02
  182     3.7918  12.1612  -0.11483E+01  -0.15623E+00  -0.75511E-01   0.42294E+01   0.80602E+02
  183     3.8334  12.1830  -0.11604E+01  -0.15851E+00  -0.77788E-01   0.42232E+01   0.79878E+02
  184     3.8754  12.2045  -0.11727E+01  -0.16081E+00  -0.80089E-01   0.42171E+01   0.79149E+02
  185     3.9178  12.2257  -0.11850E+01  -0.16313E+00  -0.82413E-01   0.42113E+01   0.78402E+02
  186     3.9606  12.2467  -0.11975E+01  -0.16548E+00  -0.84761E-01   0.42056E+01   0.77652E+02
  187     4.0037  12.2674  -0.12099E+01  -0.16785E+00  -0.87131E-01   0.42000E+01   0.76900E+02
  188     4.0472  12.2878  -0.12225E+01  -0.17024E+00  -0.89524E-01   0.41946E+01   0.76141E+02
  189     4.0911  12.3080  -0.12352E+01  -0.17266E+00  -0.91943E-01   0.41893E+01   0.75369E+02
  190     4.1353  12.3279  -0.12479E+01  -0.17511E+00  -0.94386E-01   0.41842E+01   0.74599E+02
  191     4.1800  12.3476  -0.12607E+01  -0.17757E+00  -0.96851E-01   0.41792E+01   0.73818E+02
  192     4.2250  12.3670  -0.12736E+01  -0.18006E+00  -0.99342E-01   0.41744E+01   0.73033E+02
  193     4.2705  12.3862  -0.12866E+01  -0.18258E+00  -0.10186E+00   0.41697E+01   0.72241E+02
  194     4.3163  12.4051  -0.12996E+01  -0.18512E+00  -0.10440E+00   0.41651E+01   0.71440E+02
  195     4.3625  12.4238  -0.13127E+01  -0.18769E+00  -0.10697E+00   0.41607E+01   0.70643E+02
  196     4.4091  12.4423  -0.13260E+01  -0.19028E+00  -0.10956E+00   0.41563E+01   0.69838E+02
  197     4.4561  12.4605  -0.13393E+01  -0.19290E+00  -0.11218E+00   0.41521E+01   0.69022E+02
  198     4.5036  12.4785  -0.13526E+01  -0.19554E+00  -0.11482E+00   0.41481E+01   0.68201E+02
  199     4.5514  12.4962  -0.13661E+01  -0.19821E+00  -0.11749E+00   0.41441E+01   0.67380E+02
  200     4.5997  12.5138  -0.13796E+01  -0.20091E+00  -0.12019E+00   0.41402E+01   0.66551E+02
  201     4.6484  12.5311  -0.13933E+01  -0.20363E+00  -0.12291E+00   0.41365E+01   0.65721E+02
  202     4.6975  12.5482  -0.14070E+01  -0.20637E+00  -0.12565E+00   0.41328E+01   0.64895E+02
  203     4.7470  12.5650  -0.14208E+01  -0.20914E+00  -0.12842E+00   0.41293E+01   0.64065E+02
  204     4.7970  12.5817  -0.14346E+01  -0.21194E+00  -0.13122E+00   0.41258E+01   0.63233E+02
  205     4.8474  12.5981  -0.14486E+01  -0.21477E+00  -0.13405E+00   0.41225E+01   0.62392E+02
  206     4.8982  12.6144  -0.14626E+01  -0.21762E+00  -0.13690E+00   0.41192E+01   0.61582E+02
  207     4.9495  12.6304  -0.14768E+01  -0.22050E+00  -0.13978E+00   0.41161E+01   0.60564E+02
  208     5.0012  12.6462  -0.14910E+01  -0.22340E+00  -0.14268E+00   0.41130E+01   0.59887E+02
  209     5.0534  12.6619  -0.15053E+01  -0.22634E+00  -0.14562E+00   0.41100E+01   0.59037E+02
  210     5.1060  12.6773  -0.15196E+01  -0.22930E+00  -0.14857E+00   0.41071E+01   0.58210E+02
  211     5.1591  12.6925  -0.15342E+01  -0.23230E+00  -0.15158E+00   0.41043E+01   0.57349E+02
  212     5.2126  12.7076  -0.15483E+01  -0.23518E+00  -0.15446E+00   0.41014E+01   0.56553E+02
  213     5.2667  12.7224  -0.15634E+01  -0.23835E+00  -0.15763E+00   0.40989E+01   0.55669E+02
  214     5.3211  12.7371  -0.15780E+01  -0.24141E+00  -0.16069E+00   0.40963E+01   0.54835E+02
  215     5.3761  12.7515  -0.15929E+01  -0.24451E+00  -0.16379E+00   0.40938E+01   0.53974E+02
  216     5.4315  12.7658  -0.16077E+01  -0.24763E+00  -0.16691E+00   0.40914E+01   0.53303E+02
  217     5.4874  12.7799  -0.16227E+01  -0.25078E+00  -0.17006E+00   0.40890E+01   0.52321E+02
  218     5.5438  12.7938  -0.16378E+01  -0.25396E+00  -0.17324E+00   0.40867E+01   0.51503E+02
  219     5.6007  12.8076  -0.16530E+01  -0.25717E+00  -0.17645E+00   0.40844E+01   0.50668E+02
  220     5.6581  12.8211  -0.16682E+01  -0.26041E+00  -0.17969E+00   0.40823E+01   0.49849E+02
  221     5.7160  12.8345  -0.16836E+01  -0.26368E+00  -0.18296E+00   0.40802E+01   0.49030E+02
  222     5.7744  12.8477  -0.16990E+01  -0.26698E+00  -0.18626E+00   0.40781E+01   0.48208E+02
  223     5.8333  12.8608  -0.17145E+01  -0.27030E+00  -0.18958E+00   0.40761E+01   0.47394E+02
  224     5.8927  12.8737  -0.17301E+01  -0.27366E+00  -0.19294E+00   0.40742E+01   0.46578E+02
  225     5.9526  12.8864  -0.17458E+01  -0.27705E+00  -0.19633E+00   0.40723E+01   0.45773E+02
  226     6.0131  12.8990  -0.17616E+01  -0.28046E+00  -0.19974E+00   0.40705E+01   0.44964E+02
  227     6.0740  12.9114  -0.17775E+01  -0.28390E+00  -0.20318E+00   0.40687E+01   0.44165E+02
  228     6.1355  12.9236  -0.17935E+01  -0.28737E+00  -0.20665E+00   0.40669E+01   0.43368E+02
  229     6.1976  12.9357  -0.18096E+01  -0.29088E+00  -0.21016E+00   0.40653E+01   0.42571E+02
  230     6.2602  12.9476  -0.18257E+01  -0.29441E+00  -0.21369E+00   0.40636E+01   0.41791E+02
  231     6.3233  12.9594  -0.18420E+01  -0.29797E+00  -0.21725E+00   0.40620E+01   0.41010E+02
  232     6.3869  12.9710  -0.18583E+01  -0.30156E+00  -0.22084E+00   0.40605E+01   0.40245E+02
  233     6.4512  12.9825  -0.18747E+01  -0.30519E+00  -0.22446E+00   0.40590E+01   0.39469E+02
  234     6.5159  12.9938  -0.18913E+01  -0.30884E+00  -0.22812E+00   0.40575E+01   0.38714E+02
  235     6.5813  13.0050  -0.19079E+01  -0.31253E+00  -0.23180E+00   0.40561E+01   0.37960E+02
  236     6.6472  13.0160  -0.19246E+01  -0.31624E+00  -0.23552E+00   0.40547E+01   0.37205E+02
  237     6.7137  13.0269  -0.19414E+01  -0.31999E+00  -0.23927E+00   0.40534E+01   0.36468E+02
  238     6.7807  13.0377  -0.19584E+01  -0.32377E+00  -0.24305E+00   0.40521E+01   0.35732E+02
  239     6.8484  13.0483  -0.19754E+01  -0.32758E+00  -0.24686E+00   0.40508E+01   0.35000E+02
  240     6.9166  13.0588  -0.19925E+01  -0.33142E+00  -0.25070E+00   0.40496E+01   0.34277E+02
  241     6.9854  13.0691  -0.20097E+01  -0.33529E+00  -0.25457E+00   0.40484E+01   0.33562E+02
  242     7.0549  13.0794  -0.20270E+01  -0.33920E+00  -0.25848E+00   0.40472E+01   0.32852E+02
  243     7.1249  13.0894  -0.20443E+01  -0.34313E+00  -0.26241E+00   0.40461E+01   0.32157E+02
  244     7.1955  13.0994  -0.20618E+01  -0.34710E+00  -0.26638E+00   0.40450E+01   0.31470E+02
  245     7.2668  13.1092  -0.20794E+01  -0.35110E+00  -0.27038E+00   0.40439E+01   0.30769E+02
  246     7.3387  13.1189  -0.20971E+01  -0.35513E+00  -0.27441E+00   0.40429E+01   0.30103E+02
  247     7.4112  13.1285  -0.21149E+01  -0.35920E+00  -0.27848E+00   0.40418E+01   0.29432E+02
  248     7.4843  13.1380  -0.21328E+01  -0.36329E+00  -0.28257E+00   0.40409E+01   0.28771E+02
  249     7.5580  13.1473  -0.21508E+01  -0.36742E+00  -0.28670E+00   0.40399E+01   0.28119E+02
  250     7.6324  13.1565  -0.21689E+01  -0.37159E+00  -0.29087E+00   0.40390E+01   0.27474E+02
  251     7.7075  13.1656  -0.21870E+01  -0.37578E+00  -0.29506E+00   0.40380E+01   0.26842E+02
  252     7.7832  13.1746  -0.22053E+01  -0.38001E+00  -0.29929E+00   0.40372E+01   0.26214E+02
  253     7.8596  13.1834  -0.22237E+01  -0.38427E+00  -0.30355E+00   0.40363E+01   0.25596E+02
  254     7.9366  13.1922  -0.22422E+01  -0.38857E+00  -0.30785E+00   0.40355E+01   0.24985E+02
  255     8.0143  13.2008  -0.22608E+01  -0.39290E+00  -0.31218E+00   0.40346E+01   0.24383E+02
  256     8.0926  13.2093  -0.22795E+01  -0.39726E+00  -0.31654E+00   0.40338E+01   0.23791E+02
  257     8.1717  13.2178  -0.22983E+01  -0.40167E+00  -0.32094E+00   0.40331E+01   0.23202E+02
  258     8.2514  13.2261  -0.23172E+01  -0.40610E+00  -0.32538E+00   0.40323E+01   0.22626E+02
  259     8.3319  13.2343  -0.23362E+01  -0.41056E+00  -0.32984E+00   0.40316E+01   0.22065E+02
  260     8.4130  13.2424  -0.23553E+01  -0.41506E+00  -0.33434E+00   0.40309E+01   0.21507E+02
  261     8.4948  13.2503  -0.23745E+01  -0.41959E+00  -0.33887E+00   0.40302E+01   0.20957E+02
  262     8.5774  13.2582  -0.23938E+01  -0.42416E+00  -0.34344E+00   0.40295E+01   0.20419E+02
  263     8.6606  13.2660  -0.24132E+01  -0.42877E+00  -0.34805E+00   0.40288E+01   0.19888E+02
  264     8.7446  13.2737  -0.24327E+01  -0.43341E+00  -0.35269E+00   0.40282E+01   0.19368E+02
  265     8.8293  13.2813  -0.24524E+01  -0.43808E+00  -0.35736E+00   0.40276E+01   0.18853E+02
  266     8.9148  13.2888  -0.24721E+01  -0.44280E+00  -0.36208E+00   0.40270E+01   0.18348E+02
  267     9.0010  13.2962  -0.24920E+01  -0.44754E+00  -0.36682E+00   0.40264E+01   0.17854E+02
  268     9.0879  13.3035  -0.25119E+01  -0.45232E+00  -0.37160E+00   0.40258E+01   0.17367E+02
  269     9.1756  13.3107  -0.25320E+01  -0.45714E+00  -0.37642E+00   0.40252E+01   0.16887E+02
  270     9.2641  13.3178  -0.25522E+01  -0.46199E+00  -0.38127E+00   0.40247E+01   0.16423E+02
  271     9.3534  13.3248  -0.25724E+01  -0.46688E+00  -0.38616E+00   0.40241E+01   0.15963E+02
  272     9.4434  13.3317  -0.25928E+01  -0.47180E+00  -0.39108E+00   0.40236E+01   0.15514E+02
  273     9.5342  13.3386  -0.26133E+01  -0.47677E+00  -0.39605E+00   0.40231E+01   0.15072E+02
  274     9.6257  13.3453  -0.26340E+01  -0.48177E+00  -0.40105E+00   0.40226E+01   0.14640E+02
  275     9.7181  13.3520  -0.26547E+01  -0.48681E+00  -0.40608E+00   0.40221E+01   0.14216E+02
  276     9.8113  13.3586  -0.26755E+01  -0.49188E+00  -0.41116E+00   0.40217E+01   0.13801E+02
  277     9.9053  13.3651  -0.26965E+01  -0.49699E+00  -0.41627E+00   0.40212E+01   0.13392E+02
  278    10.0001  13.3715  -0.27175E+01  -0.50214E+00  -0.42142E+00   0.40207E+01   0.12993E+02
  279    10.0957  13.3778  -0.27387E+01  -0.50732E+00  -0.42660E+00   0.40203E+01   0.12606E+02
  280    10.1922  13.3841  -0.27600E+01  -0.51254E+00  -0.43182E+00   0.40199E+01   0.12224E+02
  281    10.2895  13.3902  -0.27814E+01  -0.51780E+00  -0.43708E+00   0.40195E+01   0.11850E+02
  282    10.3877  13.3963  -0.28029E+01  -0.52310E+00  -0.44238E+00   0.40191E+01   0.11488E+02
  283    10.4867  13.4023  -0.28245E+01  -0.52844E+00  -0.44771E+00   0.40187E+01   0.11130E+02
  284    10.5865  13.4083  -0.28463E+01  -0.53381E+00  -0.45309E+00   0.40183E+01   0.10783E+02
  285    10.6873  13.4141  -0.28681E+01  -0.53923E+00  -0.45851E+00   0.40179E+01   0.10441E+02
  286    10.7889  13.4199  -0.28901E+01  -0.54468E+00  -0.46395E+00   0.40175E+01   0.10109E+02
  287    10.8914  13.4256  -0.29122E+01  -0.55017E+00  -0.46945E+00   0.40172E+01   0.97844E+01
  288    10.9947  13.4312  -0.29344E+01  -0.55570E+00  -0.47498E+00   0.40168E+01   0.94682E+01
  289    11.0990  13.4368  -0.29567E+01  -0.56127E+00  -0.48055E+00   0.40165E+01   0.91612E+01
  290    11.2042  13.4423  -0.29792E+01  -0.56688E+00  -0.48616E+00   0.40162E+01   0.88593E+01
  291    11.3103  13.4477  -0.30018E+01  -0.57253E+00  -0.49181E+00   0.40158E+01   0.85645E+01
  292    11.4173  13.4530  -0.30245E+01  -0.57822E+00  -0.49750E+00   0.40155E+01   0.82786E+01
  293    11.5253  13.4583  -0.30473E+01  -0.58394E+00  -0.50322E+00   0.40152E+01   0.79998E+01
  294    11.6342  13.4635  -0.30702E+01  -0.58971E+00  -0.50899E+00   0.40149E+01   0.77280E+01
  295    11.7440  13.4687  -0.30932E+01  -0.59552E+00  -0.51480E+00   0.40146E+01   0.74635E+01
  296    11.8548  13.4738  -0.31164E+01  -0.60137E+00  -0.52065E+00   0.40143E+01   0.72068E+01
  297    11.9666  13.4788  -0.31397E+01  -0.60726E+00  -0.52654E+00   0.40140E+01   0.69558E+01
  298    12.0793  13.4837  -0.31631E+01  -0.61319E+00  -0.53247E+00   0.40138E+01   0.67128E+01
  299    12.1930  13.4886  -0.31867E+01  -0.61917E+00  -0.53844E+00   0.40135E+01   0.64754E+01
  300    12.3077  13.4934  -0.32103E+01  -0.62518E+00  -0.54446E+00   0.40132E+01   0.62433E+01
  301    12.4234  13.4982  -0.32341E+01  -0.63123E+00  -0.55051E+00   0.40130E+01   0.60180E+01
  302    12.5401  13.5029  -0.32581E+01  -0.63733E+00  -0.55661E+00   0.40127E+01   0.58017E+01
  303    12.6578  13.5075  -0.32821E+01  -0.64347E+00  -0.56275E+00   0.40125E+01   0.55903E+01
  304    12.7766  13.5121  -0.33063E+01  -0.64964E+00  -0.56892E+00   0.40122E+01   0.53859E+01
  305    12.8963  13.5166  -0.33306E+01  -0.65587E+00  -0.57515E+00   0.40120E+01   0.51852E+01
  306    13.0172  13.5211  -0.33550E+01  -0.66214E+00  -0.58142E+00   0.40118E+01   0.49927E+01
  307    13.1390  13.5255  -0.33796E+01  -0.66845E+00  -0.58773E+00   0.40116E+01   0.48042E+01
  308    13.2619  13.5298  -0.34042E+01  -0.67480E+00  -0.59408E+00   0.40113E+01   0.46214E+01
  309    13.3859  13.5341  -0.34290E+01  -0.68119E+00  -0.60047E+00   0.40111E+01   0.44446E+01
  310    13.5110  13.5383  -0.34540E+01  -0.68762E+00  -0.60690E+00   0.40109E+01   0.42749E+01
  311    13.6372  13.5425  -0.34791E+01  -0.69411E+00  -0.61339E+00   0.40107E+01   0.41087E+01
  312    13.7644  13.5466  -0.35042E+01  -0.70063E+00  -0.61991E+00   0.40105E+01   0.39498E+01
  313    13.8928  13.5507  -0.35296E+01  -0.70720E+00  -0.62648E+00   0.40103E+01   0.37937E+01
  314    14.0223  13.5547  -0.35551E+01  -0.71382E+00  -0.63310E+00   0.40101E+01   0.36439E+01
  315    14.1529  13.5587  -0.35807E+01  -0.72048E+00  -0.63976E+00   0.40100E+01   0.34959E+01
  316    14.2846  13.5626  -0.36064E+01  -0.72718E+00  -0.64646E+00   0.40098E+01   0.33572E+01
  317    14.4175  13.5665  -0.36323E+01  -0.73393E+00  -0.65321E+00   0.40096E+01   0.32195E+01
  318    14.5515  13.5703  -0.36583E+01  -0.74071E+00  -0.65999E+00   0.40094E+01   0.30892E+01
  319    14.6867  13.5741  -0.36844E+01  -0.74755E+00  -0.66683E+00   0.40093E+01   0.29626E+01
  320    14.8231  13.5778  -0.37107E+01  -0.75444E+00  -0.67371E+00   0.40091E+01   0.28406E+01
  321    14.9607  13.5815  -0.37371E+01  -0.76136E+00  -0.68064E+00   0.40089E+01   0.27187E+01
  322    15.0994  13.5851  -0.37637E+01  -0.76834E+00  -0.68762E+00   0.40088E+01   0.26059E+01
  323    15.2394  13.5887  -0.37904E+01  -0.77536E+00  -0.69464E+00   0.40086E+01   0.24952E+01
  324    15.3806  13.5922  -0.38172E+01  -0.78242E+00  -0.70170E+00   0.40085E+01   0.23895E+01
  325    15.5230  13.5957  -0.38442E+01  -0.78954E+00  -0.70882E+00   0.40083E+01   0.22861E+01
  326    15.6666  13.5991  -0.38713E+01  -0.79670E+00  -0.71598E+00   0.40082E+01   0.21884E+01
  327    15.8115  13.6025  -0.38986E+01  -0.80392E+00  -0.72320E+00   0.40080E+01   0.20919E+01
  328    15.9577  13.6059  -0.39259E+01  -0.81116E+00  -0.73044E+00   0.40079E+01   0.20007E+01
  329    16.1051  13.6092  -0.39535E+01  -0.81846E+00  -0.73774E+00   0.40078E+01   0.19116E+01
  330    16.2538  13.6124  -0.39812E+01  -0.82581E+00  -0.74509E+00   0.40076E+01   0.18264E+01
  331    16.4038  13.6157  -0.40090E+01  -0.83321E+00  -0.75249E+00   0.40075E+01   0.17445E+01
  332    16.5551  13.6188  -0.40369E+01  -0.84065E+00  -0.75993E+00   0.40074E+01   0.16663E+01
  333    16.7078  13.6220  -0.40651E+01  -0.84816E+00  -0.76744E+00   0.40072E+01   0.15899E+01
  334    16.8617  13.6251  -0.40933E+01  -0.85569E+00  -0.77497E+00   0.40071E+01   0.15172E+01
  335    17.0170  13.6281  -0.41218E+01  -0.86330E+00  -0.78258E+00   0.40070E+01   0.14472E+01
  336    17.1736  13.6312  -0.41503E+01  -0.87092E+00  -0.79020E+00   0.40069E+01   0.13799E+01
  337    17.3316  13.6342  -0.41790E+01  -0.87862E+00  -0.79790E+00   0.40068E+01   0.13146E+01
  338    17.4910  13.6371  -0.42079E+01  -0.88636E+00  -0.80564E+00   0.40067E+01   0.12535E+01
  339    17.6518  13.6400  -0.42369E+01  -0.89415E+00  -0.81343E+00   0.40065E+01   0.11936E+01
  340    17.8139  13.6429  -0.42660E+01  -0.90199E+00  -0.82127E+00   0.40064E+01   0.11373E+01
  341    17.9775  13.6457  -0.42954E+01  -0.90989E+00  -0.82917E+00   0.40063E+01   0.10818E+01
  342    18.1425  13.6485  -0.43248E+01  -0.91783E+00  -0.83711E+00   0.40062E+01   0.10297E+01
  343    18.3089  13.6513  -0.43544E+01  -0.92581E+00  -0.84509E+00   0.40061E+01   0.97922E+00
  344    18.4768  13.6540  -0.43842E+01  -0.93386E+00  -0.85314E+00   0.40060E+01   0.93187E+00
  345    18.6461  13.6567  -0.44141E+01  -0.94195E+00  -0.86123E+00   0.40059E+01   0.88512E+00
  346    18.8169  13.6593  -0.44442E+01  -0.95012E+00  -0.86940E+00   0.40058E+01   0.84106E+00
  347    18.9892  13.6619  -0.44745E+01  -0.95833E+00  -0.87761E+00   0.40057E+01   0.79880E+00
  348    19.1630  13.6645  -0.45048E+01  -0.96655E+00  -0.88583E+00   0.40057E+01   0.75823E+00
  349    19.3383  13.6671  -0.45353E+01  -0.97485E+00  -0.89413E+00   0.40056E+01   0.72039E+00
  350    19.5151  13.6696  -0.45660E+01  -0.98321E+00  -0.90248E+00   0.40055E+01   0.68314E+00
  351    19.6934  13.6721  -0.45970E+01  -0.99166E+00  -0.91094E+00   0.40054E+01   0.64764E+00
  352    19.8734  13.6745  -0.46279E+01  -0.10001E+01  -0.91935E+00   0.40053E+01   0.61425E+00
  353    20.0548  13.6770  -0.46591E+01  -0.10086E+01  -0.92787E+00   0.40052E+01   0.58148E+00
  354    20.2379  13.6794  -0.46905E+01  -0.10172E+01  -0.93645E+00   0.40051E+01   0.55161E+00
  355    20.4225  13.6817  -0.47219E+01  -0.10258E+01  -0.94506E+00   0.40051E+01   0.52240E+00
  356    20.6088  13.6840  -0.47536E+01  -0.10345E+01  -0.95374E+00   0.40050E+01   0.49464E+00
  357    20.7966  13.6863  -0.47855E+01  -0.10432E+01  -0.96248E+00   0.40049E+01   0.46808E+00
  358    20.9861  13.6886  -0.48175E+01  -0.10520E+01  -0.97127E+00   0.40048E+01   0.44272E+00
  359    21.1773  13.6909  -0.48497E+01  -0.10609E+01  -0.98013E+00   0.40048E+01   0.41855E+00
  360    21.3701  13.6931  -0.48819E+01  -0.10697E+01  -0.98900E+00   0.40047E+01   0.39556E+00
  361    21.5646  13.6953  -0.49144E+01  -0.10787E+01  -0.99795E+00   0.40046E+01   0.37389E+00
  362    21.7607  13.6974  -0.49470E+01  -0.10877E+01  -0.10070E+01   0.40000E+01   0.35306E+00
  363    21.9586  13.6995  -0.49800E+01  -0.10968E+01  -0.10161E+01   0.40000E+01   0.33330E+00
  364    22.1582  13.7016  -0.50129E+01  -0.11059E+01  -0.10252E+01   0.40000E+01   0.31460E+00
  365    22.3596  13.7037  -0.50461E+01  -0.11151E+01  -0.10344E+01   0.40000E+01   0.29667E+00
  366    22.5626  13.7058  -0.50794E+01  -0.11243E+01  -0.10436E+01   0.40000E+01   0.28003E+00
  367    22.7675  13.7078  -0.51129E+01  -0.11336E+01  -0.10529E+01   0.40000E+01   0.26395E+00
  368    22.9741  13.7098  -0.51466E+01  -0.11430E+01  -0.10623E+01   0.40000E+01   0.24872E+00
  369    23.1825  13.7117  -0.51805E+01  -0.11524E+01  -0.10717E+01   0.40000E+01   0.23431E+00
  370    23.3928  13.7137  -0.52145E+01  -0.11618E+01  -0.10811E+01   0.40000E+01   0.22039E+00
  371    23.6049  13.7156  -0.52487E+01  -0.11714E+01  -0.10906E+01   0.40000E+01   0.20753E+00
  372    23.8188  13.7175  -0.52831E+01  -0.11809E+01  -0.11002E+01   0.40000E+01   0.19531E+00
  373    24.0345  13.7194  -0.53176E+01  -0.11906E+01  -0.11099E+01   0.40000E+01   0.18358E+00
  374    24.2522  13.7212  -0.53524E+01  -0.12003E+01  -0.11196E+01   0.40000E+01   0.17261E+00
  375    24.4717  13.7230  -0.53873E+01  -0.12100E+01  -0.11293E+01   0.40000E+01   0.16220E+00
  376    24.6932  13.7248  -0.54224E+01  -0.12198E+01  -0.11391E+01   0.40000E+01   0.15226E+00
  377    24.9166  13.7266  -0.54577E+01  -0.12297E+01  -0.11490E+01   0.40000E+01   0.14300E+00
  378    25.1419  13.7284  -0.54931E+01  -0.12397E+01  -0.11589E+01   0.40000E+01   0.13421E+00
  379    25.3691  13.7301  -0.55287E+01  -0.12497E+01  -0.11689E+01   0.40000E+01   0.12590E+00
  380    25.5984  13.7318  -0.55645E+01  -0.12597E+01  -0.11790E+01   0.40000E+01   0.11805E+00
  381    25.8296  13.7335  -0.56005E+01  -0.12698E+01  -0.11891E+01   0.40000E+01   0.11057E+00
  382    26.0629  13.7351  -0.56367E+01  -0.12800E+01  -0.11993E+01   0.40000E+01   0.10360E+00
  383    26.2982  13.7368  -0.56730E+01  -0.12902E+01  -0.12095E+01   0.40000E+01   0.97015E-01
  384    26.5355  13.7384  -0.57096E+01  -0.13005E+01  -0.12198E+01   0.40000E+01   0.90794E-01
  385    26.7749  13.7400  -0.57463E+01  -0.13109E+01  -0.12302E+01   0.40000E+01   0.84958E-01
  386    27.0164  13.7416  -0.57832E+01  -0.13213E+01  -0.12406E+01   0.40000E+01   0.79394E-01
  387    27.2599  13.7431  -0.58203E+01  -0.13318E+01  -0.12511E+01   0.40000E+01   0.74311E-01
  388    27.5056  13.7447  -0.58575E+01  -0.13423E+01  -0.12616E+01   0.40000E+01   0.69387E-01
  389    27.7534  13.7462  -0.58950E+01  -0.13530E+01  -0.12722E+01   0.40000E+01   0.64787E-01
  390    28.0034  13.7477  -0.59326E+01  -0.13636E+01  -0.12829E+01   0.40000E+01   0.60498E-01
  391    28.2556  13.7492  -0.59704E+01  -0.13743E+01  -0.12936E+01   0.40000E+01   0.56481E-01
  392    28.5099  13.7506  -0.60085E+01  -0.13851E+01  -0.13044E+01   0.40000E+01   0.52680E-01
  393    28.7665  13.7521  -0.60467E+01  -0.13960E+01  -0.13153E+01   0.40000E+01   0.49139E-01
  394    29.0253  13.7535  -0.60851E+01  -0.14069E+01  -0.13262E+01   0.40000E+01   0.45771E-01
  395    29.2863  13.7549  -0.61237E+01  -0.14179E+01  -0.13372E+01   0.40000E+01   0.42614E-01
  396    29.5496  13.7563  -0.61625E+01  -0.14290E+01  -0.13482E+01   0.40000E+01   0.39695E-01
  397    29.8152  13.7577  -0.62014E+01  -0.14401E+01  -0.13593E+01   0.40000E+01   0.36941E-01
  398    30.0831  13.7590  -0.62407E+01  -0.14513E+01  -0.13706E+01   0.40000E+01   0.34344E-01
  399    30.3534  13.7604  -0.62800E+01  -0.14625E+01  -0.13818E+01   0.40000E+01   0.31970E-01
  400    30.6259  13.7617  -0.63195E+01  -0.14738E+01  -0.13931E+01   0.40000E+01   0.29729E-01
