    1     0.0001   0.0014  -0.15259E-04   0.25886E-06   0.78789E-01   0.97683E+01   0.28408E+02
    2     0.0088   0.1221  -0.15611E-02  -0.36112E-04   0.78752E-01   0.97107E+01   0.34523E+02
    3     0.0176   0.2423  -0.32641E-02  -0.10503E-03   0.78684E-01   0.96542E+01   0.36493E+02
    4     0.0264   0.3621  -0.50389E-02  -0.18437E-03   0.78604E-01   0.95981E+01   0.37834E+02
    5     0.0353   0.4814  -0.68926E-02  -0.27585E-03   0.78513E-01   0.95427E+01   0.39151E+02
    6     0.0443   0.6003  -0.87976E-02  -0.37248E-03   0.78416E-01   0.94875E+01   0.40270E+02
    7     0.0534   0.7188  -0.10753E-01  -0.47400E-03   0.78315E-01   0.94327E+01   0.41286E+02
    8     0.0626   0.8368  -0.12757E-01  -0.58008E-03   0.78208E-01   0.93782E+01   0.42254E+02
    9     0.0718   0.9543  -0.14807E-01  -0.69007E-03   0.78098E-01   0.93240E+01   0.43203E+02
   10     0.0811   1.0713  -0.16902E-01  -0.80401E-03   0.77985E-01   0.92700E+01   0.44116E+02
   11     0.0905   1.1879  -0.19040E-01  -0.92148E-03   0.77867E-01   0.92163E+01   0.45013E+02
   12     0.1000   1.3039  -0.21223E-01  -0.10425E-02   0.77746E-01   0.91629E+01   0.45884E+02
   13     0.1096   1.4195  -0.23448E-01  -0.11668E-02   0.77622E-01   0.91097E+01   0.46755E+02
   14     0.1192   1.5346  -0.25724E-01  -0.12966E-02   0.77492E-01   0.90569E+01   0.47637E+02
   15     0.1290   1.6491  -0.28032E-01  -0.14272E-02   0.77361E-01   0.90042E+01   0.48479E+02
   16     0.1388   1.7632  -0.30383E-01  -0.15614E-02   0.77227E-01   0.89518E+01   0.49337E+02
   17     0.1487   1.8767  -0.32775E-01  -0.16991E-02   0.77089E-01   0.88996E+01   0.50174E+02
   18     0.1587   1.9897  -0.35211E-01  -0.18406E-02   0.76948E-01   0.88477E+01   0.51025E+02
   19     0.1687   2.1021  -0.37689E-01  -0.19856E-02   0.76803E-01   0.87960E+01   0.51873E+02
   20     0.1789   2.2140  -0.40209E-01  -0.21341E-02   0.76654E-01   0.87446E+01   0.52708E+02
   21     0.1891   2.3254  -0.42772E-01  -0.22868E-02   0.76502E-01   0.86934E+01   0.53560E+02
   22     0.1995   2.4362  -0.45377E-01  -0.24435E-02   0.76345E-01   0.86425E+01   0.54402E+02
   23     0.2099   2.5465  -0.48025E-01  -0.26043E-02   0.76184E-01   0.85918E+01   0.55248E+02
   24     0.2204   2.6562  -0.50715E-01  -0.27690E-02   0.76020E-01   0.85414E+01   0.56095E+02
   25     0.2310   2.7653  -0.53448E-01  -0.29379E-02   0.75851E-01   0.84912E+01   0.56946E+02
   26     0.2417   2.8738  -0.56224E-01  -0.31112E-02   0.75677E-01   0.84413E+01   0.57803E+02
   27     0.2525   2.9818  -0.59044E-01  -0.32892E-02   0.75499E-01   0.83916E+01   0.58651E+02
   28     0.2634   3.0892  -0.61908E-01  -0.34722E-02   0.75316E-01   0.83422E+01   0.59509E+02
   29     0.2744   3.1959  -0.64816E-01  -0.36598E-02   0.75129E-01   0.82930E+01   0.60370E+02
   30     0.2855   3.3021  -0.67768E-01  -0.38522E-02   0.74936E-01   0.82441E+01   0.61234E+02
   31     0.2967   3.4077  -0.70764E-01  -0.40496E-02   0.74739E-01   0.81954E+01   0.62095E+02
   32     0.3079   3.5127  -0.73805E-01  -0.42527E-02   0.74536E-01   0.81470E+01   0.62962E+02
   33     0.3193   3.6170  -0.76875E-01  -0.44566E-02   0.74332E-01   0.80988E+01   0.63838E+02
   34     0.3308   3.7207  -0.80006E-01  -0.46705E-02   0.74118E-01   0.80509E+01   0.64711E+02
   35     0.3423   3.8238  -0.83183E-01  -0.48898E-02   0.73899E-01   0.80033E+01   0.65572E+02
   36     0.3540   3.9263  -0.86407E-01  -0.51154E-02   0.73673E-01   0.79559E+01   0.66453E+02
   37     0.3658   4.0281  -0.89677E-01  -0.53470E-02   0.73442E-01   0.79088E+01   0.67330E+02
   38     0.3777   4.1293  -0.92994E-01  -0.55850E-02   0.73204E-01   0.78620E+01   0.68208E+02
   39     0.3896   4.2299  -0.96357E-01  -0.58286E-02   0.72960E-01   0.78155E+01   0.69090E+02
   40     0.4017   4.3298  -0.99768E-01  -0.60788E-02   0.72710E-01   0.77692E+01   0.69974E+02
   41     0.4139   4.4291  -0.10323E+00  -0.63356E-02   0.72453E-01   0.77232E+01   0.70861E+02
   42     0.4262   4.5276  -0.10673E+00  -0.65992E-02   0.72189E-01   0.76775E+01   0.71753E+02
   43     0.4386   4.6256  -0.11029E+00  -0.68697E-02   0.71919E-01   0.76320E+01   0.72635E+02
   44     0.4511   4.7229  -0.11389E+00  -0.71471E-02   0.71641E-01   0.75868E+01   0.73521E+02
   45     0.4637   4.8195  -0.11754E+00  -0.74321E-02   0.71356E-01   0.75419E+01   0.74414E+02
   46     0.4764   4.9154  -0.12124E+00  -0.77244E-02   0.71064E-01   0.74973E+01   0.75307E+02
   47     0.4893   5.0106  -0.12499E+00  -0.80235E-02   0.70765E-01   0.74530E+01   0.76199E+02
   48     0.5022   5.1052  -0.12879E+00  -0.83307E-02   0.70458E-01   0.74089E+01   0.77090E+02
   49     0.5153   5.1991  -0.13264E+00  -0.86455E-02   0.70143E-01   0.73651E+01   0.77976E+02
   50     0.5285   5.2923  -0.13654E+00  -0.89679E-02   0.69821E-01   0.73216E+01   0.78875E+02
   51     0.5417   5.3849  -0.14049E+00  -0.92982E-02   0.69490E-01   0.72784E+01   0.79757E+02
   52     0.5552   5.4767  -0.14449E+00  -0.96367E-02   0.69152E-01   0.72355E+01   0.80646E+02
   53     0.5687   5.5679  -0.14854E+00  -0.99833E-02   0.68805E-01   0.71928E+01   0.81543E+02
   54     0.5823   5.6583  -0.15264E+00  -0.10338E-01   0.68450E-01   0.71505E+01   0.82420E+02
   55     0.5961   5.7481  -0.15680E+00  -0.10701E-01   0.68088E-01   0.71084E+01   0.83307E+02
   56     0.6099   5.8371  -0.16100E+00  -0.11072E-01   0.67716E-01   0.70666E+01   0.84196E+02
   57     0.6239   5.9255  -0.16525E+00  -0.11452E-01   0.67336E-01   0.70251E+01   0.85079E+02
   58     0.6381   6.0132  -0.16956E+00  -0.11841E-01   0.66948E-01   0.69839E+01   0.85962E+02
   59     0.6523   6.1001  -0.17392E+00  -0.12238E-01   0.66550E-01   0.69430E+01   0.86839E+02
   60     0.6667   6.1864  -0.17833E+00  -0.12645E-01   0.66144E-01   0.69023E+01   0.87707E+02
   61     0.6812   6.2719  -0.18279E+00  -0.13059E-01   0.65729E-01   0.68620E+01   0.88574E+02
   62     0.6958   6.3568  -0.18730E+00  -0.13483E-01   0.65306E-01   0.68220E+01   0.89435E+02
   63     0.7105   6.4409  -0.19187E+00  -0.13916E-01   0.64872E-01   0.67822E+01   0.90306E+02
   64     0.7254   6.5244  -0.19649E+00  -0.14359E-01   0.64430E-01   0.67427E+01   0.91161E+02
   65     0.7404   6.6071  -0.20116E+00  -0.14811E-01   0.63978E-01   0.67036E+01   0.92020E+02
   66     0.7555   6.6891  -0.20589E+00  -0.15272E-01   0.63516E-01   0.66647E+01   0.92871E+02
   67     0.7708   6.7704  -0.21066E+00  -0.15743E-01   0.63045E-01   0.66261E+01   0.93718E+02
   68     0.7862   6.8511  -0.21550E+00  -0.16224E-01   0.62565E-01   0.65879E+01   0.94562E+02
   69     0.8017   6.9310  -0.22039E+00  -0.16714E-01   0.62074E-01   0.65499E+01   0.95399E+02
   70     0.8174   7.0102  -0.22533E+00  -0.17215E-01   0.61574E-01   0.65123E+01   0.96234E+02
   71     0.8332   7.0886  -0.23032E+00  -0.17726E-01   0.61063E-01   0.64749E+01   0.97066E+02
   72     0.8491   7.1664  -0.23538E+00  -0.18248E-01   0.60541E-01   0.64378E+01   0.97886E+02
   73     0.8652   7.2435  -0.24048E+00  -0.18778E-01   0.60011E-01   0.64011E+01   0.98706E+02
   74     0.8814   7.3199  -0.24564E+00  -0.19312E-01   0.59477E-01   0.63652E+01   0.99518E+02
   75     0.8977   7.3956  -0.25085E+00  -0.19856E-01   0.58933E-01   0.63295E+01   0.10032E+03
   76     0.9142   7.4705  -0.25612E+00  -0.20416E-01   0.58373E-01   0.62937E+01   0.10112E+03
   77     0.9309   7.5448  -0.26144E+00  -0.20995E-01   0.57793E-01   0.62576E+01   0.10191E+03
   78     0.9477   7.6184  -0.26683E+00  -0.21587E-01   0.57201E-01   0.62218E+01   0.10269E+03
   79     0.9646   7.6913  -0.27228E+00  -0.22187E-01   0.56601E-01   0.61867E+01   0.10347E+03
   80     0.9817   7.7635  -0.27778E+00  -0.22794E-01   0.55995E-01   0.61521E+01   0.10423E+03
   81     0.9989   7.8350  -0.28334E+00  -0.23411E-01   0.55377E-01   0.61179E+01   0.10500E+03
   82     1.0163   7.9058  -0.28895E+00  -0.24040E-01   0.54748E-01   0.60839E+01   0.10575E+03
   83     1.0338   7.9759  -0.29462E+00  -0.24682E-01   0.54107E-01   0.60502E+01   0.10648E+03
   84     1.0515   8.0453  -0.30035E+00  -0.25335E-01   0.53453E-01   0.60168E+01   0.10721E+03
   85     1.0693   8.1141  -0.30614E+00  -0.25999E-01   0.52789E-01   0.59838E+01   0.10793E+03
   86     1.0873   8.1821  -0.31199E+00  -0.26675E-01   0.52113E-01   0.59510E+01   0.10864E+03
   87     1.1055   8.2495  -0.31789E+00  -0.27364E-01   0.51425E-01   0.59186E+01   0.10935E+03
   88     1.1238   8.3162  -0.32385E+00  -0.28064E-01   0.50725E-01   0.58865E+01   0.11003E+03
   89     1.1423   8.3823  -0.32987E+00  -0.28776E-01   0.50012E-01   0.58546E+01   0.11070E+03
   90     1.1609   8.4477  -0.33595E+00  -0.29500E-01   0.49288E-01   0.58231E+01   0.11137E+03
   91     1.1797   8.5124  -0.34209E+00  -0.30237E-01   0.48552E-01   0.57919E+01   0.11201E+03
   92     1.1986   8.5764  -0.34829E+00  -0.30986E-01   0.47803E-01   0.57610E+01   0.11265E+03
   93     1.2177   8.6398  -0.35455E+00  -0.31747E-01   0.47042E-01   0.57305E+01   0.11327E+03
   94     1.2370   8.7025  -0.36087E+00  -0.32521E-01   0.46268E-01   0.57002E+01   0.11388E+03
   95     1.2565   8.7646  -0.36724E+00  -0.33307E-01   0.45482E-01   0.56703E+01   0.11448E+03
   96     1.2761   8.8260  -0.37367E+00  -0.34106E-01   0.44683E-01   0.56406E+01   0.11506E+03
   97     1.2959   8.8868  -0.38017E+00  -0.34918E-01   0.43871E-01   0.56113E+01   0.11563E+03
   98     1.3158   8.9469  -0.38672E+00  -0.35742E-01   0.43047E-01   0.55823E+01   0.11619E+03
   99     1.3360   9.0065  -0.39334E+00  -0.36579E-01   0.42209E-01   0.55535E+01   0.11673E+03
  100     1.3563   9.0653  -0.40001E+00  -0.37430E-01   0.41359E-01   0.55252E+01   0.11725E+03
  101     1.3767   9.1236  -0.40675E+00  -0.38293E-01   0.40495E-01   0.54971E+01   0.11777E+03
  102     1.3974   9.1812  -0.41354E+00  -0.39170E-01   0.39618E-01   0.54693E+01   0.11826E+03
  103     1.4183   9.2382  -0.42040E+00  -0.40060E-01   0.38729E-01   0.54419E+01   0.11874E+03
  104     1.4393   9.2945  -0.42732E+00  -0.40963E-01   0.37825E-01   0.54148E+01   0.11921E+03
  105     1.4605   9.3503  -0.43430E+00  -0.41880E-01   0.36908E-01   0.53880E+01   0.11966E+03
  106     1.4819   9.4054  -0.44134E+00  -0.42812E-01   0.35977E-01   0.53615E+01   0.12009E+03
  107     1.5035   9.4600  -0.44844E+00  -0.43757E-01   0.35032E-01   0.53353E+01   0.12051E+03
  108     1.5252   9.5139  -0.45561E+00  -0.44716E-01   0.34073E-01   0.53095E+01   0.12091E+03
  109     1.5472   9.5673  -0.46284E+00  -0.45689E-01   0.33100E-01   0.52839E+01   0.12129E+03
  110     1.5693   9.6200  -0.47013E+00  -0.46677E-01   0.32112E-01   0.52587E+01   0.12165E+03
  111     1.5917   9.6722  -0.47748E+00  -0.47679E-01   0.31110E-01   0.52338E+01   0.12200E+03
  112     1.6142   9.7238  -0.48490E+00  -0.48695E-01   0.30094E-01   0.52093E+01   0.12233E+03
  113     1.6369   9.7748  -0.49238E+00  -0.49726E-01   0.29063E-01   0.51850E+01   0.12264E+03
  114     1.6598   9.8252  -0.49993E+00  -0.50771E-01   0.28018E-01   0.51611E+01   0.12293E+03
  115     1.6830   9.8751  -0.50754E+00  -0.51831E-01   0.26958E-01   0.51374E+01   0.12320E+03
  116     1.7063   9.9244  -0.51520E+00  -0.52905E-01   0.25884E-01   0.51141E+01   0.12345E+03
  117     1.7298   9.9731  -0.52294E+00  -0.53994E-01   0.24795E-01   0.50911E+01   0.12369E+03
  118     1.7536  10.0213  -0.53073E+00  -0.55097E-01   0.23692E-01   0.50685E+01   0.12389E+03
  119     1.7775  10.0689  -0.53859E+00  -0.56215E-01   0.22574E-01   0.50461E+01   0.12409E+03
  120     1.8016  10.1160  -0.54651E+00  -0.57347E-01   0.21441E-01   0.50241E+01   0.12426E+03
  121     1.8260  10.1626  -0.55450E+00  -0.58495E-01   0.20293E-01   0.50023E+01   0.12442E+03
  122     1.8506  10.2086  -0.56255E+00  -0.59659E-01   0.19130E-01   0.49809E+01   0.12456E+03
  123     1.8753  10.2541  -0.57066E+00  -0.60837E-01   0.17951E-01   0.49598E+01   0.12468E+03
  124     1.9003  10.2990  -0.57884E+00  -0.62031E-01   0.16757E-01   0.49390E+01   0.12478E+03
  125     1.9256  10.3434  -0.58708E+00  -0.63242E-01   0.15547E-01   0.49186E+01   0.12486E+03
  126     1.9510  10.3873  -0.59539E+00  -0.64468E-01   0.14321E-01   0.48984E+01   0.12492E+03
  127     1.9766  10.4307  -0.60377E+00  -0.65709E-01   0.13080E-01   0.48786E+01   0.12497E+03
  128     2.0025  10.4736  -0.61221E+00  -0.66966E-01   0.11823E-01   0.48590E+01   0.12499E+03
  129     2.0286  10.5160  -0.62072E+00  -0.68240E-01   0.10548E-01   0.48398E+01   0.12499E+03
  130     2.0550  10.5579  -0.62929E+00  -0.69531E-01   0.92578E-02   0.48209E+01   0.12498E+03
  131     2.0815  10.5993  -0.63793E+00  -0.70836E-01   0.79522E-02   0.48023E+01   0.12493E+03
  132     2.1083  10.6402  -0.64664E+00  -0.72160E-01   0.66286E-02   0.47840E+01   0.12487E+03
  133     2.1353  10.6806  -0.65541E+00  -0.73500E-01   0.52883E-02   0.47661E+01   0.12479E+03
  134     2.1626  10.7205  -0.66425E+00  -0.74857E-01   0.39315E-02   0.47484E+01   0.12469E+03
  135     2.1901  10.7600  -0.67316E+00  -0.76230E-01   0.25582E-02   0.47311E+01   0.12457E+03
  136     2.2178  10.7990  -0.68214E+00  -0.77621E-01   0.11674E-02   0.47140E+01   0.12442E+03
  137     2.2458  10.8375  -0.69118E+00  -0.79028E-01  -0.23979E-03   0.46973E+01   0.12424E+03
  138     2.2740  10.8756  -0.70029E+00  -0.80453E-01  -0.16646E-02   0.46808E+01   0.12406E+03
  139     2.3025  10.9132  -0.70947E+00  -0.81894E-01  -0.31056E-02   0.46646E+01   0.12385E+03
  140     2.3312  10.9504  -0.71871E+00  -0.83352E-01  -0.45636E-02   0.46488E+01   0.12362E+03
  141     2.3602  10.9871  -0.72802E+00  -0.84828E-01  -0.60394E-02   0.46332E+01   0.12337E+03
  142     2.3894  11.0234  -0.73740E+00  -0.86321E-01  -0.75322E-02   0.46180E+01   0.12310E+03
  143     2.4188  11.0592  -0.74685E+00  -0.87831E-01  -0.90427E-02   0.46030E+01   0.12281E+03
  144     2.4486  11.0946  -0.75636E+00  -0.89360E-01  -0.10571E-01   0.45883E+01   0.12249E+03
  145     2.4785  11.1296  -0.76595E+00  -0.90906E-01  -0.12117E-01   0.45739E+01   0.12217E+03
  146     2.5088  11.1641  -0.77560E+00  -0.92470E-01  -0.13682E-01   0.45598E+01   0.12183E+03
  147     2.5393  11.1982  -0.78532E+00  -0.94053E-01  -0.15264E-01   0.45459E+01   0.12146E+03
  148     2.5701  11.2320  -0.79511E+00  -0.95654E-01  -0.16866E-01   0.45324E+01   0.12107E+03
  149     2.6011  11.2653  -0.80498E+00  -0.97274E-01  -0.18486E-01   0.45191E+01   0.12067E+03
  150     2.6324  11.2982  -0.81491E+00  -0.98912E-01  -0.20124E-01   0.45061E+01   0.12025E+03
  151     2.6640  11.3306  -0.82491E+00  -0.10057E+00  -0.21781E-01   0.44934E+01   0.11981E+03
  152     2.6958  11.3627  -0.83498E+00  -0.10225E+00  -0.23457E-01   0.44809E+01   0.11936E+03
  153     2.7280  11.3944  -0.84513E+00  -0.10394E+00  -0.25154E-01   0.44687E+01   0.11888E+03
  154     2.7604  11.4258  -0.85534E+00  -0.10566E+00  -0.26868E-01   0.44568E+01   0.11838E+03
  155     2.7931  11.4567  -0.86563E+00  -0.10739E+00  -0.28601E-01   0.44451E+01   0.11787E+03
  156     2.8260  11.4872  -0.87599E+00  -0.10914E+00  -0.30356E-01   0.44337E+01   0.11734E+03
  157     2.8593  11.5174  -0.88642E+00  -0.11092E+00  -0.32130E-01   0.44226E+01   0.11678E+03
  158     2.8929  11.5472  -0.89692E+00  -0.11271E+00  -0.33924E-01   0.44117E+01   0.11620E+03
  159     2.9267  11.5766  -0.90750E+00  -0.11453E+00  -0.35739E-01   0.44011E+01   0.11561E+03
  160     2.9608  11.6057  -0.91815E+00  -0.11636E+00  -0.37574E-01   0.43906E+01   0.11499E+03
  161     2.9953  11.6344  -0.92887E+00  -0.11822E+00  -0.39427E-01   0.43805E+01   0.11436E+03
  162     3.0300  11.6628  -0.93967E+00  -0.12009E+00  -0.41303E-01   0.43705E+01   0.11371E+03
  163     3.0651  11.6908  -0.95053E+00  -0.12199E+00  -0.43198E-01   0.43608E+01   0.11304E+03
  164     3.1004  11.7184  -0.96146E+00  -0.12390E+00  -0.45112E-01   0.43514E+01   0.11237E+03
  165     3.1360  11.7458  -0.97247E+00  -0.12584E+00  -0.47047E-01   0.43421E+01   0.11167E+03
  166     3.1720  11.7727  -0.98354E+00  -0.12779E+00  -0.49000E-01   0.43331E+01   0.11097E+03
  167     3.2083  11.7994  -0.99469E+00  -0.12976E+00  -0.50976E-01   0.43243E+01   0.11024E+03
  168     3.2449  11.8257  -0.10059E+01  -0.13176E+00  -0.52972E-01   0.43157E+01   0.10950E+03
  169     3.2818  11.8517  -0.10172E+01  -0.13378E+00  -0.54990E-01   0.43073E+01   0.10875E+03
  170     3.3190  11.8773  -0.10286E+01  -0.13582E+00  -0.57035E-01   0.42992E+01   0.10798E+03
  171     3.3565  11.9026  -0.10401E+01  -0.13789E+00  -0.59098E-01   0.42912E+01   0.10721E+03
  172     3.3944  11.9277  -0.10516E+01  -0.13997E+00  -0.61182E-01   0.42835E+01   0.10642E+03
  173     3.4326  11.9524  -0.10632E+01  -0.14208E+00  -0.63290E-01   0.42759E+01   0.10561E+03
  174     3.4712  11.9768  -0.10749E+01  -0.14421E+00  -0.65419E-01   0.42685E+01   0.10481E+03
  175     3.5100  12.0009  -0.10866E+01  -0.14636E+00  -0.67571E-01   0.42613E+01   0.10397E+03
  176     3.5492  12.0246  -0.10985E+01  -0.14853E+00  -0.69745E-01   0.42543E+01   0.10312E+03
  177     3.5888  12.0481  -0.11104E+01  -0.15073E+00  -0.71943E-01   0.42475E+01   0.10226E+03
  178     3.6287  12.0713  -0.11224E+01  -0.15295E+00  -0.74161E-01   0.42409E+01   0.10137E+03
  179     3.6689  12.0942  -0.11344E+01  -0.15519E+00  -0.76403E-01   0.42344E+01   0.10049E+03
  180     3.7095  12.1169  -0.11466E+01  -0.15746E+00  -0.78673E-01   0.42282E+01   0.99591E+02
  181     3.7505  12.1392  -0.11588E+01  -0.15975E+00  -0.80962E-01   0.42220E+01   0.98687E+02
  182     3.7918  12.1612  -0.11711E+01  -0.16206E+00  -0.83273E-01   0.42161E+01   0.97767E+02
  183     3.8334  12.1830  -0.11834E+01  -0.16439E+00  -0.85603E-01   0.42102E+01   0.96843E+02
  184     3.8754  12.2045  -0.11959E+01  -0.16675E+00  -0.87958E-01   0.42046E+01   0.95916E+02
  185     3.9178  12.2257  -0.12084E+01  -0.16913E+00  -0.90341E-01   0.41991E+01   0.94959E+02
  186     3.9606  12.2467  -0.12210E+01  -0.17154E+00  -0.92748E-01   0.41937E+01   0.94007E+02
  187     4.0037  12.2674  -0.12337E+01  -0.17397E+00  -0.95178E-01   0.41885E+01   0.93050E+02
  188     4.0472  12.2878  -0.12464E+01  -0.17642E+00  -0.97631E-01   0.41835E+01   0.92092E+02
  189     4.0911  12.3080  -0.12593E+01  -0.17890E+00  -0.10011E+00   0.41785E+01   0.91114E+02
  190     4.1353  12.3279  -0.12722E+01  -0.18140E+00  -0.10261E+00   0.41738E+01   0.90134E+02
  191     4.1800  12.3476  -0.12852E+01  -0.18393E+00  -0.10514E+00   0.41691E+01   0.89136E+02
  192     4.2250  12.3670  -0.12983E+01  -0.18648E+00  -0.10770E+00   0.41646E+01   0.88135E+02
  193     4.2705  12.3862  -0.13115E+01  -0.18906E+00  -0.11027E+00   0.41602E+01   0.87138E+02
  194     4.3163  12.4051  -0.13247E+01  -0.19166E+00  -0.11287E+00   0.41559E+01   0.86130E+02
  195     4.3625  12.4238  -0.13380E+01  -0.19429E+00  -0.11550E+00   0.41517E+01   0.85119E+02
  196     4.4091  12.4423  -0.13514E+01  -0.19694E+00  -0.11815E+00   0.41477E+01   0.84106E+02
  197     4.4561  12.4605  -0.13649E+01  -0.19962E+00  -0.12083E+00   0.41437E+01   0.83087E+02
  198     4.5036  12.4785  -0.13785E+01  -0.20232E+00  -0.12353E+00   0.41399E+01   0.82064E+02
  199     4.5514  12.4962  -0.13921E+01  -0.20505E+00  -0.12626E+00   0.41362E+01   0.81034E+02
  200     4.5997  12.5138  -0.14059E+01  -0.20781E+00  -0.12902E+00   0.41326E+01   0.80001E+02
  201     4.6484  12.5311  -0.14197E+01  -0.21059E+00  -0.13180E+00   0.41290E+01   0.78971E+02
  202     4.6975  12.5482  -0.14336E+01  -0.21340E+00  -0.13461E+00   0.41256E+01   0.77932E+02
  203     4.7470  12.5650  -0.14476E+01  -0.21624E+00  -0.13745E+00   0.41223E+01   0.76890E+02
  204     4.7970  12.5817  -0.14617E+01  -0.21910E+00  -0.14031E+00   0.41191E+01   0.75847E+02
  205     4.8474  12.5981  -0.14758E+01  -0.22198E+00  -0.14319E+00   0.41160E+01   0.74806E+02
  206     4.8982  12.6144  -0.14900E+01  -0.22490E+00  -0.14611E+00   0.41129E+01   0.73757E+02
  207     4.9495  12.6304  -0.15044E+01  -0.22784E+00  -0.14905E+00   0.41099E+01   0.72722E+02
  208     5.0012  12.6462  -0.15188E+01  -0.23080E+00  -0.15202E+00   0.41071E+01   0.71675E+02
  209     5.0534  12.6619  -0.15333E+01  -0.23380E+00  -0.15501E+00   0.41043E+01   0.70640E+02
  210     5.1060  12.6773  -0.15478E+01  -0.23682E+00  -0.15803E+00   0.41015E+01   0.69597E+02
  211     5.1591  12.6925  -0.15625E+01  -0.23987E+00  -0.16108E+00   0.40989E+01   0.68581E+02
  212     5.2126  12.7076  -0.15773E+01  -0.24295E+00  -0.16416E+00   0.40963E+01   0.67332E+02
  213     5.2667  12.7224  -0.15921E+01  -0.24606E+00  -0.16727E+00   0.40938E+01   0.66502E+02
  214     5.3211  12.7371  -0.16070E+01  -0.24919E+00  -0.17041E+00   0.40914E+01   0.65446E+02
  215     5.3761  12.7515  -0.16220E+01  -0.25235E+00  -0.17356E+00   0.40891E+01   0.64422E+02
  216     5.4315  12.7658  -0.16371E+01  -0.25555E+00  -0.17676E+00   0.40868E+01   0.63379E+02
  217     5.4874  12.7799  -0.16520E+01  -0.25865E+00  -0.17986E+00   0.40844E+01   0.62400E+02
  218     5.5438  12.7938  -0.16676E+01  -0.26202E+00  -0.18323E+00   0.40824E+01   0.61320E+02
  219     5.6007  12.8076  -0.16829E+01  -0.26528E+00  -0.18649E+00   0.40803E+01   0.60315E+02
  220     5.6581  12.8211  -0.16984E+01  -0.26859E+00  -0.18980E+00   0.40782E+01   0.59288E+02
  221     5.7160  12.8345  -0.17139E+01  -0.27191E+00  -0.19313E+00   0.40762E+01   0.58430E+02
  222     5.7744  12.8477  -0.17296E+01  -0.27528E+00  -0.19649E+00   0.40743E+01   0.57269E+02
  223     5.8333  12.8608  -0.17453E+01  -0.27867E+00  -0.19988E+00   0.40724E+01   0.56282E+02
  224     5.8927  12.8737  -0.17611E+01  -0.28208E+00  -0.20329E+00   0.40706E+01   0.55293E+02
  225     5.9526  12.8864  -0.17770E+01  -0.28553E+00  -0.20675E+00   0.40688E+01   0.54314E+02
  226     6.0131  12.8990  -0.17930E+01  -0.28901E+00  -0.21023E+00   0.40671E+01   0.53325E+02
  227     6.0740  12.9114  -0.18091E+01  -0.29252E+00  -0.21373E+00   0.40654E+01   0.52354E+02
  228     6.1355  12.9236  -0.18252E+01  -0.29606E+00  -0.21727E+00   0.40638E+01   0.51385E+02
  229     6.1976  12.9357  -0.18415E+01  -0.29963E+00  -0.22084E+00   0.40622E+01   0.50417E+02
  230     6.2602  12.9476  -0.18579E+01  -0.30323E+00  -0.22444E+00   0.40607E+01   0.49462E+02
  231     6.3233  12.9594  -0.18743E+01  -0.30686E+00  -0.22807E+00   0.40592E+01   0.48513E+02
  232     6.3869  12.9710  -0.18909E+01  -0.31051E+00  -0.23173E+00   0.40577E+01   0.47577E+02
  233     6.4512  12.9825  -0.19075E+01  -0.31420E+00  -0.23542E+00   0.40563E+01   0.46637E+02
  234     6.5159  12.9938  -0.19242E+01  -0.31792E+00  -0.23913E+00   0.40549E+01   0.45718E+02
  235     6.5813  13.0050  -0.19411E+01  -0.32167E+00  -0.24288E+00   0.40536E+01   0.44803E+02
  236     6.6472  13.0160  -0.19580E+01  -0.32545E+00  -0.24667E+00   0.40523E+01   0.43895E+02
  237     6.7137  13.0269  -0.19750E+01  -0.32926E+00  -0.25048E+00   0.40510E+01   0.42996E+02
  238     6.7807  13.0377  -0.19921E+01  -0.33311E+00  -0.25432E+00   0.40498E+01   0.42108E+02
  239     6.8484  13.0483  -0.20093E+01  -0.33698E+00  -0.25820E+00   0.40486E+01   0.41228E+02
  240     6.9166  13.0588  -0.20266E+01  -0.34089E+00  -0.26210E+00   0.40474E+01   0.40355E+02
  241     6.9854  13.0691  -0.20440E+01  -0.34483E+00  -0.26604E+00   0.40463E+01   0.39497E+02
  242     7.0549  13.0794  -0.20615E+01  -0.34880E+00  -0.27001E+00   0.40452E+01   0.38639E+02
  243     7.1249  13.0894  -0.20791E+01  -0.35280E+00  -0.27401E+00   0.40441E+01   0.37798E+02
  244     7.1955  13.0994  -0.20968E+01  -0.35683E+00  -0.27805E+00   0.40431E+01   0.36968E+02
  245     7.2668  13.1092  -0.21146E+01  -0.36091E+00  -0.28212E+00   0.40421E+01   0.36138E+02
  246     7.3387  13.1189  -0.21325E+01  -0.36500E+00  -0.28621E+00   0.40411E+01   0.35328E+02
  247     7.4112  13.1285  -0.21504E+01  -0.36913E+00  -0.29034E+00   0.40401E+01   0.34527E+02
  248     7.4843  13.1380  -0.21685E+01  -0.37330E+00  -0.29451E+00   0.40392E+01   0.33735E+02
  249     7.5580  13.1473  -0.21867E+01  -0.37749E+00  -0.29870E+00   0.40383E+01   0.32942E+02
  250     7.6324  13.1565  -0.22050E+01  -0.38172E+00  -0.30293E+00   0.40374E+01   0.32179E+02
  251     7.7075  13.1656  -0.22234E+01  -0.38599E+00  -0.30720E+00   0.40365E+01   0.31419E+02
  252     7.7832  13.1746  -0.22419E+01  -0.39028E+00  -0.31149E+00   0.40357E+01   0.30668E+02
  253     7.8596  13.1834  -0.22605E+01  -0.39461E+00  -0.31582E+00   0.40349E+01   0.29930E+02
  254     7.9366  13.1922  -0.22791E+01  -0.39897E+00  -0.32018E+00   0.40341E+01   0.29201E+02
  255     8.0143  13.2008  -0.22979E+01  -0.40337E+00  -0.32458E+00   0.40333E+01   0.28483E+02
  256     8.0926  13.2093  -0.23168E+01  -0.40780E+00  -0.32901E+00   0.40325E+01   0.27778E+02
  257     8.1717  13.2178  -0.23358E+01  -0.41227E+00  -0.33348E+00   0.40318E+01   0.27079E+02
  258     8.2514  13.2261  -0.23549E+01  -0.41677E+00  -0.33798E+00   0.40311E+01   0.26395E+02
  259     8.3319  13.2343  -0.23741E+01  -0.42130E+00  -0.34251E+00   0.40304E+01   0.25721E+02
  260     8.4130  13.2424  -0.23934E+01  -0.42586E+00  -0.34708E+00   0.40297E+01   0.25058E+02
  261     8.4948  13.2503  -0.24129E+01  -0.43047E+00  -0.35168E+00   0.40291E+01   0.24402E+02
  262     8.5774  13.2582  -0.24324E+01  -0.43510E+00  -0.35631E+00   0.40284E+01   0.23765E+02
  263     8.6606  13.2660  -0.24520E+01  -0.43977E+00  -0.36098E+00   0.40278E+01   0.23137E+02
  264     8.7446  13.2737  -0.24717E+01  -0.44448E+00  -0.36569E+00   0.40272E+01   0.22515E+02
  265     8.8293  13.2813  -0.24916E+01  -0.44922E+00  -0.37043E+00   0.40266E+01   0.21908E+02
  266     8.9148  13.2888  -0.25115E+01  -0.45400E+00  -0.37521E+00   0.40260E+01   0.21313E+02
  267     9.0010  13.2962  -0.25315E+01  -0.45881E+00  -0.38002E+00   0.40254E+01   0.20730E+02
  268     9.0879  13.3035  -0.25517E+01  -0.46366E+00  -0.38487E+00   0.40249E+01   0.20154E+02
  269     9.1756  13.3107  -0.25720E+01  -0.46855E+00  -0.38976E+00   0.40243E+01   0.19587E+02
  270     9.2641  13.3178  -0.25924E+01  -0.47347E+00  -0.39468E+00   0.40238E+01   0.19036E+02
  271     9.3534  13.3248  -0.26128E+01  -0.47842E+00  -0.39963E+00   0.40233E+01   0.18492E+02
  272     9.4434  13.3317  -0.26334E+01  -0.48341E+00  -0.40463E+00   0.40228E+01   0.17960E+02
  273     9.5342  13.3386  -0.26541E+01  -0.48844E+00  -0.40965E+00   0.40223E+01   0.17442E+02
  274     9.6257  13.3453  -0.26749E+01  -0.49351E+00  -0.41472E+00   0.40218E+01   0.16934E+02
  275     9.7181  13.3520  -0.26959E+01  -0.49861E+00  -0.41982E+00   0.40214E+01   0.16434E+02
  276     9.8113  13.3586  -0.27169E+01  -0.50375E+00  -0.42496E+00   0.40209E+01   0.15946E+02
  277     9.9053  13.3651  -0.27381E+01  -0.50893E+00  -0.43014E+00   0.40205E+01   0.15469E+02
  278    10.0001  13.3715  -0.27593E+01  -0.51414E+00  -0.43535E+00   0.40201E+01   0.15000E+02
  279    10.0957  13.3778  -0.27807E+01  -0.51939E+00  -0.44060E+00   0.40197E+01   0.14545E+02
  280    10.1922  13.3841  -0.28022E+01  -0.52469E+00  -0.44590E+00   0.40192E+01   0.14096E+02
  281    10.2895  13.3902  -0.28238E+01  -0.53001E+00  -0.45122E+00   0.40188E+01   0.13658E+02
  282    10.3877  13.3963  -0.28455E+01  -0.53538E+00  -0.45659E+00   0.40185E+01   0.13233E+02
  283    10.4867  13.4023  -0.28673E+01  -0.54078E+00  -0.46199E+00   0.40181E+01   0.12816E+02
  284    10.5865  13.4083  -0.28893E+01  -0.54622E+00  -0.46743E+00   0.40177E+01   0.12409E+02
  285    10.6873  13.4141  -0.29113E+01  -0.55170E+00  -0.47291E+00   0.40174E+01   0.12009E+02
  286    10.7889  13.4199  -0.29335E+01  -0.55722E+00  -0.47843E+00   0.40170E+01   0.11621E+02
  287    10.8914  13.4256  -0.29558E+01  -0.56278E+00  -0.48399E+00   0.40167E+01   0.11242E+02
  288    10.9947  13.4312  -0.29782E+01  -0.56837E+00  -0.48959E+00   0.40163E+01   0.10874E+02
  289    11.0990  13.4368  -0.30007E+01  -0.57401E+00  -0.49522E+00   0.40160E+01   0.10513E+02
  290    11.2042  13.4423  -0.30234E+01  -0.57969E+00  -0.50090E+00   0.40157E+01   0.10162E+02
  291    11.3103  13.4477  -0.30462E+01  -0.58540E+00  -0.50661E+00   0.40154E+01   0.98218E+01
  292    11.4173  13.4530  -0.30691E+01  -0.59116E+00  -0.51237E+00   0.40151E+01   0.94894E+01
  293    11.5253  13.4583  -0.30921E+01  -0.59695E+00  -0.51817E+00   0.40148E+01   0.91640E+01
  294    11.6342  13.4635  -0.31152E+01  -0.60279E+00  -0.52400E+00   0.40145E+01   0.88485E+01
  295    11.7440  13.4687  -0.31385E+01  -0.60867E+00  -0.52988E+00   0.40142E+01   0.85406E+01
  296    11.8548  13.4738  -0.31618E+01  -0.61458E+00  -0.53579E+00   0.40139E+01   0.82428E+01
  297    11.9666  13.4788  -0.31853E+01  -0.62054E+00  -0.54175E+00   0.40136E+01   0.79503E+01
  298    12.0793  13.4837  -0.32089E+01  -0.62653E+00  -0.54775E+00   0.40134E+01   0.76693E+01
  299    12.1930  13.4886  -0.32327E+01  -0.63258E+00  -0.55379E+00   0.40131E+01   0.73959E+01
  300    12.3077  13.4934  -0.32566E+01  -0.63865E+00  -0.55987E+00   0.40129E+01   0.71267E+01
  301    12.4234  13.4982  -0.32806E+01  -0.64478E+00  -0.56599E+00   0.40126E+01   0.68665E+01
  302    12.5401  13.5029  -0.33047E+01  -0.65095E+00  -0.57216E+00   0.40124E+01   0.66163E+01
  303    12.6578  13.5075  -0.33289E+01  -0.65715E+00  -0.57836E+00   0.40122E+01   0.63699E+01
  304    12.7766  13.5121  -0.33533E+01  -0.66339E+00  -0.58461E+00   0.40119E+01   0.61330E+01
  305    12.8963  13.5166  -0.33778E+01  -0.66969E+00  -0.59090E+00   0.40117E+01   0.59038E+01
  306    13.0172  13.5211  -0.34024E+01  -0.67602E+00  -0.59723E+00   0.40115E+01   0.56826E+01
  307    13.1390  13.5255  -0.34272E+01  -0.68239E+00  -0.60361E+00   0.40113E+01   0.54640E+01
  308    13.2619  13.5298  -0.34521E+01  -0.68882E+00  -0.61003E+00   0.40111E+01   0.52540E+01
  309    13.3859  13.5341  -0.34771E+01  -0.69528E+00  -0.61649E+00   0.40109E+01   0.50520E+01
  310    13.5110  13.5383  -0.35022E+01  -0.70178E+00  -0.62299E+00   0.40107E+01   0.48542E+01
  311    13.6372  13.5425  -0.35275E+01  -0.70833E+00  -0.62954E+00   0.40105E+01   0.46622E+01
  312    13.7644  13.5466  -0.35529E+01  -0.71492E+00  -0.63613E+00   0.40103E+01   0.44798E+01
  313    13.8928  13.5507  -0.35784E+01  -0.72156E+00  -0.64277E+00   0.40101E+01   0.43009E+01
  314    14.0223  13.5547  -0.36041E+01  -0.72823E+00  -0.64944E+00   0.40099E+01   0.41295E+01
  315    14.1529  13.5587  -0.36299E+01  -0.73496E+00  -0.65617E+00   0.40097E+01   0.39618E+01
  316    14.2846  13.5626  -0.36559E+01  -0.74173E+00  -0.66294E+00   0.40095E+01   0.38024E+01
  317    14.4175  13.5665  -0.36819E+01  -0.74855E+00  -0.66976E+00   0.40094E+01   0.36436E+01
  318    14.5515  13.5703  -0.37082E+01  -0.75541E+00  -0.67662E+00   0.40092E+01   0.34939E+01
  319    14.6867  13.5741  -0.37345E+01  -0.76231E+00  -0.68352E+00   0.40090E+01   0.33484E+01
  320    14.8231  13.5778  -0.37609E+01  -0.76925E+00  -0.69046E+00   0.40089E+01   0.32085E+01
  321    14.9607  13.5815  -0.37876E+01  -0.77625E+00  -0.69746E+00   0.40087E+01   0.30723E+01
  322    15.0994  13.5851  -0.38143E+01  -0.78329E+00  -0.70451E+00   0.40086E+01   0.29429E+01
  323    15.2394  13.5887  -0.38412E+01  -0.79038E+00  -0.71160E+00   0.40084E+01   0.28142E+01
  324    15.3806  13.5922  -0.38683E+01  -0.79753E+00  -0.71874E+00   0.40083E+01   0.26941E+01
  325    15.5230  13.5957  -0.38954E+01  -0.80469E+00  -0.72590E+00   0.40081E+01   0.25770E+01
  326    15.6666  13.5991  -0.39227E+01  -0.81192E+00  -0.73313E+00   0.40080E+01   0.24644E+01
  327    15.8115  13.6025  -0.39502E+01  -0.81920E+00  -0.74041E+00   0.40079E+01   0.23555E+01
  328    15.9577  13.6059  -0.39778E+01  -0.82652E+00  -0.74773E+00   0.40077E+01   0.22519E+01
  329    16.1051  13.6092  -0.40056E+01  -0.83389E+00  -0.75511E+00   0.40076E+01   0.21505E+01
  330    16.2538  13.6124  -0.40334E+01  -0.84130E+00  -0.76251E+00   0.40075E+01   0.20538E+01
  331    16.4038  13.6157  -0.40614E+01  -0.84877E+00  -0.76998E+00   0.40073E+01   0.19601E+01
  332    16.5551  13.6188  -0.40896E+01  -0.85628E+00  -0.77749E+00   0.40072E+01   0.18716E+01
  333    16.7078  13.6220  -0.41179E+01  -0.86384E+00  -0.78505E+00   0.40071E+01   0.17846E+01
  334    16.8617  13.6251  -0.41464E+01  -0.87146E+00  -0.79267E+00   0.40070E+01   0.17027E+01
  335    17.0170  13.6281  -0.41750E+01  -0.87912E+00  -0.80033E+00   0.40069E+01   0.16232E+01
  336    17.1736  13.6312  -0.42038E+01  -0.88682E+00  -0.80804E+00   0.40067E+01   0.15468E+01
  337    17.3316  13.6342  -0.42327E+01  -0.89458E+00  -0.81580E+00   0.40066E+01   0.14733E+01
  338    17.4910  13.6371  -0.42617E+01  -0.90239E+00  -0.82360E+00   0.40065E+01   0.14036E+01
  339    17.6518  13.6400  -0.42910E+01  -0.91025E+00  -0.83146E+00   0.40064E+01   0.13358E+01
  340    17.8139  13.6429  -0.43203E+01  -0.91815E+00  -0.83936E+00   0.40063E+01   0.12720E+01
  341    17.9775  13.6457  -0.43498E+01  -0.92611E+00  -0.84732E+00   0.40062E+01   0.12100E+01
  342    18.1425  13.6485  -0.43795E+01  -0.93412E+00  -0.85534E+00   0.40061E+01   0.11506E+01
  343    18.3089  13.6513  -0.44093E+01  -0.94218E+00  -0.86339E+00   0.40060E+01   0.10939E+01
  344    18.4768  13.6540  -0.44393E+01  -0.95031E+00  -0.87152E+00   0.40059E+01   0.10395E+01
  345    18.6461  13.6567  -0.44694E+01  -0.95845E+00  -0.87966E+00   0.40058E+01   0.98750E+00
  346    18.8169  13.6593  -0.44997E+01  -0.96668E+00  -0.88789E+00   0.40057E+01   0.93836E+00
  347    18.9892  13.6619  -0.45301E+01  -0.97494E+00  -0.89615E+00   0.40056E+01   0.89088E+00
  348    19.1630  13.6645  -0.45607E+01  -0.98326E+00  -0.90447E+00   0.40055E+01   0.84514E+00
  349    19.3383  13.6671  -0.45914E+01  -0.99162E+00  -0.91283E+00   0.40055E+01   0.80179E+00
  350    19.5151  13.6696  -0.46223E+01  -0.10000E+01  -0.92126E+00   0.40054E+01   0.76072E+00
  351    19.6934  13.6721  -0.46534E+01  -0.10085E+01  -0.92974E+00   0.40053E+01   0.72082E+00
  352    19.8734  13.6745  -0.46846E+01  -0.10170E+01  -0.93826E+00   0.40052E+01   0.68317E+00
  353    20.0548  13.6770  -0.47161E+01  -0.10257E+01  -0.94688E+00   0.40051E+01   0.64740E+00
  354    20.2379  13.6794  -0.47476E+01  -0.10343E+01  -0.95549E+00   0.40051E+01   0.61278E+00
  355    20.4225  13.6817  -0.47794E+01  -0.10430E+01  -0.96422E+00   0.40050E+01   0.57962E+00
  356    20.6088  13.6840  -0.48112E+01  -0.10517E+01  -0.97293E+00   0.40049E+01   0.54891E+00
  357    20.7966  13.6863  -0.48432E+01  -0.10605E+01  -0.98172E+00   0.40048E+01   0.51874E+00
  358    20.9861  13.6886  -0.48754E+01  -0.10694E+01  -0.99058E+00   0.40048E+01   0.49144E+00
  359    21.1773  13.6909  -0.49078E+01  -0.10783E+01  -0.99949E+00   0.40047E+01   0.46385E+00
  360    21.3701  13.6931  -0.49405E+01  -0.10873E+01  -0.10085E+01   0.40046E+01   0.43789E+00
  361    21.5646  13.6953  -0.49730E+01  -0.10963E+01  -0.10175E+01   0.40045E+01   0.41360E+00
  362    21.7607  13.6974  -0.50058E+01  -0.11054E+01  -0.10266E+01   0.40000E+01   0.39025E+00
  363    21.9586  13.6995  -0.50388E+01  -0.11145E+01  -0.10357E+01   0.40000E+01   0.36879E+00
  364    22.1582  13.7016  -0.50721E+01  -0.11237E+01  -0.10449E+01   0.40000E+01   0.34782E+00
  365    22.3596  13.7037  -0.51055E+01  -0.11330E+01  -0.10542E+01   0.40000E+01   0.32805E+00
  366    22.5626  13.7058  -0.51390E+01  -0.11423E+01  -0.10635E+01   0.40000E+01   0.30901E+00
  367    22.7675  13.7078  -0.51727E+01  -0.11516E+01  -0.10728E+01   0.40000E+01   0.29126E+00
  368    22.9741  13.7098  -0.52066E+01  -0.11610E+01  -0.10822E+01   0.40000E+01   0.27442E+00
  369    23.1825  13.7117  -0.52407E+01  -0.11705E+01  -0.10917E+01   0.40000E+01   0.25827E+00
  370    23.3928  13.7137  -0.52749E+01  -0.11800E+01  -0.11013E+01   0.40000E+01   0.24305E+00
  371    23.6049  13.7156  -0.53093E+01  -0.11896E+01  -0.11108E+01   0.40000E+01   0.22864E+00
  372    23.8188  13.7175  -0.53439E+01  -0.11993E+01  -0.11205E+01   0.40000E+01   0.21493E+00
  373    24.0345  13.7194  -0.53787E+01  -0.12090E+01  -0.11302E+01   0.40000E+01   0.20202E+00
  374    24.2522  13.7212  -0.54136E+01  -0.12188E+01  -0.11400E+01   0.40000E+01   0.18979E+00
  375    24.4717  13.7230  -0.54487E+01  -0.12286E+01  -0.11498E+01   0.40000E+01   0.17831E+00
  376    24.6932  13.7248  -0.54840E+01  -0.12385E+01  -0.11597E+01   0.40000E+01   0.16738E+00
  377    24.9166  13.7266  -0.55195E+01  -0.12484E+01  -0.11696E+01   0.40000E+01   0.15700E+00
  378    25.1419  13.7284  -0.55552E+01  -0.12584E+01  -0.11797E+01   0.40000E+01   0.14731E+00
  379    25.3691  13.7301  -0.55910E+01  -0.12685E+01  -0.11897E+01   0.40000E+01   0.13814E+00
  380    25.5984  13.7318  -0.56270E+01  -0.12786E+01  -0.11998E+01   0.40000E+01   0.12941E+00
  381    25.8296  13.7335  -0.56632E+01  -0.12888E+01  -0.12100E+01   0.40000E+01   0.12124E+00
  382    26.0629  13.7351  -0.56996E+01  -0.12990E+01  -0.12203E+01   0.40000E+01   0.11348E+00
  383    26.2982  13.7368  -0.57362E+01  -0.13094E+01  -0.12306E+01   0.40000E+01   0.10621E+00
  384    26.5355  13.7384  -0.57729E+01  -0.13197E+01  -0.12409E+01   0.40000E+01   0.99379E-01
  385    26.7749  13.7400  -0.58098E+01  -0.13302E+01  -0.12514E+01   0.40000E+01   0.92903E-01
  386    27.0164  13.7416  -0.58469E+01  -0.13406E+01  -0.12619E+01   0.40000E+01   0.86864E-01
  387    27.2599  13.7431  -0.58842E+01  -0.13512E+01  -0.12724E+01   0.40000E+01   0.81138E-01
  388    27.5056  13.7447  -0.59217E+01  -0.13618E+01  -0.12830E+01   0.40000E+01   0.75800E-01
  389    27.7534  13.7462  -0.59594E+01  -0.13725E+01  -0.12937E+01   0.40000E+01   0.70748E-01
  390    28.0034  13.7477  -0.59973E+01  -0.13832E+01  -0.13045E+01   0.40000E+01   0.65975E-01
  391    28.2556  13.7492  -0.60353E+01  -0.13940E+01  -0.13152E+01   0.40000E+01   0.61599E-01
  392    28.5099  13.7506  -0.60735E+01  -0.14049E+01  -0.13261E+01   0.40000E+01   0.57413E-01
  393    28.7665  13.7521  -0.61120E+01  -0.14158E+01  -0.13370E+01   0.40000E+01   0.53499E-01
  394    29.0253  13.7535  -0.61506E+01  -0.14268E+01  -0.13480E+01   0.40000E+01   0.49848E-01
  395    29.2863  13.7549  -0.61894E+01  -0.14379E+01  -0.13591E+01   0.40000E+01   0.46392E-01
  396    29.5496  13.7563  -0.62284E+01  -0.14490E+01  -0.13702E+01   0.40000E+01   0.43150E-01
  397    29.8152  13.7577  -0.62676E+01  -0.14602E+01  -0.13814E+01   0.40000E+01   0.40170E-01
  398    30.0831  13.7590  -0.63070E+01  -0.14714E+01  -0.13926E+01   0.40000E+01   0.37352E-01
  399    30.3534  13.7604  -0.63467E+01  -0.14828E+01  -0.14040E+01   0.40000E+01   0.34658E-01
  400    30.6259  13.7617  -0.63864E+01  -0.14941E+01  -0.14154E+01   0.40000E+01   0.32268E-01
