    1     0.0001   0.0014  -0.15259E-04   0.31063E-06   0.74889E-01   0.93738E+01   0.45456E+02
    2     0.0088   0.1221  -0.16437E-02  -0.47011E-04   0.74841E-01   0.93190E+01   0.57640E+02
    3     0.0176   0.2423  -0.34365E-02  -0.12906E-03   0.74759E-01   0.92653E+01   0.60901E+02
    4     0.0264   0.3621  -0.53060E-02  -0.22278E-03   0.74666E-01   0.92122E+01   0.63142E+02
    5     0.0353   0.4814  -0.72574E-02  -0.32955E-03   0.74559E-01   0.91596E+01   0.65312E+02
    6     0.0443   0.6003  -0.92638E-02  -0.44231E-03   0.74446E-01   0.91073E+01   0.67167E+02
    7     0.0534   0.7188  -0.11323E-01  -0.56077E-03   0.74328E-01   0.90553E+01   0.68837E+02
    8     0.0626   0.8368  -0.13433E-01  -0.68442E-03   0.74204E-01   0.90036E+01   0.70432E+02
    9     0.0718   0.9543  -0.15591E-01  -0.81262E-03   0.74076E-01   0.89523E+01   0.71994E+02
   10     0.0811   1.0713  -0.17798E-01  -0.94558E-03   0.73943E-01   0.89011E+01   0.73491E+02
   11     0.0905   1.1879  -0.20050E-01  -0.10827E-02   0.73806E-01   0.88503E+01   0.74967E+02
   12     0.1000   1.3039  -0.22347E-01  -0.12235E-02   0.73665E-01   0.87997E+01   0.76389E+02
   13     0.1096   1.4195  -0.24690E-01  -0.13684E-02   0.73520E-01   0.87493E+01   0.77813E+02
   14     0.1192   1.5346  -0.27086E-01  -0.15196E-02   0.73369E-01   0.86993E+01   0.79255E+02
   15     0.1290   1.6491  -0.29516E-01  -0.16721E-02   0.73216E-01   0.86494E+01   0.80629E+02
   16     0.1388   1.7632  -0.31991E-01  -0.18288E-02   0.73060E-01   0.85998E+01   0.82027E+02
   17     0.1487   1.8767  -0.34511E-01  -0.19900E-02   0.72898E-01   0.85504E+01   0.83392E+02
   18     0.1587   1.9897  -0.37076E-01  -0.21550E-02   0.72733E-01   0.85013E+01   0.84779E+02
   19     0.1687   2.1021  -0.39685E-01  -0.23242E-02   0.72564E-01   0.84524E+01   0.86155E+02
   20     0.1789   2.2140  -0.42338E-01  -0.24979E-02   0.72390E-01   0.84038E+01   0.87514E+02
   21     0.1891   2.3254  -0.45036E-01  -0.26761E-02   0.72212E-01   0.83554E+01   0.88894E+02
   22     0.1995   2.4362  -0.47778E-01  -0.28589E-02   0.72029E-01   0.83072E+01   0.90257E+02
   23     0.2099   2.5465  -0.50565E-01  -0.30464E-02   0.71842E-01   0.82593E+01   0.91625E+02
   24     0.2204   2.6562  -0.53399E-01  -0.32389E-02   0.71649E-01   0.82117E+01   0.92994E+02
   25     0.2310   2.7653  -0.56279E-01  -0.34368E-02   0.71452E-01   0.81642E+01   0.94365E+02
   26     0.2417   2.8738  -0.59206E-01  -0.36402E-02   0.71248E-01   0.81171E+01   0.95747E+02
   27     0.2525   2.9818  -0.62179E-01  -0.38486E-02   0.71040E-01   0.80701E+01   0.97111E+02
   28     0.2634   3.0892  -0.65195E-01  -0.40619E-02   0.70826E-01   0.80234E+01   0.98490E+02
   29     0.2744   3.1959  -0.68255E-01  -0.42796E-02   0.70609E-01   0.79770E+01   0.99873E+02
   30     0.2855   3.3021  -0.71359E-01  -0.45027E-02   0.70386E-01   0.79307E+01   0.10126E+03
   31     0.2967   3.4077  -0.74510E-01  -0.47314E-02   0.70157E-01   0.78847E+01   0.10264E+03
   32     0.3079   3.5127  -0.77709E-01  -0.49666E-02   0.69922E-01   0.78390E+01   0.10402E+03
   33     0.3193   3.6170  -0.80938E-01  -0.52029E-02   0.69685E-01   0.77934E+01   0.10542E+03
   34     0.3308   3.7207  -0.84234E-01  -0.54504E-02   0.69438E-01   0.77482E+01   0.10681E+03
   35     0.3423   3.8238  -0.87578E-01  -0.57046E-02   0.69184E-01   0.77033E+01   0.10818E+03
   36     0.3540   3.9263  -0.90970E-01  -0.59652E-02   0.68923E-01   0.76586E+01   0.10958E+03
   37     0.3658   4.0281  -0.94409E-01  -0.62319E-02   0.68656E-01   0.76141E+01   0.11097E+03
   38     0.3777   4.1293  -0.97896E-01  -0.65053E-02   0.68383E-01   0.75699E+01   0.11237E+03
   39     0.3896   4.2299  -0.10143E+00  -0.67857E-02   0.68103E-01   0.75260E+01   0.11376E+03
   40     0.4017   4.3298  -0.10502E+00  -0.70736E-02   0.67815E-01   0.74823E+01   0.11516E+03
   41     0.4139   4.4291  -0.10866E+00  -0.73680E-02   0.67520E-01   0.74389E+01   0.11656E+03
   42     0.4262   4.5276  -0.11234E+00  -0.76698E-02   0.67219E-01   0.73958E+01   0.11796E+03
   43     0.4386   4.6256  -0.11608E+00  -0.79791E-02   0.66909E-01   0.73529E+01   0.11935E+03
   44     0.4511   4.7229  -0.11986E+00  -0.82961E-02   0.66592E-01   0.73103E+01   0.12073E+03
   45     0.4637   4.8195  -0.12370E+00  -0.86205E-02   0.66268E-01   0.72679E+01   0.12213E+03
   46     0.4764   4.9154  -0.12758E+00  -0.89528E-02   0.65936E-01   0.72259E+01   0.12353E+03
   47     0.4893   5.0106  -0.13152E+00  -0.92931E-02   0.65595E-01   0.71840E+01   0.12493E+03
   48     0.5022   5.1052  -0.13551E+00  -0.96417E-02   0.65247E-01   0.71425E+01   0.12632E+03
   49     0.5153   5.1991  -0.13955E+00  -0.99978E-02   0.64891E-01   0.71012E+01   0.12770E+03
   50     0.5285   5.2923  -0.14364E+00  -0.10362E-01   0.64526E-01   0.70602E+01   0.12910E+03
   51     0.5417   5.3849  -0.14778E+00  -0.10736E-01   0.64153E-01   0.70194E+01   0.13047E+03
   52     0.5552   5.4767  -0.15198E+00  -0.11117E-01   0.63771E-01   0.69790E+01   0.13185E+03
   53     0.5687   5.5679  -0.15623E+00  -0.11508E-01   0.63381E-01   0.69388E+01   0.13324E+03
   54     0.5823   5.6583  -0.16053E+00  -0.11907E-01   0.62982E-01   0.68989E+01   0.13459E+03
   55     0.5961   5.7481  -0.16488E+00  -0.12315E-01   0.62573E-01   0.68593E+01   0.13596E+03
   56     0.6099   5.8371  -0.16929E+00  -0.12732E-01   0.62156E-01   0.68199E+01   0.13733E+03
   57     0.6239   5.9255  -0.17375E+00  -0.13159E-01   0.61730E-01   0.67809E+01   0.13868E+03
   58     0.6381   6.0132  -0.17827E+00  -0.13595E-01   0.61294E-01   0.67420E+01   0.14004E+03
   59     0.6523   6.1001  -0.18284E+00  -0.14040E-01   0.60849E-01   0.67035E+01   0.14138E+03
   60     0.6667   6.1864  -0.18746E+00  -0.14495E-01   0.60394E-01   0.66653E+01   0.14271E+03
   61     0.6812   6.2719  -0.19214E+00  -0.14959E-01   0.59929E-01   0.66273E+01   0.14404E+03
   62     0.6958   6.3568  -0.19687E+00  -0.15434E-01   0.59455E-01   0.65896E+01   0.14536E+03
   63     0.7105   6.4409  -0.20166E+00  -0.15918E-01   0.58970E-01   0.65523E+01   0.14668E+03
   64     0.7254   6.5244  -0.20650E+00  -0.16412E-01   0.58476E-01   0.65152E+01   0.14798E+03
   65     0.7404   6.6071  -0.21140E+00  -0.16917E-01   0.57972E-01   0.64783E+01   0.14928E+03
   66     0.7555   6.6891  -0.21635E+00  -0.17431E-01   0.57458E-01   0.64418E+01   0.15056E+03
   67     0.7708   6.7704  -0.22136E+00  -0.17955E-01   0.56933E-01   0.64056E+01   0.15184E+03
   68     0.7862   6.8511  -0.22643E+00  -0.18490E-01   0.56398E-01   0.63696E+01   0.15312E+03
   69     0.8017   6.9310  -0.23154E+00  -0.19035E-01   0.55853E-01   0.63339E+01   0.15438E+03
   70     0.8174   7.0102  -0.23672E+00  -0.19591E-01   0.55297E-01   0.62985E+01   0.15563E+03
   71     0.8332   7.0886  -0.24195E+00  -0.20158E-01   0.54731E-01   0.62634E+01   0.15687E+03
   72     0.8491   7.1664  -0.24724E+00  -0.20735E-01   0.54153E-01   0.62287E+01   0.15810E+03
   73     0.8652   7.2435  -0.25259E+00  -0.21323E-01   0.53565E-01   0.61942E+01   0.15932E+03
   74     0.8814   7.3199  -0.25799E+00  -0.21922E-01   0.52966E-01   0.61600E+01   0.16053E+03
   75     0.8977   7.3956  -0.26345E+00  -0.22533E-01   0.52356E-01   0.61260E+01   0.16172E+03
   76     0.9142   7.4705  -0.26897E+00  -0.23154E-01   0.51734E-01   0.60924E+01   0.16290E+03
   77     0.9309   7.5448  -0.27455E+00  -0.23787E-01   0.51101E-01   0.60591E+01   0.16407E+03
   78     0.9477   7.6184  -0.28018E+00  -0.24432E-01   0.50456E-01   0.60261E+01   0.16522E+03
   79     0.9646   7.6913  -0.28588E+00  -0.25089E-01   0.49800E-01   0.59933E+01   0.16636E+03
   80     0.9817   7.7635  -0.29163E+00  -0.25758E-01   0.49131E-01   0.59609E+01   0.16748E+03
   81     0.9989   7.8350  -0.29745E+00  -0.26438E-01   0.48450E-01   0.59288E+01   0.16859E+03
   82     1.0163   7.9058  -0.30332E+00  -0.27131E-01   0.47757E-01   0.58970E+01   0.16968E+03
   83     1.0338   7.9759  -0.30926E+00  -0.27836E-01   0.47052E-01   0.58655E+01   0.17075E+03
   84     1.0515   8.0453  -0.31525E+00  -0.28554E-01   0.46334E-01   0.58343E+01   0.17179E+03
   85     1.0693   8.1141  -0.32131E+00  -0.29285E-01   0.45604E-01   0.58034E+01   0.17283E+03
   86     1.0873   8.1821  -0.32743E+00  -0.30028E-01   0.44860E-01   0.57728E+01   0.17383E+03
   87     1.1055   8.2495  -0.33360E+00  -0.30784E-01   0.44104E-01   0.57425E+01   0.17483E+03
   88     1.1238   8.3162  -0.33984E+00  -0.31552E-01   0.43336E-01   0.57126E+01   0.17579E+03
   89     1.1423   8.3823  -0.34614E+00  -0.32334E-01   0.42554E-01   0.56829E+01   0.17673E+03
   90     1.1609   8.4477  -0.35250E+00  -0.33128E-01   0.41760E-01   0.56535E+01   0.17766E+03
   91     1.1797   8.5124  -0.35893E+00  -0.33935E-01   0.40953E-01   0.56244E+01   0.17855E+03
   92     1.1986   8.5764  -0.36541E+00  -0.34755E-01   0.40134E-01   0.55956E+01   0.17943E+03
   93     1.2177   8.6398  -0.37195E+00  -0.35587E-01   0.39301E-01   0.55672E+01   0.18027E+03
   94     1.2370   8.7025  -0.37855E+00  -0.36433E-01   0.38455E-01   0.55390E+01   0.18109E+03
   95     1.2565   8.7646  -0.38521E+00  -0.37291E-01   0.37598E-01   0.55111E+01   0.18188E+03
   96     1.2761   8.8260  -0.39193E+00  -0.38162E-01   0.36726E-01   0.54836E+01   0.18264E+03
   97     1.2959   8.8868  -0.39872E+00  -0.39047E-01   0.35842E-01   0.54563E+01   0.18340E+03
   98     1.3158   8.9469  -0.40556E+00  -0.39945E-01   0.34944E-01   0.54293E+01   0.18412E+03
   99     1.3360   9.0065  -0.41247E+00  -0.40856E-01   0.34032E-01   0.54026E+01   0.18482E+03
  100     1.3563   9.0653  -0.41944E+00  -0.41780E-01   0.33108E-01   0.53763E+01   0.18548E+03
  101     1.3767   9.1236  -0.42647E+00  -0.42719E-01   0.32170E-01   0.53503E+01   0.18614E+03
  102     1.3974   9.1812  -0.43356E+00  -0.43669E-01   0.31220E-01   0.53248E+01   0.18676E+03
  103     1.4183   9.2382  -0.44072E+00  -0.44632E-01   0.30256E-01   0.52995E+01   0.18736E+03
  104     1.4393   9.2945  -0.44793E+00  -0.45610E-01   0.29278E-01   0.52745E+01   0.18794E+03
  105     1.4605   9.3503  -0.45520E+00  -0.46601E-01   0.28287E-01   0.52495E+01   0.18850E+03
  106     1.4819   9.4054  -0.46254E+00  -0.47610E-01   0.27278E-01   0.52249E+01   0.18902E+03
  107     1.5035   9.4600  -0.46995E+00  -0.48635E-01   0.26253E-01   0.52007E+01   0.18952E+03
  108     1.5252   9.5139  -0.47742E+00  -0.49675E-01   0.25214E-01   0.51767E+01   0.18998E+03
  109     1.5472   9.5673  -0.48496E+00  -0.50727E-01   0.24162E-01   0.51531E+01   0.19042E+03
  110     1.5693   9.6200  -0.49256E+00  -0.51794E-01   0.23095E-01   0.51298E+01   0.19083E+03
  111     1.5917   9.6722  -0.50022E+00  -0.52876E-01   0.22013E-01   0.51069E+01   0.19121E+03
  112     1.6142   9.7238  -0.50795E+00  -0.53973E-01   0.20916E-01   0.50843E+01   0.19157E+03
  113     1.6369   9.7748  -0.51574E+00  -0.55084E-01   0.19804E-01   0.50620E+01   0.19192E+03
  114     1.6598   9.8252  -0.52360E+00  -0.56211E-01   0.18677E-01   0.50400E+01   0.19221E+03
  115     1.6830   9.8751  -0.53153E+00  -0.57353E-01   0.17535E-01   0.50183E+01   0.19246E+03
  116     1.7063   9.9244  -0.53951E+00  -0.58510E-01   0.16378E-01   0.49969E+01   0.19269E+03
  117     1.7298   9.9731  -0.54757E+00  -0.59683E-01   0.15205E-01   0.49758E+01   0.19289E+03
  118     1.7536  10.0213  -0.55569E+00  -0.60871E-01   0.14017E-01   0.49550E+01   0.19304E+03
  119     1.7775  10.0689  -0.56387E+00  -0.62075E-01   0.12813E-01   0.49346E+01   0.19318E+03
  120     1.8016  10.1160  -0.57212E+00  -0.63295E-01   0.11594E-01   0.49144E+01   0.19327E+03
  121     1.8260  10.1626  -0.58043E+00  -0.64529E-01   0.10359E-01   0.48945E+01   0.19335E+03
  122     1.8506  10.2086  -0.58881E+00  -0.65779E-01   0.91088E-02   0.48750E+01   0.19339E+03
  123     1.8753  10.2541  -0.59725E+00  -0.67046E-01   0.78424E-02   0.48557E+01   0.19341E+03
  124     1.9003  10.2990  -0.60576E+00  -0.68328E-01   0.65603E-02   0.48368E+01   0.19339E+03
  125     1.9256  10.3434  -0.61434E+00  -0.69627E-01   0.52616E-02   0.48182E+01   0.19333E+03
  126     1.9510  10.3873  -0.62298E+00  -0.70941E-01   0.39475E-02   0.47998E+01   0.19325E+03
  127     1.9766  10.4307  -0.63169E+00  -0.72272E-01   0.26165E-02   0.47818E+01   0.19315E+03
  128     2.0025  10.4736  -0.64047E+00  -0.73620E-01   0.12687E-02   0.47640E+01   0.19301E+03
  129     2.0286  10.5160  -0.64931E+00  -0.74985E-01  -0.96448E-04   0.47466E+01   0.19282E+03
  130     2.0550  10.5579  -0.65823E+00  -0.76367E-01  -0.14783E-02   0.47295E+01   0.19262E+03
  131     2.0815  10.5993  -0.66721E+00  -0.77766E-01  -0.28772E-02   0.47126E+01   0.19237E+03
  132     2.1083  10.6402  -0.67626E+00  -0.79182E-01  -0.42935E-02   0.46961E+01   0.19209E+03
  133     2.1353  10.6806  -0.68538E+00  -0.80615E-01  -0.57270E-02   0.46799E+01   0.19180E+03
  134     2.1626  10.7205  -0.69456E+00  -0.82066E-01  -0.71779E-02   0.46639E+01   0.19145E+03
  135     2.1901  10.7600  -0.70382E+00  -0.83534E-01  -0.86461E-02   0.46483E+01   0.19108E+03
  136     2.2178  10.7990  -0.71314E+00  -0.85020E-01  -0.10132E-01   0.46329E+01   0.19067E+03
  137     2.2458  10.8375  -0.72253E+00  -0.86523E-01  -0.11634E-01   0.46178E+01   0.19023E+03
  138     2.2740  10.8756  -0.73199E+00  -0.88043E-01  -0.13154E-01   0.46030E+01   0.18976E+03
  139     2.3025  10.9132  -0.74151E+00  -0.89579E-01  -0.14691E-01   0.45885E+01   0.18926E+03
  140     2.3312  10.9504  -0.75110E+00  -0.91134E-01  -0.16246E-01   0.45743E+01   0.18874E+03
  141     2.3602  10.9871  -0.76077E+00  -0.92707E-01  -0.17819E-01   0.45603E+01   0.18817E+03
  142     2.3894  11.0234  -0.77050E+00  -0.94298E-01  -0.19410E-01   0.45466E+01   0.18758E+03
  143     2.4188  11.0592  -0.78030E+00  -0.95908E-01  -0.21020E-01   0.45332E+01   0.18697E+03
  144     2.4486  11.0946  -0.79017E+00  -0.97537E-01  -0.22648E-01   0.45201E+01   0.18631E+03
  145     2.4785  11.1296  -0.80011E+00  -0.99183E-01  -0.24295E-01   0.45072E+01   0.18565E+03
  146     2.5088  11.1641  -0.81012E+00  -0.10085E+00  -0.25960E-01   0.44946E+01   0.18496E+03
  147     2.5393  11.1982  -0.82021E+00  -0.10253E+00  -0.27645E-01   0.44823E+01   0.18422E+03
  148     2.5701  11.2320  -0.83036E+00  -0.10424E+00  -0.29349E-01   0.44702E+01   0.18347E+03
  149     2.6011  11.2653  -0.84058E+00  -0.10596E+00  -0.31072E-01   0.44584E+01   0.18268E+03
  150     2.6324  11.2982  -0.85088E+00  -0.10770E+00  -0.32815E-01   0.44468E+01   0.18186E+03
  151     2.6640  11.3306  -0.86125E+00  -0.10947E+00  -0.34578E-01   0.44355E+01   0.18101E+03
  152     2.6958  11.3627  -0.87169E+00  -0.11125E+00  -0.36360E-01   0.44245E+01   0.18013E+03
  153     2.7280  11.3944  -0.88221E+00  -0.11305E+00  -0.38162E-01   0.44137E+01   0.17922E+03
  154     2.7604  11.4258  -0.89279E+00  -0.11487E+00  -0.39984E-01   0.44031E+01   0.17828E+03
  155     2.7931  11.4567  -0.90345E+00  -0.11671E+00  -0.41825E-01   0.43928E+01   0.17732E+03
  156     2.8260  11.4872  -0.91417E+00  -0.11857E+00  -0.43685E-01   0.43827E+01   0.17633E+03
  157     2.8593  11.5174  -0.92497E+00  -0.12045E+00  -0.45566E-01   0.43728E+01   0.17531E+03
  158     2.8929  11.5472  -0.93584E+00  -0.12236E+00  -0.47467E-01   0.43632E+01   0.17427E+03
  159     2.9267  11.5766  -0.94678E+00  -0.12428E+00  -0.49388E-01   0.43538E+01   0.17321E+03
  160     2.9608  11.6057  -0.95780E+00  -0.12622E+00  -0.51330E-01   0.43446E+01   0.17211E+03
  161     2.9953  11.6344  -0.96889E+00  -0.12818E+00  -0.53292E-01   0.43356E+01   0.17100E+03
  162     3.0300  11.6628  -0.98005E+00  -0.13016E+00  -0.55276E-01   0.43269E+01   0.16988E+03
  163     3.0651  11.6908  -0.99128E+00  -0.13217E+00  -0.57280E-01   0.43183E+01   0.16872E+03
  164     3.1004  11.7184  -0.10026E+01  -0.13419E+00  -0.59306E-01   0.43100E+01   0.16754E+03
  165     3.1360  11.7458  -0.10140E+01  -0.13624E+00  -0.61353E-01   0.43019E+01   0.16635E+03
  166     3.1720  11.7727  -0.10254E+01  -0.13831E+00  -0.63421E-01   0.42939E+01   0.16514E+03
  167     3.2083  11.7994  -0.10370E+01  -0.14040E+00  -0.65512E-01   0.42862E+01   0.16390E+03
  168     3.2449  11.8257  -0.10486E+01  -0.14251E+00  -0.67625E-01   0.42787E+01   0.16265E+03
  169     3.2818  11.8517  -0.10603E+01  -0.14465E+00  -0.69759E-01   0.42713E+01   0.16137E+03
  170     3.3190  11.8773  -0.10720E+01  -0.14680E+00  -0.71916E-01   0.42642E+01   0.16008E+03
  171     3.3565  11.9026  -0.10839E+01  -0.14898E+00  -0.74096E-01   0.42572E+01   0.15876E+03
  172     3.3944  11.9277  -0.10958E+01  -0.15119E+00  -0.76298E-01   0.42504E+01   0.15742E+03
  173     3.4326  11.9524  -0.11078E+01  -0.15341E+00  -0.78524E-01   0.42438E+01   0.15605E+03
  174     3.4712  11.9768  -0.11198E+01  -0.15566E+00  -0.80771E-01   0.42373E+01   0.15466E+03
  175     3.5100  12.0009  -0.11320E+01  -0.15793E+00  -0.83041E-01   0.42310E+01   0.15326E+03
  176     3.5492  12.0246  -0.11442E+01  -0.16022E+00  -0.85335E-01   0.42249E+01   0.15184E+03
  177     3.5888  12.0481  -0.11565E+01  -0.16254E+00  -0.87650E-01   0.42189E+01   0.15043E+03
  178     3.6287  12.0713  -0.11689E+01  -0.16488E+00  -0.89988E-01   0.42131E+01   0.14898E+03
  179     3.6689  12.0942  -0.11813E+01  -0.16723E+00  -0.92346E-01   0.42075E+01   0.14752E+03
  180     3.7095  12.1169  -0.11938E+01  -0.16962E+00  -0.94728E-01   0.42020E+01   0.14606E+03
  181     3.7505  12.1392  -0.12064E+01  -0.17202E+00  -0.97134E-01   0.41966E+01   0.14458E+03
  182     3.7918  12.1612  -0.12191E+01  -0.17445E+00  -0.99564E-01   0.41914E+01   0.14310E+03
  183     3.8334  12.1830  -0.12319E+01  -0.17691E+00  -0.10202E+00   0.41863E+01   0.14159E+03
  184     3.8754  12.2045  -0.12447E+01  -0.17939E+00  -0.10450E+00   0.41814E+01   0.14010E+03
  185     3.9178  12.2257  -0.12576E+01  -0.18190E+00  -0.10701E+00   0.41766E+01   0.13858E+03
  186     3.9606  12.2467  -0.12706E+01  -0.18442E+00  -0.10954E+00   0.41719E+01   0.13707E+03
  187     4.0037  12.2674  -0.12837E+01  -0.18698E+00  -0.11209E+00   0.41674E+01   0.13553E+03
  188     4.0472  12.2878  -0.12968E+01  -0.18956E+00  -0.11467E+00   0.41629E+01   0.13398E+03
  189     4.0911  12.3080  -0.13101E+01  -0.19216E+00  -0.11727E+00   0.41586E+01   0.13241E+03
  190     4.1353  12.3279  -0.13234E+01  -0.19479E+00  -0.11990E+00   0.41544E+01   0.13083E+03
  191     4.1800  12.3476  -0.13368E+01  -0.19744E+00  -0.12255E+00   0.41504E+01   0.12925E+03
  192     4.2250  12.3670  -0.13503E+01  -0.20012E+00  -0.12523E+00   0.41464E+01   0.12767E+03
  193     4.2705  12.3862  -0.13638E+01  -0.20282E+00  -0.12794E+00   0.41426E+01   0.12609E+03
  194     4.3163  12.4051  -0.13775E+01  -0.20555E+00  -0.13066E+00   0.41388E+01   0.12449E+03
  195     4.3625  12.4238  -0.13912E+01  -0.20830E+00  -0.13341E+00   0.41352E+01   0.12291E+03
  196     4.4091  12.4423  -0.14050E+01  -0.21108E+00  -0.13619E+00   0.41316E+01   0.12130E+03
  197     4.4561  12.4605  -0.14189E+01  -0.21388E+00  -0.13899E+00   0.41282E+01   0.11970E+03
  198     4.5036  12.4785  -0.14328E+01  -0.21671E+00  -0.14183E+00   0.41248E+01   0.11810E+03
  199     4.5514  12.4962  -0.14469E+01  -0.21957E+00  -0.14468E+00   0.41216E+01   0.11651E+03
  200     4.5997  12.5138  -0.14610E+01  -0.22245E+00  -0.14757E+00   0.41184E+01   0.11490E+03
  201     4.6484  12.5311  -0.14752E+01  -0.22536E+00  -0.15048E+00   0.41154E+01   0.11329E+03
  202     4.6975  12.5482  -0.14895E+01  -0.22830E+00  -0.15341E+00   0.41124E+01   0.11168E+03
  203     4.7470  12.5650  -0.15039E+01  -0.23126E+00  -0.15638E+00   0.41095E+01   0.11007E+03
  204     4.7970  12.5817  -0.15184E+01  -0.23425E+00  -0.15936E+00   0.41066E+01   0.10847E+03
  205     4.8474  12.5981  -0.15329E+01  -0.23727E+00  -0.16238E+00   0.41039E+01   0.10687E+03
  206     4.8982  12.6144  -0.15476E+01  -0.24031E+00  -0.16542E+00   0.41012E+01   0.10527E+03
  207     4.9495  12.6304  -0.15623E+01  -0.24338E+00  -0.16849E+00   0.40986E+01   0.10368E+03
  208     5.0012  12.6462  -0.15771E+01  -0.24647E+00  -0.17159E+00   0.40961E+01   0.10208E+03
  209     5.0534  12.6619  -0.15920E+01  -0.24960E+00  -0.17471E+00   0.40936E+01   0.10049E+03
  210     5.1060  12.6773  -0.16070E+01  -0.25275E+00  -0.17787E+00   0.40912E+01   0.98912E+02
  211     5.1591  12.6925  -0.16220E+01  -0.25594E+00  -0.18105E+00   0.40889E+01   0.97330E+02
  212     5.2126  12.7076  -0.16372E+01  -0.25915E+00  -0.18426E+00   0.40867E+01   0.95745E+02
  213     5.2667  12.7224  -0.16524E+01  -0.26238E+00  -0.18749E+00   0.40845E+01   0.94176E+02
  214     5.3211  12.7371  -0.16678E+01  -0.26565E+00  -0.19076E+00   0.40823E+01   0.92615E+02
  215     5.3761  12.7515  -0.16832E+01  -0.26894E+00  -0.19405E+00   0.40803E+01   0.91048E+02
  216     5.4315  12.7658  -0.16987E+01  -0.27226E+00  -0.19737E+00   0.40783E+01   0.89501E+02
  217     5.4874  12.7799  -0.17143E+01  -0.27561E+00  -0.20072E+00   0.40763E+01   0.87963E+02
  218     5.5438  12.7938  -0.17299E+01  -0.27898E+00  -0.20410E+00   0.40744E+01   0.86430E+02
  219     5.6007  12.8076  -0.17457E+01  -0.28239E+00  -0.20750E+00   0.40725E+01   0.84908E+02
  220     5.6581  12.8211  -0.17616E+01  -0.28583E+00  -0.21094E+00   0.40707E+01   0.83418E+02
  221     5.7160  12.8345  -0.17775E+01  -0.28929E+00  -0.21440E+00   0.40690E+01   0.81663E+02
  222     5.7744  12.8477  -0.17935E+01  -0.29279E+00  -0.21790E+00   0.40673E+01   0.80423E+02
  223     5.8333  12.8608  -0.18097E+01  -0.29631E+00  -0.22143E+00   0.40656E+01   0.78901E+02
  224     5.8927  12.8737  -0.18259E+01  -0.29986E+00  -0.22497E+00   0.40640E+01   0.77426E+02
  225     5.9526  12.8864  -0.18420E+01  -0.30340E+00  -0.22851E+00   0.40624E+01   0.75979E+02
  226     6.0131  12.8990  -0.18585E+01  -0.30703E+00  -0.23214E+00   0.40609E+01   0.74516E+02
  227     6.0740  12.9114  -0.18751E+01  -0.31070E+00  -0.23581E+00   0.40594E+01   0.73051E+02
  228     6.1355  12.9236  -0.18917E+01  -0.31437E+00  -0.23948E+00   0.40580E+01   0.71601E+02
  229     6.1976  12.9357  -0.19083E+01  -0.31807E+00  -0.24318E+00   0.40566E+01   0.70400E+02
  230     6.2602  12.9476  -0.19251E+01  -0.32180E+00  -0.24691E+00   0.40552E+01   0.68779E+02
  231     6.3233  12.9594  -0.19420E+01  -0.32556E+00  -0.25067E+00   0.40539E+01   0.67417E+02
  232     6.3869  12.9710  -0.19589E+01  -0.32935E+00  -0.25446E+00   0.40526E+01   0.66047E+02
  233     6.4512  12.9825  -0.19759E+01  -0.33318E+00  -0.25829E+00   0.40513E+01   0.64690E+02
  234     6.5159  12.9938  -0.19931E+01  -0.33703E+00  -0.26214E+00   0.40501E+01   0.63337E+02
  235     6.5813  13.0050  -0.20103E+01  -0.34091E+00  -0.26603E+00   0.40489E+01   0.62011E+02
  236     6.6472  13.0160  -0.20276E+01  -0.34483E+00  -0.26994E+00   0.40478E+01   0.60682E+02
  237     6.7137  13.0269  -0.20451E+01  -0.34878E+00  -0.27389E+00   0.40467E+01   0.59385E+02
  238     6.7807  13.0377  -0.20626E+01  -0.35276E+00  -0.27787E+00   0.40456E+01   0.58086E+02
  239     6.8484  13.0483  -0.20802E+01  -0.35677E+00  -0.28188E+00   0.40445E+01   0.56809E+02
  240     6.9166  13.0588  -0.20979E+01  -0.36081E+00  -0.28592E+00   0.40434E+01   0.55546E+02
  241     6.9854  13.0691  -0.21157E+01  -0.36488E+00  -0.28999E+00   0.40424E+01   0.54301E+02
  242     7.0549  13.0794  -0.21336E+01  -0.36898E+00  -0.29410E+00   0.40415E+01   0.53070E+02
  243     7.1249  13.0894  -0.21516E+01  -0.37312E+00  -0.29823E+00   0.40405E+01   0.51861E+02
  244     7.1955  13.0994  -0.21697E+01  -0.37729E+00  -0.30240E+00   0.40396E+01   0.50668E+02
  245     7.2668  13.1092  -0.21879E+01  -0.38149E+00  -0.30660E+00   0.40387E+01   0.49484E+02
  246     7.3387  13.1189  -0.22062E+01  -0.38572E+00  -0.31083E+00   0.40378E+01   0.48318E+02
  247     7.4112  13.1285  -0.22246E+01  -0.38999E+00  -0.31510E+00   0.40369E+01   0.47173E+02
  248     7.4843  13.1380  -0.22431E+01  -0.39429E+00  -0.31940E+00   0.40361E+01   0.46042E+02
  249     7.5580  13.1473  -0.22617E+01  -0.39862E+00  -0.32373E+00   0.40353E+01   0.44925E+02
  250     7.6324  13.1565  -0.22804E+01  -0.40298E+00  -0.32809E+00   0.40345E+01   0.43826E+02
  251     7.7075  13.1656  -0.22992E+01  -0.40738E+00  -0.33249E+00   0.40337E+01   0.42747E+02
  252     7.7832  13.1746  -0.23181E+01  -0.41182E+00  -0.33693E+00   0.40329E+01   0.41677E+02
  253     7.8596  13.1834  -0.23371E+01  -0.41627E+00  -0.34138E+00   0.40322E+01   0.40637E+02
  254     7.9366  13.1922  -0.23562E+01  -0.42077E+00  -0.34588E+00   0.40315E+01   0.39604E+02
  255     8.0143  13.2008  -0.23754E+01  -0.42530E+00  -0.35041E+00   0.40308E+01   0.38584E+02
  256     8.0926  13.2093  -0.23947E+01  -0.42987E+00  -0.35498E+00   0.40301E+01   0.37596E+02
  257     8.1717  13.2178  -0.24141E+01  -0.43447E+00  -0.35958E+00   0.40294E+01   0.36607E+02
  258     8.2514  13.2261  -0.24336E+01  -0.43910E+00  -0.36422E+00   0.40288E+01   0.35645E+02
  259     8.3319  13.2343  -0.24532E+01  -0.44377E+00  -0.36888E+00   0.40282E+01   0.34703E+02
  260     8.4130  13.2424  -0.24729E+01  -0.44847E+00  -0.37359E+00   0.40276E+01   0.33773E+02
  261     8.4948  13.2503  -0.24927E+01  -0.45321E+00  -0.37832E+00   0.40270E+01   0.32859E+02
  262     8.5774  13.2582  -0.25126E+01  -0.45798E+00  -0.38309E+00   0.40264E+01   0.31964E+02
  263     8.6606  13.2660  -0.25327E+01  -0.46279E+00  -0.38790E+00   0.40258E+01   0.31084E+02
  264     8.7446  13.2737  -0.25528E+01  -0.46763E+00  -0.39275E+00   0.40253E+01   0.30221E+02
  265     8.8293  13.2813  -0.25731E+01  -0.47251E+00  -0.39762E+00   0.40247E+01   0.29370E+02
  266     8.9148  13.2888  -0.25934E+01  -0.47742E+00  -0.40253E+00   0.40242E+01   0.28542E+02
  267     9.0010  13.2962  -0.26139E+01  -0.48237E+00  -0.40748E+00   0.40237E+01   0.27726E+02
  268     9.0879  13.3035  -0.26344E+01  -0.48735E+00  -0.41246E+00   0.40232E+01   0.26933E+02
  269     9.1756  13.3107  -0.26551E+01  -0.49237E+00  -0.41748E+00   0.40227E+01   0.26151E+02
  270     9.2641  13.3178  -0.26759E+01  -0.49742E+00  -0.42254E+00   0.40222E+01   0.25388E+02
  271     9.3534  13.3248  -0.26968E+01  -0.50252E+00  -0.42763E+00   0.40217E+01   0.24640E+02
  272     9.4434  13.3317  -0.27178E+01  -0.50765E+00  -0.43276E+00   0.40213E+01   0.23908E+02
  273     9.5342  13.3386  -0.27389E+01  -0.51281E+00  -0.43792E+00   0.40208E+01   0.23193E+02
  274     9.6257  13.3453  -0.27601E+01  -0.51801E+00  -0.44312E+00   0.40204E+01   0.22490E+02
  275     9.7181  13.3520  -0.27814E+01  -0.52325E+00  -0.44836E+00   0.40200E+01   0.21802E+02
  276     9.8113  13.3586  -0.28029E+01  -0.52853E+00  -0.45364E+00   0.40196E+01   0.21131E+02
  277     9.9053  13.3651  -0.28244E+01  -0.53384E+00  -0.45895E+00   0.40192E+01   0.20477E+02
  278    10.0001  13.3715  -0.28461E+01  -0.53919E+00  -0.46430E+00   0.40188E+01   0.19836E+02
  279    10.0957  13.3778  -0.28679E+01  -0.54457E+00  -0.46968E+00   0.40184E+01   0.19215E+02
  280    10.1922  13.3841  -0.28898E+01  -0.55000E+00  -0.47511E+00   0.40180E+01   0.18607E+02
  281    10.2895  13.3902  -0.29118E+01  -0.55546E+00  -0.48057E+00   0.40177E+01   0.18008E+02
  282    10.3877  13.3963  -0.29339E+01  -0.56097E+00  -0.48608E+00   0.40173E+01   0.17431E+02
  283    10.4867  13.4023  -0.29561E+01  -0.56650E+00  -0.49161E+00   0.40170E+01   0.16864E+02
  284    10.5865  13.4083  -0.29785E+01  -0.57207E+00  -0.49719E+00   0.40166E+01   0.16311E+02
  285    10.6873  13.4141  -0.30010E+01  -0.57769E+00  -0.50281E+00   0.40163E+01   0.15768E+02
  286    10.7889  13.4199  -0.30236E+01  -0.58335E+00  -0.50846E+00   0.40160E+01   0.15244E+02
  287    10.8914  13.4256  -0.30463E+01  -0.58904E+00  -0.51415E+00   0.40157E+01   0.14730E+02
  288    10.9947  13.4312  -0.30691E+01  -0.59477E+00  -0.51988E+00   0.40154E+01   0.14234E+02
  289    11.0990  13.4368  -0.30920E+01  -0.60054E+00  -0.52566E+00   0.40151E+01   0.13751E+02
  290    11.2042  13.4423  -0.31151E+01  -0.60635E+00  -0.53147E+00   0.40148E+01   0.13274E+02
  291    11.3103  13.4477  -0.31383E+01  -0.61221E+00  -0.53732E+00   0.40145E+01   0.12815E+02
  292    11.4173  13.4530  -0.31616E+01  -0.61810E+00  -0.54321E+00   0.40142E+01   0.12368E+02
  293    11.5253  13.4583  -0.31850E+01  -0.62402E+00  -0.54913E+00   0.40139E+01   0.11934E+02
  294    11.6342  13.4635  -0.32085E+01  -0.62999E+00  -0.55511E+00   0.40137E+01   0.11510E+02
  295    11.7440  13.4687  -0.32322E+01  -0.63601E+00  -0.56112E+00   0.40134E+01   0.11098E+02
  296    11.8548  13.4738  -0.32559E+01  -0.64206E+00  -0.56717E+00   0.40132E+01   0.10702E+02
  297    11.9666  13.4788  -0.32798E+01  -0.64815E+00  -0.57326E+00   0.40129E+01   0.10312E+02
  298    12.0793  13.4837  -0.33039E+01  -0.65428E+00  -0.57939E+00   0.40127E+01   0.99355E+01
  299    12.1930  13.4886  -0.33280E+01  -0.66046E+00  -0.58557E+00   0.40124E+01   0.95704E+01
  300    12.3077  13.4934  -0.33523E+01  -0.66667E+00  -0.59179E+00   0.40122E+01   0.92125E+01
  301    12.4234  13.4982  -0.33767E+01  -0.67293E+00  -0.59804E+00   0.40120E+01   0.88686E+01
  302    12.5401  13.5029  -0.34012E+01  -0.67922E+00  -0.60434E+00   0.40117E+01   0.85368E+01
  303    12.6578  13.5075  -0.34259E+01  -0.68557E+00  -0.61068E+00   0.40115E+01   0.82125E+01
  304    12.7766  13.5121  -0.34506E+01  -0.69195E+00  -0.61706E+00   0.40113E+01   0.78984E+01
  305    12.8963  13.5166  -0.34756E+01  -0.69838E+00  -0.62349E+00   0.40111E+01   0.75933E+01
  306    13.0172  13.5211  -0.35006E+01  -0.70485E+00  -0.62996E+00   0.40109E+01   0.73012E+01
  307    13.1390  13.5255  -0.35257E+01  -0.71136E+00  -0.63647E+00   0.40107E+01   0.70136E+01
  308    13.2619  13.5298  -0.35510E+01  -0.71790E+00  -0.64301E+00   0.40105E+01   0.67373E+01
  309    13.3859  13.5341  -0.35764E+01  -0.72450E+00  -0.64962E+00   0.40103E+01   0.64722E+01
  310    13.5110  13.5383  -0.36020E+01  -0.73114E+00  -0.65625E+00   0.40101E+01   0.62146E+01
  311    13.6372  13.5425  -0.36277E+01  -0.73782E+00  -0.66294E+00   0.40099E+01   0.59628E+01
  312    13.7644  13.5466  -0.36535E+01  -0.74455E+00  -0.66967E+00   0.40098E+01   0.57215E+01
  313    13.8928  13.5507  -0.36794E+01  -0.75133E+00  -0.67644E+00   0.40096E+01   0.54879E+01
  314    14.0223  13.5547  -0.37055E+01  -0.75814E+00  -0.68325E+00   0.40094E+01   0.52614E+01
  315    14.1529  13.5587  -0.37317E+01  -0.76500E+00  -0.69011E+00   0.40093E+01   0.50424E+01
  316    14.2846  13.5626  -0.37580E+01  -0.77190E+00  -0.69701E+00   0.40091E+01   0.48344E+01
  317    14.4175  13.5665  -0.37845E+01  -0.77885E+00  -0.70396E+00   0.40089E+01   0.46313E+01
  318    14.5515  13.5703  -0.38111E+01  -0.78585E+00  -0.71096E+00   0.40088E+01   0.44360E+01
  319    14.6867  13.5741  -0.38379E+01  -0.79288E+00  -0.71799E+00   0.40086E+01   0.42485E+01
  320    14.8231  13.5778  -0.38648E+01  -0.79997E+00  -0.72509E+00   0.40085E+01   0.40654E+01
  321    14.9607  13.5815  -0.38918E+01  -0.80709E+00  -0.73220E+00   0.40083E+01   0.38890E+01
  322    15.0994  13.5851  -0.39190E+01  -0.81427E+00  -0.73939E+00   0.40082E+01   0.37194E+01
  323    15.2394  13.5887  -0.39462E+01  -0.82149E+00  -0.74660E+00   0.40080E+01   0.35568E+01
  324    15.3806  13.5922  -0.39737E+01  -0.82876E+00  -0.75387E+00   0.40079E+01   0.33994E+01
  325    15.5230  13.5957  -0.40013E+01  -0.83608E+00  -0.76119E+00   0.40078E+01   0.32498E+01
  326    15.6666  13.5991  -0.40290E+01  -0.84344E+00  -0.76855E+00   0.40076E+01   0.31017E+01
  327    15.8115  13.6025  -0.40568E+01  -0.85085E+00  -0.77596E+00   0.40075E+01   0.29632E+01
  328    15.9577  13.6059  -0.40849E+01  -0.85831E+00  -0.78343E+00   0.40074E+01   0.28289E+01
  329    16.1051  13.6092  -0.41129E+01  -0.86579E+00  -0.79090E+00   0.40073E+01   0.27003E+01
  330    16.2538  13.6124  -0.41413E+01  -0.87336E+00  -0.79847E+00   0.40071E+01   0.25752E+01
  331    16.4038  13.6157  -0.41697E+01  -0.88096E+00  -0.80607E+00   0.40070E+01   0.24583E+01
  332    16.5551  13.6188  -0.41983E+01  -0.88862E+00  -0.81373E+00   0.40069E+01   0.23422E+01
  333    16.7078  13.6220  -0.42270E+01  -0.89630E+00  -0.82141E+00   0.40068E+01   0.22321E+01
  334    16.8617  13.6251  -0.42559E+01  -0.90405E+00  -0.82916E+00   0.40067E+01   0.21258E+01
  335    17.0170  13.6281  -0.42849E+01  -0.91184E+00  -0.83695E+00   0.40066E+01   0.20255E+01
  336    17.1736  13.6312  -0.43140E+01  -0.91968E+00  -0.84479E+00   0.40065E+01   0.19276E+01
  337    17.3316  13.6342  -0.43434E+01  -0.92758E+00  -0.85269E+00   0.40064E+01   0.18358E+01
  338    17.4910  13.6371  -0.43728E+01  -0.93553E+00  -0.86064E+00   0.40063E+01   0.17466E+01
  339    17.6518  13.6400  -0.44024E+01  -0.94351E+00  -0.86863E+00   0.40062E+01   0.16612E+01
  340    17.8139  13.6429  -0.44322E+01  -0.95156E+00  -0.87667E+00   0.40061E+01   0.15788E+01
  341    17.9775  13.6457  -0.44621E+01  -0.95965E+00  -0.88476E+00   0.40060E+01   0.15011E+01
  342    18.1425  13.6485  -0.44922E+01  -0.96779E+00  -0.89291E+00   0.40059E+01   0.14259E+01
  343    18.3089  13.6513  -0.45224E+01  -0.97599E+00  -0.90110E+00   0.40058E+01   0.13546E+01
  344    18.4768  13.6540  -0.45528E+01  -0.98422E+00  -0.90934E+00   0.40057E+01   0.12859E+01
  345    18.6461  13.6567  -0.45833E+01  -0.99254E+00  -0.91765E+00   0.40056E+01   0.12199E+01
  346    18.8169  13.6593  -0.46140E+01  -0.10009E+01  -0.92599E+00   0.40055E+01   0.11583E+01
  347    18.9892  13.6619  -0.46448E+01  -0.10093E+01  -0.93440E+00   0.40054E+01   0.10979E+01
  348    19.1630  13.6645  -0.46758E+01  -0.10177E+01  -0.94284E+00   0.40053E+01   0.10421E+01
  349    19.3383  13.6671  -0.47070E+01  -0.10262E+01  -0.95136E+00   0.40053E+01   0.98736E+00
  350    19.5151  13.6696  -0.47383E+01  -0.10348E+01  -0.95991E+00   0.40052E+01   0.93517E+00
  351    19.6934  13.6721  -0.47698E+01  -0.10434E+01  -0.96855E+00   0.40051E+01   0.88516E+00
  352    19.8734  13.6745  -0.48014E+01  -0.10521E+01  -0.97719E+00   0.40050E+01   0.83808E+00
  353    20.0548  13.6770  -0.48332E+01  -0.10608E+01  -0.98591E+00   0.40050E+01   0.79376E+00
  354    20.2379  13.6794  -0.48651E+01  -0.10696E+01  -0.99468E+00   0.40049E+01   0.75023E+00
  355    20.4225  13.6817  -0.48974E+01  -0.10784E+01  -0.10035E+01   0.40048E+01   0.70927E+00
  356    20.6088  13.6840  -0.49295E+01  -0.10873E+01  -0.10124E+01   0.40047E+01   0.67080E+00
  357    20.7966  13.6863  -0.49620E+01  -0.10962E+01  -0.10213E+01   0.40047E+01   0.63281E+00
  358    20.9861  13.6886  -0.49946E+01  -0.11052E+01  -0.10303E+01   0.40046E+01   0.59866E+00
  359    21.1773  13.6909  -0.50273E+01  -0.11142E+01  -0.10393E+01   0.40045E+01   0.56522E+00
  360    21.3701  13.6931  -0.50603E+01  -0.11233E+01  -0.10485E+01   0.40045E+01   0.53368E+00
  361    21.5646  13.6953  -0.50934E+01  -0.11325E+01  -0.10576E+01   0.40044E+01   0.50335E+00
  362    21.7607  13.6974  -0.51267E+01  -0.11418E+01  -0.10669E+01   0.40000E+01   0.47454E+00
  363    21.9586  13.6995  -0.51601E+01  -0.11510E+01  -0.10761E+01   0.40000E+01   0.44744E+00
  364    22.1582  13.7016  -0.51937E+01  -0.11604E+01  -0.10855E+01   0.40000E+01   0.42150E+00
  365    22.3596  13.7037  -0.52275E+01  -0.11697E+01  -0.10949E+01   0.40000E+01   0.39722E+00
  366    22.5626  13.7058  -0.52615E+01  -0.11792E+01  -0.11043E+01   0.40000E+01   0.37415E+00
  367    22.7675  13.7078  -0.52956E+01  -0.11887E+01  -0.11138E+01   0.40000E+01   0.35222E+00
  368    22.9741  13.7098  -0.53299E+01  -0.11982E+01  -0.11233E+01   0.40000E+01   0.33118E+00
  369    23.1825  13.7117  -0.53644E+01  -0.12078E+01  -0.11330E+01   0.40000E+01   0.31156E+00
  370    23.3928  13.7137  -0.53990E+01  -0.12175E+01  -0.11426E+01   0.40000E+01   0.29284E+00
  371    23.6049  13.7156  -0.54339E+01  -0.12272E+01  -0.11524E+01   0.40000E+01   0.27535E+00
  372    23.8188  13.7175  -0.54689E+01  -0.12370E+01  -0.11621E+01   0.40000E+01   0.25867E+00
  373    24.0345  13.7194  -0.55040E+01  -0.12469E+01  -0.11720E+01   0.40000E+01   0.24271E+00
  374    24.2522  13.7212  -0.55394E+01  -0.12568E+01  -0.11819E+01   0.40000E+01   0.22775E+00
  375    24.4717  13.7230  -0.55749E+01  -0.12668E+01  -0.11919E+01   0.40000E+01   0.21381E+00
  376    24.6932  13.7248  -0.56106E+01  -0.12768E+01  -0.12019E+01   0.40000E+01   0.20041E+00
  377    24.9166  13.7266  -0.56465E+01  -0.12869E+01  -0.12120E+01   0.40000E+01   0.18795E+00
  378    25.1419  13.7284  -0.56826E+01  -0.12970E+01  -0.12221E+01   0.40000E+01   0.17619E+00
  379    25.3691  13.7301  -0.57189E+01  -0.13072E+01  -0.12323E+01   0.40000E+01   0.16495E+00
  380    25.5984  13.7318  -0.57554E+01  -0.13175E+01  -0.12426E+01   0.40000E+01   0.15443E+00
  381    25.8296  13.7335  -0.57919E+01  -0.13278E+01  -0.12529E+01   0.40000E+01   0.14451E+00
  382    26.0629  13.7351  -0.58287E+01  -0.13382E+01  -0.12633E+01   0.40000E+01   0.13517E+00
  383    26.2982  13.7368  -0.58657E+01  -0.13486E+01  -0.12738E+01   0.40000E+01   0.12639E+00
  384    26.5355  13.7384  -0.59029E+01  -0.13592E+01  -0.12843E+01   0.40000E+01   0.11808E+00
  385    26.7749  13.7400  -0.59403E+01  -0.13697E+01  -0.12949E+01   0.40000E+01   0.11030E+00
  386    27.0164  13.7416  -0.59778E+01  -0.13804E+01  -0.13055E+01   0.40000E+01   0.10302E+00
  387    27.2599  13.7431  -0.60155E+01  -0.13911E+01  -0.13162E+01   0.40000E+01   0.96195E-01
  388    27.5056  13.7447  -0.60534E+01  -0.14018E+01  -0.13269E+01   0.40000E+01   0.89723E-01
  389    27.7534  13.7462  -0.60915E+01  -0.14126E+01  -0.13377E+01   0.40000E+01   0.83629E-01
  390    28.0034  13.7477  -0.61298E+01  -0.14235E+01  -0.13486E+01   0.40000E+01   0.77961E-01
  391    28.2556  13.7492  -0.61683E+01  -0.14345E+01  -0.13596E+01   0.40000E+01   0.72683E-01
  392    28.5099  13.7506  -0.62070E+01  -0.14455E+01  -0.13706E+01   0.40000E+01   0.67606E-01
  393    28.7665  13.7521  -0.62458E+01  -0.14565E+01  -0.13817E+01   0.40000E+01   0.62989E-01
  394    29.0253  13.7535  -0.62848E+01  -0.14677E+01  -0.13928E+01   0.40000E+01   0.58639E-01
  395    29.2863  13.7549  -0.63241E+01  -0.14789E+01  -0.14040E+01   0.40000E+01   0.54518E-01
  396    29.5496  13.7563  -0.63635E+01  -0.14902E+01  -0.14153E+01   0.40000E+01   0.50708E-01
  397    29.8152  13.7577  -0.64032E+01  -0.15015E+01  -0.14266E+01   0.40000E+01   0.47088E-01
  398    30.0831  13.7590  -0.64430E+01  -0.15129E+01  -0.14380E+01   0.40000E+01   0.43758E-01
  399    30.3534  13.7604  -0.64830E+01  -0.15243E+01  -0.14495E+01   0.40000E+01   0.40628E-01
  400    30.6259  13.7617  -0.65232E+01  -0.15359E+01  -0.14610E+01   0.40000E+01   0.37717E-01
