    1     0.0001   0.0014  -0.15259E-04   0.31063E-06   0.75866E-01   0.94719E+01   0.40570E+02
    2     0.0088   0.1221  -0.16227E-02  -0.44190E-04   0.75822E-01   0.94164E+01   0.50687E+02
    3     0.0176   0.2423  -0.33932E-02  -0.12298E-03   0.75743E-01   0.93620E+01   0.53576E+02
    4     0.0264   0.3621  -0.52401E-02  -0.21330E-03   0.75653E-01   0.93082E+01   0.55542E+02
    5     0.0353   0.4814  -0.71685E-02  -0.31673E-03   0.75549E-01   0.92549E+01   0.57465E+02
    6     0.0443   0.6003  -0.91516E-02  -0.42588E-03   0.75440E-01   0.92019E+01   0.59099E+02
    7     0.0534   0.7188  -0.11187E-01  -0.54058E-03   0.75325E-01   0.91492E+01   0.60576E+02
    8     0.0626   0.8368  -0.13271E-01  -0.66010E-03   0.75206E-01   0.90969E+01   0.61985E+02
    9     0.0718   0.9543  -0.15403E-01  -0.78381E-03   0.75082E-01   0.90448E+01   0.63365E+02
   10     0.0811   1.0713  -0.17580E-01  -0.91178E-03   0.74954E-01   0.89930E+01   0.64688E+02
   11     0.0905   1.1879  -0.19802E-01  -0.10435E-02   0.74822E-01   0.89414E+01   0.65993E+02
   12     0.1000   1.3039  -0.22068E-01  -0.11786E-02   0.74687E-01   0.88901E+01   0.67252E+02
   13     0.1096   1.4195  -0.24379E-01  -0.13178E-02   0.74548E-01   0.88390E+01   0.68513E+02
   14     0.1192   1.5346  -0.26743E-01  -0.14631E-02   0.74403E-01   0.87883E+01   0.69789E+02
   15     0.1290   1.6491  -0.29142E-01  -0.16099E-02   0.74256E-01   0.87377E+01   0.71006E+02
   16     0.1388   1.7632  -0.31586E-01  -0.17610E-02   0.74105E-01   0.86874E+01   0.72245E+02
   17     0.1487   1.8767  -0.34074E-01  -0.19164E-02   0.73949E-01   0.86373E+01   0.73453E+02
   18     0.1587   1.9897  -0.36606E-01  -0.20757E-02   0.73790E-01   0.85875E+01   0.74682E+02
   19     0.1687   2.1021  -0.39183E-01  -0.22392E-02   0.73627E-01   0.85379E+01   0.75902E+02
   20     0.1789   2.2140  -0.41804E-01  -0.24066E-02   0.73459E-01   0.84886E+01   0.77104E+02
   21     0.1891   2.3254  -0.44468E-01  -0.25786E-02   0.73287E-01   0.84395E+01   0.78328E+02
   22     0.1995   2.4362  -0.47176E-01  -0.27551E-02   0.73111E-01   0.83907E+01   0.79536E+02
   23     0.2099   2.5465  -0.49929E-01  -0.29359E-02   0.72930E-01   0.83421E+01   0.80750E+02
   24     0.2204   2.6562  -0.52726E-01  -0.31213E-02   0.72744E-01   0.82937E+01   0.81964E+02
   25     0.2310   2.7653  -0.55569E-01  -0.33116E-02   0.72554E-01   0.82456E+01   0.83182E+02
   26     0.2417   2.8738  -0.58456E-01  -0.35068E-02   0.72359E-01   0.81978E+01   0.84407E+02
   27     0.2525   2.9818  -0.61388E-01  -0.37073E-02   0.72159E-01   0.81501E+01   0.85618E+02
   28     0.2634   3.0892  -0.64366E-01  -0.39128E-02   0.71953E-01   0.81028E+01   0.86842E+02
   29     0.2744   3.1959  -0.67389E-01  -0.41232E-02   0.71743E-01   0.80557E+01   0.88068E+02
   30     0.2855   3.3021  -0.70458E-01  -0.43393E-02   0.71526E-01   0.80088E+01   0.89295E+02
   31     0.2967   3.4077  -0.73573E-01  -0.45608E-02   0.71305E-01   0.79622E+01   0.90517E+02
   32     0.3079   3.5127  -0.76735E-01  -0.47885E-02   0.71077E-01   0.79158E+01   0.91748E+02
   33     0.3193   3.6170  -0.79926E-01  -0.50172E-02   0.70849E-01   0.78696E+01   0.92992E+02
   34     0.3308   3.7207  -0.83181E-01  -0.52562E-02   0.70610E-01   0.78237E+01   0.94231E+02
   35     0.3423   3.8238  -0.86483E-01  -0.55015E-02   0.70364E-01   0.77781E+01   0.95452E+02
   36     0.3540   3.9263  -0.89832E-01  -0.57532E-02   0.70113E-01   0.77327E+01   0.96698E+02
   37     0.3658   4.0281  -0.93228E-01  -0.60110E-02   0.69855E-01   0.76876E+01   0.97936E+02
   38     0.3777   4.1293  -0.96673E-01  -0.62753E-02   0.69591E-01   0.76428E+01   0.99174E+02
   39     0.3896   4.2299  -0.10016E+00  -0.65462E-02   0.69320E-01   0.75982E+01   0.10042E+03
   40     0.4017   4.3298  -0.10371E+00  -0.68242E-02   0.69042E-01   0.75539E+01   0.10166E+03
   41     0.4139   4.4291  -0.10730E+00  -0.71089E-02   0.68757E-01   0.75099E+01   0.10290E+03
   42     0.4262   4.5276  -0.11093E+00  -0.74004E-02   0.68465E-01   0.74661E+01   0.10415E+03
   43     0.4386   4.6256  -0.11462E+00  -0.76995E-02   0.68166E-01   0.74226E+01   0.10539E+03
   44     0.4511   4.7229  -0.11836E+00  -0.80059E-02   0.67860E-01   0.73793E+01   0.10663E+03
   45     0.4637   4.8195  -0.12215E+00  -0.83199E-02   0.67546E-01   0.73363E+01   0.10788E+03
   46     0.4764   4.9154  -0.12599E+00  -0.86415E-02   0.67224E-01   0.72936E+01   0.10912E+03
   47     0.4893   5.0106  -0.12987E+00  -0.89708E-02   0.66895E-01   0.72511E+01   0.11037E+03
   48     0.5022   5.1052  -0.13381E+00  -0.93082E-02   0.66558E-01   0.72089E+01   0.11160E+03
   49     0.5153   5.1991  -0.13780E+00  -0.96534E-02   0.66212E-01   0.71670E+01   0.11284E+03
   50     0.5285   5.2923  -0.14184E+00  -0.10007E-01   0.65859E-01   0.71254E+01   0.11408E+03
   51     0.5417   5.3849  -0.14593E+00  -0.10369E-01   0.65497E-01   0.70840E+01   0.11531E+03
   52     0.5552   5.4767  -0.15008E+00  -0.10739E-01   0.65127E-01   0.70429E+01   0.11654E+03
   53     0.5687   5.5679  -0.15428E+00  -0.11118E-01   0.64748E-01   0.70021E+01   0.11778E+03
   54     0.5823   5.6583  -0.15852E+00  -0.11505E-01   0.64361E-01   0.69615E+01   0.11899E+03
   55     0.5961   5.7481  -0.16282E+00  -0.11901E-01   0.63965E-01   0.69213E+01   0.12022E+03
   56     0.6099   5.8371  -0.16717E+00  -0.12306E-01   0.63560E-01   0.68813E+01   0.12145E+03
   57     0.6239   5.9255  -0.17158E+00  -0.12719E-01   0.63147E-01   0.68416E+01   0.12267E+03
   58     0.6381   6.0132  -0.17604E+00  -0.13142E-01   0.62724E-01   0.68021E+01   0.12389E+03
   59     0.6523   6.1001  -0.18055E+00  -0.13574E-01   0.62292E-01   0.67630E+01   0.12510E+03
   60     0.6667   6.1864  -0.18511E+00  -0.14015E-01   0.61851E-01   0.67242E+01   0.12630E+03
   61     0.6812   6.2719  -0.18973E+00  -0.14466E-01   0.61400E-01   0.66856E+01   0.12751E+03
   62     0.6958   6.3568  -0.19440E+00  -0.14926E-01   0.60940E-01   0.66473E+01   0.12870E+03
   63     0.7105   6.4409  -0.19913E+00  -0.15396E-01   0.60470E-01   0.66093E+01   0.12990E+03
   64     0.7254   6.5244  -0.20391E+00  -0.15875E-01   0.59991E-01   0.65716E+01   0.13108E+03
   65     0.7404   6.6071  -0.20875E+00  -0.16365E-01   0.59501E-01   0.65342E+01   0.13226E+03
   66     0.7555   6.6891  -0.21364E+00  -0.16864E-01   0.59002E-01   0.64971E+01   0.13343E+03
   67     0.7708   6.7704  -0.21858E+00  -0.17373E-01   0.58493E-01   0.64602E+01   0.13460E+03
   68     0.7862   6.8511  -0.22358E+00  -0.17894E-01   0.57972E-01   0.64236E+01   0.13576E+03
   69     0.8017   6.9310  -0.22864E+00  -0.18424E-01   0.57442E-01   0.63874E+01   0.13691E+03
   70     0.8174   7.0102  -0.23376E+00  -0.18965E-01   0.56901E-01   0.63514E+01   0.13805E+03
   71     0.8332   7.0886  -0.23893E+00  -0.19517E-01   0.56349E-01   0.63158E+01   0.13918E+03
   72     0.8491   7.1664  -0.24416E+00  -0.20080E-01   0.55786E-01   0.62804E+01   0.14030E+03
   73     0.8652   7.2435  -0.24944E+00  -0.20654E-01   0.55212E-01   0.62454E+01   0.14142E+03
   74     0.8814   7.3199  -0.25479E+00  -0.21239E-01   0.54627E-01   0.62106E+01   0.14251E+03
   75     0.8977   7.3956  -0.26019E+00  -0.21836E-01   0.54030E-01   0.61762E+01   0.14360E+03
   76     0.9142   7.4705  -0.26565E+00  -0.22444E-01   0.53422E-01   0.61420E+01   0.14467E+03
   77     0.9309   7.5448  -0.27117E+00  -0.23064E-01   0.52802E-01   0.61082E+01   0.14573E+03
   78     0.9477   7.6184  -0.27675E+00  -0.23695E-01   0.52171E-01   0.60746E+01   0.14678E+03
   79     0.9646   7.6913  -0.28239E+00  -0.24338E-01   0.51528E-01   0.60414E+01   0.14781E+03
   80     0.9817   7.7635  -0.28809E+00  -0.24993E-01   0.50873E-01   0.60085E+01   0.14883E+03
   81     0.9989   7.8350  -0.29384E+00  -0.25659E-01   0.50207E-01   0.59758E+01   0.14984E+03
   82     1.0163   7.9058  -0.29966E+00  -0.26338E-01   0.49528E-01   0.59435E+01   0.15083E+03
   83     1.0338   7.9759  -0.30553E+00  -0.27029E-01   0.48837E-01   0.59114E+01   0.15179E+03
   84     1.0515   8.0453  -0.31146E+00  -0.27731E-01   0.48135E-01   0.58797E+01   0.15274E+03
   85     1.0693   8.1141  -0.31745E+00  -0.28445E-01   0.47421E-01   0.58482E+01   0.15368E+03
   86     1.0873   8.1821  -0.32350E+00  -0.29171E-01   0.46694E-01   0.58171E+01   0.15459E+03
   87     1.1055   8.2495  -0.32960E+00  -0.29910E-01   0.45956E-01   0.57863E+01   0.15548E+03
   88     1.1238   8.3162  -0.33577E+00  -0.30660E-01   0.45206E-01   0.57557E+01   0.15634E+03
   89     1.1423   8.3823  -0.34199E+00  -0.31422E-01   0.44443E-01   0.57255E+01   0.15720E+03
   90     1.1609   8.4477  -0.34828E+00  -0.32198E-01   0.43668E-01   0.56956E+01   0.15805E+03
   91     1.1797   8.5124  -0.35462E+00  -0.32985E-01   0.42881E-01   0.56659E+01   0.15887E+03
   92     1.1986   8.5764  -0.36103E+00  -0.33786E-01   0.42080E-01   0.56366E+01   0.15968E+03
   93     1.2177   8.6398  -0.36749E+00  -0.34598E-01   0.41268E-01   0.56076E+01   0.16045E+03
   94     1.2370   8.7025  -0.37402E+00  -0.35424E-01   0.40442E-01   0.55789E+01   0.16122E+03
   95     1.2565   8.7646  -0.38060E+00  -0.36262E-01   0.39604E-01   0.55505E+01   0.16198E+03
   96     1.2761   8.8260  -0.38725E+00  -0.37110E-01   0.38756E-01   0.55227E+01   0.16270E+03
   97     1.2959   8.8868  -0.39395E+00  -0.37971E-01   0.37895E-01   0.54952E+01   0.16341E+03
   98     1.3158   8.9469  -0.40071E+00  -0.38848E-01   0.37018E-01   0.54676E+01   0.16410E+03
   99     1.3360   9.0065  -0.40753E+00  -0.39739E-01   0.36127E-01   0.54402E+01   0.16477E+03
  100     1.3563   9.0653  -0.41442E+00  -0.40646E-01   0.35220E-01   0.54132E+01   0.16541E+03
  101     1.3767   9.1236  -0.42138E+00  -0.41566E-01   0.34299E-01   0.53866E+01   0.16603E+03
  102     1.3974   9.1812  -0.42840E+00  -0.42501E-01   0.33365E-01   0.53603E+01   0.16663E+03
  103     1.4183   9.2382  -0.43548E+00  -0.43447E-01   0.32419E-01   0.53343E+01   0.16721E+03
  104     1.4393   9.2945  -0.44262E+00  -0.44408E-01   0.31458E-01   0.53087E+01   0.16776E+03
  105     1.4605   9.3503  -0.44982E+00  -0.45383E-01   0.30483E-01   0.52834E+01   0.16829E+03
  106     1.4819   9.4054  -0.45709E+00  -0.46372E-01   0.29494E-01   0.52585E+01   0.16880E+03
  107     1.5035   9.4600  -0.46442E+00  -0.47375E-01   0.28491E-01   0.52338E+01   0.16930E+03
  108     1.5252   9.5139  -0.47182E+00  -0.48393E-01   0.27473E-01   0.52094E+01   0.16976E+03
  109     1.5472   9.5673  -0.47928E+00  -0.49425E-01   0.26441E-01   0.51854E+01   0.17018E+03
  110     1.5693   9.6200  -0.48680E+00  -0.50472E-01   0.25394E-01   0.51617E+01   0.17058E+03
  111     1.5917   9.6722  -0.49438E+00  -0.51533E-01   0.24333E-01   0.51382E+01   0.17095E+03
  112     1.6142   9.7238  -0.50203E+00  -0.52609E-01   0.23257E-01   0.51151E+01   0.17130E+03
  113     1.6369   9.7748  -0.50975E+00  -0.53700E-01   0.22166E-01   0.50923E+01   0.17162E+03
  114     1.6598   9.8252  -0.51753E+00  -0.54806E-01   0.21060E-01   0.50698E+01   0.17191E+03
  115     1.6830   9.8751  -0.52537E+00  -0.55926E-01   0.19940E-01   0.50476E+01   0.17218E+03
  116     1.7063   9.9244  -0.53327E+00  -0.57062E-01   0.18804E-01   0.50257E+01   0.17242E+03
  117     1.7298   9.9731  -0.54124E+00  -0.58212E-01   0.17654E-01   0.50042E+01   0.17264E+03
  118     1.7536  10.0213  -0.54927E+00  -0.59378E-01   0.16488E-01   0.49829E+01   0.17283E+03
  119     1.7775  10.0689  -0.55737E+00  -0.60559E-01   0.15307E-01   0.49619E+01   0.17299E+03
  120     1.8016  10.1160  -0.56553E+00  -0.61755E-01   0.14111E-01   0.49413E+01   0.17312E+03
  121     1.8260  10.1626  -0.57376E+00  -0.62967E-01   0.12899E-01   0.49210E+01   0.17323E+03
  122     1.8506  10.2086  -0.58205E+00  -0.64194E-01   0.11671E-01   0.49009E+01   0.17332E+03
  123     1.8753  10.2541  -0.59041E+00  -0.65438E-01   0.10427E-01   0.48812E+01   0.17338E+03
  124     1.9003  10.2990  -0.59884E+00  -0.66698E-01   0.91674E-02   0.48618E+01   0.17340E+03
  125     1.9256  10.3434  -0.60733E+00  -0.67975E-01   0.78910E-02   0.48427E+01   0.17340E+03
  126     1.9510  10.3873  -0.61589E+00  -0.69267E-01   0.65984E-02   0.48240E+01   0.17336E+03
  127     1.9766  10.4307  -0.62452E+00  -0.70577E-01   0.52888E-02   0.48055E+01   0.17330E+03
  128     2.0025  10.4736  -0.63322E+00  -0.71903E-01   0.39632E-02   0.47873E+01   0.17320E+03
  129     2.0286  10.5160  -0.64198E+00  -0.73245E-01   0.26208E-02   0.47694E+01   0.17308E+03
  130     2.0550  10.5579  -0.65081E+00  -0.74604E-01   0.12614E-02   0.47519E+01   0.17293E+03
  131     2.0815  10.5993  -0.65971E+00  -0.75980E-01  -0.11441E-03   0.47346E+01   0.17275E+03
  132     2.1083  10.6402  -0.66867E+00  -0.77372E-01  -0.15065E-02   0.47176E+01   0.17254E+03
  133     2.1353  10.6806  -0.67770E+00  -0.78781E-01  -0.29154E-02   0.47010E+01   0.17231E+03
  134     2.1626  10.7205  -0.68679E+00  -0.80206E-01  -0.43404E-02   0.46846E+01   0.17203E+03
  135     2.1901  10.7600  -0.69595E+00  -0.81648E-01  -0.57818E-02   0.46685E+01   0.17174E+03
  136     2.2178  10.7990  -0.70518E+00  -0.83107E-01  -0.72417E-02   0.46527E+01   0.17142E+03
  137     2.2458  10.8375  -0.71448E+00  -0.84584E-01  -0.87187E-02   0.46372E+01   0.17106E+03
  138     2.2740  10.8756  -0.72384E+00  -0.86079E-01  -0.10213E-01   0.46220E+01   0.17068E+03
  139     2.3025  10.9132  -0.73328E+00  -0.87591E-01  -0.11725E-01   0.46070E+01   0.17028E+03
  140     2.3312  10.9504  -0.74278E+00  -0.89122E-01  -0.13256E-01   0.45924E+01   0.16986E+03
  141     2.3602  10.9871  -0.75235E+00  -0.90670E-01  -0.14804E-01   0.45780E+01   0.16941E+03
  142     2.3894  11.0234  -0.76199E+00  -0.92235E-01  -0.16369E-01   0.45640E+01   0.16893E+03
  143     2.4188  11.0592  -0.77170E+00  -0.93820E-01  -0.17954E-01   0.45502E+01   0.16842E+03
  144     2.4486  11.0946  -0.78149E+00  -0.95423E-01  -0.19557E-01   0.45367E+01   0.16788E+03
  145     2.4785  11.1296  -0.79134E+00  -0.97044E-01  -0.21178E-01   0.45234E+01   0.16731E+03
  146     2.5088  11.1641  -0.80126E+00  -0.98685E-01  -0.22820E-01   0.45104E+01   0.16672E+03
  147     2.5393  11.1982  -0.81126E+00  -0.10035E+00  -0.24480E-01   0.44977E+01   0.16610E+03
  148     2.5701  11.2320  -0.82132E+00  -0.10202E+00  -0.26158E-01   0.44853E+01   0.16545E+03
  149     2.6011  11.2653  -0.83146E+00  -0.10372E+00  -0.27856E-01   0.44731E+01   0.16477E+03
  150     2.6324  11.2982  -0.84166E+00  -0.10544E+00  -0.29573E-01   0.44612E+01   0.16407E+03
  151     2.6640  11.3306  -0.85194E+00  -0.10717E+00  -0.31308E-01   0.44496E+01   0.16334E+03
  152     2.6958  11.3627  -0.86229E+00  -0.10893E+00  -0.33063E-01   0.44382E+01   0.16258E+03
  153     2.7280  11.3944  -0.87270E+00  -0.11070E+00  -0.34836E-01   0.44270E+01   0.16180E+03
  154     2.7604  11.4258  -0.88319E+00  -0.11250E+00  -0.36630E-01   0.44161E+01   0.16099E+03
  155     2.7931  11.4567  -0.89375E+00  -0.11431E+00  -0.38442E-01   0.44055E+01   0.16016E+03
  156     2.8260  11.4872  -0.90438E+00  -0.11614E+00  -0.40275E-01   0.43950E+01   0.15931E+03
  157     2.8593  11.5174  -0.91508E+00  -0.11799E+00  -0.42127E-01   0.43849E+01   0.15843E+03
  158     2.8929  11.5472  -0.92585E+00  -0.11987E+00  -0.44000E-01   0.43749E+01   0.15754E+03
  159     2.9267  11.5766  -0.93670E+00  -0.12176E+00  -0.45893E-01   0.43652E+01   0.15663E+03
  160     2.9608  11.6057  -0.94762E+00  -0.12367E+00  -0.47807E-01   0.43557E+01   0.15568E+03
  161     2.9953  11.6344  -0.95861E+00  -0.12561E+00  -0.49741E-01   0.43464E+01   0.15473E+03
  162     3.0300  11.6628  -0.96968E+00  -0.12756E+00  -0.51697E-01   0.43374E+01   0.15375E+03
  163     3.0651  11.6908  -0.98082E+00  -0.12954E+00  -0.53672E-01   0.43286E+01   0.15275E+03
  164     3.1004  11.7184  -0.99204E+00  -0.13154E+00  -0.55671E-01   0.43200E+01   0.15173E+03
  165     3.1360  11.7458  -0.10033E+01  -0.13356E+00  -0.57690E-01   0.43116E+01   0.15069E+03
  166     3.1720  11.7727  -0.10147E+01  -0.13559E+00  -0.59729E-01   0.43034E+01   0.14964E+03
  167     3.2083  11.7994  -0.10261E+01  -0.13766E+00  -0.61792E-01   0.42954E+01   0.14855E+03
  168     3.2449  11.8257  -0.10376E+01  -0.13974E+00  -0.63876E-01   0.42876E+01   0.14744E+03
  169     3.2818  11.8517  -0.10492E+01  -0.14185E+00  -0.65983E-01   0.42800E+01   0.14631E+03
  170     3.3190  11.8773  -0.10609E+01  -0.14398E+00  -0.68112E-01   0.42726E+01   0.14515E+03
  171     3.3565  11.9026  -0.10726E+01  -0.14613E+00  -0.70262E-01   0.42654E+01   0.14399E+03
  172     3.3944  11.9277  -0.10845E+01  -0.14830E+00  -0.72435E-01   0.42584E+01   0.14280E+03
  173     3.4326  11.9524  -0.10964E+01  -0.15050E+00  -0.74631E-01   0.42515E+01   0.14159E+03
  174     3.4712  11.9768  -0.11083E+01  -0.15271E+00  -0.76846E-01   0.42448E+01   0.14039E+03
  175     3.5100  12.0009  -0.11204E+01  -0.15495E+00  -0.79085E-01   0.42383E+01   0.13915E+03
  176     3.5492  12.0246  -0.11325E+01  -0.15721E+00  -0.81343E-01   0.42320E+01   0.13791E+03
  177     3.5888  12.0481  -0.11447E+01  -0.15949E+00  -0.83626E-01   0.42258E+01   0.13666E+03
  178     3.6287  12.0713  -0.11569E+01  -0.16180E+00  -0.85931E-01   0.42198E+01   0.13538E+03
  179     3.6689  12.0942  -0.11693E+01  -0.16413E+00  -0.88260E-01   0.42139E+01   0.13410E+03
  180     3.7095  12.1169  -0.11817E+01  -0.16648E+00  -0.90618E-01   0.42083E+01   0.13281E+03
  181     3.7505  12.1392  -0.11942E+01  -0.16886E+00  -0.92994E-01   0.42027E+01   0.13151E+03
  182     3.7918  12.1612  -0.12068E+01  -0.17126E+00  -0.95395E-01   0.41973E+01   0.13020E+03
  183     3.8334  12.1830  -0.12194E+01  -0.17369E+00  -0.97821E-01   0.41921E+01   0.12888E+03
  184     3.8754  12.2045  -0.12322E+01  -0.17614E+00  -0.10027E+00   0.41870E+01   0.12755E+03
  185     3.9178  12.2257  -0.12450E+01  -0.17861E+00  -0.10274E+00   0.41820E+01   0.12619E+03
  186     3.9606  12.2467  -0.12579E+01  -0.18111E+00  -0.10524E+00   0.41771E+01   0.12482E+03
  187     4.0037  12.2674  -0.12709E+01  -0.18363E+00  -0.10776E+00   0.41724E+01   0.12343E+03
  188     4.0472  12.2878  -0.12839E+01  -0.18618E+00  -0.11031E+00   0.41679E+01   0.12205E+03
  189     4.0911  12.3080  -0.12971E+01  -0.18875E+00  -0.11289E+00   0.41634E+01   0.12066E+03
  190     4.1353  12.3279  -0.13103E+01  -0.19135E+00  -0.11548E+00   0.41591E+01   0.11927E+03
  191     4.1800  12.3476  -0.13236E+01  -0.19397E+00  -0.11810E+00   0.41549E+01   0.11786E+03
  192     4.2250  12.3670  -0.13370E+01  -0.19661E+00  -0.12074E+00   0.41508E+01   0.11646E+03
  193     4.2705  12.3862  -0.13504E+01  -0.19928E+00  -0.12341E+00   0.41468E+01   0.11504E+03
  194     4.3163  12.4051  -0.13640E+01  -0.20197E+00  -0.12611E+00   0.41429E+01   0.11361E+03
  195     4.3625  12.4238  -0.13776E+01  -0.20470E+00  -0.12883E+00   0.41391E+01   0.11219E+03
  196     4.4091  12.4423  -0.13913E+01  -0.20744E+00  -0.13158E+00   0.41355E+01   0.11077E+03
  197     4.4561  12.4605  -0.14051E+01  -0.21021E+00  -0.13435E+00   0.41319E+01   0.10935E+03
  198     4.5036  12.4785  -0.14189E+01  -0.21301E+00  -0.13715E+00   0.41285E+01   0.10791E+03
  199     4.5514  12.4962  -0.14329E+01  -0.21584E+00  -0.13997E+00   0.41251E+01   0.10647E+03
  200     4.5997  12.5138  -0.14469E+01  -0.21869E+00  -0.14283E+00   0.41218E+01   0.10502E+03
  201     4.6484  12.5311  -0.14610E+01  -0.22157E+00  -0.14570E+00   0.41187E+01   0.10358E+03
  202     4.6975  12.5482  -0.14752E+01  -0.22447E+00  -0.14860E+00   0.41156E+01   0.10214E+03
  203     4.7470  12.5650  -0.14895E+01  -0.22740E+00  -0.15153E+00   0.41125E+01   0.10070E+03
  204     4.7970  12.5817  -0.15039E+01  -0.23035E+00  -0.15449E+00   0.41096E+01   0.99263E+02
  205     4.8474  12.5981  -0.15183E+01  -0.23334E+00  -0.15747E+00   0.41068E+01   0.97828E+02
  206     4.8982  12.6144  -0.15329E+01  -0.23635E+00  -0.16048E+00   0.41040E+01   0.96390E+02
  207     4.9495  12.6304  -0.15475E+01  -0.23938E+00  -0.16352E+00   0.41013E+01   0.94955E+02
  208     5.0012  12.6462  -0.15622E+01  -0.24245E+00  -0.16658E+00   0.40987E+01   0.93518E+02
  209     5.0534  12.6619  -0.15770E+01  -0.24555E+00  -0.16968E+00   0.40962E+01   0.92093E+02
  210     5.1060  12.6773  -0.15919E+01  -0.24867E+00  -0.17280E+00   0.40937E+01   0.90662E+02
  211     5.1591  12.6925  -0.16068E+01  -0.25181E+00  -0.17595E+00   0.40913E+01   0.89226E+02
  212     5.2126  12.7076  -0.16219E+01  -0.25499E+00  -0.17912E+00   0.40890E+01   0.87799E+02
  213     5.2667  12.7224  -0.16370E+01  -0.25819E+00  -0.18233E+00   0.40867E+01   0.86381E+02
  214     5.3211  12.7371  -0.16522E+01  -0.26142E+00  -0.18556E+00   0.40845E+01   0.84978E+02
  215     5.3761  12.7515  -0.16675E+01  -0.26468E+00  -0.18881E+00   0.40824E+01   0.83571E+02
  216     5.4315  12.7658  -0.16829E+01  -0.26797E+00  -0.19210E+00   0.40803E+01   0.82174E+02
  217     5.4874  12.7799  -0.16984E+01  -0.27128E+00  -0.19542E+00   0.40783E+01   0.80774E+02
  218     5.5438  12.7938  -0.17140E+01  -0.27463E+00  -0.19876E+00   0.40763E+01   0.79422E+02
  219     5.6007  12.8076  -0.17297E+01  -0.27800E+00  -0.20214E+00   0.40744E+01   0.77796E+02
  220     5.6581  12.8211  -0.17454E+01  -0.28140E+00  -0.20554E+00   0.40725E+01   0.76673E+02
  221     5.7160  12.8345  -0.17613E+01  -0.28484E+00  -0.20897E+00   0.40707E+01   0.75281E+02
  222     5.7744  12.8477  -0.17772E+01  -0.28830E+00  -0.21243E+00   0.40690E+01   0.73920E+02
  223     5.8333  12.8608  -0.17930E+01  -0.29172E+00  -0.21586E+00   0.40672E+01   0.72595E+02
  224     5.8927  12.8737  -0.18093E+01  -0.29528E+00  -0.21942E+00   0.40656E+01   0.71237E+02
  225     5.9526  12.8864  -0.18255E+01  -0.29885E+00  -0.22299E+00   0.40640E+01   0.69892E+02
  226     6.0131  12.8990  -0.18418E+01  -0.30243E+00  -0.22657E+00   0.40624E+01   0.68551E+02
  227     6.0740  12.9114  -0.18582E+01  -0.30604E+00  -0.23017E+00   0.40609E+01   0.67455E+02
  228     6.1355  12.9236  -0.18747E+01  -0.30967E+00  -0.23381E+00   0.40594E+01   0.65948E+02
  229     6.1976  12.9357  -0.18913E+01  -0.31334E+00  -0.23747E+00   0.40579E+01   0.64681E+02
  230     6.2602  12.9476  -0.19079E+01  -0.31704E+00  -0.24117E+00   0.40565E+01   0.63408E+02
  231     6.3233  12.9594  -0.19247E+01  -0.32077E+00  -0.24490E+00   0.40552E+01   0.62154E+02
  232     6.3869  12.9710  -0.19415E+01  -0.32452E+00  -0.24866E+00   0.40538E+01   0.60900E+02
  233     6.4512  12.9825  -0.19585E+01  -0.32831E+00  -0.25245E+00   0.40525E+01   0.59660E+02
  234     6.5159  12.9938  -0.19755E+01  -0.33213E+00  -0.25627E+00   0.40513E+01   0.58435E+02
  235     6.5813  13.0050  -0.19926E+01  -0.33599E+00  -0.26012E+00   0.40501E+01   0.57222E+02
  236     6.6472  13.0160  -0.20099E+01  -0.33987E+00  -0.26400E+00   0.40489E+01   0.56008E+02
  237     6.7137  13.0269  -0.20272E+01  -0.34378E+00  -0.26792E+00   0.40477E+01   0.54822E+02
  238     6.7807  13.0377  -0.20446E+01  -0.34772E+00  -0.27186E+00   0.40466E+01   0.53639E+02
  239     6.8484  13.0483  -0.20621E+01  -0.35170E+00  -0.27584E+00   0.40455E+01   0.52473E+02
  240     6.9166  13.0588  -0.20797E+01  -0.35571E+00  -0.27984E+00   0.40444E+01   0.51326E+02
  241     6.9854  13.0691  -0.20974E+01  -0.35974E+00  -0.28388E+00   0.40434E+01   0.50188E+02
  242     7.0549  13.0794  -0.21152E+01  -0.36381E+00  -0.28795E+00   0.40424E+01   0.49067E+02
  243     7.1249  13.0894  -0.21331E+01  -0.36792E+00  -0.29205E+00   0.40414E+01   0.47960E+02
  244     7.1955  13.0994  -0.21511E+01  -0.37205E+00  -0.29618E+00   0.40404E+01   0.46870E+02
  245     7.2668  13.1092  -0.21692E+01  -0.37622E+00  -0.30035E+00   0.40395E+01   0.45785E+02
  246     7.3387  13.1189  -0.21874E+01  -0.38042E+00  -0.30455E+00   0.40386E+01   0.44717E+02
  247     7.4112  13.1285  -0.22057E+01  -0.38465E+00  -0.30879E+00   0.40377E+01   0.43679E+02
  248     7.4843  13.1380  -0.22241E+01  -0.38891E+00  -0.31305E+00   0.40368E+01   0.42631E+02
  249     7.5580  13.1473  -0.22426E+01  -0.39321E+00  -0.31735E+00   0.40360E+01   0.41609E+02
  250     7.6324  13.1565  -0.22612E+01  -0.39754E+00  -0.32168E+00   0.40352E+01   0.40603E+02
  251     7.7075  13.1656  -0.22799E+01  -0.40191E+00  -0.32604E+00   0.40344E+01   0.39615E+02
  252     7.7832  13.1746  -0.22986E+01  -0.40630E+00  -0.33044E+00   0.40336E+01   0.38637E+02
  253     7.8596  13.1834  -0.23175E+01  -0.41073E+00  -0.33487E+00   0.40328E+01   0.37683E+02
  254     7.9366  13.1922  -0.23365E+01  -0.41520E+00  -0.33933E+00   0.40321E+01   0.36721E+02
  255     8.0143  13.2008  -0.23556E+01  -0.41970E+00  -0.34383E+00   0.40314E+01   0.35801E+02
  256     8.0926  13.2093  -0.23748E+01  -0.42423E+00  -0.34836E+00   0.40307E+01   0.34885E+02
  257     8.1717  13.2178  -0.23941E+01  -0.42879E+00  -0.35292E+00   0.40300E+01   0.33981E+02
  258     8.2514  13.2261  -0.24135E+01  -0.43339E+00  -0.35752E+00   0.40293E+01   0.33095E+02
  259     8.3319  13.2343  -0.24330E+01  -0.43802E+00  -0.36216E+00   0.40287E+01   0.32231E+02
  260     8.4130  13.2424  -0.24526E+01  -0.44269E+00  -0.36683E+00   0.40281E+01   0.31374E+02
  261     8.4948  13.2503  -0.24724E+01  -0.44740E+00  -0.37153E+00   0.40275E+01   0.30534E+02
  262     8.5774  13.2582  -0.24922E+01  -0.45214E+00  -0.37627E+00   0.40269E+01   0.29709E+02
  263     8.6606  13.2660  -0.25121E+01  -0.45691E+00  -0.38104E+00   0.40263E+01   0.28898E+02
  264     8.7446  13.2737  -0.25321E+01  -0.46171E+00  -0.38585E+00   0.40257E+01   0.28101E+02
  265     8.8293  13.2813  -0.25523E+01  -0.46656E+00  -0.39070E+00   0.40252E+01   0.27317E+02
  266     8.9148  13.2888  -0.25725E+01  -0.47144E+00  -0.39557E+00   0.40246E+01   0.26554E+02
  267     9.0010  13.2962  -0.25929E+01  -0.47635E+00  -0.40048E+00   0.40241E+01   0.25810E+02
  268     9.0879  13.3035  -0.26133E+01  -0.48130E+00  -0.40543E+00   0.40236E+01   0.25071E+02
  269     9.1756  13.3107  -0.26339E+01  -0.48628E+00  -0.41042E+00   0.40231E+01   0.24349E+02
  270     9.2641  13.3178  -0.26546E+01  -0.49131E+00  -0.41544E+00   0.40226E+01   0.23650E+02
  271     9.3534  13.3248  -0.26754E+01  -0.49636E+00  -0.42050E+00   0.40221E+01   0.22956E+02
  272     9.4434  13.3317  -0.26963E+01  -0.50146E+00  -0.42559E+00   0.40217E+01   0.22280E+02
  273     9.5342  13.3386  -0.27173E+01  -0.50659E+00  -0.43073E+00   0.40212E+01   0.21616E+02
  274     9.6257  13.3453  -0.27384E+01  -0.51176E+00  -0.43589E+00   0.40208E+01   0.20968E+02
  275     9.7181  13.3520  -0.27596E+01  -0.51696E+00  -0.44110E+00   0.40203E+01   0.20332E+02
  276     9.8113  13.3586  -0.27810E+01  -0.52220E+00  -0.44634E+00   0.40199E+01   0.19711E+02
  277     9.9053  13.3651  -0.28024E+01  -0.52748E+00  -0.45161E+00   0.40195E+01   0.19109E+02
  278    10.0001  13.3715  -0.28240E+01  -0.53279E+00  -0.45693E+00   0.40191E+01   0.18516E+02
  279    10.0957  13.3778  -0.28457E+01  -0.53814E+00  -0.46228E+00   0.40187E+01   0.17939E+02
  280    10.1922  13.3841  -0.28675E+01  -0.54354E+00  -0.46767E+00   0.40183E+01   0.17377E+02
  281    10.2895  13.3902  -0.28894E+01  -0.54897E+00  -0.47310E+00   0.40180E+01   0.16822E+02
  282    10.3877  13.3963  -0.29114E+01  -0.55443E+00  -0.47857E+00   0.40176E+01   0.16286E+02
  283    10.4867  13.4023  -0.29335E+01  -0.55994E+00  -0.48407E+00   0.40172E+01   0.15760E+02
  284    10.5865  13.4083  -0.29558E+01  -0.56548E+00  -0.48962E+00   0.40169E+01   0.15245E+02
  285    10.6873  13.4141  -0.29782E+01  -0.57106E+00  -0.49520E+00   0.40166E+01   0.14746E+02
  286    10.7889  13.4199  -0.30006E+01  -0.57669E+00  -0.50082E+00   0.40162E+01   0.14256E+02
  287    10.8914  13.4256  -0.30232E+01  -0.58234E+00  -0.50648E+00   0.40159E+01   0.13782E+02
  288    10.9947  13.4312  -0.30460E+01  -0.58804E+00  -0.51218E+00   0.40156E+01   0.13322E+02
  289    11.0990  13.4368  -0.30688E+01  -0.59378E+00  -0.51791E+00   0.40153E+01   0.12868E+02
  290    11.2042  13.4423  -0.30918E+01  -0.59956E+00  -0.52369E+00   0.40150E+01   0.12430E+02
  291    11.3103  13.4477  -0.31148E+01  -0.60538E+00  -0.52951E+00   0.40147E+01   0.12001E+02
  292    11.4173  13.4530  -0.31380E+01  -0.61122E+00  -0.53536E+00   0.40144E+01   0.11587E+02
  293    11.5253  13.4583  -0.31613E+01  -0.61712E+00  -0.54126E+00   0.40141E+01   0.11182E+02
  294    11.6342  13.4635  -0.31848E+01  -0.62306E+00  -0.54719E+00   0.40139E+01   0.10787E+02
  295    11.7440  13.4687  -0.32083E+01  -0.62904E+00  -0.55317E+00   0.40136E+01   0.10407E+02
  296    11.8548  13.4738  -0.32320E+01  -0.63505E+00  -0.55919E+00   0.40133E+01   0.10035E+02
  297    11.9666  13.4788  -0.32558E+01  -0.64111E+00  -0.56525E+00   0.40131E+01   0.96727E+01
  298    12.0793  13.4837  -0.32797E+01  -0.64721E+00  -0.57135E+00   0.40128E+01   0.93205E+01
  299    12.1930  13.4886  -0.33038E+01  -0.65335E+00  -0.57749E+00   0.40126E+01   0.89822E+01
  300    12.3077  13.4934  -0.33280E+01  -0.65953E+00  -0.58367E+00   0.40124E+01   0.86467E+01
  301    12.4234  13.4982  -0.33522E+01  -0.66575E+00  -0.58989E+00   0.40121E+01   0.83286E+01
  302    12.5401  13.5029  -0.33767E+01  -0.67202E+00  -0.59616E+00   0.40119E+01   0.80175E+01
  303    12.6578  13.5075  -0.34012E+01  -0.67832E+00  -0.60246E+00   0.40117E+01   0.77151E+01
  304    12.7766  13.5121  -0.34259E+01  -0.68468E+00  -0.60882E+00   0.40115E+01   0.74206E+01
  305    12.8963  13.5166  -0.34507E+01  -0.69107E+00  -0.61521E+00   0.40112E+01   0.71379E+01
  306    13.0172  13.5211  -0.34756E+01  -0.69751E+00  -0.62164E+00   0.40110E+01   0.68631E+01
  307    13.1390  13.5255  -0.35007E+01  -0.70398E+00  -0.62811E+00   0.40108E+01   0.65954E+01
  308    13.2619  13.5298  -0.35259E+01  -0.71050E+00  -0.63463E+00   0.40106E+01   0.63382E+01
  309    13.3859  13.5341  -0.35512E+01  -0.71706E+00  -0.64119E+00   0.40104E+01   0.60902E+01
  310    13.5110  13.5383  -0.35766E+01  -0.72366E+00  -0.64780E+00   0.40103E+01   0.58473E+01
  311    13.6372  13.5425  -0.36022E+01  -0.73032E+00  -0.65445E+00   0.40101E+01   0.56129E+01
  312    13.7644  13.5466  -0.36279E+01  -0.73701E+00  -0.66115E+00   0.40099E+01   0.53875E+01
  313    13.8928  13.5507  -0.36538E+01  -0.74375E+00  -0.66788E+00   0.40097E+01   0.51679E+01
  314    14.0223  13.5547  -0.36797E+01  -0.75053E+00  -0.67466E+00   0.40095E+01   0.49554E+01
  315    14.1529  13.5587  -0.37058E+01  -0.75735E+00  -0.68148E+00   0.40094E+01   0.47524E+01
  316    14.2846  13.5626  -0.37321E+01  -0.76422E+00  -0.68836E+00   0.40092E+01   0.45570E+01
  317    14.4175  13.5665  -0.37585E+01  -0.77114E+00  -0.69527E+00   0.40090E+01   0.43672E+01
  318    14.5515  13.5703  -0.37850E+01  -0.77809E+00  -0.70223E+00   0.40089E+01   0.41833E+01
  319    14.6867  13.5741  -0.38116E+01  -0.78511E+00  -0.70924E+00   0.40087E+01   0.40079E+01
  320    14.8231  13.5778  -0.38384E+01  -0.79215E+00  -0.71628E+00   0.40086E+01   0.38352E+01
  321    14.9607  13.5815  -0.38653E+01  -0.79925E+00  -0.72339E+00   0.40084E+01   0.36700E+01
  322    15.0994  13.5851  -0.38924E+01  -0.80639E+00  -0.73052E+00   0.40083E+01   0.35108E+01
  323    15.2394  13.5887  -0.39196E+01  -0.81358E+00  -0.73771E+00   0.40081E+01   0.33577E+01
  324    15.3806  13.5922  -0.39469E+01  -0.82082E+00  -0.74495E+00   0.40080E+01   0.32113E+01
  325    15.5230  13.5957  -0.39744E+01  -0.82810E+00  -0.75223E+00   0.40079E+01   0.30689E+01
  326    15.6666  13.5991  -0.40020E+01  -0.83542E+00  -0.75956E+00   0.40077E+01   0.29316E+01
  327    15.8115  13.6025  -0.40298E+01  -0.84281E+00  -0.76694E+00   0.40076E+01   0.28007E+01
  328    15.9577  13.6059  -0.40576E+01  -0.85019E+00  -0.77433E+00   0.40075E+01   0.26752E+01
  329    16.1051  13.6092  -0.40857E+01  -0.85769E+00  -0.78182E+00   0.40073E+01   0.25529E+01
  330    16.2538  13.6124  -0.41139E+01  -0.86520E+00  -0.78934E+00   0.40072E+01   0.24375E+01
  331    16.4038  13.6157  -0.41423E+01  -0.87278E+00  -0.79692E+00   0.40071E+01   0.23242E+01
  332    16.5551  13.6188  -0.41707E+01  -0.88039E+00  -0.80453E+00   0.40070E+01   0.22167E+01
  333    16.7078  13.6220  -0.41993E+01  -0.88805E+00  -0.81218E+00   0.40069E+01   0.21123E+01
  334    16.8617  13.6251  -0.42281E+01  -0.89576E+00  -0.81990E+00   0.40068E+01   0.20130E+01
  335    17.0170  13.6281  -0.42570E+01  -0.90352E+00  -0.82765E+00   0.40066E+01   0.19181E+01
  336    17.1736  13.6312  -0.42861E+01  -0.91133E+00  -0.83546E+00   0.40065E+01   0.18266E+01
  337    17.3316  13.6342  -0.43153E+01  -0.91920E+00  -0.84333E+00   0.40064E+01   0.17390E+01
  338    17.4910  13.6371  -0.43446E+01  -0.92710E+00  -0.85123E+00   0.40063E+01   0.16554E+01
  339    17.6518  13.6400  -0.43742E+01  -0.93507E+00  -0.85920E+00   0.40062E+01   0.15743E+01
  340    17.8139  13.6429  -0.44038E+01  -0.94306E+00  -0.86720E+00   0.40061E+01   0.14974E+01
  341    17.9775  13.6457  -0.44336E+01  -0.95113E+00  -0.87526E+00   0.40060E+01   0.14231E+01
  342    18.1425  13.6485  -0.44636E+01  -0.95923E+00  -0.88337E+00   0.40059E+01   0.13533E+01
  343    18.3089  13.6513  -0.44937E+01  -0.96740E+00  -0.89153E+00   0.40058E+01   0.12851E+01
  344    18.4768  13.6540  -0.45240E+01  -0.97561E+00  -0.89974E+00   0.40057E+01   0.12208E+01
  345    18.6461  13.6567  -0.45544E+01  -0.98388E+00  -0.90801E+00   0.40057E+01   0.11583E+01
  346    18.8169  13.6593  -0.45851E+01  -0.99221E+00  -0.91635E+00   0.40056E+01   0.10998E+01
  347    18.9892  13.6619  -0.46157E+01  -0.10005E+01  -0.92468E+00   0.40055E+01   0.10430E+01
  348    19.1630  13.6645  -0.46466E+01  -0.10090E+01  -0.93311E+00   0.40054E+01   0.98915E+00
  349    19.3383  13.6671  -0.46777E+01  -0.10175E+01  -0.94159E+00   0.40053E+01   0.93808E+00
  350    19.5151  13.6696  -0.47089E+01  -0.10260E+01  -0.95012E+00   0.40052E+01   0.88873E+00
  351    19.6934  13.6721  -0.47402E+01  -0.10345E+01  -0.95868E+00   0.40052E+01   0.84177E+00
  352    19.8734  13.6745  -0.47718E+01  -0.10432E+01  -0.96731E+00   0.40051E+01   0.79729E+00
  353    20.0548  13.6770  -0.48035E+01  -0.10519E+01  -0.97600E+00   0.40050E+01   0.75465E+00
  354    20.2379  13.6794  -0.48353E+01  -0.10606E+01  -0.98473E+00   0.40049E+01   0.71406E+00
  355    20.4225  13.6817  -0.48674E+01  -0.10694E+01  -0.99355E+00   0.40048E+01   0.67552E+00
  356    20.6088  13.6840  -0.48995E+01  -0.10782E+01  -0.10024E+01   0.40048E+01   0.63856E+00
  357    20.7966  13.6863  -0.49320E+01  -0.10872E+01  -0.10113E+01   0.40047E+01   0.60326E+00
  358    20.9861  13.6886  -0.49644E+01  -0.10961E+01  -0.10202E+01   0.40046E+01   0.57022E+00
  359    21.1773  13.6909  -0.49970E+01  -0.11051E+01  -0.10292E+01   0.40046E+01   0.53825E+00
  360    21.3701  13.6931  -0.50299E+01  -0.11142E+01  -0.10383E+01   0.40045E+01   0.50871E+00
  361    21.5646  13.6953  -0.50629E+01  -0.11233E+01  -0.10474E+01   0.40044E+01   0.47979E+00
  362    21.7607  13.6974  -0.50962E+01  -0.11326E+01  -0.10567E+01   0.40000E+01   0.45229E+00
  363    21.9586  13.6995  -0.51294E+01  -0.11418E+01  -0.10659E+01   0.40000E+01   0.42661E+00
  364    22.1582  13.7016  -0.51629E+01  -0.11511E+01  -0.10752E+01   0.40000E+01   0.40226E+00
  365    22.3596  13.7037  -0.51965E+01  -0.11604E+01  -0.10845E+01   0.40000E+01   0.37907E+00
  366    22.5626  13.7058  -0.52305E+01  -0.11698E+01  -0.10940E+01   0.40000E+01   0.35695E+00
  367    22.7675  13.7078  -0.52645E+01  -0.11793E+01  -0.11034E+01   0.40000E+01   0.33605E+00
  368    22.9741  13.7098  -0.52987E+01  -0.11888E+01  -0.11129E+01   0.40000E+01   0.31623E+00
  369    23.1825  13.7117  -0.53330E+01  -0.11984E+01  -0.11225E+01   0.40000E+01   0.29765E+00
  370    23.3928  13.7137  -0.53675E+01  -0.12080E+01  -0.11321E+01   0.40000E+01   0.27985E+00
  371    23.6049  13.7156  -0.54023E+01  -0.12177E+01  -0.11419E+01   0.40000E+01   0.26311E+00
  372    23.8188  13.7175  -0.54372E+01  -0.12275E+01  -0.11516E+01   0.40000E+01   0.24723E+00
  373    24.0345  13.7194  -0.54723E+01  -0.12373E+01  -0.11614E+01   0.40000E+01   0.23200E+00
  374    24.2522  13.7212  -0.55075E+01  -0.12471E+01  -0.11713E+01   0.40000E+01   0.21789E+00
  375    24.4717  13.7230  -0.55429E+01  -0.12571E+01  -0.11812E+01   0.40000E+01   0.20453E+00
  376    24.6932  13.7248  -0.55786E+01  -0.12671E+01  -0.11912E+01   0.40000E+01   0.19181E+00
  377    24.9166  13.7266  -0.56143E+01  -0.12771E+01  -0.12012E+01   0.40000E+01   0.17983E+00
  378    25.1419  13.7284  -0.56503E+01  -0.12872E+01  -0.12114E+01   0.40000E+01   0.16858E+00
  379    25.3691  13.7301  -0.56864E+01  -0.12974E+01  -0.12215E+01   0.40000E+01   0.15804E+00
  380    25.5984  13.7318  -0.57228E+01  -0.13076E+01  -0.12318E+01   0.40000E+01   0.14789E+00
  381    25.8296  13.7335  -0.57593E+01  -0.13179E+01  -0.12421E+01   0.40000E+01   0.13833E+00
  382    26.0629  13.7351  -0.57960E+01  -0.13283E+01  -0.12524E+01   0.40000E+01   0.12949E+00
  383    26.2982  13.7368  -0.58329E+01  -0.13387E+01  -0.12628E+01   0.40000E+01   0.12104E+00
  384    26.5355  13.7384  -0.58699E+01  -0.13491E+01  -0.12733E+01   0.40000E+01   0.11322E+00
  385    26.7749  13.7400  -0.59072E+01  -0.13597E+01  -0.12838E+01   0.40000E+01   0.10578E+00
  386    27.0164  13.7416  -0.59446E+01  -0.13703E+01  -0.12944E+01   0.40000E+01   0.98757E-01
  387    27.2599  13.7431  -0.59823E+01  -0.13810E+01  -0.13051E+01   0.40000E+01   0.92268E-01
  388    27.5056  13.7447  -0.60201E+01  -0.13917E+01  -0.13158E+01   0.40000E+01   0.86086E-01
  389    27.7534  13.7462  -0.60580E+01  -0.14025E+01  -0.13266E+01   0.40000E+01   0.80261E-01
  390    28.0034  13.7477  -0.60962E+01  -0.14133E+01  -0.13374E+01   0.40000E+01   0.74867E-01
  391    28.2556  13.7492  -0.61346E+01  -0.14242E+01  -0.13484E+01   0.40000E+01   0.69785E-01
  392    28.5099  13.7506  -0.61732E+01  -0.14352E+01  -0.13593E+01   0.40000E+01   0.65013E-01
  393    28.7665  13.7521  -0.62119E+01  -0.14462E+01  -0.13704E+01   0.40000E+01   0.60524E-01
  394    29.0253  13.7535  -0.62508E+01  -0.14573E+01  -0.13815E+01   0.40000E+01   0.56352E-01
  395    29.2863  13.7549  -0.62900E+01  -0.14685E+01  -0.13926E+01   0.40000E+01   0.52471E-01
  396    29.5496  13.7563  -0.63293E+01  -0.14797E+01  -0.14039E+01   0.40000E+01   0.48744E-01
  397    29.8152  13.7577  -0.63689E+01  -0.14910E+01  -0.14152E+01   0.40000E+01   0.45292E-01
  398    30.0831  13.7590  -0.64086E+01  -0.15024E+01  -0.14265E+01   0.40000E+01   0.42092E-01
  399    30.3534  13.7604  -0.64484E+01  -0.15138E+01  -0.14379E+01   0.40000E+01   0.39086E-01
  400    30.6259  13.7617  -0.64887E+01  -0.15253E+01  -0.14494E+01   0.40000E+01   0.36264E-01
