    1     0.0001   0.0014  -0.15259E-04   0.41418E-06   0.73907E-01   0.92758E+01   0.51118E+02
    2     0.0088   0.1221  -0.16670E-02  -0.50351E-04   0.73856E-01   0.92217E+01   0.65553E+02
    3     0.0176   0.2423  -0.34853E-02  -0.13649E-03   0.73770E-01   0.91688E+01   0.69266E+02
    4     0.0264   0.3621  -0.53813E-02  -0.23449E-03   0.73672E-01   0.91163E+01   0.71802E+02
    5     0.0353   0.4814  -0.73598E-02  -0.34587E-03   0.73561E-01   0.90644E+01   0.74263E+02
    6     0.0443   0.6003  -0.93944E-02  -0.46330E-03   0.73443E-01   0.90129E+01   0.76364E+02
    7     0.0534   0.7188  -0.11482E-01  -0.58664E-03   0.73320E-01   0.89616E+01   0.78257E+02
    8     0.0626   0.8368  -0.13621E-01  -0.71525E-03   0.73191E-01   0.89107E+01   0.80063E+02
    9     0.0718   0.9543  -0.15810E-01  -0.84878E-03   0.73058E-01   0.88600E+01   0.81832E+02
   10     0.0811   1.0713  -0.18046E-01  -0.98707E-03   0.72919E-01   0.88096E+01   0.83525E+02
   11     0.0905   1.1879  -0.20329E-01  -0.11297E-02   0.72777E-01   0.87594E+01   0.85195E+02
   12     0.1000   1.3039  -0.22658E-01  -0.12761E-02   0.72630E-01   0.87096E+01   0.86802E+02
   13     0.1096   1.4195  -0.25033E-01  -0.14267E-02   0.72480E-01   0.86599E+01   0.88413E+02
   14     0.1192   1.5346  -0.27461E-01  -0.15835E-02   0.72323E-01   0.86106E+01   0.90039E+02
   15     0.1290   1.6491  -0.29924E-01  -0.17419E-02   0.72165E-01   0.85615E+01   0.91592E+02
   16     0.1388   1.7632  -0.32432E-01  -0.19047E-02   0.72002E-01   0.85126E+01   0.93170E+02
   17     0.1487   1.8767  -0.34986E-01  -0.20720E-02   0.71834E-01   0.84639E+01   0.94709E+02
   18     0.1587   1.9897  -0.37584E-01  -0.22431E-02   0.71663E-01   0.84155E+01   0.96276E+02
   19     0.1687   2.1021  -0.40228E-01  -0.24190E-02   0.71487E-01   0.83673E+01   0.97829E+02
   20     0.1789   2.2140  -0.42916E-01  -0.25993E-02   0.71307E-01   0.83194E+01   0.99361E+02
   21     0.1891   2.3254  -0.45650E-01  -0.27845E-02   0.71122E-01   0.82717E+01   0.10092E+03
   22     0.1995   2.4362  -0.48428E-01  -0.29743E-02   0.70932E-01   0.82242E+01   0.10245E+03
   23     0.2099   2.5465  -0.51252E-01  -0.31686E-02   0.70738E-01   0.81770E+01   0.10399E+03
   24     0.2204   2.6562  -0.54121E-01  -0.33678E-02   0.70539E-01   0.81300E+01   0.10553E+03
   25     0.2310   2.7653  -0.57036E-01  -0.35724E-02   0.70334E-01   0.80832E+01   0.10707E+03
   26     0.2417   2.8738  -0.59997E-01  -0.37823E-02   0.70124E-01   0.80367E+01   0.10862E+03
   27     0.2525   2.9818  -0.63004E-01  -0.39976E-02   0.69909E-01   0.79904E+01   0.11016E+03
   28     0.2634   3.0892  -0.66057E-01  -0.42180E-02   0.69688E-01   0.79444E+01   0.11171E+03
   29     0.2744   3.1959  -0.69157E-01  -0.44440E-02   0.69462E-01   0.78986E+01   0.11326E+03
   30     0.2855   3.3021  -0.72303E-01  -0.46758E-02   0.69231E-01   0.78530E+01   0.11482E+03
   31     0.2967   3.4077  -0.75496E-01  -0.49134E-02   0.68993E-01   0.78077E+01   0.11636E+03
   32     0.3079   3.5127  -0.78738E-01  -0.51571E-02   0.68749E-01   0.77626E+01   0.11792E+03
   33     0.3193   3.6170  -0.82009E-01  -0.54020E-02   0.68504E-01   0.77178E+01   0.11949E+03
   34     0.3308   3.7207  -0.85346E-01  -0.56580E-02   0.68248E-01   0.76732E+01   0.12105E+03
   35     0.3423   3.8238  -0.88731E-01  -0.59206E-02   0.67986E-01   0.76289E+01   0.12259E+03
   36     0.3540   3.9263  -0.92165E-01  -0.61898E-02   0.67717E-01   0.75848E+01   0.12416E+03
   37     0.3658   4.0281  -0.95646E-01  -0.64652E-02   0.67441E-01   0.75411E+01   0.12572E+03
   38     0.3777   4.1293  -0.99177E-01  -0.67476E-02   0.67159E-01   0.74975E+01   0.12729E+03
   39     0.3896   4.2299  -0.10276E+00  -0.70379E-02   0.66869E-01   0.74542E+01   0.12885E+03
   40     0.4017   4.3298  -0.10639E+00  -0.73356E-02   0.66571E-01   0.74112E+01   0.13042E+03
   41     0.4139   4.4291  -0.11008E+00  -0.76409E-02   0.66266E-01   0.73685E+01   0.13199E+03
   42     0.4262   4.5276  -0.11381E+00  -0.79534E-02   0.65953E-01   0.73260E+01   0.13356E+03
   43     0.4386   4.6256  -0.11759E+00  -0.82725E-02   0.65634E-01   0.72837E+01   0.13512E+03
   44     0.4511   4.7229  -0.12142E+00  -0.85988E-02   0.65308E-01   0.72417E+01   0.13668E+03
   45     0.4637   4.8195  -0.12530E+00  -0.89323E-02   0.64974E-01   0.72000E+01   0.13825E+03
   46     0.4764   4.9154  -0.12923E+00  -0.92745E-02   0.64632E-01   0.71585E+01   0.13981E+03
   47     0.4893   5.0106  -0.13322E+00  -0.96256E-02   0.64281E-01   0.71173E+01   0.14137E+03
   48     0.5022   5.1052  -0.13726E+00  -0.99849E-02   0.63922E-01   0.70763E+01   0.14293E+03
   49     0.5153   5.1991  -0.14135E+00  -0.10353E-01   0.63554E-01   0.70357E+01   0.14447E+03
   50     0.5285   5.2923  -0.14549E+00  -0.10729E-01   0.63178E-01   0.69953E+01   0.14604E+03
   51     0.5417   5.3849  -0.14968E+00  -0.11114E-01   0.62793E-01   0.69552E+01   0.14757E+03
   52     0.5552   5.4767  -0.15393E+00  -0.11507E-01   0.62399E-01   0.69153E+01   0.14911E+03
   53     0.5687   5.5679  -0.15823E+00  -0.11909E-01   0.61997E-01   0.68758E+01   0.15066E+03
   54     0.5823   5.6583  -0.16259E+00  -0.12321E-01   0.61585E-01   0.68365E+01   0.15218E+03
   55     0.5961   5.7481  -0.16700E+00  -0.12742E-01   0.61165E-01   0.67975E+01   0.15370E+03
   56     0.6099   5.8371  -0.17146E+00  -0.13171E-01   0.60735E-01   0.67587E+01   0.15522E+03
   57     0.6239   5.9255  -0.17598E+00  -0.13611E-01   0.60295E-01   0.67203E+01   0.15673E+03
   58     0.6381   6.0132  -0.18055E+00  -0.14060E-01   0.59846E-01   0.66821E+01   0.15825E+03
   59     0.6523   6.1001  -0.18518E+00  -0.14518E-01   0.59388E-01   0.66442E+01   0.15976E+03
   60     0.6667   6.1864  -0.18986E+00  -0.14987E-01   0.58920E-01   0.66065E+01   0.16125E+03
   61     0.6812   6.2719  -0.19459E+00  -0.15465E-01   0.58442E-01   0.65692E+01   0.16273E+03
   62     0.6958   6.3568  -0.19938E+00  -0.15952E-01   0.57954E-01   0.65321E+01   0.16419E+03
   63     0.7105   6.4409  -0.20423E+00  -0.16450E-01   0.57456E-01   0.64954E+01   0.16567E+03
   64     0.7254   6.5244  -0.20913E+00  -0.16959E-01   0.56948E-01   0.64588E+01   0.16710E+03
   65     0.7404   6.6071  -0.21409E+00  -0.17477E-01   0.56430E-01   0.64226E+01   0.16854E+03
   66     0.7555   6.6891  -0.21911E+00  -0.18006E-01   0.55901E-01   0.63867E+01   0.16997E+03
   67     0.7708   6.7704  -0.22418E+00  -0.18545E-01   0.55361E-01   0.63511E+01   0.17138E+03
   68     0.7862   6.8511  -0.22931E+00  -0.19095E-01   0.54811E-01   0.63157E+01   0.17278E+03
   69     0.8017   6.9310  -0.23449E+00  -0.19656E-01   0.54251E-01   0.62806E+01   0.17417E+03
   70     0.8174   7.0102  -0.23973E+00  -0.20228E-01   0.53679E-01   0.62458E+01   0.17554E+03
   71     0.8332   7.0886  -0.24503E+00  -0.20810E-01   0.53096E-01   0.62113E+01   0.17690E+03
   72     0.8491   7.1664  -0.25039E+00  -0.21404E-01   0.52502E-01   0.61771E+01   0.17824E+03
   73     0.8652   7.2435  -0.25580E+00  -0.22009E-01   0.51897E-01   0.61432E+01   0.17958E+03
   74     0.8814   7.3199  -0.26128E+00  -0.22625E-01   0.51282E-01   0.61096E+01   0.18089E+03
   75     0.8977   7.3956  -0.26680E+00  -0.23252E-01   0.50654E-01   0.60762E+01   0.18218E+03
   76     0.9142   7.4705  -0.27239E+00  -0.23891E-01   0.50016E-01   0.60432E+01   0.18347E+03
   77     0.9309   7.5448  -0.27804E+00  -0.24540E-01   0.49366E-01   0.60104E+01   0.18474E+03
   78     0.9477   7.6184  -0.28374E+00  -0.25202E-01   0.48704E-01   0.59780E+01   0.18599E+03
   79     0.9646   7.6913  -0.28950E+00  -0.25875E-01   0.48032E-01   0.59458E+01   0.18722E+03
   80     0.9817   7.7635  -0.29532E+00  -0.26560E-01   0.47347E-01   0.59139E+01   0.18844E+03
   81     0.9989   7.8350  -0.30120E+00  -0.27256E-01   0.46650E-01   0.58823E+01   0.18965E+03
   82     1.0163   7.9058  -0.30714E+00  -0.27965E-01   0.45942E-01   0.58511E+01   0.19083E+03
   83     1.0338   7.9759  -0.31314E+00  -0.28685E-01   0.45221E-01   0.58201E+01   0.19199E+03
   84     1.0515   8.0453  -0.31919E+00  -0.29418E-01   0.44488E-01   0.57894E+01   0.19313E+03
   85     1.0693   8.1141  -0.32531E+00  -0.30163E-01   0.43743E-01   0.57590E+01   0.19426E+03
   86     1.0873   8.1821  -0.33149E+00  -0.30922E-01   0.42985E-01   0.57289E+01   0.19536E+03
   87     1.1055   8.2495  -0.33773E+00  -0.31692E-01   0.42214E-01   0.56992E+01   0.19644E+03
   88     1.1238   8.3162  -0.34403E+00  -0.32476E-01   0.41430E-01   0.56697E+01   0.19749E+03
   89     1.1423   8.3823  -0.35040E+00  -0.33273E-01   0.40633E-01   0.56405E+01   0.19852E+03
   90     1.1609   8.4477  -0.35682E+00  -0.34083E-01   0.39823E-01   0.56117E+01   0.19954E+03
   91     1.1797   8.5124  -0.36331E+00  -0.34907E-01   0.38999E-01   0.55831E+01   0.20052E+03
   92     1.1986   8.5764  -0.36987E+00  -0.35744E-01   0.38162E-01   0.55549E+01   0.20147E+03
   93     1.2177   8.6398  -0.37648E+00  -0.36595E-01   0.37311E-01   0.55269E+01   0.20239E+03
   94     1.2370   8.7025  -0.38316E+00  -0.37460E-01   0.36447E-01   0.54993E+01   0.20330E+03
   95     1.2565   8.7646  -0.38990E+00  -0.38337E-01   0.35569E-01   0.54720E+01   0.20418E+03
   96     1.2761   8.8260  -0.39670E+00  -0.39230E-01   0.34677E-01   0.54449E+01   0.20501E+03
   97     1.2959   8.8868  -0.40357E+00  -0.40135E-01   0.33772E-01   0.54183E+01   0.20582E+03
   98     1.3158   8.9469  -0.41049E+00  -0.41054E-01   0.32853E-01   0.53918E+01   0.20660E+03
   99     1.3360   9.0065  -0.41748E+00  -0.41986E-01   0.31921E-01   0.53657E+01   0.20735E+03
  100     1.3563   9.0653  -0.42453E+00  -0.42932E-01   0.30975E-01   0.53399E+01   0.20805E+03
  101     1.3767   9.1236  -0.43164E+00  -0.43891E-01   0.30015E-01   0.53144E+01   0.20872E+03
  102     1.3974   9.1812  -0.43882E+00  -0.44864E-01   0.29042E-01   0.52892E+01   0.20935E+03
  103     1.4183   9.2382  -0.44605E+00  -0.45852E-01   0.28055E-01   0.52643E+01   0.20998E+03
  104     1.4393   9.2945  -0.45335E+00  -0.46853E-01   0.27054E-01   0.52397E+01   0.21057E+03
  105     1.4605   9.3503  -0.46071E+00  -0.47868E-01   0.26039E-01   0.52154E+01   0.21112E+03
  106     1.4819   9.4054  -0.46814E+00  -0.48897E-01   0.25010E-01   0.51914E+01   0.21165E+03
  107     1.5035   9.4600  -0.47563E+00  -0.49940E-01   0.23966E-01   0.51677E+01   0.21215E+03
  108     1.5252   9.5139  -0.48318E+00  -0.50997E-01   0.22910E-01   0.51445E+01   0.21261E+03
  109     1.5472   9.5673  -0.49079E+00  -0.52067E-01   0.21839E-01   0.51216E+01   0.21305E+03
  110     1.5693   9.6200  -0.49846E+00  -0.53152E-01   0.20754E-01   0.50989E+01   0.21346E+03
  111     1.5917   9.6722  -0.50620E+00  -0.54252E-01   0.19655E-01   0.50763E+01   0.21384E+03
  112     1.6142   9.7238  -0.51400E+00  -0.55370E-01   0.18537E-01   0.50540E+01   0.21418E+03
  113     1.6369   9.7748  -0.52188E+00  -0.56505E-01   0.17402E-01   0.50321E+01   0.21450E+03
  114     1.6598   9.8252  -0.52982E+00  -0.57654E-01   0.16253E-01   0.50105E+01   0.21478E+03
  115     1.6830   9.8751  -0.53782E+00  -0.58817E-01   0.15089E-01   0.49893E+01   0.21502E+03
  116     1.7063   9.9244  -0.54589E+00  -0.59996E-01   0.13910E-01   0.49684E+01   0.21523E+03
  117     1.7298   9.9731  -0.55403E+00  -0.61191E-01   0.12716E-01   0.49478E+01   0.21541E+03
  118     1.7536  10.0213  -0.56223E+00  -0.62401E-01   0.11505E-01   0.49275E+01   0.21556E+03
  119     1.7775  10.0689  -0.57050E+00  -0.63627E-01   0.10279E-01   0.49075E+01   0.21568E+03
  120     1.8016  10.1160  -0.57883E+00  -0.64869E-01   0.90371E-02   0.48878E+01   0.21574E+03
  121     1.8260  10.1626  -0.58723E+00  -0.66127E-01   0.77797E-02   0.48685E+01   0.21577E+03
  122     1.8506  10.2086  -0.59570E+00  -0.67401E-01   0.65058E-02   0.48494E+01   0.21576E+03
  123     1.8753  10.2541  -0.60423E+00  -0.68691E-01   0.52156E-02   0.48306E+01   0.21573E+03
  124     1.9003  10.2990  -0.61283E+00  -0.69997E-01   0.39091E-02   0.48121E+01   0.21564E+03
  125     1.9256  10.3434  -0.62150E+00  -0.71320E-01   0.25869E-02   0.47940E+01   0.21553E+03
  126     1.9510  10.3873  -0.63023E+00  -0.72658E-01   0.12482E-02   0.47761E+01   0.21537E+03
  127     1.9766  10.4307  -0.63903E+00  -0.74013E-01  -0.10651E-03   0.47585E+01   0.21520E+03
  128     2.0025  10.4736  -0.64789E+00  -0.75385E-01  -0.14781E-02   0.47412E+01   0.21499E+03
  129     2.0286  10.5160  -0.65682E+00  -0.76773E-01  -0.28662E-02   0.47242E+01   0.21473E+03
  130     2.0550  10.5579  -0.66582E+00  -0.78178E-01  -0.42713E-02   0.47075E+01   0.21445E+03
  131     2.0815  10.5993  -0.67489E+00  -0.79599E-01  -0.56930E-02   0.46911E+01   0.21413E+03
  132     2.1083  10.6402  -0.68402E+00  -0.81039E-01  -0.71322E-02   0.46750E+01   0.21378E+03
  133     2.1353  10.6806  -0.69322E+00  -0.82495E-01  -0.85888E-02   0.46592E+01   0.21340E+03
  134     2.1626  10.7205  -0.70250E+00  -0.83970E-01  -0.10064E-01   0.46436E+01   0.21297E+03
  135     2.1901  10.7600  -0.71184E+00  -0.85462E-01  -0.11556E-01   0.46284E+01   0.21251E+03
  136     2.2178  10.7990  -0.72125E+00  -0.86972E-01  -0.13066E-01   0.46135E+01   0.21200E+03
  137     2.2458  10.8375  -0.73073E+00  -0.88501E-01  -0.14594E-01   0.45988E+01   0.21146E+03
  138     2.2740  10.8756  -0.74028E+00  -0.90047E-01  -0.16140E-01   0.45844E+01   0.21090E+03
  139     2.3025  10.9132  -0.74991E+00  -0.91611E-01  -0.17705E-01   0.45703E+01   0.21029E+03
  140     2.3312  10.9504  -0.75959E+00  -0.93193E-01  -0.19287E-01   0.45565E+01   0.20966E+03
  141     2.3602  10.9871  -0.76935E+00  -0.94793E-01  -0.20887E-01   0.45429E+01   0.20899E+03
  142     2.3894  11.0234  -0.77918E+00  -0.96411E-01  -0.22505E-01   0.45296E+01   0.20827E+03
  143     2.4188  11.0592  -0.78907E+00  -0.98047E-01  -0.24140E-01   0.45166E+01   0.20753E+03
  144     2.4486  11.0946  -0.79903E+00  -0.99700E-01  -0.25794E-01   0.45039E+01   0.20674E+03
  145     2.4785  11.1296  -0.80907E+00  -0.10137E+00  -0.27467E-01   0.44914E+01   0.20594E+03
  146     2.5088  11.1641  -0.81917E+00  -0.10307E+00  -0.29159E-01   0.44791E+01   0.20510E+03
  147     2.5393  11.1982  -0.82934E+00  -0.10478E+00  -0.30870E-01   0.44672E+01   0.20423E+03
  148     2.5701  11.2320  -0.83959E+00  -0.10651E+00  -0.32600E-01   0.44555E+01   0.20334E+03
  149     2.6011  11.2653  -0.84991E+00  -0.10826E+00  -0.34349E-01   0.44440E+01   0.20242E+03
  150     2.6324  11.2982  -0.86029E+00  -0.11002E+00  -0.36118E-01   0.44328E+01   0.20147E+03
  151     2.6640  11.3306  -0.87075E+00  -0.11181E+00  -0.37907E-01   0.44218E+01   0.20048E+03
  152     2.6958  11.3627  -0.88129E+00  -0.11362E+00  -0.39715E-01   0.44111E+01   0.19947E+03
  153     2.7280  11.3944  -0.89189E+00  -0.11545E+00  -0.41543E-01   0.44006E+01   0.19842E+03
  154     2.7604  11.4258  -0.90257E+00  -0.11730E+00  -0.43393E-01   0.43904E+01   0.19733E+03
  155     2.7931  11.4567  -0.91332E+00  -0.11917E+00  -0.45262E-01   0.43804E+01   0.19622E+03
  156     2.8260  11.4872  -0.92415E+00  -0.12106E+00  -0.47152E-01   0.43706E+01   0.19509E+03
  157     2.8593  11.5174  -0.93505E+00  -0.12297E+00  -0.49062E-01   0.43611E+01   0.19391E+03
  158     2.8929  11.5472  -0.94602E+00  -0.12490E+00  -0.50993E-01   0.43517E+01   0.19271E+03
  159     2.9267  11.5766  -0.95706E+00  -0.12685E+00  -0.52943E-01   0.43426E+01   0.19149E+03
  160     2.9608  11.6057  -0.96817E+00  -0.12882E+00  -0.54913E-01   0.43337E+01   0.19022E+03
  161     2.9953  11.6344  -0.97936E+00  -0.13081E+00  -0.56906E-01   0.43250E+01   0.18894E+03
  162     3.0300  11.6628  -0.99061E+00  -0.13282E+00  -0.58918E-01   0.43166E+01   0.18764E+03
  163     3.0651  11.6908  -0.10019E+01  -0.13486E+00  -0.60951E-01   0.43083E+01   0.18631E+03
  164     3.1004  11.7184  -0.10134E+01  -0.13691E+00  -0.63006E-01   0.43003E+01   0.18495E+03
  165     3.1360  11.7458  -0.10248E+01  -0.13899E+00  -0.65082E-01   0.42924E+01   0.18359E+03
  166     3.1720  11.7727  -0.10364E+01  -0.14109E+00  -0.67179E-01   0.42847E+01   0.18219E+03
  167     3.2083  11.7994  -0.10480E+01  -0.14321E+00  -0.69300E-01   0.42773E+01   0.18076E+03
  168     3.2449  11.8257  -0.10597E+01  -0.14535E+00  -0.71441E-01   0.42700E+01   0.17934E+03
  169     3.2818  11.8517  -0.10715E+01  -0.14751E+00  -0.73604E-01   0.42629E+01   0.17789E+03
  170     3.3190  11.8773  -0.10834E+01  -0.14970E+00  -0.75790E-01   0.42559E+01   0.17641E+03
  171     3.3565  11.9026  -0.10953E+01  -0.15191E+00  -0.78000E-01   0.42492E+01   0.17492E+03
  172     3.3944  11.9277  -0.11073E+01  -0.15414E+00  -0.80230E-01   0.42426E+01   0.17340E+03
  173     3.4326  11.9524  -0.11194E+01  -0.15639E+00  -0.82484E-01   0.42362E+01   0.17187E+03
  174     3.4712  11.9768  -0.11315E+01  -0.15867E+00  -0.84762E-01   0.42300E+01   0.17032E+03
  175     3.5100  12.0009  -0.11438E+01  -0.16097E+00  -0.87062E-01   0.42239E+01   0.16874E+03
  176     3.5492  12.0246  -0.11561E+01  -0.16329E+00  -0.89387E-01   0.42180E+01   0.16713E+03
  177     3.5888  12.0481  -0.11685E+01  -0.16564E+00  -0.91734E-01   0.42122E+01   0.16552E+03
  178     3.6287  12.0713  -0.11810E+01  -0.16801E+00  -0.94103E-01   0.42066E+01   0.16388E+03
  179     3.6689  12.0942  -0.11935E+01  -0.17040E+00  -0.96498E-01   0.42012E+01   0.16222E+03
  180     3.7095  12.1169  -0.12062E+01  -0.17282E+00  -0.98914E-01   0.41958E+01   0.16057E+03
  181     3.7505  12.1392  -0.12189E+01  -0.17526E+00  -0.10135E+00   0.41907E+01   0.15890E+03
  182     3.7918  12.1612  -0.12316E+01  -0.17772E+00  -0.10381E+00   0.41856E+01   0.15722E+03
  183     3.8334  12.1830  -0.12445E+01  -0.18020E+00  -0.10630E+00   0.41807E+01   0.15552E+03
  184     3.8754  12.2045  -0.12574E+01  -0.18271E+00  -0.10881E+00   0.41759E+01   0.15382E+03
  185     3.9178  12.2257  -0.12704E+01  -0.18525E+00  -0.11134E+00   0.41713E+01   0.15211E+03
  186     3.9606  12.2467  -0.12835E+01  -0.18781E+00  -0.11390E+00   0.41668E+01   0.15039E+03
  187     4.0037  12.2674  -0.12967E+01  -0.19039E+00  -0.11649E+00   0.41624E+01   0.14868E+03
  188     4.0472  12.2878  -0.13100E+01  -0.19300E+00  -0.11910E+00   0.41581E+01   0.14694E+03
  189     4.0911  12.3080  -0.13233E+01  -0.19564E+00  -0.12173E+00   0.41540E+01   0.14522E+03
  190     4.1353  12.3279  -0.13367E+01  -0.19830E+00  -0.12439E+00   0.41499E+01   0.14346E+03
  191     4.1800  12.3476  -0.13502E+01  -0.20098E+00  -0.12708E+00   0.41460E+01   0.14169E+03
  192     4.2250  12.3670  -0.13638E+01  -0.20369E+00  -0.12979E+00   0.41422E+01   0.13991E+03
  193     4.2705  12.3862  -0.13775E+01  -0.20643E+00  -0.13252E+00   0.41385E+01   0.13813E+03
  194     4.3163  12.4051  -0.13912E+01  -0.20919E+00  -0.13529E+00   0.41348E+01   0.13634E+03
  195     4.3625  12.4238  -0.14050E+01  -0.21198E+00  -0.13807E+00   0.41313E+01   0.13457E+03
  196     4.4091  12.4423  -0.14189E+01  -0.21479E+00  -0.14089E+00   0.41279E+01   0.13278E+03
  197     4.4561  12.4605  -0.14329E+01  -0.21762E+00  -0.14372E+00   0.41246E+01   0.13099E+03
  198     4.5036  12.4785  -0.14470E+01  -0.22048E+00  -0.14658E+00   0.41213E+01   0.12920E+03
  199     4.5514  12.4962  -0.14611E+01  -0.22338E+00  -0.14947E+00   0.41182E+01   0.12740E+03
  200     4.5997  12.5138  -0.14754E+01  -0.22629E+00  -0.15239E+00   0.41151E+01   0.12561E+03
  201     4.6484  12.5311  -0.14897E+01  -0.22923E+00  -0.15533E+00   0.41122E+01   0.12383E+03
  202     4.6975  12.5482  -0.15041E+01  -0.23220E+00  -0.15830E+00   0.41093E+01   0.12205E+03
  203     4.7470  12.5650  -0.15186E+01  -0.23520E+00  -0.16129E+00   0.41065E+01   0.12026E+03
  204     4.7970  12.5817  -0.15331E+01  -0.23822E+00  -0.16432E+00   0.41037E+01   0.11847E+03
  205     4.8474  12.5981  -0.15478E+01  -0.24127E+00  -0.16737E+00   0.41011E+01   0.11668E+03
  206     4.8982  12.6144  -0.15625E+01  -0.24435E+00  -0.17044E+00   0.40985E+01   0.11491E+03
  207     4.9495  12.6304  -0.15774E+01  -0.24745E+00  -0.17354E+00   0.40960E+01   0.11314E+03
  208     5.0012  12.6462  -0.15923E+01  -0.25058E+00  -0.17667E+00   0.40935E+01   0.11136E+03
  209     5.0534  12.6619  -0.16073E+01  -0.25374E+00  -0.17983E+00   0.40911E+01   0.10960E+03
  210     5.1060  12.6773  -0.16223E+01  -0.25692E+00  -0.18301E+00   0.40888E+01   0.10785E+03
  211     5.1591  12.6925  -0.16375E+01  -0.26014E+00  -0.18623E+00   0.40866E+01   0.10609E+03
  212     5.2126  12.7076  -0.16528E+01  -0.26338E+00  -0.18947E+00   0.40844E+01   0.10434E+03
  213     5.2667  12.7224  -0.16681E+01  -0.26665E+00  -0.19274E+00   0.40823E+01   0.10262E+03
  214     5.3211  12.7371  -0.16835E+01  -0.26995E+00  -0.19604E+00   0.40802E+01   0.10089E+03
  215     5.3761  12.7515  -0.16991E+01  -0.27327E+00  -0.19937E+00   0.40782E+01   0.99153E+02
  216     5.4315  12.7658  -0.17147E+01  -0.27663E+00  -0.20272E+00   0.40763E+01   0.97438E+02
  217     5.4874  12.7799  -0.17304E+01  -0.28001E+00  -0.20611E+00   0.40744E+01   0.95728E+02
  218     5.5438  12.7938  -0.17461E+01  -0.28342E+00  -0.20952E+00   0.40725E+01   0.94033E+02
  219     5.6007  12.8076  -0.17620E+01  -0.28686E+00  -0.21295E+00   0.40707E+01   0.92355E+02
  220     5.6581  12.8211  -0.17780E+01  -0.29033E+00  -0.21642E+00   0.40690E+01   0.90679E+02
  221     5.7160  12.8345  -0.17940E+01  -0.29383E+00  -0.21992E+00   0.40673E+01   0.89027E+02
  222     5.7744  12.8477  -0.18101E+01  -0.29736E+00  -0.22345E+00   0.40656E+01   0.87395E+02
  223     5.8333  12.8608  -0.18264E+01  -0.30091E+00  -0.22701E+00   0.40640E+01   0.85512E+02
  224     5.8927  12.8737  -0.18427E+01  -0.30450E+00  -0.23059E+00   0.40625E+01   0.84136E+02
  225     5.9526  12.8864  -0.18591E+01  -0.30812E+00  -0.23421E+00   0.40609E+01   0.82491E+02
  226     6.0131  12.8990  -0.18756E+01  -0.31176E+00  -0.23786E+00   0.40595E+01   0.80894E+02
  227     6.0740  12.9114  -0.18921E+01  -0.31539E+00  -0.24148E+00   0.40580E+01   0.79325E+02
  228     6.1355  12.9236  -0.19088E+01  -0.31912E+00  -0.24521E+00   0.40566E+01   0.77742E+02
  229     6.1976  12.9357  -0.19257E+01  -0.32288E+00  -0.24897E+00   0.40553E+01   0.76153E+02
  230     6.2602  12.9476  -0.19425E+01  -0.32665E+00  -0.25274E+00   0.40539E+01   0.74589E+02
  231     6.3233  12.9594  -0.19595E+01  -0.33044E+00  -0.25653E+00   0.40527E+01   0.73306E+02
  232     6.3869  12.9710  -0.19765E+01  -0.33426E+00  -0.26036E+00   0.40514E+01   0.71559E+02
  233     6.4512  12.9825  -0.19937E+01  -0.33812E+00  -0.26421E+00   0.40502E+01   0.70085E+02
  234     6.5159  12.9938  -0.20109E+01  -0.34201E+00  -0.26810E+00   0.40490E+01   0.68613E+02
  235     6.5813  13.0050  -0.20283E+01  -0.34593E+00  -0.27202E+00   0.40478E+01   0.67162E+02
  236     6.6472  13.0160  -0.20457E+01  -0.34988E+00  -0.27597E+00   0.40467E+01   0.65701E+02
  237     6.7137  13.0269  -0.20632E+01  -0.35386E+00  -0.27995E+00   0.40456E+01   0.64281E+02
  238     6.7807  13.0377  -0.20808E+01  -0.35787E+00  -0.28396E+00   0.40446E+01   0.62859E+02
  239     6.8484  13.0483  -0.20986E+01  -0.36192E+00  -0.28801E+00   0.40435E+01   0.61465E+02
  240     6.9166  13.0588  -0.21164E+01  -0.36599E+00  -0.29208E+00   0.40425E+01   0.60084E+02
  241     6.9854  13.0691  -0.21343E+01  -0.37010E+00  -0.29619E+00   0.40415E+01   0.58720E+02
  242     7.0549  13.0794  -0.21523E+01  -0.37423E+00  -0.30033E+00   0.40406E+01   0.57365E+02
  243     7.1249  13.0894  -0.21704E+01  -0.37841E+00  -0.30450E+00   0.40396E+01   0.56046E+02
  244     7.1955  13.0994  -0.21886E+01  -0.38261E+00  -0.30870E+00   0.40387E+01   0.54742E+02
  245     7.2668  13.1092  -0.22069E+01  -0.38684E+00  -0.31294E+00   0.40379E+01   0.53449E+02
  246     7.3387  13.1189  -0.22253E+01  -0.39111E+00  -0.31720E+00   0.40370E+01   0.52170E+02
  247     7.4112  13.1285  -0.22438E+01  -0.39541E+00  -0.32150E+00   0.40362E+01   0.50927E+02
  248     7.4843  13.1380  -0.22624E+01  -0.39974E+00  -0.32583E+00   0.40353E+01   0.49689E+02
  249     7.5580  13.1473  -0.22811E+01  -0.40411E+00  -0.33020E+00   0.40345E+01   0.48470E+02
  250     7.6324  13.1565  -0.22999E+01  -0.40851E+00  -0.33460E+00   0.40338E+01   0.47285E+02
  251     7.7075  13.1656  -0.23188E+01  -0.41294E+00  -0.33903E+00   0.40330E+01   0.46096E+02
  252     7.7832  13.1746  -0.23378E+01  -0.41740E+00  -0.34350E+00   0.40323E+01   0.44934E+02
  253     7.8596  13.1834  -0.23569E+01  -0.42190E+00  -0.34799E+00   0.40316E+01   0.43797E+02
  254     7.9366  13.1922  -0.23761E+01  -0.42644E+00  -0.35253E+00   0.40309E+01   0.42669E+02
  255     8.0143  13.2008  -0.23954E+01  -0.43100E+00  -0.35709E+00   0.40302E+01   0.41571E+02
  256     8.0926  13.2093  -0.24148E+01  -0.43560E+00  -0.36169E+00   0.40295E+01   0.40492E+02
  257     8.1717  13.2178  -0.24343E+01  -0.44023E+00  -0.36633E+00   0.40289E+01   0.39404E+02
  258     8.2514  13.2261  -0.24539E+01  -0.44490E+00  -0.37099E+00   0.40283E+01   0.38370E+02
  259     8.3319  13.2343  -0.24736E+01  -0.44960E+00  -0.37570E+00   0.40276E+01   0.37343E+02
  260     8.4130  13.2424  -0.24934E+01  -0.45434E+00  -0.38043E+00   0.40270E+01   0.36333E+02
  261     8.4948  13.2503  -0.25133E+01  -0.45911E+00  -0.38520E+00   0.40265E+01   0.35340E+02
  262     8.5774  13.2582  -0.25334E+01  -0.46391E+00  -0.39001E+00   0.40259E+01   0.34369E+02
  263     8.6606  13.2660  -0.25535E+01  -0.46876E+00  -0.39485E+00   0.40253E+01   0.33414E+02
  264     8.7446  13.2737  -0.25737E+01  -0.47363E+00  -0.39973E+00   0.40248E+01   0.32477E+02
  265     8.8293  13.2813  -0.25941E+01  -0.47855E+00  -0.40464E+00   0.40243E+01   0.31559E+02
  266     8.9148  13.2888  -0.26146E+01  -0.48349E+00  -0.40959E+00   0.40238E+01   0.30657E+02
  267     9.0010  13.2962  -0.26351E+01  -0.48847E+00  -0.41456E+00   0.40233E+01   0.29777E+02
  268     9.0879  13.3035  -0.26558E+01  -0.49349E+00  -0.41959E+00   0.40228E+01   0.28909E+02
  269     9.1756  13.3107  -0.26766E+01  -0.49855E+00  -0.42464E+00   0.40223E+01   0.28064E+02
  270     9.2641  13.3178  -0.26974E+01  -0.50363E+00  -0.42973E+00   0.40218E+01   0.27244E+02
  271     9.3534  13.3248  -0.27184E+01  -0.50876E+00  -0.43485E+00   0.40214E+01   0.26427E+02
  272     9.4434  13.3317  -0.27395E+01  -0.51392E+00  -0.44001E+00   0.40209E+01   0.25637E+02
  273     9.5342  13.3386  -0.27607E+01  -0.51912E+00  -0.44522E+00   0.40205E+01   0.24863E+02
  274     9.6257  13.3453  -0.27821E+01  -0.52435E+00  -0.45045E+00   0.40201E+01   0.24108E+02
  275     9.7181  13.3520  -0.28035E+01  -0.52963E+00  -0.45572E+00   0.40197E+01   0.23364E+02
  276     9.8113  13.3586  -0.28251E+01  -0.53494E+00  -0.46103E+00   0.40193E+01   0.22638E+02
  277     9.9053  13.3651  -0.28467E+01  -0.54029E+00  -0.46638E+00   0.40189E+01   0.21932E+02
  278    10.0001  13.3715  -0.28685E+01  -0.54567E+00  -0.47176E+00   0.40185E+01   0.21238E+02
  279    10.0957  13.3778  -0.28904E+01  -0.55109E+00  -0.47718E+00   0.40181E+01   0.20565E+02
  280    10.1922  13.3841  -0.29124E+01  -0.55654E+00  -0.48264E+00   0.40178E+01   0.19913E+02
  281    10.2895  13.3902  -0.29345E+01  -0.56204E+00  -0.48813E+00   0.40174E+01   0.19266E+02
  282    10.3877  13.3963  -0.29567E+01  -0.56757E+00  -0.49367E+00   0.40171E+01   0.18641E+02
  283    10.4867  13.4023  -0.29790E+01  -0.57315E+00  -0.49925E+00   0.40167E+01   0.18032E+02
  284    10.5865  13.4083  -0.30015E+01  -0.57876E+00  -0.50485E+00   0.40164E+01   0.17437E+02
  285    10.6873  13.4141  -0.30241E+01  -0.58441E+00  -0.51050E+00   0.40161E+01   0.16857E+02
  286    10.7889  13.4199  -0.30468E+01  -0.59010E+00  -0.51620E+00   0.40157E+01   0.16286E+02
  287    10.8914  13.4256  -0.30696E+01  -0.59583E+00  -0.52192E+00   0.40154E+01   0.15735E+02
  288    10.9947  13.4312  -0.30925E+01  -0.60159E+00  -0.52769E+00   0.40151E+01   0.15201E+02
  289    11.0990  13.4368  -0.31155E+01  -0.60740E+00  -0.53349E+00   0.40148E+01   0.14679E+02
  290    11.2042  13.4423  -0.31387E+01  -0.61324E+00  -0.53934E+00   0.40146E+01   0.14171E+02
  291    11.3103  13.4477  -0.31620E+01  -0.61913E+00  -0.54522E+00   0.40143E+01   0.13673E+02
  292    11.4173  13.4530  -0.31854E+01  -0.62505E+00  -0.55115E+00   0.40140E+01   0.13195E+02
  293    11.5253  13.4583  -0.32089E+01  -0.63102E+00  -0.55711E+00   0.40137E+01   0.12727E+02
  294    11.6342  13.4635  -0.32325E+01  -0.63702E+00  -0.56311E+00   0.40135E+01   0.12273E+02
  295    11.7440  13.4687  -0.32563E+01  -0.64306E+00  -0.56916E+00   0.40132E+01   0.11831E+02
  296    11.8548  13.4738  -0.32802E+01  -0.64915E+00  -0.57524E+00   0.40130E+01   0.11402E+02
  297    11.9666  13.4788  -0.33042E+01  -0.65527E+00  -0.58137E+00   0.40127E+01   0.10988E+02
  298    12.0793  13.4837  -0.33283E+01  -0.66144E+00  -0.58753E+00   0.40125E+01   0.10583E+02
  299    12.1930  13.4886  -0.33525E+01  -0.66765E+00  -0.59374E+00   0.40123E+01   0.10192E+02
  300    12.3077  13.4934  -0.33769E+01  -0.67390E+00  -0.60000E+00   0.40120E+01   0.98070E+01
  301    12.4234  13.4982  -0.34014E+01  -0.68019E+00  -0.60629E+00   0.40118E+01   0.94401E+01
  302    12.5401  13.5029  -0.34260E+01  -0.68652E+00  -0.61262E+00   0.40116E+01   0.90821E+01
  303    12.6578  13.5075  -0.34508E+01  -0.69289E+00  -0.61899E+00   0.40114E+01   0.87364E+01
  304    12.7766  13.5121  -0.34757E+01  -0.69932E+00  -0.62541E+00   0.40112E+01   0.84000E+01
  305    12.8963  13.5166  -0.35007E+01  -0.70577E+00  -0.63186E+00   0.40110E+01   0.80748E+01
  306    13.0172  13.5211  -0.35258E+01  -0.71228E+00  -0.63837E+00   0.40108E+01   0.77599E+01
  307    13.1390  13.5255  -0.35511E+01  -0.71882E+00  -0.64491E+00   0.40106E+01   0.74546E+01
  308    13.2619  13.5298  -0.35765E+01  -0.72541E+00  -0.65150E+00   0.40104E+01   0.71577E+01
  309    13.3859  13.5341  -0.36020E+01  -0.73203E+00  -0.65813E+00   0.40102E+01   0.68735E+01
  310    13.5110  13.5383  -0.36276E+01  -0.73871E+00  -0.66480E+00   0.40100E+01   0.65983E+01
  311    13.6372  13.5425  -0.36534E+01  -0.74542E+00  -0.67151E+00   0.40098E+01   0.63318E+01
  312    13.7644  13.5466  -0.36793E+01  -0.75219E+00  -0.67828E+00   0.40097E+01   0.60726E+01
  313    13.8928  13.5507  -0.37054E+01  -0.75899E+00  -0.68509E+00   0.40095E+01   0.58232E+01
  314    14.0223  13.5547  -0.37316E+01  -0.76584E+00  -0.69194E+00   0.40093E+01   0.55818E+01
  315    14.1529  13.5587  -0.37579E+01  -0.77273E+00  -0.69883E+00   0.40091E+01   0.53488E+01
  316    14.2846  13.5626  -0.37843E+01  -0.77967E+00  -0.70576E+00   0.40090E+01   0.51252E+01
  317    14.4175  13.5665  -0.38109E+01  -0.78665E+00  -0.71274E+00   0.40088E+01   0.49083E+01
  318    14.5515  13.5703  -0.38376E+01  -0.79367E+00  -0.71977E+00   0.40087E+01   0.47006E+01
  319    14.6867  13.5741  -0.38645E+01  -0.80076E+00  -0.72685E+00   0.40085E+01   0.45007E+01
  320    14.8231  13.5778  -0.38914E+01  -0.80787E+00  -0.73396E+00   0.40084E+01   0.43062E+01
  321    14.9607  13.5815  -0.39186E+01  -0.81504E+00  -0.74114E+00   0.40082E+01   0.41175E+01
  322    15.0994  13.5851  -0.39458E+01  -0.82224E+00  -0.74833E+00   0.40081E+01   0.39380E+01
  323    15.2394  13.5887  -0.39732E+01  -0.82950E+00  -0.75559E+00   0.40080E+01   0.37637E+01
  324    15.3806  13.5922  -0.40007E+01  -0.83679E+00  -0.76289E+00   0.40078E+01   0.35980E+01
  325    15.5230  13.5957  -0.40284E+01  -0.84415E+00  -0.77024E+00   0.40077E+01   0.34366E+01
  326    15.6666  13.5991  -0.40562E+01  -0.85155E+00  -0.77764E+00   0.40076E+01   0.32830E+01
  327    15.8115  13.6025  -0.40842E+01  -0.85899E+00  -0.78508E+00   0.40074E+01   0.31312E+01
  328    15.9577  13.6059  -0.41123E+01  -0.86648E+00  -0.79257E+00   0.40073E+01   0.29905E+01
  329    16.1051  13.6092  -0.41406E+01  -0.87402E+00  -0.80011E+00   0.40072E+01   0.28529E+01
  330    16.2538  13.6124  -0.41689E+01  -0.88159E+00  -0.80769E+00   0.40071E+01   0.27217E+01
  331    16.4038  13.6157  -0.41975E+01  -0.88923E+00  -0.81533E+00   0.40070E+01   0.25946E+01
  332    16.5551  13.6188  -0.42262E+01  -0.89691E+00  -0.82301E+00   0.40068E+01   0.24744E+01
  333    16.7078  13.6220  -0.42550E+01  -0.90465E+00  -0.83074E+00   0.40067E+01   0.23561E+01
  334    16.8617  13.6251  -0.42839E+01  -0.91242E+00  -0.83851E+00   0.40066E+01   0.22445E+01
  335    17.0170  13.6281  -0.43131E+01  -0.92025E+00  -0.84634E+00   0.40065E+01   0.21367E+01
  336    17.1736  13.6312  -0.43423E+01  -0.92813E+00  -0.85422E+00   0.40064E+01   0.20346E+01
  337    17.3316  13.6342  -0.43717E+01  -0.93605E+00  -0.86215E+00   0.40063E+01   0.19357E+01
  338    17.4910  13.6371  -0.44013E+01  -0.94403E+00  -0.87012E+00   0.40062E+01   0.18419E+01
  339    17.6518  13.6400  -0.44310E+01  -0.95204E+00  -0.87814E+00   0.40061E+01   0.17507E+01
  340    17.8139  13.6429  -0.44609E+01  -0.96014E+00  -0.88624E+00   0.40060E+01   0.16641E+01
  341    17.9775  13.6457  -0.44909E+01  -0.96826E+00  -0.89436E+00   0.40059E+01   0.15818E+01
  342    18.1425  13.6485  -0.45211E+01  -0.97645E+00  -0.90254E+00   0.40058E+01   0.15019E+01
  343    18.3089  13.6513  -0.45514E+01  -0.98467E+00  -0.91076E+00   0.40057E+01   0.14261E+01
  344    18.4768  13.6540  -0.45819E+01  -0.99295E+00  -0.91904E+00   0.40056E+01   0.13537E+01
  345    18.6461  13.6567  -0.46125E+01  -0.10013E+01  -0.92737E+00   0.40055E+01   0.12849E+01
  346    18.8169  13.6593  -0.46433E+01  -0.10097E+01  -0.93576E+00   0.40055E+01   0.12182E+01
  347    18.9892  13.6619  -0.46742E+01  -0.10181E+01  -0.94419E+00   0.40054E+01   0.11555E+01
  348    19.1630  13.6645  -0.47053E+01  -0.10266E+01  -0.95267E+00   0.40053E+01   0.10951E+01
  349    19.3383  13.6671  -0.47366E+01  -0.10351E+01  -0.96121E+00   0.40052E+01   0.10380E+01
  350    19.5151  13.6696  -0.47680E+01  -0.10437E+01  -0.96980E+00   0.40051E+01   0.98305E+00
  351    19.6934  13.6721  -0.47997E+01  -0.10524E+01  -0.97850E+00   0.40051E+01   0.93026E+00
  352    19.8734  13.6745  -0.48313E+01  -0.10611E+01  -0.98716E+00   0.40050E+01   0.88067E+00
  353    20.0548  13.6770  -0.48632E+01  -0.10698E+01  -0.99591E+00   0.40049E+01   0.83242E+00
  354    20.2379  13.6794  -0.48952E+01  -0.10786E+01  -0.10047E+01   0.40048E+01   0.78856E+00
  355    20.4225  13.6817  -0.49275E+01  -0.10875E+01  -0.10136E+01   0.40048E+01   0.74506E+00
  356    20.6088  13.6840  -0.49600E+01  -0.10965E+01  -0.10225E+01   0.40047E+01   0.70454E+00
  357    20.7966  13.6863  -0.49924E+01  -0.11054E+01  -0.10315E+01   0.40046E+01   0.66524E+00
  358    20.9861  13.6886  -0.50252E+01  -0.11144E+01  -0.10405E+01   0.40046E+01   0.62745E+00
  359    21.1773  13.6909  -0.50580E+01  -0.11235E+01  -0.10496E+01   0.40045E+01   0.59281E+00
  360    21.3701  13.6931  -0.50910E+01  -0.11326E+01  -0.10587E+01   0.40044E+01   0.55897E+00
  361    21.5646  13.6953  -0.51242E+01  -0.11418E+01  -0.10679E+01   0.40044E+01   0.52839E+00
  362    21.7607  13.6974  -0.51576E+01  -0.11510E+01  -0.10771E+01   0.40043E+01   0.49743E+00
  363    21.9586  13.6995  -0.51914E+01  -0.11605E+01  -0.10866E+01   0.40000E+01   0.46857E+00
  364    22.1582  13.7016  -0.52249E+01  -0.11698E+01  -0.10959E+01   0.40000E+01   0.44149E+00
  365    22.3596  13.7037  -0.52587E+01  -0.11792E+01  -0.11053E+01   0.40000E+01   0.41583E+00
  366    22.5626  13.7058  -0.52928E+01  -0.11886E+01  -0.11147E+01   0.40000E+01   0.39180E+00
  367    22.7675  13.7078  -0.53271E+01  -0.11982E+01  -0.11243E+01   0.40000E+01   0.36851E+00
  368    22.9741  13.7098  -0.53615E+01  -0.12078E+01  -0.11339E+01   0.40000E+01   0.34677E+00
  369    23.1825  13.7117  -0.53960E+01  -0.12174E+01  -0.11435E+01   0.40000E+01   0.32582E+00
  370    23.3928  13.7137  -0.54308E+01  -0.12271E+01  -0.11532E+01   0.40000E+01   0.30637E+00
  371    23.6049  13.7156  -0.54657E+01  -0.12369E+01  -0.11630E+01   0.40000E+01   0.28801E+00
  372    23.8188  13.7175  -0.55009E+01  -0.12467E+01  -0.11728E+01   0.40000E+01   0.27042E+00
  373    24.0345  13.7194  -0.55361E+01  -0.12566E+01  -0.11827E+01   0.40000E+01   0.25376E+00
  374    24.2522  13.7212  -0.55715E+01  -0.12665E+01  -0.11926E+01   0.40000E+01   0.23801E+00
  375    24.4717  13.7230  -0.56072E+01  -0.12765E+01  -0.12026E+01   0.40000E+01   0.22338E+00
  376    24.6932  13.7248  -0.56430E+01  -0.12866E+01  -0.12127E+01   0.40000E+01   0.20938E+00
  377    24.9166  13.7266  -0.56790E+01  -0.12967E+01  -0.12228E+01   0.40000E+01   0.19627E+00
  378    25.1419  13.7284  -0.57152E+01  -0.13069E+01  -0.12330E+01   0.40000E+01   0.18381E+00
  379    25.3691  13.7301  -0.57515E+01  -0.13171E+01  -0.12432E+01   0.40000E+01   0.17219E+00
  380    25.5984  13.7318  -0.57880E+01  -0.13274E+01  -0.12535E+01   0.40000E+01   0.16119E+00
  381    25.8296  13.7335  -0.58248E+01  -0.13378E+01  -0.12639E+01   0.40000E+01   0.15072E+00
  382    26.0629  13.7351  -0.58618E+01  -0.13482E+01  -0.12743E+01   0.40000E+01   0.14085E+00
  383    26.2982  13.7368  -0.58988E+01  -0.13587E+01  -0.12848E+01   0.40000E+01   0.13172E+00
  384    26.5355  13.7384  -0.59361E+01  -0.13692E+01  -0.12953E+01   0.40000E+01   0.12304E+00
  385    26.7749  13.7400  -0.59735E+01  -0.13798E+01  -0.13059E+01   0.40000E+01   0.11494E+00
  386    27.0164  13.7416  -0.60112E+01  -0.13905E+01  -0.13166E+01   0.40000E+01   0.10731E+00
  387    27.2599  13.7431  -0.60490E+01  -0.14012E+01  -0.13273E+01   0.40000E+01   0.10013E+00
  388    27.5056  13.7447  -0.60871E+01  -0.14120E+01  -0.13381E+01   0.40000E+01   0.93392E-01
  389    27.7534  13.7462  -0.61253E+01  -0.14229E+01  -0.13490E+01   0.40000E+01   0.87091E-01
  390    28.0034  13.7477  -0.61637E+01  -0.14338E+01  -0.13599E+01   0.40000E+01   0.81144E-01
  391    28.2556  13.7492  -0.62022E+01  -0.14448E+01  -0.13709E+01   0.40000E+01   0.75626E-01
  392    28.5099  13.7506  -0.62411E+01  -0.14559E+01  -0.13820E+01   0.40000E+01   0.70378E-01
  393    28.7665  13.7521  -0.62800E+01  -0.14670E+01  -0.13930E+01   0.40000E+01   0.65509E-01
  394    29.0253  13.7535  -0.63191E+01  -0.14781E+01  -0.14042E+01   0.40000E+01   0.60954E-01
  395    29.2863  13.7549  -0.63585E+01  -0.14894E+01  -0.14154E+01   0.40000E+01   0.56680E-01
  396    29.5496  13.7563  -0.63980E+01  -0.15007E+01  -0.14268E+01   0.40000E+01   0.52703E-01
  397    29.8152  13.7577  -0.64378E+01  -0.15120E+01  -0.14381E+01   0.40000E+01   0.48925E-01
  398    30.0831  13.7590  -0.64777E+01  -0.15235E+01  -0.14496E+01   0.40000E+01   0.45419E-01
  399    30.3534  13.7604  -0.65178E+01  -0.15350E+01  -0.14610E+01   0.40000E+01   0.42186E-01
  400    30.6259  13.7617  -0.65581E+01  -0.15465E+01  -0.14726E+01   0.40000E+01   0.39135E-01
