    1     0.0001   0.0014  -0.15259E-04   0.46595E-06   0.72925E-01   0.91783E+01   0.57258E+02
    2     0.0088   0.1221  -0.16891E-02  -0.53302E-04   0.72871E-01   0.91249E+01   0.74558E+02
    3     0.0176   0.2423  -0.35326E-02  -0.14322E-03   0.72781E-01   0.90727E+01   0.78790E+02
    4     0.0264   0.3621  -0.54542E-02  -0.24529E-03   0.72679E-01   0.90210E+01   0.81664E+02
    5     0.0353   0.4814  -0.74594E-02  -0.36103E-03   0.72564E-01   0.89698E+01   0.84453E+02
    6     0.0443   0.6003  -0.95215E-02  -0.48309E-03   0.72442E-01   0.89189E+01   0.86837E+02
    7     0.0534   0.7188  -0.11638E-01  -0.61124E-03   0.72313E-01   0.88684E+01   0.88983E+02
    8     0.0626   0.8368  -0.13806E-01  -0.74515E-03   0.72179E-01   0.88181E+01   0.91031E+02
    9     0.0718   0.9543  -0.16025E-01  -0.88395E-03   0.72041E-01   0.87682E+01   0.93034E+02
   10     0.0811   1.0713  -0.18293E-01  -0.10280E-02   0.71897E-01   0.87185E+01   0.94948E+02
   11     0.0905   1.1879  -0.20609E-01  -0.11767E-02   0.71748E-01   0.86690E+01   0.96838E+02
   12     0.1000   1.3039  -0.22971E-01  -0.13295E-02   0.71595E-01   0.86199E+01   0.98658E+02
   13     0.1096   1.4195  -0.25380E-01  -0.14865E-02   0.71438E-01   0.85710E+01   0.10048E+03
   14     0.1192   1.5346  -0.27842E-01  -0.16500E-02   0.71275E-01   0.85223E+01   0.10232E+03
   15     0.1290   1.6491  -0.30340E-01  -0.18151E-02   0.71110E-01   0.84739E+01   0.10407E+03
   16     0.1388   1.7632  -0.32882E-01  -0.19845E-02   0.70940E-01   0.84256E+01   0.10585E+03
   17     0.1487   1.8767  -0.35471E-01  -0.21586E-02   0.70766E-01   0.83777E+01   0.10759E+03
   18     0.1587   1.9897  -0.38105E-01  -0.23368E-02   0.70588E-01   0.83299E+01   0.10936E+03
   19     0.1687   2.1021  -0.40785E-01  -0.25203E-02   0.70404E-01   0.82824E+01   0.11111E+03
   20     0.1789   2.2140  -0.43511E-01  -0.27083E-02   0.70216E-01   0.82351E+01   0.11283E+03
   21     0.1891   2.3254  -0.46283E-01  -0.29013E-02   0.70023E-01   0.81881E+01   0.11458E+03
   22     0.1995   2.4362  -0.49100E-01  -0.30994E-02   0.69825E-01   0.81413E+01   0.11632E+03
   23     0.2099   2.5465  -0.51964E-01  -0.33016E-02   0.69623E-01   0.80947E+01   0.11805E+03
   24     0.2204   2.6562  -0.54873E-01  -0.35091E-02   0.69416E-01   0.80484E+01   0.11979E+03
   25     0.2310   2.7653  -0.57828E-01  -0.37216E-02   0.69203E-01   0.80024E+01   0.12152E+03
   26     0.2417   2.8738  -0.60830E-01  -0.39398E-02   0.68985E-01   0.79565E+01   0.12327E+03
   27     0.2525   2.9818  -0.63878E-01  -0.41635E-02   0.68761E-01   0.79109E+01   0.12500E+03
   28     0.2634   3.0892  -0.66973E-01  -0.43923E-02   0.68532E-01   0.78656E+01   0.12674E+03
   29     0.2744   3.1959  -0.70115E-01  -0.46269E-02   0.68298E-01   0.78205E+01   0.12849E+03
   30     0.2855   3.3021  -0.73303E-01  -0.48673E-02   0.68057E-01   0.77756E+01   0.13024E+03
   31     0.2967   3.4077  -0.76539E-01  -0.51138E-02   0.67811E-01   0.77310E+01   0.13197E+03
   32     0.3079   3.5127  -0.79823E-01  -0.53661E-02   0.67559E-01   0.76866E+01   0.13372E+03
   33     0.3193   3.6170  -0.83138E-01  -0.56198E-02   0.67305E-01   0.76424E+01   0.13548E+03
   34     0.3308   3.7207  -0.86518E-01  -0.58844E-02   0.67040E-01   0.75986E+01   0.13723E+03
   35     0.3423   3.8238  -0.89947E-01  -0.61563E-02   0.66768E-01   0.75549E+01   0.13896E+03
   36     0.3540   3.9263  -0.93426E-01  -0.64348E-02   0.66490E-01   0.75116E+01   0.14072E+03
   37     0.3658   4.0281  -0.96953E-01  -0.67201E-02   0.66205E-01   0.74684E+01   0.14247E+03
   38     0.3777   4.1293  -0.10053E+00  -0.70123E-02   0.65912E-01   0.74255E+01   0.14422E+03
   39     0.3896   4.2299  -0.10416E+00  -0.73118E-02   0.65613E-01   0.73829E+01   0.14596E+03
   40     0.4017   4.3298  -0.10783E+00  -0.76186E-02   0.65306E-01   0.73405E+01   0.14771E+03
   41     0.4139   4.4291  -0.11156E+00  -0.79328E-02   0.64992E-01   0.72983E+01   0.14947E+03
   42     0.4262   4.5276  -0.11534E+00  -0.82546E-02   0.64670E-01   0.72565E+01   0.15123E+03
   43     0.4386   4.6256  -0.11916E+00  -0.85842E-02   0.64340E-01   0.72148E+01   0.15296E+03
   44     0.4511   4.7229  -0.12304E+00  -0.89214E-02   0.64003E-01   0.71735E+01   0.15470E+03
   45     0.4637   4.8195  -0.12697E+00  -0.92666E-02   0.63658E-01   0.71324E+01   0.15646E+03
   46     0.4764   4.9154  -0.13096E+00  -0.96200E-02   0.63305E-01   0.70916E+01   0.15820E+03
   47     0.4893   5.0106  -0.13499E+00  -0.99820E-02   0.62943E-01   0.70510E+01   0.15995E+03
   48     0.5022   5.1052  -0.13908E+00  -0.10352E-01   0.62573E-01   0.70107E+01   0.16168E+03
   49     0.5153   5.1991  -0.14322E+00  -0.10731E-01   0.62194E-01   0.69707E+01   0.16341E+03
   50     0.5285   5.2923  -0.14741E+00  -0.11118E-01   0.61807E-01   0.69309E+01   0.16515E+03
   51     0.5417   5.3849  -0.15166E+00  -0.11514E-01   0.61411E-01   0.68914E+01   0.16686E+03
   52     0.5552   5.4767  -0.15596E+00  -0.11920E-01   0.61005E-01   0.68522E+01   0.16858E+03
   53     0.5687   5.5679  -0.16032E+00  -0.12336E-01   0.60589E-01   0.68132E+01   0.17031E+03
   54     0.5823   5.6583  -0.16473E+00  -0.12760E-01   0.60164E-01   0.67745E+01   0.17200E+03
   55     0.5961   5.7481  -0.16919E+00  -0.13193E-01   0.59732E-01   0.67361E+01   0.17371E+03
   56     0.6099   5.8371  -0.17371E+00  -0.13634E-01   0.59291E-01   0.66979E+01   0.17541E+03
   57     0.6239   5.9255  -0.17827E+00  -0.14085E-01   0.58840E-01   0.66600E+01   0.17710E+03
   58     0.6381   6.0132  -0.18290E+00  -0.14546E-01   0.58378E-01   0.66225E+01   0.17878E+03
   59     0.6523   6.1001  -0.18758E+00  -0.15018E-01   0.57907E-01   0.65852E+01   0.18045E+03
   60     0.6667   6.1864  -0.19232E+00  -0.15500E-01   0.57425E-01   0.65481E+01   0.18210E+03
   61     0.6812   6.2719  -0.19712E+00  -0.15991E-01   0.56934E-01   0.65113E+01   0.18375E+03
   62     0.6958   6.3568  -0.20197E+00  -0.16493E-01   0.56432E-01   0.64749E+01   0.18538E+03
   63     0.7105   6.4409  -0.20687E+00  -0.17005E-01   0.55920E-01   0.64387E+01   0.18702E+03
   64     0.7254   6.5244  -0.21184E+00  -0.17527E-01   0.55397E-01   0.64028E+01   0.18862E+03
   65     0.7404   6.6071  -0.21686E+00  -0.18060E-01   0.54864E-01   0.63672E+01   0.19022E+03
   66     0.7555   6.6891  -0.22193E+00  -0.18604E-01   0.54321E-01   0.63318E+01   0.19179E+03
   67     0.7708   6.7704  -0.22707E+00  -0.19158E-01   0.53766E-01   0.62968E+01   0.19336E+03
   68     0.7862   6.8511  -0.23226E+00  -0.19724E-01   0.53201E-01   0.62620E+01   0.19492E+03
   69     0.8017   6.9310  -0.23751E+00  -0.20300E-01   0.52625E-01   0.62275E+01   0.19646E+03
   70     0.8174   7.0102  -0.24281E+00  -0.20886E-01   0.52038E-01   0.61933E+01   0.19799E+03
   71     0.8332   7.0886  -0.24818E+00  -0.21484E-01   0.51440E-01   0.61594E+01   0.19950E+03
   72     0.8491   7.1664  -0.25360E+00  -0.22094E-01   0.50831E-01   0.61258E+01   0.20098E+03
   73     0.8652   7.2435  -0.25908E+00  -0.22714E-01   0.50210E-01   0.60925E+01   0.20245E+03
   74     0.8814   7.3199  -0.26462E+00  -0.23346E-01   0.49579E-01   0.60594E+01   0.20389E+03
   75     0.8977   7.3956  -0.27022E+00  -0.23990E-01   0.48935E-01   0.60267E+01   0.20531E+03
   76     0.9142   7.4705  -0.27587E+00  -0.24645E-01   0.48280E-01   0.59942E+01   0.20672E+03
   77     0.9309   7.5448  -0.28159E+00  -0.25312E-01   0.47612E-01   0.59620E+01   0.20810E+03
   78     0.9477   7.6184  -0.28736E+00  -0.25991E-01   0.46933E-01   0.59301E+01   0.20946E+03
   79     0.9646   7.6913  -0.29320E+00  -0.26682E-01   0.46243E-01   0.58985E+01   0.21079E+03
   80     0.9817   7.7635  -0.29909E+00  -0.27385E-01   0.45540E-01   0.58672E+01   0.21211E+03
   81     0.9989   7.8350  -0.30504E+00  -0.28100E-01   0.44824E-01   0.58362E+01   0.21341E+03
   82     1.0163   7.9058  -0.31106E+00  -0.28827E-01   0.44097E-01   0.58055E+01   0.21469E+03
   83     1.0338   7.9759  -0.31713E+00  -0.29567E-01   0.43358E-01   0.57751E+01   0.21593E+03
   84     1.0515   8.0453  -0.32326E+00  -0.30318E-01   0.42607E-01   0.57450E+01   0.21715E+03
   85     1.0693   8.1141  -0.32945E+00  -0.31082E-01   0.41843E-01   0.57151E+01   0.21836E+03
   86     1.0873   8.1821  -0.33570E+00  -0.31858E-01   0.41067E-01   0.56856E+01   0.21953E+03
   87     1.1055   8.2495  -0.34201E+00  -0.32647E-01   0.40278E-01   0.56563E+01   0.22070E+03
   88     1.1238   8.3162  -0.34839E+00  -0.33449E-01   0.39476E-01   0.56274E+01   0.22183E+03
   89     1.1423   8.3823  -0.35482E+00  -0.34262E-01   0.38662E-01   0.55988E+01   0.22293E+03
   90     1.1609   8.4477  -0.36131E+00  -0.35089E-01   0.37835E-01   0.55704E+01   0.22402E+03
   91     1.1797   8.5124  -0.36787E+00  -0.35930E-01   0.36995E-01   0.55424E+01   0.22507E+03
   92     1.1986   8.5764  -0.37449E+00  -0.36783E-01   0.36142E-01   0.55146E+01   0.22610E+03
   93     1.2177   8.6398  -0.38117E+00  -0.37650E-01   0.35275E-01   0.54872E+01   0.22709E+03
   94     1.2370   8.7025  -0.38791E+00  -0.38531E-01   0.34394E-01   0.54600E+01   0.22807E+03
   95     1.2565   8.7646  -0.39472E+00  -0.39425E-01   0.33499E-01   0.54332E+01   0.22902E+03
   96     1.2761   8.8260  -0.40159E+00  -0.40334E-01   0.32591E-01   0.54067E+01   0.22992E+03
   97     1.2959   8.8868  -0.40852E+00  -0.41256E-01   0.31668E-01   0.53805E+01   0.23080E+03
   98     1.3158   8.9469  -0.41552E+00  -0.42194E-01   0.30731E-01   0.53546E+01   0.23163E+03
   99     1.3360   9.0065  -0.42259E+00  -0.43145E-01   0.29780E-01   0.53290E+01   0.23244E+03
  100     1.3563   9.0653  -0.42972E+00  -0.44111E-01   0.28814E-01   0.53037E+01   0.23320E+03
  101     1.3767   9.1236  -0.43691E+00  -0.45091E-01   0.27833E-01   0.52787E+01   0.23394E+03
  102     1.3974   9.1812  -0.44417E+00  -0.46086E-01   0.26838E-01   0.52540E+01   0.23463E+03
  103     1.4183   9.2382  -0.45149E+00  -0.47095E-01   0.25829E-01   0.52297E+01   0.23529E+03
  104     1.4393   9.2945  -0.45888E+00  -0.48119E-01   0.24806E-01   0.52056E+01   0.23591E+03
  105     1.4605   9.3503  -0.46632E+00  -0.49156E-01   0.23768E-01   0.51819E+01   0.23649E+03
  106     1.4819   9.4054  -0.47384E+00  -0.50209E-01   0.22716E-01   0.51584E+01   0.23703E+03
  107     1.5035   9.4600  -0.48141E+00  -0.51275E-01   0.21650E-01   0.51352E+01   0.23751E+03
  108     1.5252   9.5139  -0.48904E+00  -0.52355E-01   0.20570E-01   0.51124E+01   0.23796E+03
  109     1.5472   9.5673  -0.49675E+00  -0.53450E-01   0.19474E-01   0.50898E+01   0.23839E+03
  110     1.5693   9.6200  -0.50451E+00  -0.54560E-01   0.18364E-01   0.50675E+01   0.23878E+03
  111     1.5917   9.6722  -0.51234E+00  -0.55685E-01   0.17239E-01   0.50455E+01   0.23912E+03
  112     1.6142   9.7238  -0.52023E+00  -0.56824E-01   0.16100E-01   0.50239E+01   0.23944E+03
  113     1.6369   9.7748  -0.52819E+00  -0.57979E-01   0.14946E-01   0.50026E+01   0.23973E+03
  114     1.6598   9.8252  -0.53621E+00  -0.59146E-01   0.13779E-01   0.49818E+01   0.23997E+03
  115     1.6830   9.8751  -0.54429E+00  -0.60328E-01   0.12597E-01   0.49613E+01   0.24017E+03
  116     1.7063   9.9244  -0.55244E+00  -0.61526E-01   0.11398E-01   0.49407E+01   0.24036E+03
  117     1.7298   9.9731  -0.56065E+00  -0.62743E-01   0.10182E-01   0.49203E+01   0.24050E+03
  118     1.7536  10.0213  -0.56893E+00  -0.63977E-01   0.89480E-02   0.49004E+01   0.24059E+03
  119     1.7775  10.0689  -0.57729E+00  -0.65226E-01   0.76989E-02   0.48809E+01   0.24065E+03
  120     1.8016  10.1160  -0.58570E+00  -0.66490E-01   0.64347E-02   0.48616E+01   0.24067E+03
  121     1.8260  10.1626  -0.59419E+00  -0.67771E-01   0.51540E-02   0.48427E+01   0.24065E+03
  122     1.8506  10.2086  -0.60274E+00  -0.69068E-01   0.38568E-02   0.48241E+01   0.24060E+03
  123     1.8753  10.2541  -0.61136E+00  -0.70381E-01   0.25435E-02   0.48058E+01   0.24053E+03
  124     1.9003  10.2990  -0.62005E+00  -0.71711E-01   0.12138E-02   0.47878E+01   0.24040E+03
  125     1.9256  10.3434  -0.62880E+00  -0.73058E-01  -0.13294E-03   0.47701E+01   0.24022E+03
  126     1.9510  10.3873  -0.63762E+00  -0.74420E-01  -0.14953E-02   0.47527E+01   0.23998E+03
  127     1.9766  10.4307  -0.64651E+00  -0.75800E-01  -0.28750E-02   0.47355E+01   0.23973E+03
  128     2.0025  10.4736  -0.65547E+00  -0.77196E-01  -0.42717E-02   0.47187E+01   0.23943E+03
  129     2.0286  10.5160  -0.66449E+00  -0.78610E-01  -0.56851E-02   0.47022E+01   0.23907E+03
  130     2.0550  10.5579  -0.67358E+00  -0.80040E-01  -0.71153E-02   0.46859E+01   0.23870E+03
  131     2.0815  10.5993  -0.68274E+00  -0.81487E-01  -0.85625E-02   0.46699E+01   0.23827E+03
  132     2.1083  10.6402  -0.69197E+00  -0.82951E-01  -0.10027E-01   0.46543E+01   0.23782E+03
  133     2.1353  10.6806  -0.70126E+00  -0.84433E-01  -0.11508E-01   0.46389E+01   0.23733E+03
  134     2.1626  10.7205  -0.71062E+00  -0.85932E-01  -0.13007E-01   0.46238E+01   0.23679E+03
  135     2.1901  10.7600  -0.72005E+00  -0.87448E-01  -0.14523E-01   0.46089E+01   0.23623E+03
  136     2.2178  10.7990  -0.72955E+00  -0.88982E-01  -0.16057E-01   0.45944E+01   0.23562E+03
  137     2.2458  10.8375  -0.73912E+00  -0.90534E-01  -0.17609E-01   0.45801E+01   0.23497E+03
  138     2.2740  10.8756  -0.74876E+00  -0.92105E-01  -0.19180E-01   0.45662E+01   0.23429E+03
  139     2.3025  10.9132  -0.75847E+00  -0.93694E-01  -0.20770E-01   0.45524E+01   0.23356E+03
  140     2.3312  10.9504  -0.76825E+00  -0.95302E-01  -0.22377E-01   0.45390E+01   0.23280E+03
  141     2.3602  10.9871  -0.77810E+00  -0.96928E-01  -0.24004E-01   0.45259E+01   0.23199E+03
  142     2.3894  11.0234  -0.78802E+00  -0.98573E-01  -0.25649E-01   0.45129E+01   0.23115E+03
  143     2.4188  11.0592  -0.79801E+00  -0.10024E+00  -0.27313E-01   0.45003E+01   0.23028E+03
  144     2.4486  11.0946  -0.80807E+00  -0.10192E+00  -0.28996E-01   0.44880E+01   0.22935E+03
  145     2.4785  11.1296  -0.81820E+00  -0.10362E+00  -0.30696E-01   0.44758E+01   0.22840E+03
  146     2.5088  11.1641  -0.82841E+00  -0.10534E+00  -0.32416E-01   0.44640E+01   0.22741E+03
  147     2.5393  11.1982  -0.83867E+00  -0.10708E+00  -0.34154E-01   0.44524E+01   0.22638E+03
  148     2.5701  11.2320  -0.84901E+00  -0.10884E+00  -0.35911E-01   0.44410E+01   0.22532E+03
  149     2.6011  11.2653  -0.85942E+00  -0.11061E+00  -0.37688E-01   0.44299E+01   0.22422E+03
  150     2.6324  11.2982  -0.86991E+00  -0.11241E+00  -0.39484E-01   0.44190E+01   0.22310E+03
  151     2.6640  11.3306  -0.88046E+00  -0.11422E+00  -0.41299E-01   0.44084E+01   0.22194E+03
  152     2.6958  11.3627  -0.89109E+00  -0.11606E+00  -0.43136E-01   0.43980E+01   0.22076E+03
  153     2.7280  11.3944  -0.90179E+00  -0.11792E+00  -0.44991E-01   0.43879E+01   0.21954E+03
  154     2.7604  11.4258  -0.91255E+00  -0.11979E+00  -0.46866E-01   0.43780E+01   0.21830E+03
  155     2.7931  11.4567  -0.92340E+00  -0.12169E+00  -0.48764E-01   0.43683E+01   0.21702E+03
  156     2.8260  11.4872  -0.93432E+00  -0.12360E+00  -0.50680E-01   0.43588E+01   0.21572E+03
  157     2.8593  11.5174  -0.94531E+00  -0.12554E+00  -0.52618E-01   0.43496E+01   0.21437E+03
  158     2.8929  11.5472  -0.95638E+00  -0.12750E+00  -0.54577E-01   0.43405E+01   0.21299E+03
  159     2.9267  11.5766  -0.96752E+00  -0.12948E+00  -0.56557E-01   0.43317E+01   0.21160E+03
  160     2.9608  11.6057  -0.97873E+00  -0.13148E+00  -0.58558E-01   0.43231E+01   0.21015E+03
  161     2.9953  11.6344  -0.99002E+00  -0.13350E+00  -0.60580E-01   0.43148E+01   0.20868E+03
  162     3.0300  11.6628  -0.10014E+01  -0.13555E+00  -0.62624E-01   0.43066E+01   0.20719E+03
  163     3.0651  11.6908  -0.10128E+01  -0.13761E+00  -0.64687E-01   0.42986E+01   0.20566E+03
  164     3.1004  11.7184  -0.10243E+01  -0.13970E+00  -0.66771E-01   0.42908E+01   0.20411E+03
  165     3.1360  11.7458  -0.10359E+01  -0.14180E+00  -0.68878E-01   0.42832E+01   0.20253E+03
  166     3.1720  11.7727  -0.10475E+01  -0.14393E+00  -0.71005E-01   0.42758E+01   0.20094E+03
  167     3.2083  11.7994  -0.10593E+01  -0.14608E+00  -0.73154E-01   0.42685E+01   0.19930E+03
  168     3.2449  11.8257  -0.10711E+01  -0.14825E+00  -0.75326E-01   0.42615E+01   0.19767E+03
  169     3.2818  11.8517  -0.10830E+01  -0.15044E+00  -0.77519E-01   0.42546E+01   0.19601E+03
  170     3.3190  11.8773  -0.10949E+01  -0.15266E+00  -0.79735E-01   0.42479E+01   0.19431E+03
  171     3.3565  11.9026  -0.11069E+01  -0.15490E+00  -0.81974E-01   0.42414E+01   0.19262E+03
  172     3.3944  11.9277  -0.11190E+01  -0.15716E+00  -0.84235E-01   0.42351E+01   0.19090E+03
  173     3.4326  11.9524  -0.11312E+01  -0.15944E+00  -0.86518E-01   0.42289E+01   0.18916E+03
  174     3.4712  11.9768  -0.11435E+01  -0.16175E+00  -0.88827E-01   0.42229E+01   0.18741E+03
  175     3.5100  12.0009  -0.11558E+01  -0.16408E+00  -0.91156E-01   0.42170E+01   0.18563E+03
  176     3.5492  12.0246  -0.11682E+01  -0.16643E+00  -0.93509E-01   0.42113E+01   0.18385E+03
  177     3.5888  12.0481  -0.11807E+01  -0.16881E+00  -0.95887E-01   0.42057E+01   0.18203E+03
  178     3.6287  12.0713  -0.11933E+01  -0.17121E+00  -0.98288E-01   0.42003E+01   0.18019E+03
  179     3.6689  12.0942  -0.12060E+01  -0.17364E+00  -0.10071E+00   0.41950E+01   0.17833E+03
  180     3.7095  12.1169  -0.12187E+01  -0.17609E+00  -0.10316E+00   0.41899E+01   0.17645E+03
  181     3.7505  12.1392  -0.12315E+01  -0.17856E+00  -0.10564E+00   0.41849E+01   0.17456E+03
  182     3.7918  12.1612  -0.12444E+01  -0.18106E+00  -0.10813E+00   0.41800E+01   0.17265E+03
  183     3.8334  12.1830  -0.12574E+01  -0.18358E+00  -0.11065E+00   0.41753E+01   0.17075E+03
  184     3.8754  12.2045  -0.12704E+01  -0.18612E+00  -0.11319E+00   0.41707E+01   0.16883E+03
  185     3.9178  12.2257  -0.12835E+01  -0.18868E+00  -0.11576E+00   0.41662E+01   0.16690E+03
  186     3.9606  12.2467  -0.12967E+01  -0.19127E+00  -0.11835E+00   0.41618E+01   0.16496E+03
  187     4.0037  12.2674  -0.13100E+01  -0.19389E+00  -0.12096E+00   0.41576E+01   0.16302E+03
  188     4.0472  12.2878  -0.13233E+01  -0.19653E+00  -0.12360E+00   0.41535E+01   0.16107E+03
  189     4.0911  12.3080  -0.13368E+01  -0.19920E+00  -0.12627E+00   0.41494E+01   0.15911E+03
  190     4.1353  12.3279  -0.13503E+01  -0.20189E+00  -0.12896E+00   0.41455E+01   0.15717E+03
  191     4.1800  12.3476  -0.13639E+01  -0.20460E+00  -0.13168E+00   0.41417E+01   0.15520E+03
  192     4.2250  12.3670  -0.13776E+01  -0.20735E+00  -0.13442E+00   0.41381E+01   0.15325E+03
  193     4.2705  12.3862  -0.13913E+01  -0.21011E+00  -0.13719E+00   0.41345E+01   0.15126E+03
  194     4.3163  12.4051  -0.14052E+01  -0.21291E+00  -0.13998E+00   0.41310E+01   0.14927E+03
  195     4.3625  12.4238  -0.14191E+01  -0.21573E+00  -0.14280E+00   0.41276E+01   0.14725E+03
  196     4.4091  12.4423  -0.14331E+01  -0.21857E+00  -0.14565E+00   0.41243E+01   0.14526E+03
  197     4.4561  12.4605  -0.14472E+01  -0.22145E+00  -0.14852E+00   0.41210E+01   0.14326E+03
  198     4.5036  12.4785  -0.14614E+01  -0.22434E+00  -0.15142E+00   0.41179E+01   0.14127E+03
  199     4.5514  12.4962  -0.14756E+01  -0.22727E+00  -0.15434E+00   0.41149E+01   0.13926E+03
  200     4.5997  12.5138  -0.14899E+01  -0.23021E+00  -0.15728E+00   0.41119E+01   0.13728E+03
  201     4.6484  12.5311  -0.15044E+01  -0.23318E+00  -0.16026E+00   0.41090E+01   0.13527E+03
  202     4.6975  12.5482  -0.15189E+01  -0.23619E+00  -0.16326E+00   0.41063E+01   0.13328E+03
  203     4.7470  12.5650  -0.15335E+01  -0.23922E+00  -0.16629E+00   0.41035E+01   0.13130E+03
  204     4.7970  12.5817  -0.15481E+01  -0.24227E+00  -0.16935E+00   0.41009E+01   0.12933E+03
  205     4.8474  12.5981  -0.15629E+01  -0.24535E+00  -0.17243E+00   0.40983E+01   0.12735E+03
  206     4.8982  12.6144  -0.15777E+01  -0.24846E+00  -0.17554E+00   0.40958E+01   0.12537E+03
  207     4.9495  12.6304  -0.15927E+01  -0.25160E+00  -0.17868E+00   0.40934E+01   0.12339E+03
  208     5.0012  12.6462  -0.16077E+01  -0.25477E+00  -0.18184E+00   0.40910E+01   0.12142E+03
  209     5.0534  12.6619  -0.16228E+01  -0.25796E+00  -0.18503E+00   0.40887E+01   0.11947E+03
  210     5.1060  12.6773  -0.16380E+01  -0.26118E+00  -0.18825E+00   0.40865E+01   0.11752E+03
  211     5.1591  12.6925  -0.16532E+01  -0.26442E+00  -0.19150E+00   0.40843E+01   0.11558E+03
  212     5.2126  12.7076  -0.16686E+01  -0.26769E+00  -0.19477E+00   0.40822E+01   0.11364E+03
  213     5.2667  12.7224  -0.16840E+01  -0.27100E+00  -0.19807E+00   0.40802E+01   0.11173E+03
  214     5.3211  12.7371  -0.16996E+01  -0.27433E+00  -0.20141E+00   0.40782E+01   0.10982E+03
  215     5.3761  12.7515  -0.17152E+01  -0.27769E+00  -0.20477E+00   0.40762E+01   0.10792E+03
  216     5.4315  12.7658  -0.17309E+01  -0.28108E+00  -0.20816E+00   0.40743E+01   0.10602E+03
  217     5.4874  12.7799  -0.17467E+01  -0.28450E+00  -0.21157E+00   0.40725E+01   0.10413E+03
  218     5.5438  12.7938  -0.17626E+01  -0.28794E+00  -0.21502E+00   0.40707E+01   0.10226E+03
  219     5.6007  12.8076  -0.17786E+01  -0.29142E+00  -0.21849E+00   0.40690E+01   0.10040E+03
  220     5.6581  12.8211  -0.17946E+01  -0.29492E+00  -0.22200E+00   0.40673E+01   0.98542E+02
  221     5.7160  12.8345  -0.18108E+01  -0.29845E+00  -0.22553E+00   0.40656E+01   0.96721E+02
  222     5.7744  12.8477  -0.18270E+01  -0.30201E+00  -0.22909E+00   0.40640E+01   0.94902E+02
  223     5.8333  12.8608  -0.18433E+01  -0.30560E+00  -0.23268E+00   0.40625E+01   0.93100E+02
  224     5.8927  12.8737  -0.18598E+01  -0.30922E+00  -0.23630E+00   0.40610E+01   0.91329E+02
  225     5.9526  12.8864  -0.18763E+01  -0.31287E+00  -0.23995E+00   0.40595E+01   0.89304E+02
  226     6.0131  12.8990  -0.18929E+01  -0.31655E+00  -0.24363E+00   0.40581E+01   0.87805E+02
  227     6.0740  12.9114  -0.19096E+01  -0.32027E+00  -0.24734E+00   0.40567E+01   0.86026E+02
  228     6.1355  12.9236  -0.19264E+01  -0.32401E+00  -0.25108E+00   0.40553E+01   0.84300E+02
  229     6.1976  12.9357  -0.19431E+01  -0.32771E+00  -0.25479E+00   0.40540E+01   0.82604E+02
  230     6.2602  12.9476  -0.19602E+01  -0.33156E+00  -0.25864E+00   0.40527E+01   0.80887E+02
  231     6.3233  12.9594  -0.19773E+01  -0.33540E+00  -0.26248E+00   0.40514E+01   0.79196E+02
  232     6.3869  12.9710  -0.19945E+01  -0.33927E+00  -0.26634E+00   0.40502E+01   0.77512E+02
  233     6.4512  12.9825  -0.20117E+01  -0.34315E+00  -0.27023E+00   0.40490E+01   0.76119E+02
  234     6.5159  12.9938  -0.20290E+01  -0.34708E+00  -0.27415E+00   0.40479E+01   0.74259E+02
  235     6.5813  13.0050  -0.20465E+01  -0.35103E+00  -0.27810E+00   0.40468E+01   0.72676E+02
  236     6.6472  13.0160  -0.20640E+01  -0.35501E+00  -0.28208E+00   0.40457E+01   0.71093E+02
  237     6.7137  13.0269  -0.20816E+01  -0.35903E+00  -0.28610E+00   0.40446E+01   0.69538E+02
  238     6.7807  13.0377  -0.20994E+01  -0.36307E+00  -0.29015E+00   0.40436E+01   0.67983E+02
  239     6.8484  13.0483  -0.21172E+01  -0.36715E+00  -0.29423E+00   0.40426E+01   0.66458E+02
  240     6.9166  13.0588  -0.21351E+01  -0.37126E+00  -0.29834E+00   0.40416E+01   0.64946E+02
  241     6.9854  13.0691  -0.21531E+01  -0.37540E+00  -0.30248E+00   0.40406E+01   0.63454E+02
  242     7.0549  13.0794  -0.21712E+01  -0.37958E+00  -0.30665E+00   0.40397E+01   0.61981E+02
  243     7.1249  13.0894  -0.21894E+01  -0.38378E+00  -0.31086E+00   0.40388E+01   0.60535E+02
  244     7.1955  13.0994  -0.22077E+01  -0.38802E+00  -0.31509E+00   0.40379E+01   0.59104E+02
  245     7.2668  13.1092  -0.22261E+01  -0.39229E+00  -0.31936E+00   0.40371E+01   0.57691E+02
  246     7.3387  13.1189  -0.22446E+01  -0.39659E+00  -0.32366E+00   0.40362E+01   0.56301E+02
  247     7.4112  13.1285  -0.22632E+01  -0.40092E+00  -0.32800E+00   0.40354E+01   0.54945E+02
  248     7.4843  13.1380  -0.22819E+01  -0.40529E+00  -0.33236E+00   0.40346E+01   0.53589E+02
  249     7.5580  13.1473  -0.23007E+01  -0.40969E+00  -0.33676E+00   0.40339E+01   0.52265E+02
  250     7.6324  13.1565  -0.23196E+01  -0.41412E+00  -0.34120E+00   0.40331E+01   0.50960E+02
  251     7.7075  13.1656  -0.23386E+01  -0.41859E+00  -0.34566E+00   0.40324E+01   0.49679E+02
  252     7.7832  13.1746  -0.23577E+01  -0.42309E+00  -0.35016E+00   0.40316E+01   0.48420E+02
  253     7.8596  13.1834  -0.23769E+01  -0.42762E+00  -0.35469E+00   0.40309E+01   0.47175E+02
  254     7.9366  13.1922  -0.23962E+01  -0.43218E+00  -0.35926E+00   0.40303E+01   0.45950E+02
  255     8.0143  13.2008  -0.24157E+01  -0.43679E+00  -0.36387E+00   0.40296E+01   0.44749E+02
  256     8.0926  13.2093  -0.24352E+01  -0.44142E+00  -0.36849E+00   0.40290E+01   0.43576E+02
  257     8.1717  13.2178  -0.24548E+01  -0.44609E+00  -0.37316E+00   0.40283E+01   0.42411E+02
  258     8.2514  13.2261  -0.24745E+01  -0.45079E+00  -0.37786E+00   0.40277E+01   0.41267E+02
  259     8.3319  13.2343  -0.24943E+01  -0.45553E+00  -0.38260E+00   0.40271E+01   0.40161E+02
  260     8.4130  13.2424  -0.25142E+01  -0.46030E+00  -0.38737E+00   0.40265E+01   0.39059E+02
  261     8.4948  13.2503  -0.25343E+01  -0.46510E+00  -0.39218E+00   0.40260E+01   0.37984E+02
  262     8.5774  13.2582  -0.25544E+01  -0.46994E+00  -0.39701E+00   0.40254E+01   0.36928E+02
  263     8.6606  13.2660  -0.25746E+01  -0.47482E+00  -0.40189E+00   0.40249E+01   0.35894E+02
  264     8.7446  13.2737  -0.25950E+01  -0.47973E+00  -0.40680E+00   0.40244E+01   0.34877E+02
  265     8.8293  13.2813  -0.26154E+01  -0.48467E+00  -0.41175E+00   0.40238E+01   0.33883E+02
  266     8.9148  13.2888  -0.26360E+01  -0.48966E+00  -0.41673E+00   0.40233E+01   0.32908E+02
  267     9.0010  13.2962  -0.26566E+01  -0.49467E+00  -0.42175E+00   0.40229E+01   0.31956E+02
  268     9.0879  13.3035  -0.26774E+01  -0.49972E+00  -0.42680E+00   0.40224E+01   0.31019E+02
  269     9.1756  13.3107  -0.26983E+01  -0.50481E+00  -0.43189E+00   0.40219E+01   0.30099E+02
  270     9.2641  13.3178  -0.27193E+01  -0.50994E+00  -0.43701E+00   0.40215E+01   0.29206E+02
  271     9.3534  13.3248  -0.27404E+01  -0.51509E+00  -0.44217E+00   0.40210E+01   0.28332E+02
  272     9.4434  13.3317  -0.27616E+01  -0.52029E+00  -0.44736E+00   0.40206E+01   0.27473E+02
  273     9.5342  13.3386  -0.27829E+01  -0.52552E+00  -0.45260E+00   0.40202E+01   0.26636E+02
  274     9.6257  13.3453  -0.28043E+01  -0.53079E+00  -0.45787E+00   0.40198E+01   0.25822E+02
  275     9.7181  13.3520  -0.28259E+01  -0.53610E+00  -0.46317E+00   0.40193E+01   0.25020E+02
  276     9.8113  13.3586  -0.28475E+01  -0.54144E+00  -0.46852E+00   0.40190E+01   0.24238E+02
  277     9.9053  13.3651  -0.28693E+01  -0.54683E+00  -0.47390E+00   0.40186E+01   0.23474E+02
  278    10.0001  13.3715  -0.28911E+01  -0.55224E+00  -0.47932E+00   0.40182E+01   0.22725E+02
  279    10.0957  13.3778  -0.29131E+01  -0.55770E+00  -0.48477E+00   0.40178E+01   0.22000E+02
  280    10.1922  13.3841  -0.29352E+01  -0.56319E+00  -0.49026E+00   0.40175E+01   0.21291E+02
  281    10.2895  13.3902  -0.29574E+01  -0.56872E+00  -0.49579E+00   0.40171E+01   0.20599E+02
  282    10.3877  13.3963  -0.29798E+01  -0.57429E+00  -0.50136E+00   0.40168E+01   0.19927E+02
  283    10.4867  13.4023  -0.30022E+01  -0.57989E+00  -0.50697E+00   0.40165E+01   0.19267E+02
  284    10.5865  13.4083  -0.30248E+01  -0.58554E+00  -0.51262E+00   0.40161E+01   0.18628E+02
  285    10.6873  13.4141  -0.30474E+01  -0.59122E+00  -0.51830E+00   0.40158E+01   0.18003E+02
  286    10.7889  13.4199  -0.30702E+01  -0.59695E+00  -0.52402E+00   0.40155E+01   0.17393E+02
  287    10.8914  13.4256  -0.30931E+01  -0.60271E+00  -0.52978E+00   0.40152E+01   0.16796E+02
  288    10.9947  13.4312  -0.31162E+01  -0.60851E+00  -0.53558E+00   0.40149E+01   0.16221E+02
  289    11.0990  13.4368  -0.31393E+01  -0.61435E+00  -0.54142E+00   0.40146E+01   0.15662E+02
  290    11.2042  13.4423  -0.31626E+01  -0.62023E+00  -0.54730E+00   0.40143E+01   0.15114E+02
  291    11.3103  13.4477  -0.31859E+01  -0.62614E+00  -0.55322E+00   0.40141E+01   0.14583E+02
  292    11.4173  13.4530  -0.32094E+01  -0.63210E+00  -0.55918E+00   0.40138E+01   0.14066E+02
  293    11.5253  13.4583  -0.32331E+01  -0.63810E+00  -0.56518E+00   0.40135E+01   0.13565E+02
  294    11.6342  13.4635  -0.32568E+01  -0.64414E+00  -0.57122E+00   0.40133E+01   0.13077E+02
  295    11.7440  13.4687  -0.32807E+01  -0.65021E+00  -0.57729E+00   0.40130E+01   0.12604E+02
  296    11.8548  13.4738  -0.33046E+01  -0.65633E+00  -0.58341E+00   0.40128E+01   0.12144E+02
  297    11.9666  13.4788  -0.33288E+01  -0.66250E+00  -0.58957E+00   0.40125E+01   0.11696E+02
  298    12.0793  13.4837  -0.33530E+01  -0.66869E+00  -0.59577E+00   0.40123E+01   0.11266E+02
  299    12.1930  13.4886  -0.33773E+01  -0.67494E+00  -0.60201E+00   0.40121E+01   0.10847E+02
  300    12.3077  13.4934  -0.34018E+01  -0.68122E+00  -0.60830E+00   0.40119E+01   0.10434E+02
  301    12.4234  13.4982  -0.34264E+01  -0.68755E+00  -0.61462E+00   0.40116E+01   0.10040E+02
  302    12.5401  13.5029  -0.34512E+01  -0.69391E+00  -0.62099E+00   0.40114E+01   0.96583E+01
  303    12.6578  13.5075  -0.34760E+01  -0.70032E+00  -0.62740E+00   0.40112E+01   0.92860E+01
  304    12.7766  13.5121  -0.35010E+01  -0.70677E+00  -0.63384E+00   0.40110E+01   0.89277E+01
  305    12.8963  13.5166  -0.35261E+01  -0.71327E+00  -0.64034E+00   0.40108E+01   0.85796E+01
  306    13.0172  13.5211  -0.35513E+01  -0.71980E+00  -0.64687E+00   0.40106E+01   0.82445E+01
  307    13.1390  13.5255  -0.35767E+01  -0.72638E+00  -0.65346E+00   0.40104E+01   0.79155E+01
  308    13.2619  13.5298  -0.36022E+01  -0.73300E+00  -0.66008E+00   0.40102E+01   0.76010E+01
  309    13.3859  13.5341  -0.36278E+01  -0.73967E+00  -0.66674E+00   0.40101E+01   0.72954E+01
  310    13.5110  13.5383  -0.36535E+01  -0.74637E+00  -0.67344E+00   0.40099E+01   0.70010E+01
  311    13.6372  13.5425  -0.36794E+01  -0.75312E+00  -0.68020E+00   0.40097E+01   0.67162E+01
  312    13.7644  13.5466  -0.37054E+01  -0.75991E+00  -0.68698E+00   0.40095E+01   0.64425E+01
  313    13.8928  13.5507  -0.37316E+01  -0.76675E+00  -0.69383E+00   0.40094E+01   0.61747E+01
  314    14.0223  13.5547  -0.37579E+01  -0.77364E+00  -0.70071E+00   0.40092E+01   0.59178E+01
  315    14.1529  13.5587  -0.37843E+01  -0.78056E+00  -0.70764E+00   0.40090E+01   0.56689E+01
  316    14.2846  13.5626  -0.38108E+01  -0.78753E+00  -0.71461E+00   0.40089E+01   0.54314E+01
  317    14.4175  13.5665  -0.38375E+01  -0.79455E+00  -0.72163E+00   0.40087E+01   0.51994E+01
  318    14.5515  13.5703  -0.38643E+01  -0.80160E+00  -0.72868E+00   0.40086E+01   0.49769E+01
  319    14.6867  13.5741  -0.38912E+01  -0.80870E+00  -0.73578E+00   0.40084E+01   0.47656E+01
  320    14.8231  13.5778  -0.39184E+01  -0.81587E+00  -0.74295E+00   0.40083E+01   0.45574E+01
  321    14.9607  13.5815  -0.39456E+01  -0.82306E+00  -0.75014E+00   0.40081E+01   0.43585E+01
  322    15.0994  13.5851  -0.39730E+01  -0.83032E+00  -0.75740E+00   0.40080E+01   0.41647E+01
  323    15.2394  13.5887  -0.40005E+01  -0.83760E+00  -0.76468E+00   0.40079E+01   0.39814E+01
  324    15.3806  13.5922  -0.40281E+01  -0.84494E+00  -0.77201E+00   0.40077E+01   0.38030E+01
  325    15.5230  13.5957  -0.40559E+01  -0.85231E+00  -0.77939E+00   0.40076E+01   0.36337E+01
  326    15.6666  13.5991  -0.40838E+01  -0.85975E+00  -0.78682E+00   0.40075E+01   0.34681E+01
  327    15.8115  13.6025  -0.41119E+01  -0.86722E+00  -0.79430E+00   0.40074E+01   0.33122E+01
  328    15.9577  13.6059  -0.41401E+01  -0.87475E+00  -0.80182E+00   0.40072E+01   0.31575E+01
  329    16.1051  13.6092  -0.41684E+01  -0.88233E+00  -0.80940E+00   0.40071E+01   0.30133E+01
  330    16.2538  13.6124  -0.41969E+01  -0.88993E+00  -0.81700E+00   0.40070E+01   0.28732E+01
  331    16.4038  13.6157  -0.42255E+01  -0.89760E+00  -0.82467E+00   0.40069E+01   0.27397E+01
  332    16.5551  13.6188  -0.42543E+01  -0.90532E+00  -0.83239E+00   0.40068E+01   0.26103E+01
  333    16.7078  13.6220  -0.42832E+01  -0.91308E+00  -0.84016E+00   0.40067E+01   0.24860E+01
  334    16.8617  13.6251  -0.43123E+01  -0.92090E+00  -0.84797E+00   0.40066E+01   0.23671E+01
  335    17.0170  13.6281  -0.43415E+01  -0.92875E+00  -0.85583E+00   0.40064E+01   0.22536E+01
  336    17.1736  13.6312  -0.43709E+01  -0.93667E+00  -0.86374E+00   0.40063E+01   0.21441E+01
  337    17.3316  13.6342  -0.44004E+01  -0.94463E+00  -0.87170E+00   0.40062E+01   0.20407E+01
  338    17.4910  13.6371  -0.44301E+01  -0.95263E+00  -0.87971E+00   0.40061E+01   0.19404E+01
  339    17.6518  13.6400  -0.44599E+01  -0.96070E+00  -0.88777E+00   0.40060E+01   0.18443E+01
  340    17.8139  13.6429  -0.44898E+01  -0.96880E+00  -0.89588E+00   0.40059E+01   0.17527E+01
  341    17.9775  13.6457  -0.45200E+01  -0.97698E+00  -0.90405E+00   0.40059E+01   0.16652E+01
  342    18.1425  13.6485  -0.45502E+01  -0.98517E+00  -0.91225E+00   0.40058E+01   0.15816E+01
  343    18.3089  13.6513  -0.45807E+01  -0.99344E+00  -0.92052E+00   0.40057E+01   0.15002E+01
  344    18.4768  13.6540  -0.46112E+01  -0.10018E+01  -0.92883E+00   0.40056E+01   0.14247E+01
  345    18.6461  13.6567  -0.46420E+01  -0.10101E+01  -0.93720E+00   0.40055E+01   0.13508E+01
  346    18.8169  13.6593  -0.46728E+01  -0.10185E+01  -0.94561E+00   0.40054E+01   0.12819E+01
  347    18.9892  13.6619  -0.47039E+01  -0.10270E+01  -0.95409E+00   0.40053E+01   0.12145E+01
  348    19.1630  13.6645  -0.47352E+01  -0.10356E+01  -0.96263E+00   0.40052E+01   0.11511E+01
  349    19.3383  13.6671  -0.47664E+01  -0.10441E+01  -0.97116E+00   0.40052E+01   0.10902E+01
  350    19.5151  13.6696  -0.47980E+01  -0.10527E+01  -0.97981E+00   0.40051E+01   0.10326E+01
  351    19.6934  13.6721  -0.48296E+01  -0.10614E+01  -0.98848E+00   0.40050E+01   0.97764E+00
  352    19.8734  13.6745  -0.48615E+01  -0.10701E+01  -0.99722E+00   0.40049E+01   0.92463E+00
  353    20.0548  13.6770  -0.48935E+01  -0.10789E+01  -0.10060E+01   0.40049E+01   0.87484E+00
  354    20.2379  13.6794  -0.49256E+01  -0.10878E+01  -0.10148E+01   0.40048E+01   0.82755E+00
  355    20.4225  13.6817  -0.49579E+01  -0.10967E+01  -0.10237E+01   0.40047E+01   0.78151E+00
  356    20.6088  13.6840  -0.49904E+01  -0.11056E+01  -0.10327E+01   0.40047E+01   0.73855E+00
  357    20.7966  13.6863  -0.50231E+01  -0.11146E+01  -0.10417E+01   0.40046E+01   0.69751E+00
  358    20.9861  13.6886  -0.50559E+01  -0.11237E+01  -0.10508E+01   0.40045E+01   0.65782E+00
  359    21.1773  13.6909  -0.50889E+01  -0.11328E+01  -0.10599E+01   0.40045E+01   0.62142E+00
  360    21.3701  13.6931  -0.51220E+01  -0.11419E+01  -0.10690E+01   0.40044E+01   0.58628E+00
  361    21.5646  13.6953  -0.51553E+01  -0.11512E+01  -0.10783E+01   0.40043E+01   0.55289E+00
  362    21.7607  13.6974  -0.51888E+01  -0.11605E+01  -0.10875E+01   0.40043E+01   0.52110E+00
  363    21.9586  13.6995  -0.52225E+01  -0.11699E+01  -0.10969E+01   0.40000E+01   0.49106E+00
  364    22.1582  13.7016  -0.52563E+01  -0.11792E+01  -0.11063E+01   0.40000E+01   0.46255E+00
  365    22.3596  13.7037  -0.52903E+01  -0.11887E+01  -0.11158E+01   0.40000E+01   0.43544E+00
  366    22.5626  13.7058  -0.53245E+01  -0.11982E+01  -0.11253E+01   0.40000E+01   0.40989E+00
  367    22.7675  13.7078  -0.53588E+01  -0.12078E+01  -0.11348E+01   0.40000E+01   0.38559E+00
  368    22.9741  13.7098  -0.53933E+01  -0.12174E+01  -0.11445E+01   0.40000E+01   0.36278E+00
  369    23.1825  13.7117  -0.54279E+01  -0.12271E+01  -0.11541E+01   0.40000E+01   0.34070E+00
  370    23.3928  13.7137  -0.54628E+01  -0.12368E+01  -0.11639E+01   0.40000E+01   0.32018E+00
  371    23.6049  13.7156  -0.54978E+01  -0.12466E+01  -0.11737E+01   0.40000E+01   0.30092E+00
  372    23.8188  13.7175  -0.55330E+01  -0.12565E+01  -0.11835E+01   0.40000E+01   0.28257E+00
  373    24.0345  13.7194  -0.55684E+01  -0.12664E+01  -0.11935E+01   0.40000E+01   0.26507E+00
  374    24.2522  13.7212  -0.56040E+01  -0.12764E+01  -0.12034E+01   0.40000E+01   0.24861E+00
  375    24.4717  13.7230  -0.56397E+01  -0.12864E+01  -0.12135E+01   0.40000E+01   0.23312E+00
  376    24.6932  13.7248  -0.56757E+01  -0.12965E+01  -0.12236E+01   0.40000E+01   0.21854E+00
  377    24.9166  13.7266  -0.57117E+01  -0.13066E+01  -0.12337E+01   0.40000E+01   0.20477E+00
  378    25.1419  13.7284  -0.57480E+01  -0.13169E+01  -0.12439E+01   0.40000E+01   0.19183E+00
  379    25.3691  13.7301  -0.57845E+01  -0.13271E+01  -0.12542E+01   0.40000E+01   0.17967E+00
  380    25.5984  13.7318  -0.58211E+01  -0.13375E+01  -0.12645E+01   0.40000E+01   0.16799E+00
  381    25.8296  13.7335  -0.58580E+01  -0.13479E+01  -0.12750E+01   0.40000E+01   0.15714E+00
  382    26.0629  13.7351  -0.58950E+01  -0.13583E+01  -0.12854E+01   0.40000E+01   0.14696E+00
  383    26.2982  13.7368  -0.59322E+01  -0.13688E+01  -0.12959E+01   0.40000E+01   0.13728E+00
  384    26.5355  13.7384  -0.59696E+01  -0.13794E+01  -0.13065E+01   0.40000E+01   0.12825E+00
  385    26.7749  13.7400  -0.60071E+01  -0.13901E+01  -0.13171E+01   0.40000E+01   0.11971E+00
  386    27.0164  13.7416  -0.60449E+01  -0.14008E+01  -0.13278E+01   0.40000E+01   0.11172E+00
  387    27.2599  13.7431  -0.60828E+01  -0.14115E+01  -0.13386E+01   0.40000E+01   0.10432E+00
  388    27.5056  13.7447  -0.61210E+01  -0.14224E+01  -0.13494E+01   0.40000E+01   0.97211E-01
  389    27.7534  13.7462  -0.61593E+01  -0.14333E+01  -0.13603E+01   0.40000E+01   0.90609E-01
  390    28.0034  13.7477  -0.61978E+01  -0.14442E+01  -0.13713E+01   0.40000E+01   0.84390E-01
  391    28.2556  13.7492  -0.62365E+01  -0.14552E+01  -0.13823E+01   0.40000E+01   0.78633E-01
  392    28.5099  13.7506  -0.62753E+01  -0.14663E+01  -0.13934E+01   0.40000E+01   0.73187E-01
  393    28.7665  13.7521  -0.63144E+01  -0.14775E+01  -0.14045E+01   0.40000E+01   0.68061E-01
  394    29.0253  13.7535  -0.63537E+01  -0.14887E+01  -0.14157E+01   0.40000E+01   0.63300E-01
  395    29.2863  13.7549  -0.63932E+01  -0.14999E+01  -0.14270E+01   0.40000E+01   0.58870E-01
  396    29.5496  13.7563  -0.64328E+01  -0.15113E+01  -0.14383E+01   0.40000E+01   0.54734E-01
  397    29.8152  13.7577  -0.64727E+01  -0.15227E+01  -0.14498E+01   0.40000E+01   0.50805E-01
  398    30.0831  13.7590  -0.65127E+01  -0.15341E+01  -0.14612E+01   0.40000E+01   0.47176E-01
  399    30.3534  13.7604  -0.65529E+01  -0.15457E+01  -0.14728E+01   0.40000E+01   0.43751E-01
  400    30.6259  13.7617  -0.65933E+01  -0.15573E+01  -0.14843E+01   0.40000E+01   0.40596E-01
