    1     0.0001   0.0014  -0.15259E-04   0.36240E-06   0.70955E-01   0.89841E+01   0.71721E+02
    2     0.0088   0.1221  -0.17357E-02  -0.59878E-04   0.70894E-01   0.89322E+01   0.96446E+02
    3     0.0176   0.2423  -0.36292E-02  -0.15742E-03   0.70797E-01   0.88814E+01   0.10190E+03
    4     0.0264   0.3621  -0.56025E-02  -0.26769E-03   0.70687E-01   0.88311E+01   0.10560E+03
    5     0.0353   0.4814  -0.76628E-02  -0.39238E-03   0.70562E-01   0.87813E+01   0.10920E+03
    6     0.0443   0.6003  -0.97808E-02  -0.52389E-03   0.70430E-01   0.87319E+01   0.11227E+03
    7     0.0534   0.7188  -0.11954E-01  -0.66168E-03   0.70293E-01   0.86828E+01   0.11502E+03
    8     0.0626   0.8368  -0.14181E-01  -0.80557E-03   0.70149E-01   0.86339E+01   0.11764E+03
    9     0.0718   0.9543  -0.16459E-01  -0.95474E-03   0.70000E-01   0.85854E+01   0.12021E+03
   10     0.0811   1.0713  -0.18787E-01  -0.11092E-02   0.69845E-01   0.85371E+01   0.12267E+03
   11     0.0905   1.1879  -0.21165E-01  -0.12687E-02   0.69686E-01   0.84890E+01   0.12508E+03
   12     0.1000   1.3039  -0.23589E-01  -0.14327E-02   0.69522E-01   0.84412E+01   0.12741E+03
   13     0.1096   1.4195  -0.26062E-01  -0.16015E-02   0.69353E-01   0.83937E+01   0.12974E+03
   14     0.1192   1.5346  -0.28589E-01  -0.17772E-02   0.69177E-01   0.83464E+01   0.13209E+03
   15     0.1290   1.6491  -0.31154E-01  -0.19549E-02   0.68999E-01   0.82993E+01   0.13433E+03
   16     0.1388   1.7632  -0.33766E-01  -0.21375E-02   0.68817E-01   0.82525E+01   0.13661E+03
   17     0.1487   1.8767  -0.36424E-01  -0.23251E-02   0.68629E-01   0.82059E+01   0.13883E+03
   18     0.1587   1.9897  -0.39129E-01  -0.25168E-02   0.68438E-01   0.81595E+01   0.14108E+03
   19     0.1687   2.1021  -0.41882E-01  -0.27137E-02   0.68241E-01   0.81134E+01   0.14331E+03
   20     0.1789   2.2140  -0.44681E-01  -0.29157E-02   0.68039E-01   0.80675E+01   0.14551E+03
   21     0.1891   2.3254  -0.47527E-01  -0.31231E-02   0.67831E-01   0.80219E+01   0.14775E+03
   22     0.1995   2.4362  -0.50420E-01  -0.33356E-02   0.67619E-01   0.79765E+01   0.14995E+03
   23     0.2099   2.5465  -0.53361E-01  -0.35533E-02   0.67401E-01   0.79313E+01   0.15216E+03
   24     0.2204   2.6562  -0.56348E-01  -0.37766E-02   0.67178E-01   0.78863E+01   0.15436E+03
   25     0.2310   2.7653  -0.59383E-01  -0.40052E-02   0.66949E-01   0.78416E+01   0.15657E+03
   26     0.2417   2.8738  -0.62466E-01  -0.42400E-02   0.66714E-01   0.77971E+01   0.15879E+03
   27     0.2525   2.9818  -0.65596E-01  -0.44801E-02   0.66474E-01   0.77529E+01   0.16098E+03
   28     0.2634   3.0892  -0.68775E-01  -0.47264E-02   0.66228E-01   0.77089E+01   0.16319E+03
   29     0.2744   3.1959  -0.72003E-01  -0.49789E-02   0.65975E-01   0.76651E+01   0.16541E+03
   30     0.2855   3.3021  -0.75279E-01  -0.52379E-02   0.65716E-01   0.76216E+01   0.16762E+03
   31     0.2967   3.4077  -0.78605E-01  -0.55034E-02   0.65451E-01   0.75783E+01   0.16982E+03
   32     0.3079   3.5127  -0.81979E-01  -0.57748E-02   0.65180E-01   0.75353E+01   0.17203E+03
   33     0.3193   3.6170  -0.85384E-01  -0.60478E-02   0.64907E-01   0.74924E+01   0.17426E+03
   34     0.3308   3.7207  -0.88856E-01  -0.63324E-02   0.64622E-01   0.74498E+01   0.17647E+03
   35     0.3423   3.8238  -0.92377E-01  -0.66243E-02   0.64330E-01   0.74075E+01   0.17865E+03
   36     0.3540   3.9263  -0.95949E-01  -0.69229E-02   0.64031E-01   0.73654E+01   0.18086E+03
   37     0.3658   4.0281  -0.99573E-01  -0.72290E-02   0.63725E-01   0.73236E+01   0.18306E+03
   38     0.3777   4.1293  -0.10325E+00  -0.75423E-02   0.63412E-01   0.72820E+01   0.18526E+03
   39     0.3896   4.2299  -0.10697E+00  -0.78634E-02   0.63091E-01   0.72406E+01   0.18746E+03
   40     0.4017   4.3298  -0.11075E+00  -0.81915E-02   0.62763E-01   0.71996E+01   0.18966E+03
   41     0.4139   4.4291  -0.11457E+00  -0.85279E-02   0.62427E-01   0.71588E+01   0.19186E+03
   42     0.4262   4.5276  -0.11845E+00  -0.88727E-02   0.62082E-01   0.71182E+01   0.19406E+03
   43     0.4386   4.6256  -0.12239E+00  -0.92259E-02   0.61729E-01   0.70778E+01   0.19623E+03
   44     0.4511   4.7229  -0.12637E+00  -0.95866E-02   0.61368E-01   0.70378E+01   0.19840E+03
   45     0.4637   4.8195  -0.13041E+00  -0.99554E-02   0.60999E-01   0.69980E+01   0.20059E+03
   46     0.4764   4.9154  -0.13450E+00  -0.10333E-01   0.60622E-01   0.69584E+01   0.20276E+03
   47     0.4893   5.0106  -0.13864E+00  -0.10718E-01   0.60236E-01   0.69191E+01   0.20492E+03
   48     0.5022   5.1052  -0.14283E+00  -0.11113E-01   0.59841E-01   0.68801E+01   0.20708E+03
   49     0.5153   5.1991  -0.14709E+00  -0.11517E-01   0.59437E-01   0.68413E+01   0.20921E+03
   50     0.5285   5.2923  -0.15139E+00  -0.11930E-01   0.59024E-01   0.68027E+01   0.21138E+03
   51     0.5417   5.3849  -0.15575E+00  -0.12352E-01   0.58603E-01   0.67645E+01   0.21349E+03
   52     0.5552   5.4767  -0.16016E+00  -0.12783E-01   0.58172E-01   0.67265E+01   0.21561E+03
   53     0.5687   5.5679  -0.16463E+00  -0.13223E-01   0.57732E-01   0.66888E+01   0.21774E+03
   54     0.5823   5.6583  -0.16915E+00  -0.13672E-01   0.57282E-01   0.66513E+01   0.21983E+03
   55     0.5961   5.7481  -0.17373E+00  -0.14131E-01   0.56823E-01   0.66142E+01   0.22193E+03
   56     0.6099   5.8371  -0.17836E+00  -0.14600E-01   0.56355E-01   0.65772E+01   0.22402E+03
   57     0.6239   5.9255  -0.18304E+00  -0.15078E-01   0.55876E-01   0.65406E+01   0.22609E+03
   58     0.6381   6.0132  -0.18779E+00  -0.15566E-01   0.55388E-01   0.65043E+01   0.22816E+03
   59     0.6523   6.1001  -0.19259E+00  -0.16065E-01   0.54890E-01   0.64682E+01   0.23022E+03
   60     0.6667   6.1864  -0.19744E+00  -0.16573E-01   0.54381E-01   0.64323E+01   0.23224E+03
   61     0.6812   6.2719  -0.20235E+00  -0.17092E-01   0.53862E-01   0.63968E+01   0.23426E+03
   62     0.6958   6.3568  -0.20732E+00  -0.17622E-01   0.53332E-01   0.63615E+01   0.23624E+03
   63     0.7105   6.4409  -0.21235E+00  -0.18162E-01   0.52792E-01   0.63264E+01   0.23824E+03
   64     0.7254   6.5244  -0.21743E+00  -0.18713E-01   0.52241E-01   0.62917E+01   0.24019E+03
   65     0.7404   6.6071  -0.22257E+00  -0.19275E-01   0.51679E-01   0.62572E+01   0.24214E+03
   66     0.7555   6.6891  -0.22777E+00  -0.19848E-01   0.51107E-01   0.62231E+01   0.24407E+03
   67     0.7708   6.7704  -0.23303E+00  -0.20431E-01   0.50523E-01   0.61892E+01   0.24598E+03
   68     0.7862   6.8511  -0.23835E+00  -0.21026E-01   0.49928E-01   0.61556E+01   0.24788E+03
   69     0.8017   6.9310  -0.24372E+00  -0.21632E-01   0.49322E-01   0.61222E+01   0.24975E+03
   70     0.8174   7.0102  -0.24915E+00  -0.22250E-01   0.48705E-01   0.60892E+01   0.25161E+03
   71     0.8332   7.0886  -0.25465E+00  -0.22880E-01   0.48075E-01   0.60564E+01   0.25345E+03
   72     0.8491   7.1664  -0.26021E+00  -0.23522E-01   0.47432E-01   0.60239E+01   0.25524E+03
   73     0.8652   7.2435  -0.26583E+00  -0.24176E-01   0.46778E-01   0.59918E+01   0.25703E+03
   74     0.8814   7.3199  -0.27149E+00  -0.24840E-01   0.46115E-01   0.59598E+01   0.25878E+03
   75     0.8977   7.3956  -0.27722E+00  -0.25514E-01   0.45440E-01   0.59282E+01   0.26051E+03
   76     0.9142   7.4705  -0.28301E+00  -0.26203E-01   0.44752E-01   0.58968E+01   0.26221E+03
   77     0.9309   7.5448  -0.28887E+00  -0.26904E-01   0.44050E-01   0.58658E+01   0.26388E+03
   78     0.9477   7.6184  -0.29478E+00  -0.27617E-01   0.43337E-01   0.58350E+01   0.26552E+03
   79     0.9646   7.6913  -0.30075E+00  -0.28343E-01   0.42612E-01   0.58045E+01   0.26713E+03
   80     0.9817   7.7635  -0.30679E+00  -0.29081E-01   0.41874E-01   0.57744E+01   0.26871E+03
   81     0.9989   7.8350  -0.31289E+00  -0.29831E-01   0.41123E-01   0.57445E+01   0.27028E+03
   82     1.0163   7.9058  -0.31905E+00  -0.30594E-01   0.40360E-01   0.57149E+01   0.27179E+03
   83     1.0338   7.9759  -0.32527E+00  -0.31370E-01   0.39584E-01   0.56856E+01   0.27325E+03
   84     1.0515   8.0453  -0.33155E+00  -0.32159E-01   0.38795E-01   0.56566E+01   0.27470E+03
   85     1.0693   8.1141  -0.33789E+00  -0.32961E-01   0.37993E-01   0.56279E+01   0.27614E+03
   86     1.0873   8.1821  -0.34430E+00  -0.33775E-01   0.37179E-01   0.55995E+01   0.27750E+03
   87     1.1055   8.2495  -0.35076E+00  -0.34603E-01   0.36352E-01   0.55714E+01   0.27885E+03
   88     1.1238   8.3162  -0.35729E+00  -0.35443E-01   0.35511E-01   0.55436E+01   0.28014E+03
   89     1.1423   8.3823  -0.36388E+00  -0.36297E-01   0.34658E-01   0.55160E+01   0.28140E+03
   90     1.1609   8.4477  -0.37053E+00  -0.37164E-01   0.33790E-01   0.54888E+01   0.28263E+03
   91     1.1797   8.5124  -0.37725E+00  -0.38045E-01   0.32910E-01   0.54618E+01   0.28381E+03
   92     1.1986   8.5764  -0.38402E+00  -0.38939E-01   0.32015E-01   0.54352E+01   0.28495E+03
   93     1.2177   8.6398  -0.39086E+00  -0.39846E-01   0.31108E-01   0.54088E+01   0.28603E+03
   94     1.2370   8.7025  -0.39777E+00  -0.40769E-01   0.30186E-01   0.53828E+01   0.28710E+03
   95     1.2565   8.7646  -0.40474E+00  -0.41704E-01   0.29251E-01   0.53570E+01   0.28813E+03
   96     1.2761   8.8260  -0.41176E+00  -0.42653E-01   0.28302E-01   0.53315E+01   0.28910E+03
   97     1.2959   8.8868  -0.41886E+00  -0.43615E-01   0.27339E-01   0.53064E+01   0.29005E+03
   98     1.3158   8.9469  -0.42601E+00  -0.44592E-01   0.26363E-01   0.52815E+01   0.29095E+03
   99     1.3360   9.0065  -0.43323E+00  -0.45582E-01   0.25372E-01   0.52569E+01   0.29181E+03
  100     1.3563   9.0653  -0.44051E+00  -0.46586E-01   0.24368E-01   0.52326E+01   0.29262E+03
  101     1.3767   9.1236  -0.44785E+00  -0.47606E-01   0.23349E-01   0.52086E+01   0.29342E+03
  102     1.3974   9.1812  -0.45526E+00  -0.48638E-01   0.22317E-01   0.51850E+01   0.29416E+03
  103     1.4183   9.2382  -0.46273E+00  -0.49685E-01   0.21269E-01   0.51616E+01   0.29487E+03
  104     1.4393   9.2945  -0.47026E+00  -0.50747E-01   0.20208E-01   0.51385E+01   0.29553E+03
  105     1.4605   9.3503  -0.47786E+00  -0.51823E-01   0.19131E-01   0.51157E+01   0.29616E+03
  106     1.4819   9.4054  -0.48553E+00  -0.52915E-01   0.18039E-01   0.50933E+01   0.29674E+03
  107     1.5035   9.4600  -0.49326E+00  -0.54023E-01   0.16932E-01   0.50711E+01   0.29727E+03
  108     1.5252   9.5139  -0.50106E+00  -0.55146E-01   0.15809E-01   0.50492E+01   0.29776E+03
  109     1.5472   9.5673  -0.50893E+00  -0.56284E-01   0.14670E-01   0.50277E+01   0.29819E+03
  110     1.5693   9.6200  -0.51686E+00  -0.57439E-01   0.13516E-01   0.50065E+01   0.29857E+03
  111     1.5917   9.6722  -0.52487E+00  -0.58609E-01   0.12345E-01   0.49855E+01   0.29891E+03
  112     1.6142   9.7238  -0.53294E+00  -0.59796E-01   0.11158E-01   0.49649E+01   0.29919E+03
  113     1.6369   9.7748  -0.54107E+00  -0.60998E-01   0.99560E-02   0.49446E+01   0.29943E+03
  114     1.6598   9.8252  -0.54928E+00  -0.62217E-01   0.87372E-02   0.49245E+01   0.29960E+03
  115     1.6830   9.8751  -0.55755E+00  -0.63451E-01   0.75032E-02   0.49048E+01   0.29972E+03
  116     1.7063   9.9244  -0.56589E+00  -0.64701E-01   0.62533E-02   0.48853E+01   0.29979E+03
  117     1.7298   9.9731  -0.57429E+00  -0.65966E-01   0.49881E-02   0.48662E+01   0.29980E+03
  118     1.7536  10.0213  -0.58275E+00  -0.67247E-01   0.37073E-02   0.48473E+01   0.29971E+03
  119     1.7775  10.0689  -0.59128E+00  -0.68543E-01   0.24109E-02   0.48288E+01   0.29961E+03
  120     1.8016  10.1160  -0.59988E+00  -0.69856E-01   0.10981E-02   0.48105E+01   0.29947E+03
  121     1.8260  10.1626  -0.60854E+00  -0.71184E-01  -0.23004E-03   0.47925E+01   0.29927E+03
  122     1.8506  10.2086  -0.61727E+00  -0.72529E-01  -0.15751E-02   0.47748E+01   0.29903E+03
  123     1.8753  10.2541  -0.62607E+00  -0.73891E-01  -0.29363E-02   0.47574E+01   0.29875E+03
  124     1.9003  10.2990  -0.63493E+00  -0.75267E-01  -0.43130E-02   0.47403E+01   0.29841E+03
  125     1.9256  10.3434  -0.64386E+00  -0.76656E-01  -0.57014E-02   0.47240E+01   0.29804E+03
  126     1.9510  10.3873  -0.65284E+00  -0.78060E-01  -0.71061E-02   0.47076E+01   0.29762E+03
  127     1.9766  10.4307  -0.66190E+00  -0.79492E-01  -0.85372E-02   0.46909E+01   0.29716E+03
  128     2.0025  10.4736  -0.67104E+00  -0.80942E-01  -0.99873E-02   0.46747E+01   0.29665E+03
  129     2.0286  10.5160  -0.68025E+00  -0.82404E-01  -0.11450E-01   0.46591E+01   0.29607E+03
  130     2.0550  10.5579  -0.68952E+00  -0.83884E-01  -0.12929E-01   0.46437E+01   0.29548E+03
  131     2.0815  10.5993  -0.69886E+00  -0.85382E-01  -0.14428E-01   0.46286E+01   0.29481E+03
  132     2.1083  10.6402  -0.70828E+00  -0.86898E-01  -0.15944E-01   0.46138E+01   0.29411E+03
  133     2.1353  10.6806  -0.71776E+00  -0.88432E-01  -0.17477E-01   0.45993E+01   0.29340E+03
  134     2.1626  10.7205  -0.72731E+00  -0.89983E-01  -0.19029E-01   0.45851E+01   0.29257E+03
  135     2.1901  10.7600  -0.73693E+00  -0.91553E-01  -0.20598E-01   0.45711E+01   0.29171E+03
  136     2.2178  10.7990  -0.74662E+00  -0.93140E-01  -0.22186E-01   0.45574E+01   0.29080E+03
  137     2.2458  10.8375  -0.75638E+00  -0.94746E-01  -0.23792E-01   0.45439E+01   0.28983E+03
  138     2.2740  10.8756  -0.76620E+00  -0.96370E-01  -0.25416E-01   0.45308E+01   0.28883E+03
  139     2.3025  10.9132  -0.77610E+00  -0.98013E-01  -0.27058E-01   0.45178E+01   0.28777E+03
  140     2.3312  10.9504  -0.78607E+00  -0.99673E-01  -0.28719E-01   0.45052E+01   0.28669E+03
  141     2.3602  10.9871  -0.79611E+00  -0.10135E+00  -0.30397E-01   0.44928E+01   0.28555E+03
  142     2.3894  11.0234  -0.80621E+00  -0.10305E+00  -0.32095E-01   0.44807E+01   0.28438E+03
  143     2.4188  11.0592  -0.81639E+00  -0.10477E+00  -0.33811E-01   0.44688E+01   0.28315E+03
  144     2.4486  11.0946  -0.82664E+00  -0.10650E+00  -0.35547E-01   0.44571E+01   0.28188E+03
  145     2.4785  11.1296  -0.83695E+00  -0.10826E+00  -0.37301E-01   0.44457E+01   0.28058E+03
  146     2.5088  11.1641  -0.84734E+00  -0.11003E+00  -0.39076E-01   0.44346E+01   0.27924E+03
  147     2.5393  11.1982  -0.85781E+00  -0.11182E+00  -0.40870E-01   0.44237E+01   0.27784E+03
  148     2.5701  11.2320  -0.86835E+00  -0.11364E+00  -0.42685E-01   0.44131E+01   0.27640E+03
  149     2.6011  11.2653  -0.87896E+00  -0.11547E+00  -0.44519E-01   0.44027E+01   0.27492E+03
  150     2.6324  11.2982  -0.88964E+00  -0.11733E+00  -0.46374E-01   0.43925E+01   0.27340E+03
  151     2.6640  11.3306  -0.90039E+00  -0.11920E+00  -0.48249E-01   0.43825E+01   0.27183E+03
  152     2.6958  11.3627  -0.91122E+00  -0.12110E+00  -0.50143E-01   0.43728E+01   0.27023E+03
  153     2.7280  11.3944  -0.92212E+00  -0.12301E+00  -0.52057E-01   0.43633E+01   0.26858E+03
  154     2.7604  11.4258  -0.93309E+00  -0.12495E+00  -0.53992E-01   0.43540E+01   0.26689E+03
  155     2.7931  11.4567  -0.94412E+00  -0.12690E+00  -0.55945E-01   0.43449E+01   0.26517E+03
  156     2.8260  11.4872  -0.95524E+00  -0.12887E+00  -0.57920E-01   0.43361E+01   0.26342E+03
  157     2.8593  11.5174  -0.96642E+00  -0.13087E+00  -0.59915E-01   0.43274E+01   0.26162E+03
  158     2.8929  11.5472  -0.97768E+00  -0.13289E+00  -0.61931E-01   0.43190E+01   0.25980E+03
  159     2.9267  11.5766  -0.98901E+00  -0.13492E+00  -0.63968E-01   0.43108E+01   0.25796E+03
  160     2.9608  11.6057  -0.10004E+01  -0.13698E+00  -0.66027E-01   0.43027E+01   0.25607E+03
  161     2.9953  11.6344  -0.10119E+01  -0.13906E+00  -0.68106E-01   0.42949E+01   0.25417E+03
  162     3.0300  11.6628  -0.10235E+01  -0.14116E+00  -0.70209E-01   0.42872E+01   0.25223E+03
  163     3.0651  11.6908  -0.10351E+01  -0.14329E+00  -0.72332E-01   0.42798E+01   0.25026E+03
  164     3.1004  11.7184  -0.10468E+01  -0.14543E+00  -0.74478E-01   0.42725E+01   0.24824E+03
  165     3.1360  11.7458  -0.10586E+01  -0.14760E+00  -0.76646E-01   0.42654E+01   0.24621E+03
  166     3.1720  11.7727  -0.10704E+01  -0.14979E+00  -0.78837E-01   0.42585E+01   0.24415E+03
  167     3.2083  11.7994  -0.10824E+01  -0.15200E+00  -0.81049E-01   0.42518E+01   0.24203E+03
  168     3.2449  11.8257  -0.10944E+01  -0.15424E+00  -0.83284E-01   0.42452E+01   0.23991E+03
  169     3.2818  11.8517  -0.11065E+01  -0.15650E+00  -0.85541E-01   0.42388E+01   0.23775E+03
  170     3.3190  11.8773  -0.11186E+01  -0.15877E+00  -0.87819E-01   0.42325E+01   0.23556E+03
  171     3.3565  11.9026  -0.11309E+01  -0.16107E+00  -0.90120E-01   0.42265E+01   0.23336E+03
  172     3.3944  11.9277  -0.11432E+01  -0.16340E+00  -0.92443E-01   0.42206E+01   0.23114E+03
  173     3.4326  11.9524  -0.11556E+01  -0.16574E+00  -0.94790E-01   0.42148E+01   0.22888E+03
  174     3.4712  11.9768  -0.11680E+01  -0.16811E+00  -0.97159E-01   0.42092E+01   0.22662E+03
  175     3.5100  12.0009  -0.11806E+01  -0.17051E+00  -0.99551E-01   0.42037E+01   0.22434E+03
  176     3.5492  12.0246  -0.11932E+01  -0.17292E+00  -0.10197E+00   0.41984E+01   0.22204E+03
  177     3.5888  12.0481  -0.12059E+01  -0.17536E+00  -0.10441E+00   0.41932E+01   0.21973E+03
  178     3.6287  12.0713  -0.12186E+01  -0.17782E+00  -0.10687E+00   0.41881E+01   0.21741E+03
  179     3.6689  12.0942  -0.12315E+01  -0.18031E+00  -0.10936E+00   0.41832E+01   0.21507E+03
  180     3.7095  12.1169  -0.12444E+01  -0.18282E+00  -0.11187E+00   0.41784E+01   0.21272E+03
  181     3.7505  12.1392  -0.12574E+01  -0.18536E+00  -0.11440E+00   0.41738E+01   0.21035E+03
  182     3.7918  12.1612  -0.12705E+01  -0.18792E+00  -0.11696E+00   0.41692E+01   0.20797E+03
  183     3.8334  12.1830  -0.12837E+01  -0.19050E+00  -0.11955E+00   0.41648E+01   0.20556E+03
  184     3.8754  12.2045  -0.12969E+01  -0.19311E+00  -0.12216E+00   0.41605E+01   0.20315E+03
  185     3.9178  12.2257  -0.13103E+01  -0.19575E+00  -0.12479E+00   0.41564E+01   0.20070E+03
  186     3.9606  12.2467  -0.13237E+01  -0.19841E+00  -0.12745E+00   0.41523E+01   0.19826E+03
  187     4.0037  12.2674  -0.13372E+01  -0.20109E+00  -0.13014E+00   0.41484E+01   0.19579E+03
  188     4.0472  12.2878  -0.13507E+01  -0.20380E+00  -0.13284E+00   0.41445E+01   0.19333E+03
  189     4.0911  12.3080  -0.13644E+01  -0.20653E+00  -0.13558E+00   0.41408E+01   0.19087E+03
  190     4.1353  12.3279  -0.13781E+01  -0.20928E+00  -0.13833E+00   0.41371E+01   0.18840E+03
  191     4.1800  12.3476  -0.13919E+01  -0.21206E+00  -0.14111E+00   0.41336E+01   0.18593E+03
  192     4.2250  12.3670  -0.14058E+01  -0.21487E+00  -0.14392E+00   0.41301E+01   0.18345E+03
  193     4.2705  12.3862  -0.14197E+01  -0.21770E+00  -0.14675E+00   0.41268E+01   0.18099E+03
  194     4.3163  12.4051  -0.14338E+01  -0.22056E+00  -0.14961E+00   0.41235E+01   0.17851E+03
  195     4.3625  12.4238  -0.14479E+01  -0.22345E+00  -0.15249E+00   0.41204E+01   0.17606E+03
  196     4.4091  12.4423  -0.14621E+01  -0.22636E+00  -0.15540E+00   0.41173E+01   0.17359E+03
  197     4.4561  12.4605  -0.14764E+01  -0.22930E+00  -0.15834E+00   0.41143E+01   0.17115E+03
  198     4.5036  12.4785  -0.14908E+01  -0.23226E+00  -0.16131E+00   0.41114E+01   0.16865E+03
  199     4.5514  12.4962  -0.15053E+01  -0.23525E+00  -0.16430E+00   0.41085E+01   0.16618E+03
  200     4.5997  12.5138  -0.15198E+01  -0.23827E+00  -0.16731E+00   0.41058E+01   0.16368E+03
  201     4.6484  12.5311  -0.15345E+01  -0.24131E+00  -0.17036E+00   0.41031E+01   0.16121E+03
  202     4.6975  12.5482  -0.15492E+01  -0.24439E+00  -0.17343E+00   0.41005E+01   0.15874E+03
  203     4.7470  12.5650  -0.15640E+01  -0.24748E+00  -0.17653E+00   0.40979E+01   0.15629E+03
  204     4.7970  12.5817  -0.15789E+01  -0.25060E+00  -0.17965E+00   0.40955E+01   0.15384E+03
  205     4.8474  12.5981  -0.15938E+01  -0.25375E+00  -0.18279E+00   0.40931E+01   0.15141E+03
  206     4.8982  12.6144  -0.16089E+01  -0.25693E+00  -0.18597E+00   0.40907E+01   0.14896E+03
  207     4.9495  12.6304  -0.16240E+01  -0.26013E+00  -0.18918E+00   0.40885E+01   0.14654E+03
  208     5.0012  12.6462  -0.16392E+01  -0.26336E+00  -0.19241E+00   0.40862E+01   0.14413E+03
  209     5.0534  12.6619  -0.16545E+01  -0.26662E+00  -0.19567E+00   0.40841E+01   0.14175E+03
  210     5.1060  12.6773  -0.16699E+01  -0.26991E+00  -0.19896E+00   0.40820E+01   0.13936E+03
  211     5.1591  12.6925  -0.16854E+01  -0.27323E+00  -0.20227E+00   0.40800E+01   0.13696E+03
  212     5.2126  12.7076  -0.17010E+01  -0.27657E+00  -0.20562E+00   0.40780E+01   0.13458E+03
  213     5.2667  12.7224  -0.17166E+01  -0.27994E+00  -0.20899E+00   0.40761E+01   0.13224E+03
  214     5.3211  12.7371  -0.17324E+01  -0.28334E+00  -0.21239E+00   0.40742E+01   0.12991E+03
  215     5.3761  12.7515  -0.17482E+01  -0.28677E+00  -0.21581E+00   0.40724E+01   0.12758E+03
  216     5.4315  12.7658  -0.17641E+01  -0.29022E+00  -0.21927E+00   0.40706E+01   0.12527E+03
  217     5.4874  12.7799  -0.17801E+01  -0.29371E+00  -0.22275E+00   0.40689E+01   0.12299E+03
  218     5.5438  12.7938  -0.17962E+01  -0.29722E+00  -0.22627E+00   0.40672E+01   0.12071E+03
  219     5.6007  12.8076  -0.18124E+01  -0.30076E+00  -0.22981E+00   0.40656E+01   0.11846E+03
  220     5.6581  12.8211  -0.18287E+01  -0.30434E+00  -0.23338E+00   0.40640E+01   0.11621E+03
  221     5.7160  12.8345  -0.18450E+01  -0.30794E+00  -0.23699E+00   0.40624E+01   0.11399E+03
  222     5.7744  12.8477  -0.18615E+01  -0.31157E+00  -0.24062E+00   0.40609E+01   0.11178E+03
  223     5.8333  12.8608  -0.18780E+01  -0.31523E+00  -0.24428E+00   0.40595E+01   0.10958E+03
  224     5.8927  12.8737  -0.18947E+01  -0.31892E+00  -0.24797E+00   0.40581E+01   0.10741E+03
  225     5.9526  12.8864  -0.19114E+01  -0.32264E+00  -0.25168E+00   0.40567E+01   0.10527E+03
  226     6.0131  12.8990  -0.19282E+01  -0.32638E+00  -0.25543E+00   0.40553E+01   0.10315E+03
  227     6.0740  12.9114  -0.19451E+01  -0.33016E+00  -0.25921E+00   0.40540E+01   0.10105E+03
  228     6.1355  12.9236  -0.19621E+01  -0.33397E+00  -0.26302E+00   0.40527E+01   0.98999E+02
  229     6.1976  12.9357  -0.19792E+01  -0.33781E+00  -0.26686E+00   0.40515E+01   0.96613E+02
  230     6.2602  12.9476  -0.19964E+01  -0.34168E+00  -0.27073E+00   0.40503E+01   0.94896E+02
  231     6.3233  12.9594  -0.20137E+01  -0.34558E+00  -0.27463E+00   0.40491E+01   0.92844E+02
  232     6.3869  12.9710  -0.20311E+01  -0.34952E+00  -0.27857E+00   0.40480E+01   0.90840E+02
  233     6.4512  12.9825  -0.20481E+01  -0.35335E+00  -0.28239E+00   0.40468E+01   0.88931E+02
  234     6.5159  12.9938  -0.20661E+01  -0.35748E+00  -0.28653E+00   0.40458E+01   0.86904E+02
  235     6.5813  13.0050  -0.20837E+01  -0.36149E+00  -0.29053E+00   0.40447E+01   0.84999E+02
  236     6.6472  13.0160  -0.21014E+01  -0.36554E+00  -0.29458E+00   0.40437E+01   0.83143E+02
  237     6.7137  13.0269  -0.21193E+01  -0.36962E+00  -0.29866E+00   0.40427E+01   0.81273E+02
  238     6.7807  13.0377  -0.21372E+01  -0.37373E+00  -0.30278E+00   0.40417E+01   0.79369E+02
  239     6.8484  13.0483  -0.21552E+01  -0.37788E+00  -0.30692E+00   0.40408E+01   0.77532E+02
  240     6.9166  13.0588  -0.21733E+01  -0.38206E+00  -0.31110E+00   0.40398E+01   0.75748E+02
  241     6.9854  13.0691  -0.21916E+01  -0.38627E+00  -0.31531E+00   0.40389E+01   0.73960E+02
  242     7.0549  13.0794  -0.22099E+01  -0.39051E+00  -0.31956E+00   0.40381E+01   0.72211E+02
  243     7.1249  13.0894  -0.22283E+01  -0.39479E+00  -0.32383E+00   0.40372E+01   0.70487E+02
  244     7.1955  13.0994  -0.22468E+01  -0.39910E+00  -0.32814E+00   0.40364E+01   0.68793E+02
  245     7.2668  13.1092  -0.22654E+01  -0.40343E+00  -0.33248E+00   0.40356E+01   0.67104E+02
  246     7.3387  13.1189  -0.22842E+01  -0.40780E+00  -0.33685E+00   0.40348E+01   0.65452E+02
  247     7.4112  13.1285  -0.23030E+01  -0.41220E+00  -0.34125E+00   0.40340E+01   0.63824E+02
  248     7.4843  13.1380  -0.23219E+01  -0.41664E+00  -0.34569E+00   0.40332E+01   0.62225E+02
  249     7.5580  13.1473  -0.23409E+01  -0.42111E+00  -0.35016E+00   0.40325E+01   0.60652E+02
  250     7.6324  13.1565  -0.23600E+01  -0.42561E+00  -0.35466E+00   0.40318E+01   0.59111E+02
  251     7.7075  13.1656  -0.23792E+01  -0.43015E+00  -0.35919E+00   0.40311E+01   0.57588E+02
  252     7.7832  13.1746  -0.23985E+01  -0.43471E+00  -0.36376E+00   0.40304E+01   0.56094E+02
  253     7.8596  13.1834  -0.24179E+01  -0.43932E+00  -0.36836E+00   0.40298E+01   0.54629E+02
  254     7.9366  13.1922  -0.24374E+01  -0.44395E+00  -0.37300E+00   0.40291E+01   0.53181E+02
  255     8.0143  13.2008  -0.24570E+01  -0.44862E+00  -0.37767E+00   0.40285E+01   0.51775E+02
  256     8.0926  13.2093  -0.24768E+01  -0.45332E+00  -0.38237E+00   0.40279E+01   0.50378E+02
  257     8.1717  13.2178  -0.24966E+01  -0.45806E+00  -0.38711E+00   0.40273E+01   0.49004E+02
  258     8.2514  13.2261  -0.25165E+01  -0.46284E+00  -0.39188E+00   0.40267E+01   0.47660E+02
  259     8.3319  13.2343  -0.25365E+01  -0.46763E+00  -0.39668E+00   0.40261E+01   0.46357E+02
  260     8.4130  13.2424  -0.25566E+01  -0.47248E+00  -0.40152E+00   0.40256E+01   0.45066E+02
  261     8.4948  13.2503  -0.25769E+01  -0.47735E+00  -0.40640E+00   0.40250E+01   0.43788E+02
  262     8.5774  13.2582  -0.25972E+01  -0.48226E+00  -0.41131E+00   0.40245E+01   0.42561E+02
  263     8.6606  13.2660  -0.26177E+01  -0.48721E+00  -0.41625E+00   0.40240E+01   0.41340E+02
  264     8.7446  13.2737  -0.26382E+01  -0.49219E+00  -0.42123E+00   0.40235E+01   0.40150E+02
  265     8.8293  13.2813  -0.26589E+01  -0.49720E+00  -0.42624E+00   0.40230E+01   0.38983E+02
  266     8.9148  13.2888  -0.26796E+01  -0.50225E+00  -0.43129E+00   0.40225E+01   0.37845E+02
  267     9.0010  13.2962  -0.27005E+01  -0.50733E+00  -0.43638E+00   0.40221E+01   0.36728E+02
  268     9.0879  13.3035  -0.27215E+01  -0.51245E+00  -0.44150E+00   0.40216E+01   0.35636E+02
  269     9.1756  13.3107  -0.27426E+01  -0.51761E+00  -0.44666E+00   0.40212E+01   0.34564E+02
  270     9.2641  13.3178  -0.27638E+01  -0.52281E+00  -0.45185E+00   0.40207E+01   0.33518E+02
  271     9.3534  13.3248  -0.27851E+01  -0.52803E+00  -0.45708E+00   0.40203E+01   0.32493E+02
  272     9.4434  13.3317  -0.28065E+01  -0.53330E+00  -0.46235E+00   0.40199E+01   0.31490E+02
  273     9.5342  13.3386  -0.28280E+01  -0.53860E+00  -0.46765E+00   0.40195E+01   0.30516E+02
  274     9.6257  13.3453  -0.28496E+01  -0.54394E+00  -0.47298E+00   0.40191E+01   0.29567E+02
  275     9.7181  13.3520  -0.28714E+01  -0.54931E+00  -0.47836E+00   0.40187E+01   0.28631E+02
  276     9.8113  13.3586  -0.28932E+01  -0.55472E+00  -0.48377E+00   0.40183E+01   0.27724E+02
  277     9.9053  13.3651  -0.29152E+01  -0.56018E+00  -0.48922E+00   0.40180E+01   0.26838E+02
  278    10.0001  13.3715  -0.29373E+01  -0.56566E+00  -0.49470E+00   0.40176E+01   0.25972E+02
  279    10.0957  13.3778  -0.29595E+01  -0.57118E+00  -0.50023E+00   0.40173E+01   0.25128E+02
  280    10.1922  13.3841  -0.29818E+01  -0.57675E+00  -0.50579E+00   0.40169E+01   0.24306E+02
  281    10.2895  13.3902  -0.30042E+01  -0.58235E+00  -0.51139E+00   0.40166E+01   0.23498E+02
  282    10.3877  13.3963  -0.30267E+01  -0.58798E+00  -0.51703E+00   0.40163E+01   0.22718E+02
  283    10.4867  13.4023  -0.30494E+01  -0.59366E+00  -0.52270E+00   0.40160E+01   0.21957E+02
  284    10.5865  13.4083  -0.30721E+01  -0.59937E+00  -0.52841E+00   0.40157E+01   0.21217E+02
  285    10.6873  13.4141  -0.30950E+01  -0.60512E+00  -0.53416E+00   0.40154E+01   0.20494E+02
  286    10.7889  13.4199  -0.31180E+01  -0.61091E+00  -0.53996E+00   0.40151E+01   0.19791E+02
  287    10.8914  13.4256  -0.31411E+01  -0.61675E+00  -0.54579E+00   0.40148E+01   0.19105E+02
  288    10.9947  13.4312  -0.31644E+01  -0.62261E+00  -0.55166E+00   0.40145E+01   0.18440E+02
  289    11.0990  13.4368  -0.31877E+01  -0.62852E+00  -0.55757E+00   0.40142E+01   0.17792E+02
  290    11.2042  13.4423  -0.32112E+01  -0.63447E+00  -0.56351E+00   0.40139E+01   0.17162E+02
  291    11.3103  13.4477  -0.32348E+01  -0.64045E+00  -0.56950E+00   0.40137E+01   0.16551E+02
  292    11.4173  13.4530  -0.32585E+01  -0.64648E+00  -0.57553E+00   0.40134E+01   0.15955E+02
  293    11.5253  13.4583  -0.32823E+01  -0.65254E+00  -0.58159E+00   0.40132E+01   0.15379E+02
  294    11.6342  13.4635  -0.33062E+01  -0.65865E+00  -0.58770E+00   0.40129E+01   0.14818E+02
  295    11.7440  13.4687  -0.33303E+01  -0.66480E+00  -0.59384E+00   0.40127E+01   0.14274E+02
  296    11.8548  13.4738  -0.33545E+01  -0.67099E+00  -0.60003E+00   0.40124E+01   0.13747E+02
  297    11.9666  13.4788  -0.33788E+01  -0.67721E+00  -0.60626E+00   0.40122E+01   0.13234E+02
  298    12.0793  13.4837  -0.34032E+01  -0.68348E+00  -0.61253E+00   0.40120E+01   0.12737E+02
  299    12.1930  13.4886  -0.34278E+01  -0.68979E+00  -0.61884E+00   0.40118E+01   0.12257E+02
  300    12.3077  13.4934  -0.34525E+01  -0.69614E+00  -0.62519E+00   0.40116E+01   0.11789E+02
  301    12.4234  13.4982  -0.34773E+01  -0.70253E+00  -0.63158E+00   0.40113E+01   0.11337E+02
  302    12.5401  13.5029  -0.35022E+01  -0.70897E+00  -0.63802E+00   0.40111E+01   0.10899E+02
  303    12.6578  13.5075  -0.35273E+01  -0.71545E+00  -0.64450E+00   0.40109E+01   0.10474E+02
  304    12.7766  13.5121  -0.35525E+01  -0.72197E+00  -0.65101E+00   0.40107E+01   0.10063E+02
  305    12.8963  13.5166  -0.35778E+01  -0.72853E+00  -0.65757E+00   0.40105E+01   0.96651E+01
  306    13.0172  13.5211  -0.36032E+01  -0.73512E+00  -0.66417E+00   0.40104E+01   0.92846E+01
  307    13.1390  13.5255  -0.36288E+01  -0.74177E+00  -0.67082E+00   0.40102E+01   0.89110E+01
  308    13.2619  13.5298  -0.36545E+01  -0.74846E+00  -0.67750E+00   0.40100E+01   0.85519E+01
  309    13.3859  13.5341  -0.36803E+01  -0.75520E+00  -0.68424E+00   0.40098E+01   0.82036E+01
  310    13.5110  13.5383  -0.37063E+01  -0.76197E+00  -0.69102E+00   0.40096E+01   0.78694E+01
  311    13.6372  13.5425  -0.37324E+01  -0.76879E+00  -0.69784E+00   0.40095E+01   0.75421E+01
  312    13.7644  13.5466  -0.37586E+01  -0.77565E+00  -0.70470E+00   0.40093E+01   0.72309E+01
  313    13.8928  13.5507  -0.37849E+01  -0.78256E+00  -0.71160E+00   0.40091E+01   0.69286E+01
  314    14.0223  13.5547  -0.38114E+01  -0.78950E+00  -0.71855E+00   0.40090E+01   0.66382E+01
  315    14.1529  13.5587  -0.38380E+01  -0.79650E+00  -0.72555E+00   0.40088E+01   0.63552E+01
  316    14.2846  13.5626  -0.38648E+01  -0.80354E+00  -0.73259E+00   0.40087E+01   0.60868E+01
  317    14.4175  13.5665  -0.38916E+01  -0.81062E+00  -0.73967E+00   0.40085E+01   0.58225E+01
  318    14.5515  13.5703  -0.39187E+01  -0.81775E+00  -0.74680E+00   0.40084E+01   0.55700E+01
  319    14.6867  13.5741  -0.39458E+01  -0.82492E+00  -0.75397E+00   0.40082E+01   0.53306E+01
  320    14.8231  13.5778  -0.39731E+01  -0.83214E+00  -0.76119E+00   0.40081E+01   0.50954E+01
  321    14.9607  13.5815  -0.40005E+01  -0.83940E+00  -0.76844E+00   0.40080E+01   0.48716E+01
  322    15.0994  13.5851  -0.40281E+01  -0.84672E+00  -0.77576E+00   0.40078E+01   0.46542E+01
  323    15.2394  13.5887  -0.40558E+01  -0.85408E+00  -0.78312E+00   0.40077E+01   0.44469E+01
  324    15.3806  13.5922  -0.40836E+01  -0.86148E+00  -0.79053E+00   0.40076E+01   0.42441E+01
  325    15.5230  13.5957  -0.41116E+01  -0.86894E+00  -0.79798E+00   0.40074E+01   0.40523E+01
  326    15.6666  13.5991  -0.41397E+01  -0.87643E+00  -0.80547E+00   0.40073E+01   0.38655E+01
  327    15.8115  13.6025  -0.41680E+01  -0.88397E+00  -0.81301E+00   0.40072E+01   0.36885E+01
  328    15.9577  13.6059  -0.41964E+01  -0.89156E+00  -0.82061E+00   0.40071E+01   0.35189E+01
  329    16.1051  13.6092  -0.42250E+01  -0.89921E+00  -0.82825E+00   0.40070E+01   0.33541E+01
  330    16.2538  13.6124  -0.42537E+01  -0.90689E+00  -0.83594E+00   0.40069E+01   0.31962E+01
  331    16.4038  13.6157  -0.42825E+01  -0.91463E+00  -0.84368E+00   0.40067E+01   0.30454E+01
  332    16.5551  13.6188  -0.43114E+01  -0.92238E+00  -0.85143E+00   0.40066E+01   0.29014E+01
  333    16.7078  13.6220  -0.43406E+01  -0.93024E+00  -0.85928E+00   0.40065E+01   0.27607E+01
  334    16.8617  13.6251  -0.43699E+01  -0.93811E+00  -0.86716E+00   0.40064E+01   0.26299E+01
  335    17.0170  13.6281  -0.43993E+01  -0.94606E+00  -0.87510E+00   0.40063E+01   0.25009E+01
  336    17.1736  13.6312  -0.44289E+01  -0.95402E+00  -0.88306E+00   0.40062E+01   0.23788E+01
  337    17.3316  13.6342  -0.44586E+01  -0.96205E+00  -0.89109E+00   0.40061E+01   0.22611E+01
  338    17.4910  13.6371  -0.44884E+01  -0.97013E+00  -0.89917E+00   0.40060E+01   0.21502E+01
  339    17.6518  13.6400  -0.45185E+01  -0.97825E+00  -0.90730E+00   0.40059E+01   0.20424E+01
  340    17.8139  13.6429  -0.45486E+01  -0.98643E+00  -0.91548E+00   0.40058E+01   0.19408E+01
  341    17.9775  13.6457  -0.45789E+01  -0.99465E+00  -0.92370E+00   0.40057E+01   0.18425E+01
  342    18.1425  13.6485  -0.46095E+01  -0.10029E+01  -0.93199E+00   0.40057E+01   0.17488E+01
  343    18.3089  13.6513  -0.46401E+01  -0.10113E+01  -0.94032E+00   0.40056E+01   0.16592E+01
  344    18.4768  13.6540  -0.46709E+01  -0.10197E+01  -0.94871E+00   0.40055E+01   0.15733E+01
  345    18.6461  13.6567  -0.47018E+01  -0.10281E+01  -0.95713E+00   0.40054E+01   0.14916E+01
  346    18.8169  13.6593  -0.47329E+01  -0.10366E+01  -0.96562E+00   0.40053E+01   0.14143E+01
  347    18.9892  13.6619  -0.47641E+01  -0.10451E+01  -0.97415E+00   0.40052E+01   0.13407E+01
  348    19.1630  13.6645  -0.47955E+01  -0.10537E+01  -0.98275E+00   0.40052E+01   0.12687E+01
  349    19.3383  13.6671  -0.48271E+01  -0.10623E+01  -0.99139E+00   0.40051E+01   0.12017E+01
  350    19.5151  13.6696  -0.48588E+01  -0.10710E+01  -0.10001E+01   0.40050E+01   0.11373E+01
  351    19.6934  13.6721  -0.48906E+01  -0.10798E+01  -0.10088E+01   0.40049E+01   0.10757E+01
  352    19.8734  13.6745  -0.49227E+01  -0.10886E+01  -0.10176E+01   0.40049E+01   0.10177E+01
  353    20.0548  13.6770  -0.49550E+01  -0.10975E+01  -0.10265E+01   0.40048E+01   0.96197E+00
  354    20.2379  13.6794  -0.49872E+01  -0.11063E+01  -0.10354E+01   0.40047E+01   0.90905E+00
  355    20.4225  13.6817  -0.50198E+01  -0.11153E+01  -0.10443E+01   0.40046E+01   0.85871E+00
  356    20.6088  13.6840  -0.50525E+01  -0.11243E+01  -0.10534E+01   0.40046E+01   0.81122E+00
  357    20.7966  13.6863  -0.50853E+01  -0.11334E+01  -0.10624E+01   0.40045E+01   0.76569E+00
  358    20.9861  13.6886  -0.51184E+01  -0.11425E+01  -0.10716E+01   0.40044E+01   0.72258E+00
  359    21.1773  13.6909  -0.51515E+01  -0.11517E+01  -0.10808E+01   0.40044E+01   0.68111E+00
  360    21.3701  13.6931  -0.51850E+01  -0.11610E+01  -0.10900E+01   0.40043E+01   0.64239E+00
  361    21.5646  13.6953  -0.52184E+01  -0.11702E+01  -0.10993E+01   0.40043E+01   0.60558E+00
  362    21.7607  13.6974  -0.52521E+01  -0.11796E+01  -0.11086E+01   0.40042E+01   0.57046E+00
  363    21.9586  13.6995  -0.52859E+01  -0.11890E+01  -0.11181E+01   0.40000E+01   0.53750E+00
  364    22.1582  13.7016  -0.53200E+01  -0.11985E+01  -0.11276E+01   0.40000E+01   0.50589E+00
  365    22.3596  13.7037  -0.53542E+01  -0.12080E+01  -0.11371E+01   0.40000E+01   0.47618E+00
  366    22.5626  13.7058  -0.53885E+01  -0.12176E+01  -0.11466E+01   0.40000E+01   0.44793E+00
  367    22.7675  13.7078  -0.54231E+01  -0.12272E+01  -0.11563E+01   0.40000E+01   0.42111E+00
  368    22.9741  13.7098  -0.54578E+01  -0.12369E+01  -0.11660E+01   0.40000E+01   0.39593E+00
  369    23.1825  13.7117  -0.54927E+01  -0.12467E+01  -0.11757E+01   0.40000E+01   0.37202E+00
  370    23.3928  13.7137  -0.55277E+01  -0.12565E+01  -0.11855E+01   0.40000E+01   0.34902E+00
  371    23.6049  13.7156  -0.55629E+01  -0.12663E+01  -0.11954E+01   0.40000E+01   0.32796E+00
  372    23.8188  13.7175  -0.55984E+01  -0.12763E+01  -0.12053E+01   0.40000E+01   0.30781E+00
  373    24.0345  13.7194  -0.56340E+01  -0.12863E+01  -0.12153E+01   0.40000E+01   0.28864E+00
  374    24.2522  13.7212  -0.56697E+01  -0.12963E+01  -0.12253E+01   0.40000E+01   0.27066E+00
  375    24.4717  13.7230  -0.57057E+01  -0.13064E+01  -0.12354E+01   0.40000E+01   0.25366E+00
  376    24.6932  13.7248  -0.57418E+01  -0.13166E+01  -0.12456E+01   0.40000E+01   0.23751E+00
  377    24.9166  13.7266  -0.57781E+01  -0.13268E+01  -0.12558E+01   0.40000E+01   0.22257E+00
  378    25.1419  13.7284  -0.58146E+01  -0.13371E+01  -0.12661E+01   0.40000E+01   0.20833E+00
  379    25.3691  13.7301  -0.58513E+01  -0.13474E+01  -0.12765E+01   0.40000E+01   0.19504E+00
  380    25.5984  13.7318  -0.58881E+01  -0.13578E+01  -0.12869E+01   0.40000E+01   0.18233E+00
  381    25.8296  13.7335  -0.59252E+01  -0.13683E+01  -0.12973E+01   0.40000E+01   0.17042E+00
  382    26.0629  13.7351  -0.59624E+01  -0.13788E+01  -0.13079E+01   0.40000E+01   0.15927E+00
  383    26.2982  13.7368  -0.59998E+01  -0.13894E+01  -0.13185E+01   0.40000E+01   0.14878E+00
  384    26.5355  13.7384  -0.60374E+01  -0.14001E+01  -0.13291E+01   0.40000E+01   0.13886E+00
  385    26.7749  13.7400  -0.60752E+01  -0.14108E+01  -0.13398E+01   0.40000E+01   0.12954E+00
  386    27.0164  13.7416  -0.61131E+01  -0.14215E+01  -0.13506E+01   0.40000E+01   0.12087E+00
  387    27.2599  13.7431  -0.61513E+01  -0.14324E+01  -0.13614E+01   0.40000E+01   0.11276E+00
  388    27.5056  13.7447  -0.61896E+01  -0.14433E+01  -0.13723E+01   0.40000E+01   0.10505E+00
  389    27.7534  13.7462  -0.62282E+01  -0.14543E+01  -0.13833E+01   0.40000E+01   0.97866E-01
  390    28.0034  13.7477  -0.62669E+01  -0.14653E+01  -0.13943E+01   0.40000E+01   0.91127E-01
  391    28.2556  13.7492  -0.63058E+01  -0.14764E+01  -0.14054E+01   0.40000E+01   0.84813E-01
  392    28.5099  13.7506  -0.63449E+01  -0.14875E+01  -0.14166E+01   0.40000E+01   0.78939E-01
  393    28.7665  13.7521  -0.63842E+01  -0.14987E+01  -0.14278E+01   0.40000E+01   0.73387E-01
  394    29.0253  13.7535  -0.64237E+01  -0.15100E+01  -0.14391E+01   0.40000E+01   0.68241E-01
  395    29.2863  13.7549  -0.64633E+01  -0.15214E+01  -0.14504E+01   0.40000E+01   0.63391E-01
  396    29.5496  13.7563  -0.65032E+01  -0.15328E+01  -0.14618E+01   0.40000E+01   0.58889E-01
  397    29.8152  13.7577  -0.65433E+01  -0.15443E+01  -0.14733E+01   0.40000E+01   0.54700E-01
  398    30.0831  13.7590  -0.65835E+01  -0.15558E+01  -0.14848E+01   0.40000E+01   0.50723E-01
  399    30.3534  13.7604  -0.66240E+01  -0.15674E+01  -0.14964E+01   0.40000E+01   0.47006E-01
  400    30.6259  13.7617  -0.66646E+01  -0.15791E+01  -0.15081E+01   0.40000E+01   0.43612E-01
