    1     0.0001   0.0014  -0.15259E-04   0.51772E-06   0.68977E-01   0.87913E+01   0.90938E+02
    2     0.0088   0.1221  -0.17859E-02  -0.67464E-04   0.68909E-01   0.87408E+01   0.12488E+03
    3     0.0176   0.2423  -0.37345E-02  -0.17422E-03   0.68802E-01   0.86914E+01   0.13193E+03
    4     0.0264   0.3621  -0.57657E-02  -0.29442E-03   0.68682E-01   0.86425E+01   0.13670E+03
    5     0.0353   0.4814  -0.78859E-02  -0.42963E-03   0.68547E-01   0.85941E+01   0.14133E+03
    6     0.0443   0.6003  -0.10066E-01  -0.57222E-03   0.68404E-01   0.85461E+01   0.14527E+03
    7     0.0534   0.7188  -0.12303E-01  -0.72158E-03   0.68255E-01   0.84983E+01   0.14881E+03
    8     0.0626   0.8368  -0.14595E-01  -0.87728E-03   0.68099E-01   0.84509E+01   0.15218E+03
    9     0.0718   0.9543  -0.16940E-01  -0.10389E-02   0.67937E-01   0.84038E+01   0.15548E+03
   10     0.0811   1.0713  -0.19336E-01  -0.12061E-02   0.67770E-01   0.83569E+01   0.15862E+03
   11     0.0905   1.1879  -0.21782E-01  -0.13786E-02   0.67598E-01   0.83102E+01   0.16172E+03
   12     0.1000   1.3039  -0.24278E-01  -0.15562E-02   0.67420E-01   0.82638E+01   0.16470E+03
   13     0.1096   1.4195  -0.26822E-01  -0.17386E-02   0.67238E-01   0.82177E+01   0.16767E+03
   14     0.1192   1.5346  -0.29422E-01  -0.19282E-02   0.67048E-01   0.81718E+01   0.17067E+03
   15     0.1290   1.6491  -0.32061E-01  -0.21205E-02   0.66856E-01   0.81261E+01   0.17353E+03
   16     0.1388   1.7632  -0.34748E-01  -0.23177E-02   0.66659E-01   0.80807E+01   0.17643E+03
   17     0.1487   1.8767  -0.37484E-01  -0.25203E-02   0.66456E-01   0.80355E+01   0.17926E+03
   18     0.1587   1.9897  -0.40267E-01  -0.27278E-02   0.66249E-01   0.79905E+01   0.18213E+03
   19     0.1687   2.1021  -0.43098E-01  -0.29406E-02   0.66036E-01   0.79458E+01   0.18496E+03
   20     0.1789   2.2140  -0.45977E-01  -0.31587E-02   0.65818E-01   0.79013E+01   0.18776E+03
   21     0.1891   2.3254  -0.48904E-01  -0.33825E-02   0.65594E-01   0.78570E+01   0.19059E+03
   22     0.1995   2.4362  -0.51879E-01  -0.36116E-02   0.65365E-01   0.78129E+01   0.19338E+03
   23     0.2099   2.5465  -0.54902E-01  -0.38460E-02   0.65130E-01   0.77691E+01   0.19618E+03
   24     0.2204   2.6562  -0.57973E-01  -0.40861E-02   0.64890E-01   0.77256E+01   0.19898E+03
   25     0.2310   2.7653  -0.61092E-01  -0.43323E-02   0.64644E-01   0.76822E+01   0.20177E+03
   26     0.2417   2.8738  -0.64261E-01  -0.45845E-02   0.64392E-01   0.76391E+01   0.20458E+03
   27     0.2525   2.9818  -0.67477E-01  -0.48426E-02   0.64134E-01   0.75962E+01   0.20734E+03
   28     0.2634   3.0892  -0.70744E-01  -0.51069E-02   0.63869E-01   0.75535E+01   0.21013E+03
   29     0.2744   3.1959  -0.74059E-01  -0.53775E-02   0.63599E-01   0.75111E+01   0.21293E+03
   30     0.2855   3.3021  -0.77423E-01  -0.56549E-02   0.63321E-01   0.74689E+01   0.21572E+03
   31     0.2967   3.4077  -0.80838E-01  -0.59387E-02   0.63038E-01   0.74270E+01   0.21849E+03
   32     0.3079   3.5127  -0.84302E-01  -0.62290E-02   0.62747E-01   0.73853E+01   0.22127E+03
   33     0.3193   3.6170  -0.87799E-01  -0.65214E-02   0.62455E-01   0.73437E+01   0.22406E+03
   34     0.3308   3.7207  -0.91364E-01  -0.68260E-02   0.62150E-01   0.73024E+01   0.22684E+03
   35     0.3423   3.8238  -0.94980E-01  -0.71379E-02   0.61838E-01   0.72614E+01   0.22957E+03
   36     0.3540   3.9263  -0.98646E-01  -0.74567E-02   0.61520E-01   0.72207E+01   0.23235E+03
   37     0.3658   4.0281  -0.10237E+00  -0.77832E-02   0.61193E-01   0.71802E+01   0.23511E+03
   38     0.3777   4.1293  -0.10614E+00  -0.81175E-02   0.60859E-01   0.71399E+01   0.23787E+03
   39     0.3896   4.2299  -0.10996E+00  -0.84596E-02   0.60517E-01   0.70998E+01   0.24063E+03
   40     0.4017   4.3298  -0.11383E+00  -0.88094E-02   0.60167E-01   0.70601E+01   0.24338E+03
   41     0.4139   4.4291  -0.11776E+00  -0.91677E-02   0.59809E-01   0.70205E+01   0.24613E+03
   42     0.4262   4.5276  -0.12174E+00  -0.95343E-02   0.59442E-01   0.69812E+01   0.24889E+03
   43     0.4386   4.6256  -0.12577E+00  -0.99094E-02   0.59067E-01   0.69422E+01   0.25160E+03
   44     0.4511   4.7229  -0.12986E+00  -0.10293E-01   0.58683E-01   0.69034E+01   0.25432E+03
   45     0.4637   4.8195  -0.13400E+00  -0.10686E-01   0.58291E-01   0.68648E+01   0.25705E+03
   46     0.4764   4.9154  -0.13820E+00  -0.11087E-01   0.57889E-01   0.68265E+01   0.25976E+03
   47     0.4893   5.0106  -0.14245E+00  -0.11497E-01   0.57479E-01   0.67885E+01   0.26246E+03
   48     0.5022   5.1052  -0.14675E+00  -0.11916E-01   0.57060E-01   0.67507E+01   0.26515E+03
   49     0.5153   5.1991  -0.15112E+00  -0.12345E-01   0.56631E-01   0.67132E+01   0.26782E+03
   50     0.5285   5.2923  -0.15553E+00  -0.12784E-01   0.56193E-01   0.66759E+01   0.27051E+03
   51     0.5417   5.3849  -0.16000E+00  -0.13231E-01   0.55745E-01   0.66389E+01   0.27314E+03
   52     0.5552   5.4767  -0.16453E+00  -0.13689E-01   0.55288E-01   0.66021E+01   0.27577E+03
   53     0.5687   5.5679  -0.16912E+00  -0.14156E-01   0.54820E-01   0.65656E+01   0.27843E+03
   54     0.5823   5.6583  -0.17376E+00  -0.14634E-01   0.54343E-01   0.65294E+01   0.28101E+03
   55     0.5961   5.7481  -0.17846E+00  -0.15121E-01   0.53855E-01   0.64935E+01   0.28360E+03
   56     0.6099   5.8371  -0.18321E+00  -0.15619E-01   0.53357E-01   0.64578E+01   0.28620E+03
   57     0.6239   5.9255  -0.18802E+00  -0.16126E-01   0.52850E-01   0.64224E+01   0.28875E+03
   58     0.6381   6.0132  -0.19289E+00  -0.16644E-01   0.52332E-01   0.63872E+01   0.29130E+03
   59     0.6523   6.1001  -0.19781E+00  -0.17173E-01   0.51804E-01   0.63523E+01   0.29382E+03
   60     0.6667   6.1864  -0.20280E+00  -0.17712E-01   0.51265E-01   0.63177E+01   0.29631E+03
   61     0.6812   6.2719  -0.20784E+00  -0.18262E-01   0.50715E-01   0.62833E+01   0.29878E+03
   62     0.6958   6.3568  -0.21294E+00  -0.18822E-01   0.50154E-01   0.62492E+01   0.30121E+03
   63     0.7105   6.4409  -0.21810E+00  -0.19394E-01   0.49582E-01   0.62155E+01   0.30365E+03
   64     0.7254   6.5244  -0.22331E+00  -0.19978E-01   0.48999E-01   0.61819E+01   0.30601E+03
   65     0.7404   6.6071  -0.22859E+00  -0.20572E-01   0.48404E-01   0.61487E+01   0.30838E+03
   66     0.7555   6.6891  -0.23393E+00  -0.21177E-01   0.47799E-01   0.61157E+01   0.31071E+03
   67     0.7708   6.7704  -0.23932E+00  -0.21794E-01   0.47183E-01   0.60829E+01   0.31300E+03
   68     0.7862   6.8511  -0.24477E+00  -0.22422E-01   0.46554E-01   0.60505E+01   0.31529E+03
   69     0.8017   6.9310  -0.25029E+00  -0.23062E-01   0.45914E-01   0.60183E+01   0.31753E+03
   70     0.8174   7.0102  -0.25586E+00  -0.23714E-01   0.45262E-01   0.59864E+01   0.31974E+03
   71     0.8332   7.0886  -0.26149E+00  -0.24377E-01   0.44599E-01   0.59548E+01   0.32194E+03
   72     0.8491   7.1664  -0.26718E+00  -0.25052E-01   0.43924E-01   0.59235E+01   0.32408E+03
   73     0.8652   7.2435  -0.27294E+00  -0.25739E-01   0.43237E-01   0.58925E+01   0.32621E+03
   74     0.8814   7.3199  -0.27875E+00  -0.26437E-01   0.42539E-01   0.58617E+01   0.32829E+03
   75     0.8977   7.3956  -0.28462E+00  -0.27147E-01   0.41829E-01   0.58313E+01   0.33032E+03
   76     0.9142   7.4705  -0.29055E+00  -0.27871E-01   0.41106E-01   0.58011E+01   0.33235E+03
   77     0.9309   7.5448  -0.29655E+00  -0.28606E-01   0.40370E-01   0.57712E+01   0.33433E+03
   78     0.9477   7.6184  -0.30260E+00  -0.29354E-01   0.39623E-01   0.57415E+01   0.33625E+03
   79     0.9646   7.6913  -0.30872E+00  -0.30114E-01   0.38862E-01   0.57122E+01   0.33814E+03
   80     0.9817   7.7635  -0.31490E+00  -0.30888E-01   0.38089E-01   0.56831E+01   0.33998E+03
   81     0.9989   7.8350  -0.32114E+00  -0.31674E-01   0.37302E-01   0.56543E+01   0.34183E+03
   82     1.0163   7.9058  -0.32744E+00  -0.32473E-01   0.36504E-01   0.56259E+01   0.34360E+03
   83     1.0338   7.9759  -0.33381E+00  -0.33285E-01   0.35691E-01   0.55976E+01   0.34533E+03
   84     1.0515   8.0453  -0.34024E+00  -0.34110E-01   0.34866E-01   0.55697E+01   0.34701E+03
   85     1.0693   8.1141  -0.34673E+00  -0.34949E-01   0.34028E-01   0.55421E+01   0.34868E+03
   86     1.0873   8.1821  -0.35328E+00  -0.35801E-01   0.33175E-01   0.55148E+01   0.35027E+03
   87     1.1055   8.2495  -0.35991E+00  -0.36668E-01   0.32308E-01   0.54878E+01   0.35184E+03
   88     1.1238   8.3162  -0.36659E+00  -0.37549E-01   0.31427E-01   0.54610E+01   0.35334E+03
   89     1.1423   8.3823  -0.37333E+00  -0.38440E-01   0.30536E-01   0.54346E+01   0.35480E+03
   90     1.1609   8.4477  -0.38013E+00  -0.39346E-01   0.29631E-01   0.54084E+01   0.35623E+03
   91     1.1797   8.5124  -0.38701E+00  -0.40267E-01   0.28710E-01   0.53825E+01   0.35759E+03
   92     1.1986   8.5764  -0.39394E+00  -0.41201E-01   0.27775E-01   0.53570E+01   0.35890E+03
   93     1.2177   8.6398  -0.40094E+00  -0.42150E-01   0.26826E-01   0.53317E+01   0.36014E+03
   94     1.2370   8.7025  -0.40801E+00  -0.43113E-01   0.25863E-01   0.53067E+01   0.36136E+03
   95     1.2565   8.7646  -0.41514E+00  -0.44090E-01   0.24886E-01   0.52820E+01   0.36251E+03
   96     1.2761   8.8260  -0.42233E+00  -0.45082E-01   0.23895E-01   0.52576E+01   0.36357E+03
   97     1.2959   8.8868  -0.42959E+00  -0.46088E-01   0.22889E-01   0.52336E+01   0.36461E+03
   98     1.3158   8.9469  -0.43692E+00  -0.47108E-01   0.21868E-01   0.52098E+01   0.36560E+03
   99     1.3360   9.0065  -0.44431E+00  -0.48143E-01   0.20834E-01   0.51863E+01   0.36652E+03
  100     1.3563   9.0653  -0.45176E+00  -0.49192E-01   0.19785E-01   0.51631E+01   0.36736E+03
  101     1.3767   9.1236  -0.45928E+00  -0.50255E-01   0.18721E-01   0.51402E+01   0.36817E+03
  102     1.3974   9.1812  -0.46686E+00  -0.51334E-01   0.17642E-01   0.51175E+01   0.36889E+03
  103     1.4183   9.2382  -0.47451E+00  -0.52428E-01   0.16549E-01   0.50952E+01   0.36957E+03
  104     1.4393   9.2945  -0.48222E+00  -0.53536E-01   0.15440E-01   0.50732E+01   0.37017E+03
  105     1.4605   9.3503  -0.49000E+00  -0.54659E-01   0.14317E-01   0.50515E+01   0.37072E+03
  106     1.4819   9.4054  -0.49784E+00  -0.55798E-01   0.13178E-01   0.50300E+01   0.37121E+03
  107     1.5035   9.4600  -0.50575E+00  -0.56952E-01   0.12024E-01   0.50089E+01   0.37165E+03
  108     1.5252   9.5139  -0.51373E+00  -0.58121E-01   0.10855E-01   0.49880E+01   0.37202E+03
  109     1.5472   9.5673  -0.52177E+00  -0.59305E-01   0.96712E-02   0.49675E+01   0.37234E+03
  110     1.5693   9.6200  -0.52987E+00  -0.60504E-01   0.84721E-02   0.49472E+01   0.37261E+03
  111     1.5917   9.6722  -0.53804E+00  -0.61719E-01   0.72578E-02   0.49272E+01   0.37282E+03
  112     1.6142   9.7238  -0.54627E+00  -0.62949E-01   0.60276E-02   0.49076E+01   0.37298E+03
  113     1.6369   9.7748  -0.55457E+00  -0.64194E-01   0.47826E-02   0.48882E+01   0.37311E+03
  114     1.6598   9.8252  -0.56294E+00  -0.65455E-01   0.35215E-02   0.48691E+01   0.37316E+03
  115     1.6830   9.8751  -0.57137E+00  -0.66732E-01   0.22443E-02   0.48503E+01   0.37315E+03
  116     1.7063   9.9244  -0.57987E+00  -0.68025E-01   0.95086E-03   0.48318E+01   0.37310E+03
  117     1.7298   9.9731  -0.58845E+00  -0.69336E-01  -0.35925E-03   0.48136E+01   0.37298E+03
  118     1.7536  10.0213  -0.59708E+00  -0.70663E-01  -0.16866E-02   0.47957E+01   0.37278E+03
  119     1.7775  10.0689  -0.60579E+00  -0.72007E-01  -0.30308E-02   0.47781E+01   0.37255E+03
  120     1.8016  10.1160  -0.61457E+00  -0.73369E-01  -0.43926E-02   0.47607E+01   0.37222E+03
  121     1.8260  10.1626  -0.62342E+00  -0.74748E-01  -0.57721E-02   0.47437E+01   0.37185E+03
  122     1.8506  10.2086  -0.63235E+00  -0.76145E-01  -0.71690E-02   0.47270E+01   0.37141E+03
  123     1.8753  10.2541  -0.64134E+00  -0.77559E-01  -0.85831E-02   0.47106E+01   0.37091E+03
  124     1.9003  10.2990  -0.65040E+00  -0.78991E-01  -0.10015E-01   0.46944E+01   0.37031E+03
  125     1.9256  10.3434  -0.65952E+00  -0.80440E-01  -0.11463E-01   0.46785E+01   0.36966E+03
  126     1.9510  10.3873  -0.66872E+00  -0.81905E-01  -0.12929E-01   0.46629E+01   0.36893E+03
  127     1.9766  10.4307  -0.67798E+00  -0.83387E-01  -0.14411E-01   0.46476E+01   0.36813E+03
  128     2.0025  10.4736  -0.68731E+00  -0.84886E-01  -0.15909E-01   0.46325E+01   0.36724E+03
  129     2.0286  10.5160  -0.69670E+00  -0.86402E-01  -0.17426E-01   0.46177E+01   0.36631E+03
  130     2.0550  10.5579  -0.70617E+00  -0.87935E-01  -0.18959E-01   0.46032E+01   0.36534E+03
  131     2.0815  10.5993  -0.71570E+00  -0.89486E-01  -0.20509E-01   0.45890E+01   0.36429E+03
  132     2.1083  10.6402  -0.72530E+00  -0.91054E-01  -0.22078E-01   0.45750E+01   0.36319E+03
  133     2.1353  10.6806  -0.73497E+00  -0.92639E-01  -0.23663E-01   0.45614E+01   0.36206E+03
  134     2.1626  10.7205  -0.74470E+00  -0.94242E-01  -0.25266E-01   0.45480E+01   0.36086E+03
  135     2.1901  10.7600  -0.75449E+00  -0.95859E-01  -0.26883E-01   0.45349E+01   0.35963E+03
  136     2.2178  10.7990  -0.76437E+00  -0.97499E-01  -0.28523E-01   0.45219E+01   0.35832E+03
  137     2.2458  10.8375  -0.77432E+00  -0.99161E-01  -0.30184E-01   0.45092E+01   0.35695E+03
  138     2.2740  10.8756  -0.78434E+00  -0.10084E+00  -0.31863E-01   0.44968E+01   0.35554E+03
  139     2.3025  10.9132  -0.79443E+00  -0.10254E+00  -0.33561E-01   0.44846E+01   0.35408E+03
  140     2.3312  10.9504  -0.80460E+00  -0.10425E+00  -0.35277E-01   0.44727E+01   0.35257E+03
  141     2.3602  10.9871  -0.81483E+00  -0.10599E+00  -0.37013E-01   0.44611E+01   0.35103E+03
  142     2.3894  11.0234  -0.82514E+00  -0.10774E+00  -0.38768E-01   0.44497E+01   0.34940E+03
  143     2.4188  11.0592  -0.83551E+00  -0.10952E+00  -0.40542E-01   0.44386E+01   0.34769E+03
  144     2.4486  11.0946  -0.84596E+00  -0.11131E+00  -0.42335E-01   0.44277E+01   0.34593E+03
  145     2.4785  11.1296  -0.85648E+00  -0.11312E+00  -0.44148E-01   0.44171E+01   0.34413E+03
  146     2.5088  11.1641  -0.86707E+00  -0.11496E+00  -0.45981E-01   0.44066E+01   0.34227E+03
  147     2.5393  11.1982  -0.87773E+00  -0.11681E+00  -0.47832E-01   0.43964E+01   0.34037E+03
  148     2.5701  11.2320  -0.88846E+00  -0.11868E+00  -0.49704E-01   0.43864E+01   0.33842E+03
  149     2.6011  11.2653  -0.89927E+00  -0.12057E+00  -0.51595E-01   0.43767E+01   0.33643E+03
  150     2.6324  11.2982  -0.91014E+00  -0.12248E+00  -0.53506E-01   0.43672E+01   0.33440E+03
  151     2.6640  11.3306  -0.92109E+00  -0.12441E+00  -0.55437E-01   0.43579E+01   0.33231E+03
  152     2.6958  11.3627  -0.93211E+00  -0.12637E+00  -0.57389E-01   0.43488E+01   0.33019E+03
  153     2.7280  11.3944  -0.94321E+00  -0.12834E+00  -0.59361E-01   0.43399E+01   0.32801E+03
  154     2.7604  11.4258  -0.95438E+00  -0.13033E+00  -0.61356E-01   0.43312E+01   0.32579E+03
  155     2.7931  11.4567  -0.96562E+00  -0.13235E+00  -0.63371E-01   0.43227E+01   0.32352E+03
  156     2.8260  11.4872  -0.97694E+00  -0.13438E+00  -0.65407E-01   0.43145E+01   0.32121E+03
  157     2.8593  11.5174  -0.98833E+00  -0.13644E+00  -0.67465E-01   0.43064E+01   0.31886E+03
  158     2.8929  11.5472  -0.99980E+00  -0.13852E+00  -0.69544E-01   0.42986E+01   0.31646E+03
  159     2.9267  11.5766  -0.10113E+01  -0.14062E+00  -0.71644E-01   0.42909E+01   0.31403E+03
  160     2.9608  11.6057  -0.10230E+01  -0.14274E+00  -0.73765E-01   0.42834E+01   0.31154E+03
  161     2.9953  11.6344  -0.10346E+01  -0.14488E+00  -0.75907E-01   0.42761E+01   0.30902E+03
  162     3.0300  11.6628  -0.10464E+01  -0.14705E+00  -0.78070E-01   0.42689E+01   0.30648E+03
  163     3.0651  11.6908  -0.10582E+01  -0.14923E+00  -0.80255E-01   0.42620E+01   0.30389E+03
  164     3.1004  11.7184  -0.10701E+01  -0.15144E+00  -0.82461E-01   0.42552E+01   0.30127E+03
  165     3.1360  11.7458  -0.10821E+01  -0.15367E+00  -0.84690E-01   0.42486E+01   0.29863E+03
  166     3.1720  11.7727  -0.10942E+01  -0.15592E+00  -0.86942E-01   0.42422E+01   0.29597E+03
  167     3.2083  11.7994  -0.11063E+01  -0.15819E+00  -0.89215E-01   0.42359E+01   0.29328E+03
  168     3.2449  11.8257  -0.11185E+01  -0.16049E+00  -0.91511E-01   0.42298E+01   0.29057E+03
  169     3.2818  11.8517  -0.11308E+01  -0.16281E+00  -0.93831E-01   0.42238E+01   0.28782E+03
  170     3.3190  11.8773  -0.11432E+01  -0.16515E+00  -0.96173E-01   0.42180E+01   0.28502E+03
  171     3.3565  11.9026  -0.11556E+01  -0.16752E+00  -0.98540E-01   0.42123E+01   0.28221E+03
  172     3.3944  11.9277  -0.11681E+01  -0.16991E+00  -0.10093E+00   0.42068E+01   0.27938E+03
  173     3.4326  11.9524  -0.11807E+01  -0.17232E+00  -0.10334E+00   0.42015E+01   0.27651E+03
  174     3.4712  11.9768  -0.11934E+01  -0.17475E+00  -0.10578E+00   0.41962E+01   0.27361E+03
  175     3.5100  12.0009  -0.12062E+01  -0.17721E+00  -0.10824E+00   0.41911E+01   0.27070E+03
  176     3.5492  12.0246  -0.12190E+01  -0.17969E+00  -0.11072E+00   0.41862E+01   0.26776E+03
  177     3.5888  12.0481  -0.12319E+01  -0.18220E+00  -0.11322E+00   0.41814E+01   0.26481E+03
  178     3.6287  12.0713  -0.12449E+01  -0.18473E+00  -0.11575E+00   0.41767E+01   0.26183E+03
  179     3.6689  12.0942  -0.12579E+01  -0.18728E+00  -0.11830E+00   0.41721E+01   0.25885E+03
  180     3.7095  12.1169  -0.12711E+01  -0.18986E+00  -0.12088E+00   0.41676E+01   0.25586E+03
  181     3.7505  12.1392  -0.12843E+01  -0.19246E+00  -0.12348E+00   0.41633E+01   0.25286E+03
  182     3.7918  12.1612  -0.12976E+01  -0.19508E+00  -0.12611E+00   0.41591E+01   0.24984E+03
  183     3.8334  12.1830  -0.13110E+01  -0.19773E+00  -0.12875E+00   0.41550E+01   0.24682E+03
  184     3.8754  12.2045  -0.13244E+01  -0.20040E+00  -0.13143E+00   0.41510E+01   0.24381E+03
  185     3.9178  12.2257  -0.13379E+01  -0.20310E+00  -0.13413E+00   0.41471E+01   0.24077E+03
  186     3.9606  12.2467  -0.13516E+01  -0.20583E+00  -0.13685E+00   0.41433E+01   0.23772E+03
  187     4.0037  12.2674  -0.13653E+01  -0.20858E+00  -0.13960E+00   0.41396E+01   0.23468E+03
  188     4.0472  12.2878  -0.13790E+01  -0.21135E+00  -0.14238E+00   0.41360E+01   0.23162E+03
  189     4.0911  12.3080  -0.13929E+01  -0.21415E+00  -0.14518E+00   0.41326E+01   0.22854E+03
  190     4.1353  12.3279  -0.14068E+01  -0.21698E+00  -0.14800E+00   0.41292E+01   0.22545E+03
  191     4.1800  12.3476  -0.14209E+01  -0.21983E+00  -0.15085E+00   0.41259E+01   0.22236E+03
  192     4.2250  12.3670  -0.14350E+01  -0.22271E+00  -0.15373E+00   0.41227E+01   0.21925E+03
  193     4.2705  12.3862  -0.14491E+01  -0.22561E+00  -0.15663E+00   0.41196E+01   0.21616E+03
  194     4.3163  12.4051  -0.14634E+01  -0.22854E+00  -0.15956E+00   0.41165E+01   0.21308E+03
  195     4.3625  12.4238  -0.14777E+01  -0.23149E+00  -0.16251E+00   0.41136E+01   0.21000E+03
  196     4.4091  12.4423  -0.14922E+01  -0.23446E+00  -0.16549E+00   0.41107E+01   0.20693E+03
  197     4.4561  12.4605  -0.15067E+01  -0.23747E+00  -0.16849E+00   0.41079E+01   0.20386E+03
  198     4.5036  12.4785  -0.15212E+01  -0.24050E+00  -0.17152E+00   0.41052E+01   0.20080E+03
  199     4.5514  12.4962  -0.15359E+01  -0.24356E+00  -0.17458E+00   0.41025E+01   0.19775E+03
  200     4.5997  12.5138  -0.15507E+01  -0.24664E+00  -0.17766E+00   0.40999E+01   0.19471E+03
  201     4.6484  12.5311  -0.15655E+01  -0.24975E+00  -0.18078E+00   0.40974E+01   0.19168E+03
  202     4.6975  12.5482  -0.15805E+01  -0.25289E+00  -0.18392E+00   0.40950E+01   0.18868E+03
  203     4.7470  12.5650  -0.15955E+01  -0.25606E+00  -0.18708E+00   0.40926E+01   0.18565E+03
  204     4.7970  12.5817  -0.16106E+01  -0.25925E+00  -0.19027E+00   0.40903E+01   0.18263E+03
  205     4.8474  12.5981  -0.16257E+01  -0.26247E+00  -0.19349E+00   0.40881E+01   0.17961E+03
  206     4.8982  12.6144  -0.16410E+01  -0.26572E+00  -0.19674E+00   0.40859E+01   0.17662E+03
  207     4.9495  12.6304  -0.16564E+01  -0.26900E+00  -0.20002E+00   0.40838E+01   0.17366E+03
  208     5.0012  12.6462  -0.16718E+01  -0.27230E+00  -0.20332E+00   0.40817E+01   0.17068E+03
  209     5.0534  12.6619  -0.16873E+01  -0.27562E+00  -0.20664E+00   0.40797E+01   0.16776E+03
  210     5.1060  12.6773  -0.17029E+01  -0.27897E+00  -0.21000E+00   0.40777E+01   0.16483E+03
  211     5.1591  12.6925  -0.17186E+01  -0.28236E+00  -0.21338E+00   0.40759E+01   0.16190E+03
  212     5.2126  12.7076  -0.17344E+01  -0.28577E+00  -0.21680E+00   0.40740E+01   0.15902E+03
  213     5.2667  12.7224  -0.17502E+01  -0.28921E+00  -0.22024E+00   0.40722E+01   0.15618E+03
  214     5.3211  12.7371  -0.17662E+01  -0.29268E+00  -0.22371E+00   0.40704E+01   0.15333E+03
  215     5.3761  12.7515  -0.17822E+01  -0.29618E+00  -0.22720E+00   0.40687E+01   0.15049E+03
  216     5.4315  12.7658  -0.17984E+01  -0.29971E+00  -0.23073E+00   0.40671E+01   0.14767E+03
  217     5.4874  12.7799  -0.18146E+01  -0.30326E+00  -0.23429E+00   0.40655E+01   0.14490E+03
  218     5.5438  12.7938  -0.18309E+01  -0.30684E+00  -0.23787E+00   0.40639E+01   0.14213E+03
  219     5.6007  12.8076  -0.18473E+01  -0.31046E+00  -0.24148E+00   0.40624E+01   0.13940E+03
  220     5.6581  12.8211  -0.18638E+01  -0.31409E+00  -0.24512E+00   0.40609E+01   0.13668E+03
  221     5.7160  12.8345  -0.18803E+01  -0.31776E+00  -0.24879E+00   0.40594E+01   0.13400E+03
  222     5.7744  12.8477  -0.18970E+01  -0.32147E+00  -0.25249E+00   0.40580E+01   0.13133E+03
  223     5.8333  12.8608  -0.19138E+01  -0.32520E+00  -0.25622E+00   0.40567E+01   0.12870E+03
  224     5.8927  12.8737  -0.19306E+01  -0.32896E+00  -0.25998E+00   0.40553E+01   0.12609E+03
  225     5.9526  12.8864  -0.19475E+01  -0.33275E+00  -0.26377E+00   0.40540E+01   0.12349E+03
  226     6.0131  12.8990  -0.19646E+01  -0.33656E+00  -0.26759E+00   0.40528E+01   0.12092E+03
  227     6.0740  12.9114  -0.19817E+01  -0.34041E+00  -0.27144E+00   0.40515E+01   0.11838E+03
  228     6.1355  12.9236  -0.19989E+01  -0.34429E+00  -0.27531E+00   0.40503E+01   0.11588E+03
  229     6.1976  12.9357  -0.20162E+01  -0.34820E+00  -0.27922E+00   0.40492E+01   0.11339E+03
  230     6.2602  12.9476  -0.20336E+01  -0.35213E+00  -0.28316E+00   0.40480E+01   0.11096E+03
  231     6.3233  12.9594  -0.20511E+01  -0.35610E+00  -0.28713E+00   0.40469E+01   0.10852E+03
  232     6.3869  12.9710  -0.20687E+01  -0.36010E+00  -0.29113E+00   0.40458E+01   0.10612E+03
  233     6.4512  12.9825  -0.20863E+01  -0.36413E+00  -0.29516E+00   0.40448E+01   0.10366E+03
  234     6.5159  12.9938  -0.21041E+01  -0.36820E+00  -0.29922E+00   0.40438E+01   0.10145E+03
  235     6.5813  13.0050  -0.21220E+01  -0.37229E+00  -0.30331E+00   0.40428E+01   0.99170E+02
  236     6.6472  13.0160  -0.21399E+01  -0.37639E+00  -0.30741E+00   0.40418E+01   0.96884E+02
  237     6.7137  13.0269  -0.21579E+01  -0.38053E+00  -0.31155E+00   0.40408E+01   0.94665E+02
  238     6.7807  13.0377  -0.21761E+01  -0.38475E+00  -0.31577E+00   0.40399E+01   0.92414E+02
  239     6.8484  13.0483  -0.21944E+01  -0.38897E+00  -0.31999E+00   0.40390E+01   0.90199E+02
  240     6.9166  13.0588  -0.22127E+01  -0.39321E+00  -0.32424E+00   0.40382E+01   0.88339E+02
  241     6.9854  13.0691  -0.22311E+01  -0.39750E+00  -0.32852E+00   0.40373E+01   0.85968E+02
  242     7.0549  13.0794  -0.22497E+01  -0.40180E+00  -0.33283E+00   0.40365E+01   0.83888E+02
  243     7.1249  13.0894  -0.22683E+01  -0.40615E+00  -0.33717E+00   0.40357E+01   0.81860E+02
  244     7.1955  13.0994  -0.22870E+01  -0.41053E+00  -0.34155E+00   0.40349E+01   0.79843E+02
  245     7.2668  13.1092  -0.23058E+01  -0.41494E+00  -0.34596E+00   0.40341E+01   0.77849E+02
  246     7.3387  13.1189  -0.23248E+01  -0.41938E+00  -0.35040E+00   0.40334E+01   0.75893E+02
  247     7.4112  13.1285  -0.23438E+01  -0.42385E+00  -0.35488E+00   0.40326E+01   0.73976E+02
  248     7.4843  13.1380  -0.23629E+01  -0.42836E+00  -0.35938E+00   0.40319E+01   0.72071E+02
  249     7.5580  13.1473  -0.23821E+01  -0.43290E+00  -0.36392E+00   0.40312E+01   0.70212E+02
  250     7.6324  13.1565  -0.24014E+01  -0.43747E+00  -0.36849E+00   0.40306E+01   0.68374E+02
  251     7.7075  13.1656  -0.24209E+01  -0.44207E+00  -0.37310E+00   0.40299E+01   0.66588E+02
  252     7.7832  13.1746  -0.24404E+01  -0.44671E+00  -0.37773E+00   0.40293E+01   0.64820E+02
  253     7.8596  13.1834  -0.24600E+01  -0.45138E+00  -0.38240E+00   0.40286E+01   0.63097E+02
  254     7.9366  13.1922  -0.24797E+01  -0.45608E+00  -0.38711E+00   0.40280E+01   0.61388E+02
  255     8.0143  13.2008  -0.24995E+01  -0.46082E+00  -0.39185E+00   0.40274E+01   0.59724E+02
  256     8.0926  13.2093  -0.25195E+01  -0.46560E+00  -0.39662E+00   0.40268E+01   0.58091E+02
  257     8.1717  13.2178  -0.25395E+01  -0.47040E+00  -0.40143E+00   0.40263E+01   0.56476E+02
  258     8.2514  13.2261  -0.25596E+01  -0.47524E+00  -0.40627E+00   0.40257E+01   0.54906E+02
  259     8.3319  13.2343  -0.25799E+01  -0.48012E+00  -0.41114E+00   0.40252E+01   0.53365E+02
  260     8.4130  13.2424  -0.26002E+01  -0.48502E+00  -0.41605E+00   0.40247E+01   0.51851E+02
  261     8.4948  13.2503  -0.26207E+01  -0.48998E+00  -0.42100E+00   0.40241E+01   0.50361E+02
  262     8.5774  13.2582  -0.26412E+01  -0.49495E+00  -0.42597E+00   0.40236E+01   0.48916E+02
  263     8.6606  13.2660  -0.26618E+01  -0.49996E+00  -0.43099E+00   0.40232E+01   0.47498E+02
  264     8.7446  13.2737  -0.26826E+01  -0.50501E+00  -0.43603E+00   0.40227E+01   0.46082E+02
  265     8.8293  13.2813  -0.27035E+01  -0.51010E+00  -0.44112E+00   0.40222E+01   0.44737E+02
  266     8.9148  13.2888  -0.27244E+01  -0.51521E+00  -0.44624E+00   0.40218E+01   0.43402E+02
  267     9.0010  13.2962  -0.27455E+01  -0.52037E+00  -0.45139E+00   0.40213E+01   0.42100E+02
  268     9.0879  13.3035  -0.27667E+01  -0.52556E+00  -0.45658E+00   0.40209E+01   0.40824E+02
  269     9.1756  13.3107  -0.27880E+01  -0.53078E+00  -0.46181E+00   0.40205E+01   0.39578E+02
  270     9.2641  13.3178  -0.28094E+01  -0.53605E+00  -0.46707E+00   0.40200E+01   0.38362E+02
  271     9.3534  13.3248  -0.28309E+01  -0.54134E+00  -0.47237E+00   0.40196E+01   0.37168E+02
  272     9.4434  13.3317  -0.28525E+01  -0.54668E+00  -0.47771E+00   0.40192E+01   0.36010E+02
  273     9.5342  13.3386  -0.28743E+01  -0.55205E+00  -0.48307E+00   0.40189E+01   0.34870E+02
  274     9.6257  13.3453  -0.28961E+01  -0.55746E+00  -0.48848E+00   0.40185E+01   0.33761E+02
  275     9.7181  13.3520  -0.29181E+01  -0.56290E+00  -0.49393E+00   0.40181E+01   0.32676E+02
  276     9.8113  13.3586  -0.29401E+01  -0.56838E+00  -0.49940E+00   0.40178E+01   0.31628E+02
  277     9.9053  13.3651  -0.29623E+01  -0.57390E+00  -0.50492E+00   0.40174E+01   0.30598E+02
  278    10.0001  13.3715  -0.29846E+01  -0.57945E+00  -0.51047E+00   0.40171E+01   0.29591E+02
  279    10.0957  13.3778  -0.30070E+01  -0.58505E+00  -0.51607E+00   0.40167E+01   0.28622E+02
  280    10.1922  13.3841  -0.30295E+01  -0.59068E+00  -0.52170E+00   0.40164E+01   0.27673E+02
  281    10.2895  13.3902  -0.30521E+01  -0.59635E+00  -0.52737E+00   0.40161E+01   0.26739E+02
  282    10.3877  13.3963  -0.30749E+01  -0.60205E+00  -0.53308E+00   0.40158E+01   0.25837E+02
  283    10.4867  13.4023  -0.30977E+01  -0.60780E+00  -0.53882E+00   0.40155E+01   0.24956E+02
  284    10.5865  13.4083  -0.31207E+01  -0.61358E+00  -0.54460E+00   0.40152E+01   0.24099E+02
  285    10.6873  13.4141  -0.31438E+01  -0.61940E+00  -0.55042E+00   0.40149E+01   0.23266E+02
  286    10.7889  13.4199  -0.31670E+01  -0.62525E+00  -0.55628E+00   0.40146E+01   0.22458E+02
  287    10.8914  13.4256  -0.31903E+01  -0.63115E+00  -0.56218E+00   0.40143E+01   0.21667E+02
  288    10.9947  13.4312  -0.32137E+01  -0.63709E+00  -0.56811E+00   0.40141E+01   0.20903E+02
  289    11.0990  13.4368  -0.32373E+01  -0.64307E+00  -0.57410E+00   0.40138E+01   0.20161E+02
  290    11.2042  13.4423  -0.32610E+01  -0.64909E+00  -0.58011E+00   0.40135E+01   0.19437E+02
  291    11.3103  13.4477  -0.32847E+01  -0.65514E+00  -0.58616E+00   0.40133E+01   0.18732E+02
  292    11.4173  13.4530  -0.33087E+01  -0.66124E+00  -0.59226E+00   0.40130E+01   0.18050E+02
  293    11.5253  13.4583  -0.33327E+01  -0.66737E+00  -0.59839E+00   0.40128E+01   0.17389E+02
  294    11.6342  13.4635  -0.33568E+01  -0.67355E+00  -0.60457E+00   0.40126E+01   0.16744E+02
  295    11.7440  13.4687  -0.33811E+01  -0.67976E+00  -0.61078E+00   0.40123E+01   0.16122E+02
  296    11.8548  13.4738  -0.34055E+01  -0.68601E+00  -0.61704E+00   0.40121E+01   0.15519E+02
  297    11.9666  13.4788  -0.34300E+01  -0.69231E+00  -0.62333E+00   0.40119E+01   0.14932E+02
  298    12.0793  13.4837  -0.34547E+01  -0.69865E+00  -0.62967E+00   0.40117E+01   0.14364E+02
  299    12.1930  13.4886  -0.34794E+01  -0.70502E+00  -0.63605E+00   0.40115E+01   0.13817E+02
  300    12.3077  13.4934  -0.35043E+01  -0.71144E+00  -0.64247E+00   0.40113E+01   0.13278E+02
  301    12.4234  13.4982  -0.35293E+01  -0.71790E+00  -0.64893E+00   0.40110E+01   0.12763E+02
  302    12.5401  13.5029  -0.35545E+01  -0.72440E+00  -0.65543E+00   0.40108E+01   0.12267E+02
  303    12.6578  13.5075  -0.35797E+01  -0.73095E+00  -0.66197E+00   0.40107E+01   0.11782E+02
  304    12.7766  13.5121  -0.36051E+01  -0.73754E+00  -0.66856E+00   0.40105E+01   0.11314E+02
  305    12.8963  13.5166  -0.36306E+01  -0.74417E+00  -0.67519E+00   0.40103E+01   0.10861E+02
  306    13.0172  13.5211  -0.36563E+01  -0.75084E+00  -0.68186E+00   0.40101E+01   0.10427E+02
  307    13.1390  13.5255  -0.36820E+01  -0.75755E+00  -0.68857E+00   0.40099E+01   0.10000E+02
  308    13.2619  13.5298  -0.37079E+01  -0.76430E+00  -0.69533E+00   0.40097E+01   0.95939E+01
  309    13.3859  13.5341  -0.37340E+01  -0.77111E+00  -0.70213E+00   0.40096E+01   0.92008E+01
  310    13.5110  13.5383  -0.37601E+01  -0.77795E+00  -0.70897E+00   0.40094E+01   0.88209E+01
  311    13.6372  13.5425  -0.37864E+01  -0.78484E+00  -0.71586E+00   0.40092E+01   0.84502E+01
  312    13.7644  13.5466  -0.38128E+01  -0.79177E+00  -0.72279E+00   0.40091E+01   0.80973E+01
  313    13.8928  13.5507  -0.38394E+01  -0.79874E+00  -0.72976E+00   0.40089E+01   0.77522E+01
  314    14.0223  13.5547  -0.38661E+01  -0.80576E+00  -0.73678E+00   0.40088E+01   0.74232E+01
  315    14.1529  13.5587  -0.38929E+01  -0.81282E+00  -0.74384E+00   0.40086E+01   0.71045E+01
  316    14.2846  13.5626  -0.39198E+01  -0.81992E+00  -0.75094E+00   0.40085E+01   0.68003E+01
  317    14.4175  13.5665  -0.39469E+01  -0.82708E+00  -0.75810E+00   0.40083E+01   0.65032E+01
  318    14.5515  13.5703  -0.39742E+01  -0.83428E+00  -0.76530E+00   0.40082E+01   0.62195E+01
  319    14.6867  13.5741  -0.40015E+01  -0.84152E+00  -0.77254E+00   0.40081E+01   0.59459E+01
  320    14.8231  13.5778  -0.40290E+01  -0.84880E+00  -0.77982E+00   0.40079E+01   0.56802E+01
  321    14.9607  13.5815  -0.40566E+01  -0.85613E+00  -0.78715E+00   0.40078E+01   0.54273E+01
  322    15.0994  13.5851  -0.40844E+01  -0.86351E+00  -0.79453E+00   0.40077E+01   0.51840E+01
  323    15.2394  13.5887  -0.41123E+01  -0.87094E+00  -0.80196E+00   0.40075E+01   0.49498E+01
  324    15.3806  13.5922  -0.41403E+01  -0.87841E+00  -0.80943E+00   0.40074E+01   0.47246E+01
  325    15.5230  13.5957  -0.41686E+01  -0.88594E+00  -0.81696E+00   0.40073E+01   0.45067E+01
  326    15.6666  13.5991  -0.41969E+01  -0.89349E+00  -0.82451E+00   0.40072E+01   0.42984E+01
  327    15.8115  13.6025  -0.42253E+01  -0.90110E+00  -0.83213E+00   0.40070E+01   0.40983E+01
  328    15.9577  13.6059  -0.42539E+01  -0.90876E+00  -0.83978E+00   0.40069E+01   0.39084E+01
  329    16.1051  13.6092  -0.42827E+01  -0.91647E+00  -0.84749E+00   0.40068E+01   0.37234E+01
  330    16.2538  13.6124  -0.43116E+01  -0.92422E+00  -0.85524E+00   0.40067E+01   0.35480E+01
  331    16.4038  13.6157  -0.43406E+01  -0.93202E+00  -0.86305E+00   0.40066E+01   0.33757E+01
  332    16.5551  13.6188  -0.43698E+01  -0.93988E+00  -0.87091E+00   0.40065E+01   0.32154E+01
  333    16.7078  13.6220  -0.43991E+01  -0.94775E+00  -0.87878E+00   0.40064E+01   0.30592E+01
  334    16.8617  13.6251  -0.44286E+01  -0.95572E+00  -0.88674E+00   0.40063E+01   0.29105E+01
  335    17.0170  13.6281  -0.44582E+01  -0.96371E+00  -0.89474E+00   0.40062E+01   0.27685E+01
  336    17.1736  13.6312  -0.44880E+01  -0.97176E+00  -0.90279E+00   0.40061E+01   0.26309E+01
  337    17.3316  13.6342  -0.45179E+01  -0.97986E+00  -0.91088E+00   0.40060E+01   0.25005E+01
  338    17.4910  13.6371  -0.45480E+01  -0.98800E+00  -0.91903E+00   0.40059E+01   0.23755E+01
  339    17.6518  13.6400  -0.45782E+01  -0.99620E+00  -0.92722E+00   0.40058E+01   0.22558E+01
  340    17.8139  13.6429  -0.46086E+01  -0.10044E+01  -0.93546E+00   0.40057E+01   0.21414E+01
  341    17.9775  13.6457  -0.46391E+01  -0.10127E+01  -0.94376E+00   0.40056E+01   0.20332E+01
  342    18.1425  13.6485  -0.46698E+01  -0.10211E+01  -0.95212E+00   0.40055E+01   0.19287E+01
  343    18.3089  13.6513  -0.47006E+01  -0.10295E+01  -0.96051E+00   0.40055E+01   0.18292E+01
  344    18.4768  13.6540  -0.47316E+01  -0.10379E+01  -0.96896E+00   0.40054E+01   0.17334E+01
  345    18.6461  13.6567  -0.47627E+01  -0.10464E+01  -0.97746E+00   0.40053E+01   0.16427E+01
  346    18.8169  13.6593  -0.47940E+01  -0.10550E+01  -0.98601E+00   0.40052E+01   0.15565E+01
  347    18.9892  13.6619  -0.48255E+01  -0.10636E+01  -0.99461E+00   0.40051E+01   0.14743E+01
  348    19.1630  13.6645  -0.48571E+01  -0.10722E+01  -0.10033E+01   0.40051E+01   0.13958E+01
  349    19.3383  13.6671  -0.48889E+01  -0.10810E+01  -0.10120E+01   0.40050E+01   0.13202E+01
  350    19.5151  13.6696  -0.49208E+01  -0.10897E+01  -0.10207E+01   0.40049E+01   0.12495E+01
  351    19.6934  13.6721  -0.49528E+01  -0.10985E+01  -0.10295E+01   0.40048E+01   0.11811E+01
  352    19.8734  13.6745  -0.49851E+01  -0.11074E+01  -0.10384E+01   0.40048E+01   0.11173E+01
  353    20.0548  13.6770  -0.50175E+01  -0.11163E+01  -0.10473E+01   0.40047E+01   0.10554E+01
  354    20.2379  13.6794  -0.50502E+01  -0.11253E+01  -0.10564E+01   0.40046E+01   0.99639E+00
  355    20.4225  13.6817  -0.50828E+01  -0.11343E+01  -0.10654E+01   0.40046E+01   0.94105E+00
  356    20.6088  13.6840  -0.51157E+01  -0.11434E+01  -0.10744E+01   0.40045E+01   0.88760E+00
  357    20.7966  13.6863  -0.51487E+01  -0.11526E+01  -0.10836E+01   0.40044E+01   0.83843E+00
  358    20.9861  13.6886  -0.51819E+01  -0.11617E+01  -0.10928E+01   0.40044E+01   0.79054E+00
  359    21.1773  13.6909  -0.52154E+01  -0.11710E+01  -0.11021E+01   0.40043E+01   0.74542E+00
  360    21.3701  13.6931  -0.52489E+01  -0.11803E+01  -0.11113E+01   0.40042E+01   0.70223E+00
  361    21.5646  13.6953  -0.52827E+01  -0.11897E+01  -0.11207E+01   0.40042E+01   0.66131E+00
  362    21.7607  13.6974  -0.53165E+01  -0.11991E+01  -0.11301E+01   0.40041E+01   0.62291E+00
  363    21.9586  13.6995  -0.53506E+01  -0.12086E+01  -0.11396E+01   0.40000E+01   0.58645E+00
  364    22.1582  13.7016  -0.53848E+01  -0.12181E+01  -0.11492E+01   0.40000E+01   0.55196E+00
  365    22.3596  13.7037  -0.54192E+01  -0.12277E+01  -0.11588E+01   0.40000E+01   0.51911E+00
  366    22.5626  13.7058  -0.54538E+01  -0.12374E+01  -0.11684E+01   0.40000E+01   0.48824E+00
  367    22.7675  13.7078  -0.54885E+01  -0.12471E+01  -0.11781E+01   0.40000E+01   0.45869E+00
  368    22.9741  13.7098  -0.55235E+01  -0.12568E+01  -0.11879E+01   0.40000E+01   0.43102E+00
  369    23.1825  13.7117  -0.55585E+01  -0.12667E+01  -0.11977E+01   0.40000E+01   0.40473E+00
  370    23.3928  13.7137  -0.55938E+01  -0.12765E+01  -0.12075E+01   0.40000E+01   0.37991E+00
  371    23.6049  13.7156  -0.56292E+01  -0.12865E+01  -0.12175E+01   0.40000E+01   0.35636E+00
  372    23.8188  13.7175  -0.56649E+01  -0.12965E+01  -0.12275E+01   0.40000E+01   0.33441E+00
  373    24.0345  13.7194  -0.57006E+01  -0.13065E+01  -0.12375E+01   0.40000E+01   0.31344E+00
  374    24.2522  13.7212  -0.57366E+01  -0.13166E+01  -0.12476E+01   0.40000E+01   0.29375E+00
  375    24.4717  13.7230  -0.57728E+01  -0.13268E+01  -0.12578E+01   0.40000E+01   0.27530E+00
  376    24.6932  13.7248  -0.58091E+01  -0.13370E+01  -0.12681E+01   0.40000E+01   0.25762E+00
  377    24.9166  13.7266  -0.58457E+01  -0.13473E+01  -0.12784E+01   0.40000E+01   0.24112E+00
  378    25.1419  13.7284  -0.58824E+01  -0.13577E+01  -0.12887E+01   0.40000E+01   0.22570E+00
  379    25.3691  13.7301  -0.59192E+01  -0.13681E+01  -0.12991E+01   0.40000E+01   0.21114E+00
  380    25.5984  13.7318  -0.59563E+01  -0.13786E+01  -0.13096E+01   0.40000E+01   0.19734E+00
  381    25.8296  13.7335  -0.59936E+01  -0.13891E+01  -0.13201E+01   0.40000E+01   0.18431E+00
  382    26.0629  13.7351  -0.60310E+01  -0.13997E+01  -0.13307E+01   0.40000E+01   0.17222E+00
  383    26.2982  13.7368  -0.60686E+01  -0.14104E+01  -0.13414E+01   0.40000E+01   0.16072E+00
  384    26.5355  13.7384  -0.61064E+01  -0.14211E+01  -0.13521E+01   0.40000E+01   0.14993E+00
  385    26.7749  13.7400  -0.61444E+01  -0.14319E+01  -0.13629E+01   0.40000E+01   0.13985E+00
  386    27.0164  13.7416  -0.61826E+01  -0.14427E+01  -0.13737E+01   0.40000E+01   0.13034E+00
  387    27.2599  13.7431  -0.62209E+01  -0.14536E+01  -0.13846E+01   0.40000E+01   0.12160E+00
  388    27.5056  13.7447  -0.62595E+01  -0.14646E+01  -0.13956E+01   0.40000E+01   0.11323E+00
  389    27.7534  13.7462  -0.62982E+01  -0.14756E+01  -0.14067E+01   0.40000E+01   0.10538E+00
  390    28.0034  13.7477  -0.63372E+01  -0.14867E+01  -0.14178E+01   0.40000E+01   0.98110E-01
  391    28.2556  13.7492  -0.63763E+01  -0.14979E+01  -0.14289E+01   0.40000E+01   0.91321E-01
  392    28.5099  13.7506  -0.64156E+01  -0.15091E+01  -0.14401E+01   0.40000E+01   0.84914E-01
  393    28.7665  13.7521  -0.64551E+01  -0.15204E+01  -0.14514E+01   0.40000E+01   0.78916E-01
  394    29.0253  13.7535  -0.64949E+01  -0.15318E+01  -0.14628E+01   0.40000E+01   0.73299E-01
  395    29.2863  13.7549  -0.65347E+01  -0.15432E+01  -0.14742E+01   0.40000E+01   0.68095E-01
  396    29.5496  13.7563  -0.65747E+01  -0.15546E+01  -0.14856E+01   0.40000E+01   0.63212E-01
  397    29.8152  13.7577  -0.66151E+01  -0.15662E+01  -0.14972E+01   0.40000E+01   0.58628E-01
  398    30.0831  13.7590  -0.66555E+01  -0.15778E+01  -0.15088E+01   0.40000E+01   0.54396E-01
  399    30.3534  13.7604  -0.66962E+01  -0.15895E+01  -0.15205E+01   0.40000E+01   0.50395E-01
  400    30.6259  13.7617  -0.67371E+01  -0.16012E+01  -0.15323E+01   0.40000E+01   0.46702E-01
