    1     0.0001   0.0014  -0.15259E-04   0.51772E-06   0.69965E-01   0.88874E+01   0.80249E+02
    2     0.0088   0.1221  -0.17617E-02  -0.63839E-04   0.69901E-01   0.88362E+01   0.10974E+03
    3     0.0176   0.2423  -0.36831E-02  -0.16609E-03   0.69799E-01   0.87861E+01   0.11594E+03
    4     0.0264   0.3621  -0.56867E-02  -0.28158E-03   0.69683E-01   0.87366E+01   0.12015E+03
    5     0.0353   0.4814  -0.77771E-02  -0.41170E-03   0.69553E-01   0.86875E+01   0.12423E+03
    6     0.0443   0.6003  -0.99267E-02  -0.54874E-03   0.69416E-01   0.86387E+01   0.12770E+03
    7     0.0534   0.7188  -0.12132E-01  -0.69256E-03   0.69272E-01   0.85903E+01   0.13082E+03
    8     0.0626   0.8368  -0.14392E-01  -0.84237E-03   0.69123E-01   0.85422E+01   0.13380E+03
    9     0.0718   0.9543  -0.16704E-01  -0.99783E-03   0.68967E-01   0.84943E+01   0.13671E+03
   10     0.0811   1.0713  -0.19066E-01  -0.11588E-02   0.68806E-01   0.84467E+01   0.13948E+03
   11     0.0905   1.1879  -0.21477E-01  -0.13246E-02   0.68640E-01   0.83994E+01   0.14222E+03
   12     0.1000   1.3039  -0.23937E-01  -0.14951E-02   0.68470E-01   0.83523E+01   0.14485E+03
   13     0.1096   1.4195  -0.26445E-01  -0.16703E-02   0.68295E-01   0.83055E+01   0.14748E+03
   14     0.1192   1.5346  -0.29008E-01  -0.18525E-02   0.68112E-01   0.82590E+01   0.15013E+03
   15     0.1290   1.6491  -0.31609E-01  -0.20371E-02   0.67928E-01   0.82126E+01   0.15266E+03
   16     0.1388   1.7632  -0.34257E-01  -0.22265E-02   0.67739E-01   0.81665E+01   0.15523E+03
   17     0.1487   1.8767  -0.36953E-01  -0.24209E-02   0.67544E-01   0.81206E+01   0.15774E+03
   18     0.1587   1.9897  -0.39695E-01  -0.26200E-02   0.67345E-01   0.80749E+01   0.16028E+03
   19     0.1687   2.1021  -0.42486E-01  -0.28244E-02   0.67141E-01   0.80295E+01   0.16279E+03
   20     0.1789   2.2140  -0.45323E-01  -0.30338E-02   0.66931E-01   0.79843E+01   0.16527E+03
   21     0.1891   2.3254  -0.48207E-01  -0.32486E-02   0.66716E-01   0.79393E+01   0.16778E+03
   22     0.1995   2.4362  -0.51138E-01  -0.34687E-02   0.66496E-01   0.78946E+01   0.17026E+03
   23     0.2099   2.5465  -0.54117E-01  -0.36938E-02   0.66271E-01   0.78501E+01   0.17275E+03
   24     0.2204   2.6562  -0.57144E-01  -0.39248E-02   0.66040E-01   0.78059E+01   0.17523E+03
   25     0.2310   2.7653  -0.60219E-01  -0.41612E-02   0.65804E-01   0.77618E+01   0.17772E+03
   26     0.2417   2.8738  -0.63341E-01  -0.44039E-02   0.65561E-01   0.77180E+01   0.18021E+03
   27     0.2525   2.9818  -0.66513E-01  -0.46525E-02   0.65312E-01   0.76744E+01   0.18267E+03
   28     0.2634   3.0892  -0.69733E-01  -0.49072E-02   0.65058E-01   0.76311E+01   0.18516E+03
   29     0.2744   3.1959  -0.73002E-01  -0.51681E-02   0.64797E-01   0.75880E+01   0.18764E+03
   30     0.2855   3.3021  -0.76320E-01  -0.54357E-02   0.64529E-01   0.75451E+01   0.19013E+03
   31     0.2967   3.4077  -0.79687E-01  -0.57099E-02   0.64255E-01   0.75024E+01   0.19260E+03
   32     0.3079   3.5127  -0.83104E-01  -0.59902E-02   0.63975E-01   0.74600E+01   0.19508E+03
   33     0.3193   3.6170  -0.86553E-01  -0.62724E-02   0.63693E-01   0.74178E+01   0.19757E+03
   34     0.3308   3.7207  -0.90071E-01  -0.65669E-02   0.63398E-01   0.73759E+01   0.20005E+03
   35     0.3423   3.8238  -0.93639E-01  -0.68687E-02   0.63096E-01   0.73342E+01   0.20249E+03
   36     0.3540   3.9263  -0.97258E-01  -0.71772E-02   0.62788E-01   0.72928E+01   0.20498E+03
   37     0.3658   4.0281  -0.10093E+00  -0.74935E-02   0.62471E-01   0.72516E+01   0.20745E+03
   38     0.3777   4.1293  -0.10465E+00  -0.78175E-02   0.62147E-01   0.72107E+01   0.20992E+03
   39     0.3896   4.2299  -0.10842E+00  -0.81492E-02   0.61816E-01   0.71700E+01   0.21239E+03
   40     0.4017   4.3298  -0.11225E+00  -0.84884E-02   0.61477E-01   0.71296E+01   0.21485E+03
   41     0.4139   4.4291  -0.11613E+00  -0.88357E-02   0.61129E-01   0.70894E+01   0.21731E+03
   42     0.4262   4.5276  -0.12006E+00  -0.91916E-02   0.60773E-01   0.70495E+01   0.21978E+03
   43     0.4386   4.6256  -0.12404E+00  -0.95559E-02   0.60409E-01   0.70098E+01   0.22222E+03
   44     0.4511   4.7229  -0.12808E+00  -0.99284E-02   0.60037E-01   0.69704E+01   0.22465E+03
   45     0.4637   4.8195  -0.13217E+00  -0.10309E-01   0.59656E-01   0.69312E+01   0.22710E+03
   46     0.4764   4.9154  -0.13631E+00  -0.10699E-01   0.59266E-01   0.68922E+01   0.22954E+03
   47     0.4893   5.0106  -0.14051E+00  -0.11097E-01   0.58868E-01   0.68536E+01   0.23196E+03
   48     0.5022   5.1052  -0.14476E+00  -0.11503E-01   0.58462E-01   0.68152E+01   0.23437E+03
   49     0.5153   5.1991  -0.14906E+00  -0.11920E-01   0.58045E-01   0.67770E+01   0.23676E+03
   50     0.5285   5.2923  -0.15342E+00  -0.12345E-01   0.57620E-01   0.67392E+01   0.23917E+03
   51     0.5417   5.3849  -0.15784E+00  -0.12780E-01   0.57185E-01   0.67015E+01   0.24153E+03
   52     0.5552   5.4767  -0.16231E+00  -0.13224E-01   0.56741E-01   0.66642E+01   0.24390E+03
   53     0.5687   5.5679  -0.16683E+00  -0.13678E-01   0.56287E-01   0.66270E+01   0.24627E+03
   54     0.5823   5.6583  -0.17142E+00  -0.14141E-01   0.55824E-01   0.65902E+01   0.24859E+03
   55     0.5961   5.7481  -0.17606E+00  -0.14615E-01   0.55350E-01   0.65537E+01   0.25092E+03
   56     0.6099   5.8371  -0.18075E+00  -0.15099E-01   0.54866E-01   0.65174E+01   0.25324E+03
   57     0.6239   5.9255  -0.18550E+00  -0.15592E-01   0.54373E-01   0.64813E+01   0.25553E+03
   58     0.6381   6.0132  -0.19030E+00  -0.16095E-01   0.53870E-01   0.64456E+01   0.25782E+03
   59     0.6523   6.1001  -0.19517E+00  -0.16609E-01   0.53356E-01   0.64100E+01   0.26008E+03
   60     0.6667   6.1864  -0.20009E+00  -0.17134E-01   0.52831E-01   0.63748E+01   0.26232E+03
   61     0.6812   6.2719  -0.20507E+00  -0.17669E-01   0.52296E-01   0.63398E+01   0.26455E+03
   62     0.6958   6.3568  -0.21010E+00  -0.18214E-01   0.51751E-01   0.63051E+01   0.26675E+03
   63     0.7105   6.4409  -0.21519E+00  -0.18770E-01   0.51195E-01   0.62707E+01   0.26896E+03
   64     0.7254   6.5244  -0.22034E+00  -0.19336E-01   0.50628E-01   0.62366E+01   0.27111E+03
   65     0.7404   6.6071  -0.22555E+00  -0.19914E-01   0.50051E-01   0.62027E+01   0.27325E+03
   66     0.7555   6.6891  -0.23081E+00  -0.20502E-01   0.49463E-01   0.61692E+01   0.27537E+03
   67     0.7708   6.7704  -0.23614E+00  -0.21101E-01   0.48864E-01   0.61359E+01   0.27747E+03
   68     0.7862   6.8511  -0.24152E+00  -0.21712E-01   0.48253E-01   0.61029E+01   0.27956E+03
   69     0.8017   6.9310  -0.24696E+00  -0.22334E-01   0.47631E-01   0.60702E+01   0.28161E+03
   70     0.8174   7.0102  -0.25246E+00  -0.22968E-01   0.46997E-01   0.60377E+01   0.28363E+03
   71     0.8332   7.0886  -0.25802E+00  -0.23614E-01   0.46351E-01   0.60055E+01   0.28563E+03
   72     0.8491   7.1664  -0.26364E+00  -0.24271E-01   0.45694E-01   0.59736E+01   0.28759E+03
   73     0.8652   7.2435  -0.26932E+00  -0.24940E-01   0.45025E-01   0.59419E+01   0.28954E+03
   74     0.8814   7.3199  -0.27506E+00  -0.25621E-01   0.44344E-01   0.59106E+01   0.29145E+03
   75     0.8977   7.3956  -0.28086E+00  -0.26314E-01   0.43651E-01   0.58795E+01   0.29333E+03
   76     0.9142   7.4705  -0.28673E+00  -0.27019E-01   0.42946E-01   0.58487E+01   0.29519E+03
   77     0.9309   7.5448  -0.29265E+00  -0.27737E-01   0.42228E-01   0.58183E+01   0.29701E+03
   78     0.9477   7.6184  -0.29863E+00  -0.28466E-01   0.41499E-01   0.57881E+01   0.29880E+03
   79     0.9646   7.6913  -0.30468E+00  -0.29210E-01   0.40755E-01   0.57582E+01   0.30056E+03
   80     0.9817   7.7635  -0.31079E+00  -0.29967E-01   0.39998E-01   0.57286E+01   0.30227E+03
   81     0.9989   7.8350  -0.31696E+00  -0.30736E-01   0.39229E-01   0.56992E+01   0.30398E+03
   82     1.0163   7.9058  -0.32318E+00  -0.31515E-01   0.38450E-01   0.56702E+01   0.30564E+03
   83     1.0338   7.9759  -0.32947E+00  -0.32308E-01   0.37657E-01   0.56414E+01   0.30724E+03
   84     1.0515   8.0453  -0.33583E+00  -0.33115E-01   0.36850E-01   0.56129E+01   0.30881E+03
   85     1.0693   8.1141  -0.34224E+00  -0.33935E-01   0.36030E-01   0.55848E+01   0.31035E+03
   86     1.0873   8.1821  -0.34872E+00  -0.34769E-01   0.35196E-01   0.55569E+01   0.31183E+03
   87     1.1055   8.2495  -0.35527E+00  -0.35615E-01   0.34350E-01   0.55293E+01   0.31330E+03
   88     1.1238   8.3162  -0.36187E+00  -0.36476E-01   0.33489E-01   0.55020E+01   0.31469E+03
   89     1.1423   8.3823  -0.36854E+00  -0.37349E-01   0.32616E-01   0.54751E+01   0.31604E+03
   90     1.1609   8.4477  -0.37527E+00  -0.38236E-01   0.31729E-01   0.54484E+01   0.31736E+03
   91     1.1797   8.5124  -0.38207E+00  -0.39138E-01   0.30827E-01   0.54220E+01   0.31864E+03
   92     1.1986   8.5764  -0.38892E+00  -0.40052E-01   0.29913E-01   0.53959E+01   0.31988E+03
   93     1.2177   8.6398  -0.39584E+00  -0.40980E-01   0.28985E-01   0.53701E+01   0.32104E+03
   94     1.2370   8.7025  -0.40283E+00  -0.41922E-01   0.28043E-01   0.53445E+01   0.32218E+03
   95     1.2565   8.7646  -0.40988E+00  -0.42878E-01   0.27087E-01   0.53193E+01   0.32328E+03
   96     1.2761   8.8260  -0.41699E+00  -0.43848E-01   0.26117E-01   0.52944E+01   0.32429E+03
   97     1.2959   8.8868  -0.42416E+00  -0.44832E-01   0.25133E-01   0.52698E+01   0.32528E+03
   98     1.3158   8.9469  -0.43140E+00  -0.45831E-01   0.24134E-01   0.52455E+01   0.32620E+03
   99     1.3360   9.0065  -0.43870E+00  -0.46843E-01   0.23122E-01   0.52214E+01   0.32707E+03
  100     1.3563   9.0653  -0.44607E+00  -0.47871E-01   0.22094E-01   0.51977E+01   0.32788E+03
  101     1.3767   9.1236  -0.45351E+00  -0.48913E-01   0.21052E-01   0.51743E+01   0.32867E+03
  102     1.3974   9.1812  -0.46100E+00  -0.49969E-01   0.19996E-01   0.51511E+01   0.32939E+03
  103     1.4183   9.2382  -0.46856E+00  -0.51040E-01   0.18925E-01   0.51282E+01   0.33008E+03
  104     1.4393   9.2945  -0.47618E+00  -0.52125E-01   0.17840E-01   0.51057E+01   0.33071E+03
  105     1.4605   9.3503  -0.48387E+00  -0.53224E-01   0.16741E-01   0.50834E+01   0.33130E+03
  106     1.4819   9.4054  -0.49162E+00  -0.54338E-01   0.15627E-01   0.50615E+01   0.33185E+03
  107     1.5035   9.4600  -0.49944E+00  -0.55468E-01   0.14497E-01   0.50398E+01   0.33235E+03
  108     1.5252   9.5139  -0.50732E+00  -0.56611E-01   0.13354E-01   0.50184E+01   0.33280E+03
  109     1.5472   9.5673  -0.51527E+00  -0.57771E-01   0.12194E-01   0.49974E+01   0.33320E+03
  110     1.5693   9.6200  -0.52328E+00  -0.58945E-01   0.11020E-01   0.49766E+01   0.33355E+03
  111     1.5917   9.6722  -0.53136E+00  -0.60136E-01   0.98292E-02   0.49561E+01   0.33386E+03
  112     1.6142   9.7238  -0.53951E+00  -0.61342E-01   0.86228E-02   0.49359E+01   0.33411E+03
  113     1.6369   9.7748  -0.54772E+00  -0.62565E-01   0.74000E-02   0.49161E+01   0.33431E+03
  114     1.6598   9.8252  -0.55600E+00  -0.63804E-01   0.61612E-02   0.48965E+01   0.33445E+03
  115     1.6830   9.8751  -0.56436E+00  -0.65060E-01   0.49053E-02   0.48773E+01   0.33452E+03
  116     1.7063   9.9244  -0.57278E+00  -0.66332E-01   0.36327E-02   0.48583E+01   0.33455E+03
  117     1.7298   9.9731  -0.58127E+00  -0.67622E-01   0.23432E-02   0.48396E+01   0.33451E+03
  118     1.7536  10.0213  -0.58983E+00  -0.68927E-01   0.10375E-02   0.48213E+01   0.33441E+03
  119     1.7775  10.0689  -0.59846E+00  -0.70250E-01  -0.28546E-03   0.48032E+01   0.33425E+03
  120     1.8016  10.1160  -0.60715E+00  -0.71589E-01  -0.16244E-02   0.47854E+01   0.33402E+03
  121     1.8260  10.1626  -0.61591E+00  -0.72945E-01  -0.29798E-02   0.47679E+01   0.33374E+03
  122     1.8506  10.2086  -0.62474E+00  -0.74316E-01  -0.43510E-02   0.47507E+01   0.33338E+03
  123     1.8753  10.2541  -0.63363E+00  -0.75704E-01  -0.57387E-02   0.47338E+01   0.33295E+03
  124     1.9003  10.2990  -0.64259E+00  -0.77107E-01  -0.71424E-02   0.47172E+01   0.33247E+03
  125     1.9256  10.3434  -0.65162E+00  -0.78528E-01  -0.85634E-02   0.47008E+01   0.33195E+03
  126     1.9510  10.3873  -0.66071E+00  -0.79965E-01  -0.10000E-01   0.46848E+01   0.33136E+03
  127     1.9766  10.4307  -0.66987E+00  -0.81419E-01  -0.11454E-01   0.46690E+01   0.33075E+03
  128     2.0025  10.4736  -0.67910E+00  -0.82891E-01  -0.12926E-01   0.46534E+01   0.33007E+03
  129     2.0286  10.5160  -0.68840E+00  -0.84379E-01  -0.14414E-01   0.46382E+01   0.32933E+03
  130     2.0550  10.5579  -0.69776E+00  -0.85878E-01  -0.15913E-01   0.46236E+01   0.32857E+03
  131     2.0815  10.5993  -0.70718E+00  -0.87395E-01  -0.17430E-01   0.46091E+01   0.32775E+03
  132     2.1083  10.6402  -0.71668E+00  -0.88941E-01  -0.18976E-01   0.45944E+01   0.32687E+03
  133     2.1353  10.6806  -0.72626E+00  -0.90504E-01  -0.20539E-01   0.45801E+01   0.32595E+03
  134     2.1626  10.7205  -0.73590E+00  -0.92081E-01  -0.22116E-01   0.45662E+01   0.32497E+03
  135     2.1901  10.7600  -0.74561E+00  -0.93676E-01  -0.23711E-01   0.45527E+01   0.32395E+03
  136     2.2178  10.7990  -0.75540E+00  -0.95291E-01  -0.25326E-01   0.45394E+01   0.32286E+03
  137     2.2458  10.8375  -0.76525E+00  -0.96923E-01  -0.26958E-01   0.45263E+01   0.32175E+03
  138     2.2740  10.8756  -0.77518E+00  -0.98575E-01  -0.28610E-01   0.45136E+01   0.32057E+03
  139     2.3025  10.9132  -0.78517E+00  -0.10024E+00  -0.30280E-01   0.45011E+01   0.31931E+03
  140     2.3312  10.9504  -0.79524E+00  -0.10193E+00  -0.31969E-01   0.44888E+01   0.31803E+03
  141     2.3602  10.9871  -0.80537E+00  -0.10364E+00  -0.33676E-01   0.44768E+01   0.31667E+03
  142     2.3894  11.0234  -0.81558E+00  -0.10537E+00  -0.35403E-01   0.44650E+01   0.31526E+03
  143     2.4188  11.0592  -0.82586E+00  -0.10711E+00  -0.37147E-01   0.44535E+01   0.31382E+03
  144     2.4486  11.0946  -0.83620E+00  -0.10888E+00  -0.38912E-01   0.44423E+01   0.31231E+03
  145     2.4785  11.1296  -0.84662E+00  -0.11066E+00  -0.40695E-01   0.44312E+01   0.31078E+03
  146     2.5088  11.1641  -0.85711E+00  -0.11246E+00  -0.42497E-01   0.44204E+01   0.30921E+03
  147     2.5393  11.1982  -0.86767E+00  -0.11428E+00  -0.44319E-01   0.44099E+01   0.30757E+03
  148     2.5701  11.2320  -0.87830E+00  -0.11613E+00  -0.46161E-01   0.43996E+01   0.30591E+03
  149     2.6011  11.2653  -0.88900E+00  -0.11799E+00  -0.48023E-01   0.43895E+01   0.30420E+03
  150     2.6324  11.2982  -0.89978E+00  -0.11987E+00  -0.49905E-01   0.43796E+01   0.30245E+03
  151     2.6640  11.3306  -0.91063E+00  -0.12177E+00  -0.51808E-01   0.43700E+01   0.30064E+03
  152     2.6958  11.3627  -0.92156E+00  -0.12370E+00  -0.53731E-01   0.43606E+01   0.29879E+03
  153     2.7280  11.3944  -0.93256E+00  -0.12564E+00  -0.55675E-01   0.43514E+01   0.29689E+03
  154     2.7604  11.4258  -0.94363E+00  -0.12761E+00  -0.57641E-01   0.43425E+01   0.29495E+03
  155     2.7931  11.4567  -0.95477E+00  -0.12959E+00  -0.59626E-01   0.43337E+01   0.29298E+03
  156     2.8260  11.4872  -0.96599E+00  -0.13160E+00  -0.61632E-01   0.43251E+01   0.29096E+03
  157     2.8593  11.5174  -0.97728E+00  -0.13362E+00  -0.63659E-01   0.43168E+01   0.28890E+03
  158     2.8929  11.5472  -0.98864E+00  -0.13567E+00  -0.65705E-01   0.43087E+01   0.28679E+03
  159     2.9267  11.5766  -0.10001E+01  -0.13774E+00  -0.67772E-01   0.43007E+01   0.28468E+03
  160     2.9608  11.6057  -0.10116E+01  -0.13983E+00  -0.69861E-01   0.42929E+01   0.28249E+03
  161     2.9953  11.6344  -0.10232E+01  -0.14194E+00  -0.71971E-01   0.42854E+01   0.28029E+03
  162     3.0300  11.6628  -0.10348E+01  -0.14407E+00  -0.74104E-01   0.42780E+01   0.27808E+03
  163     3.0651  11.6908  -0.10465E+01  -0.14622E+00  -0.76258E-01   0.42708E+01   0.27582E+03
  164     3.1004  11.7184  -0.10584E+01  -0.14840E+00  -0.78432E-01   0.42637E+01   0.27355E+03
  165     3.1360  11.7458  -0.10702E+01  -0.15060E+00  -0.80631E-01   0.42569E+01   0.27123E+03
  166     3.1720  11.7727  -0.10822E+01  -0.15282E+00  -0.82851E-01   0.42502E+01   0.26890E+03
  167     3.2083  11.7994  -0.10942E+01  -0.15506E+00  -0.85094E-01   0.42437E+01   0.26651E+03
  168     3.2449  11.8257  -0.11063E+01  -0.15733E+00  -0.87360E-01   0.42374E+01   0.26411E+03
  169     3.2818  11.8517  -0.11185E+01  -0.15961E+00  -0.89649E-01   0.42312E+01   0.26167E+03
  170     3.3190  11.8773  -0.11308E+01  -0.16193E+00  -0.91960E-01   0.42252E+01   0.25919E+03
  171     3.3565  11.9026  -0.11431E+01  -0.16426E+00  -0.94294E-01   0.42193E+01   0.25670E+03
  172     3.3944  11.9277  -0.11556E+01  -0.16662E+00  -0.96651E-01   0.42136E+01   0.25419E+03
  173     3.4326  11.9524  -0.11680E+01  -0.16899E+00  -0.99030E-01   0.42080E+01   0.25163E+03
  174     3.4712  11.9768  -0.11806E+01  -0.17140E+00  -0.10143E+00   0.42026E+01   0.24907E+03
  175     3.5100  12.0009  -0.11933E+01  -0.17382E+00  -0.10386E+00   0.41973E+01   0.24648E+03
  176     3.5492  12.0246  -0.12060E+01  -0.17627E+00  -0.10630E+00   0.41922E+01   0.24388E+03
  177     3.5888  12.0481  -0.12188E+01  -0.17874E+00  -0.10878E+00   0.41872E+01   0.24127E+03
  178     3.6287  12.0713  -0.12316E+01  -0.18124E+00  -0.11127E+00   0.41823E+01   0.23864E+03
  179     3.6689  12.0942  -0.12446E+01  -0.18376E+00  -0.11379E+00   0.41776E+01   0.23599E+03
  180     3.7095  12.1169  -0.12576E+01  -0.18630E+00  -0.11633E+00   0.41730E+01   0.23335E+03
  181     3.7505  12.1392  -0.12707E+01  -0.18887E+00  -0.11890E+00   0.41685E+01   0.23068E+03
  182     3.7918  12.1612  -0.12839E+01  -0.19146E+00  -0.12149E+00   0.41641E+01   0.22801E+03
  183     3.8334  12.1830  -0.12972E+01  -0.19408E+00  -0.12411E+00   0.41598E+01   0.22532E+03
  184     3.8754  12.2045  -0.13105E+01  -0.19672E+00  -0.12675E+00   0.41557E+01   0.22263E+03
  185     3.9178  12.2257  -0.13240E+01  -0.19938E+00  -0.12942E+00   0.41517E+01   0.21991E+03
  186     3.9606  12.2467  -0.13375E+01  -0.20207E+00  -0.13211E+00   0.41477E+01   0.21718E+03
  187     4.0037  12.2674  -0.13511E+01  -0.20479E+00  -0.13483E+00   0.41439E+01   0.21444E+03
  188     4.0472  12.2878  -0.13648E+01  -0.20753E+00  -0.13757E+00   0.41402E+01   0.21167E+03
  189     4.0911  12.3080  -0.13785E+01  -0.21030E+00  -0.14034E+00   0.41366E+01   0.20891E+03
  190     4.1353  12.3279  -0.13924E+01  -0.21309E+00  -0.14313E+00   0.41331E+01   0.20613E+03
  191     4.1800  12.3476  -0.14063E+01  -0.21591E+00  -0.14595E+00   0.41297E+01   0.20338E+03
  192     4.2250  12.3670  -0.14203E+01  -0.21875E+00  -0.14879E+00   0.41264E+01   0.20060E+03
  193     4.2705  12.3862  -0.14343E+01  -0.22161E+00  -0.15165E+00   0.41231E+01   0.19784E+03
  194     4.3163  12.4051  -0.14485E+01  -0.22451E+00  -0.15454E+00   0.41200E+01   0.19507E+03
  195     4.3625  12.4238  -0.14627E+01  -0.22742E+00  -0.15746E+00   0.41169E+01   0.19232E+03
  196     4.4091  12.4423  -0.14770E+01  -0.23037E+00  -0.16040E+00   0.41139E+01   0.18956E+03
  197     4.4561  12.4605  -0.14914E+01  -0.23334E+00  -0.16337E+00   0.41110E+01   0.18683E+03
  198     4.5036  12.4785  -0.15059E+01  -0.23634E+00  -0.16637E+00   0.41082E+01   0.18408E+03
  199     4.5514  12.4962  -0.15205E+01  -0.23936E+00  -0.16940E+00   0.41055E+01   0.18136E+03
  200     4.5997  12.5138  -0.15351E+01  -0.24241E+00  -0.17245E+00   0.41028E+01   0.17861E+03
  201     4.6484  12.5311  -0.15499E+01  -0.24549E+00  -0.17552E+00   0.41002E+01   0.17586E+03
  202     4.6975  12.5482  -0.15647E+01  -0.24859E+00  -0.17863E+00   0.40977E+01   0.17311E+03
  203     4.7470  12.5650  -0.15796E+01  -0.25172E+00  -0.18176E+00   0.40952E+01   0.17038E+03
  204     4.7970  12.5817  -0.15946E+01  -0.25489E+00  -0.18492E+00   0.40929E+01   0.16765E+03
  205     4.8474  12.5981  -0.16097E+01  -0.25807E+00  -0.18811E+00   0.40905E+01   0.16496E+03
  206     4.8982  12.6144  -0.16248E+01  -0.26128E+00  -0.19132E+00   0.40883E+01   0.16225E+03
  207     4.9495  12.6304  -0.16400E+01  -0.26451E+00  -0.19455E+00   0.40861E+01   0.15958E+03
  208     5.0012  12.6462  -0.16554E+01  -0.26778E+00  -0.19782E+00   0.40839E+01   0.15688E+03
  209     5.0534  12.6619  -0.16708E+01  -0.27108E+00  -0.20111E+00   0.40819E+01   0.15423E+03
  210     5.1060  12.6773  -0.16863E+01  -0.27440E+00  -0.20443E+00   0.40798E+01   0.15160E+03
  211     5.1591  12.6925  -0.17019E+01  -0.27775E+00  -0.20778E+00   0.40779E+01   0.14898E+03
  212     5.2126  12.7076  -0.17175E+01  -0.28113E+00  -0.21116E+00   0.40760E+01   0.14635E+03
  213     5.2667  12.7224  -0.17333E+01  -0.28453E+00  -0.21457E+00   0.40741E+01   0.14375E+03
  214     5.3211  12.7371  -0.17492E+01  -0.28797E+00  -0.21800E+00   0.40723E+01   0.14116E+03
  215     5.3761  12.7515  -0.17651E+01  -0.29143E+00  -0.22146E+00   0.40705E+01   0.13860E+03
  216     5.4315  12.7658  -0.17811E+01  -0.29492E+00  -0.22496E+00   0.40688E+01   0.13606E+03
  217     5.4874  12.7799  -0.17972E+01  -0.29844E+00  -0.22847E+00   0.40672E+01   0.13353E+03
  218     5.5438  12.7938  -0.18134E+01  -0.30199E+00  -0.23202E+00   0.40655E+01   0.13103E+03
  219     5.6007  12.8076  -0.18297E+01  -0.30556E+00  -0.23560E+00   0.40640E+01   0.12855E+03
  220     5.6581  12.8211  -0.18461E+01  -0.30917E+00  -0.23921E+00   0.40624E+01   0.12607E+03
  221     5.7160  12.8345  -0.18625E+01  -0.31281E+00  -0.24284E+00   0.40609E+01   0.12364E+03
  222     5.7744  12.8477  -0.18791E+01  -0.31647E+00  -0.24651E+00   0.40595E+01   0.12121E+03
  223     5.8333  12.8608  -0.18958E+01  -0.32017E+00  -0.25020E+00   0.40581E+01   0.11880E+03
  224     5.8927  12.8737  -0.19125E+01  -0.32389E+00  -0.25393E+00   0.40567E+01   0.11641E+03
  225     5.9526  12.8864  -0.19293E+01  -0.32765E+00  -0.25768E+00   0.40553E+01   0.11405E+03
  226     6.0131  12.8990  -0.19462E+01  -0.33143E+00  -0.26146E+00   0.40540E+01   0.11171E+03
  227     6.0740  12.9114  -0.19633E+01  -0.33524E+00  -0.26527E+00   0.40528E+01   0.10941E+03
  228     6.1355  12.9236  -0.19804E+01  -0.33908E+00  -0.26912E+00   0.40515E+01   0.10712E+03
  229     6.1976  12.9357  -0.19975E+01  -0.34296E+00  -0.27299E+00   0.40503E+01   0.10485E+03
  230     6.2602  12.9476  -0.20148E+01  -0.34686E+00  -0.27690E+00   0.40491E+01   0.10266E+03
  231     6.3233  12.9594  -0.20322E+01  -0.35080E+00  -0.28083E+00   0.40480E+01   0.10017E+03
  232     6.3869  12.9710  -0.20497E+01  -0.35476E+00  -0.28480E+00   0.40469E+01   0.98256E+02
  233     6.4512  12.9825  -0.20673E+01  -0.35876E+00  -0.28879E+00   0.40458E+01   0.96083E+02
  234     6.5159  12.9938  -0.20850E+01  -0.36280E+00  -0.29283E+00   0.40448E+01   0.93928E+02
  235     6.5813  13.0050  -0.21023E+01  -0.36673E+00  -0.29676E+00   0.40437E+01   0.91899E+02
  236     6.6472  13.0160  -0.21206E+01  -0.37093E+00  -0.30097E+00   0.40427E+01   0.89729E+02
  237     6.7137  13.0269  -0.21385E+01  -0.37505E+00  -0.30509E+00   0.40418E+01   0.87685E+02
  238     6.7807  13.0377  -0.21565E+01  -0.37920E+00  -0.30923E+00   0.40408E+01   0.85875E+02
  239     6.8484  13.0483  -0.21747E+01  -0.38338E+00  -0.31341E+00   0.40399E+01   0.83643E+02
  240     6.9166  13.0588  -0.21929E+01  -0.38759E+00  -0.31762E+00   0.40390E+01   0.81710E+02
  241     6.9854  13.0691  -0.22112E+01  -0.39183E+00  -0.32187E+00   0.40381E+01   0.79773E+02
  242     7.0549  13.0794  -0.22296E+01  -0.39611E+00  -0.32615E+00   0.40373E+01   0.77867E+02
  243     7.1249  13.0894  -0.22482E+01  -0.40042E+00  -0.33046E+00   0.40364E+01   0.75984E+02
  244     7.1955  13.0994  -0.22668E+01  -0.40476E+00  -0.33480E+00   0.40356E+01   0.74141E+02
  245     7.2668  13.1092  -0.22855E+01  -0.40914E+00  -0.33917E+00   0.40348E+01   0.72300E+02
  246     7.3387  13.1189  -0.23043E+01  -0.41354E+00  -0.34358E+00   0.40341E+01   0.70501E+02
  247     7.4112  13.1285  -0.23232E+01  -0.41798E+00  -0.34802E+00   0.40333E+01   0.68738E+02
  248     7.4843  13.1380  -0.23422E+01  -0.42245E+00  -0.35249E+00   0.40326E+01   0.66990E+02
  249     7.5580  13.1473  -0.23614E+01  -0.42696E+00  -0.35699E+00   0.40319E+01   0.65275E+02
  250     7.6324  13.1565  -0.23806E+01  -0.43149E+00  -0.36153E+00   0.40312E+01   0.63594E+02
  251     7.7075  13.1656  -0.23999E+01  -0.43606E+00  -0.36610E+00   0.40305E+01   0.61945E+02
  252     7.7832  13.1746  -0.24193E+01  -0.44066E+00  -0.37070E+00   0.40298E+01   0.60319E+02
  253     7.8596  13.1834  -0.24388E+01  -0.44530E+00  -0.37533E+00   0.40292E+01   0.58731E+02
  254     7.9366  13.1922  -0.24584E+01  -0.44997E+00  -0.38000E+00   0.40286E+01   0.57160E+02
  255     8.0143  13.2008  -0.24781E+01  -0.45468E+00  -0.38471E+00   0.40279E+01   0.55621E+02
  256     8.0926  13.2093  -0.24980E+01  -0.45941E+00  -0.38945E+00   0.40273E+01   0.54126E+02
  257     8.1717  13.2178  -0.25179E+01  -0.46418E+00  -0.39422E+00   0.40268E+01   0.52624E+02
  258     8.2514  13.2261  -0.25379E+01  -0.46899E+00  -0.39903E+00   0.40262E+01   0.51171E+02
  259     8.3319  13.2343  -0.25580E+01  -0.47383E+00  -0.40386E+00   0.40256E+01   0.49753E+02
  260     8.4130  13.2424  -0.25783E+01  -0.47871E+00  -0.40874E+00   0.40251E+01   0.48353E+02
  261     8.4948  13.2503  -0.25986E+01  -0.48361E+00  -0.41365E+00   0.40246E+01   0.46983E+02
  262     8.5774  13.2582  -0.26191E+01  -0.48856E+00  -0.41859E+00   0.40241E+01   0.45645E+02
  263     8.6606  13.2660  -0.26396E+01  -0.49354E+00  -0.42357E+00   0.40236E+01   0.44320E+02
  264     8.7446  13.2737  -0.26603E+01  -0.49855E+00  -0.42859E+00   0.40231E+01   0.43034E+02
  265     8.8293  13.2813  -0.26810E+01  -0.50360E+00  -0.43363E+00   0.40226E+01   0.41774E+02
  266     8.9148  13.2888  -0.27019E+01  -0.50868E+00  -0.43871E+00   0.40221E+01   0.40541E+02
  267     9.0010  13.2962  -0.27229E+01  -0.51380E+00  -0.44384E+00   0.40217E+01   0.39335E+02
  268     9.0879  13.3035  -0.27439E+01  -0.51896E+00  -0.44899E+00   0.40212E+01   0.38154E+02
  269     9.1756  13.3107  -0.27651E+01  -0.52415E+00  -0.45418E+00   0.40208E+01   0.36997E+02
  270     9.2641  13.3178  -0.27864E+01  -0.52938E+00  -0.45941E+00   0.40204E+01   0.35871E+02
  271     9.3534  13.3248  -0.28079E+01  -0.53464E+00  -0.46468E+00   0.40200E+01   0.34765E+02
  272     9.4434  13.3317  -0.28294E+01  -0.53994E+00  -0.46997E+00   0.40196E+01   0.33687E+02
  273     9.5342  13.3386  -0.28510E+01  -0.54528E+00  -0.47531E+00   0.40192E+01   0.32629E+02
  274     9.6257  13.3453  -0.28727E+01  -0.55065E+00  -0.48069E+00   0.40188E+01   0.31602E+02
  275     9.7181  13.3520  -0.28946E+01  -0.55606E+00  -0.48609E+00   0.40184E+01   0.30603E+02
  276     9.8113  13.3586  -0.29165E+01  -0.56150E+00  -0.49154E+00   0.40181E+01   0.29619E+02
  277     9.9053  13.3651  -0.29386E+01  -0.56699E+00  -0.49702E+00   0.40177E+01   0.28666E+02
  278    10.0001  13.3715  -0.29608E+01  -0.57251E+00  -0.50254E+00   0.40173E+01   0.27733E+02
  279    10.0957  13.3778  -0.29831E+01  -0.57807E+00  -0.50810E+00   0.40170E+01   0.26829E+02
  280    10.1922  13.3841  -0.30055E+01  -0.58366E+00  -0.51370E+00   0.40167E+01   0.25943E+02
  281    10.2895  13.3902  -0.30280E+01  -0.58930E+00  -0.51933E+00   0.40163E+01   0.25075E+02
  282    10.3877  13.3963  -0.30507E+01  -0.59497E+00  -0.52501E+00   0.40160E+01   0.24236E+02
  283    10.4867  13.4023  -0.30734E+01  -0.60068E+00  -0.53071E+00   0.40157E+01   0.23415E+02
  284    10.5865  13.4083  -0.30963E+01  -0.60643E+00  -0.53646E+00   0.40154E+01   0.22618E+02
  285    10.6873  13.4141  -0.31192E+01  -0.61221E+00  -0.54224E+00   0.40151E+01   0.21845E+02
  286    10.7889  13.4199  -0.31423E+01  -0.61803E+00  -0.54807E+00   0.40148E+01   0.21088E+02
  287    10.8914  13.4256  -0.31656E+01  -0.62390E+00  -0.55393E+00   0.40145E+01   0.20353E+02
  288    10.9947  13.4312  -0.31889E+01  -0.62981E+00  -0.55984E+00   0.40143E+01   0.19640E+02
  289    11.0990  13.4368  -0.32124E+01  -0.63575E+00  -0.56578E+00   0.40140E+01   0.18947E+02
  290    11.2042  13.4423  -0.32359E+01  -0.64173E+00  -0.57176E+00   0.40137E+01   0.18270E+02
  291    11.3103  13.4477  -0.32596E+01  -0.64775E+00  -0.57778E+00   0.40135E+01   0.17612E+02
  292    11.4173  13.4530  -0.32834E+01  -0.65381E+00  -0.58384E+00   0.40132E+01   0.16978E+02
  293    11.5253  13.4583  -0.33074E+01  -0.65991E+00  -0.58995E+00   0.40130E+01   0.16357E+02
  294    11.6342  13.4635  -0.33314E+01  -0.66605E+00  -0.59608E+00   0.40127E+01   0.15757E+02
  295    11.7440  13.4687  -0.33556E+01  -0.67223E+00  -0.60227E+00   0.40125E+01   0.15175E+02
  296    11.8548  13.4738  -0.33799E+01  -0.67845E+00  -0.60849E+00   0.40123E+01   0.14611E+02
  297    11.9666  13.4788  -0.34043E+01  -0.68471E+00  -0.61475E+00   0.40120E+01   0.14062E+02
  298    12.0793  13.4837  -0.34288E+01  -0.69101E+00  -0.62105E+00   0.40118E+01   0.13531E+02
  299    12.1930  13.4886  -0.34535E+01  -0.69736E+00  -0.62739E+00   0.40116E+01   0.13018E+02
  300    12.3077  13.4934  -0.34783E+01  -0.70374E+00  -0.63378E+00   0.40114E+01   0.12513E+02
  301    12.4234  13.4982  -0.35032E+01  -0.71017E+00  -0.64020E+00   0.40112E+01   0.12035E+02
  302    12.5401  13.5029  -0.35282E+01  -0.71664E+00  -0.64667E+00   0.40110E+01   0.11567E+02
  303    12.6578  13.5075  -0.35534E+01  -0.72315E+00  -0.65318E+00   0.40108E+01   0.11113E+02
  304    12.7766  13.5121  -0.35786E+01  -0.72971E+00  -0.65974E+00   0.40106E+01   0.10673E+02
  305    12.8963  13.5166  -0.36041E+01  -0.73630E+00  -0.66633E+00   0.40104E+01   0.10250E+02
  306    13.0172  13.5211  -0.36296E+01  -0.74293E+00  -0.67297E+00   0.40102E+01   0.98405E+01
  307    13.1390  13.5255  -0.36552E+01  -0.74961E+00  -0.67964E+00   0.40100E+01   0.94444E+01
  308    13.2619  13.5298  -0.36811E+01  -0.75634E+00  -0.68637E+00   0.40099E+01   0.90607E+01
  309    13.3859  13.5341  -0.37070E+01  -0.76310E+00  -0.69313E+00   0.40097E+01   0.86926E+01
  310    13.5110  13.5383  -0.37331E+01  -0.76991E+00  -0.69995E+00   0.40095E+01   0.83326E+01
  311    13.6372  13.5425  -0.37592E+01  -0.77676E+00  -0.70680E+00   0.40094E+01   0.79880E+01
  312    13.7644  13.5466  -0.37856E+01  -0.78366E+00  -0.71369E+00   0.40092E+01   0.76524E+01
  313    13.8928  13.5507  -0.38120E+01  -0.79060E+00  -0.72063E+00   0.40090E+01   0.73320E+01
  314    14.0223  13.5547  -0.38386E+01  -0.79758E+00  -0.72762E+00   0.40089E+01   0.70210E+01
  315    14.1529  13.5587  -0.38653E+01  -0.80460E+00  -0.73464E+00   0.40087E+01   0.67227E+01
  316    14.2846  13.5626  -0.38922E+01  -0.81169E+00  -0.74172E+00   0.40086E+01   0.64351E+01
  317    14.4175  13.5665  -0.39191E+01  -0.81880E+00  -0.74884E+00   0.40084E+01   0.61572E+01
  318    14.5515  13.5703  -0.39463E+01  -0.82596E+00  -0.75600E+00   0.40083E+01   0.58872E+01
  319    14.6867  13.5741  -0.39735E+01  -0.83317E+00  -0.76320E+00   0.40081E+01   0.56301E+01
  320    14.8231  13.5778  -0.40009E+01  -0.84042E+00  -0.77046E+00   0.40080E+01   0.53830E+01
  321    14.9607  13.5815  -0.40284E+01  -0.84772E+00  -0.77776E+00   0.40079E+01   0.51429E+01
  322    15.0994  13.5851  -0.40561E+01  -0.85506E+00  -0.78510E+00   0.40077E+01   0.49146E+01
  323    15.2394  13.5887  -0.40839E+01  -0.86245E+00  -0.79249E+00   0.40076E+01   0.46929E+01
  324    15.3806  13.5922  -0.41119E+01  -0.86990E+00  -0.79994E+00   0.40075E+01   0.44808E+01
  325    15.5230  13.5957  -0.41399E+01  -0.87738E+00  -0.80741E+00   0.40074E+01   0.42752E+01
  326    15.6666  13.5991  -0.41682E+01  -0.88491E+00  -0.81495E+00   0.40072E+01   0.40778E+01
  327    15.8115  13.6025  -0.41965E+01  -0.89248E+00  -0.82252E+00   0.40071E+01   0.38902E+01
  328    15.9577  13.6059  -0.42250E+01  -0.90011E+00  -0.83015E+00   0.40070E+01   0.37090E+01
  329    16.1051  13.6092  -0.42537E+01  -0.90779E+00  -0.83782E+00   0.40069E+01   0.35367E+01
  330    16.2538  13.6124  -0.42825E+01  -0.91551E+00  -0.84554E+00   0.40068E+01   0.33661E+01
  331    16.4038  13.6157  -0.43114E+01  -0.92328E+00  -0.85331E+00   0.40067E+01   0.32082E+01
  332    16.5551  13.6188  -0.43405E+01  -0.93110E+00  -0.86113E+00   0.40066E+01   0.30548E+01
  333    16.7078  13.6220  -0.43697E+01  -0.93895E+00  -0.86898E+00   0.40065E+01   0.29079E+01
  334    16.8617  13.6251  -0.43991E+01  -0.94687E+00  -0.87691E+00   0.40064E+01   0.27663E+01
  335    17.0170  13.6281  -0.44286E+01  -0.95483E+00  -0.88487E+00   0.40063E+01   0.26327E+01
  336    17.1736  13.6312  -0.44583E+01  -0.96285E+00  -0.89288E+00   0.40062E+01   0.25023E+01
  337    17.3316  13.6342  -0.44881E+01  -0.97090E+00  -0.90093E+00   0.40061E+01   0.23789E+01
  338    17.4910  13.6371  -0.45181E+01  -0.97901E+00  -0.90905E+00   0.40060E+01   0.22604E+01
  339    17.6518  13.6400  -0.45482E+01  -0.98718E+00  -0.91721E+00   0.40059E+01   0.21481E+01
  340    17.8139  13.6429  -0.45785E+01  -0.99539E+00  -0.92542E+00   0.40058E+01   0.20393E+01
  341    17.9775  13.6457  -0.46089E+01  -0.10036E+01  -0.93368E+00   0.40057E+01   0.19361E+01
  342    18.1425  13.6485  -0.46394E+01  -0.10120E+01  -0.94199E+00   0.40056E+01   0.18371E+01
  343    18.3089  13.6513  -0.46702E+01  -0.10203E+01  -0.95037E+00   0.40055E+01   0.17423E+01
  344    18.4768  13.6540  -0.47011E+01  -0.10287E+01  -0.95877E+00   0.40054E+01   0.16525E+01
  345    18.6461  13.6567  -0.47321E+01  -0.10372E+01  -0.96725E+00   0.40053E+01   0.15652E+01
  346    18.8169  13.6593  -0.47633E+01  -0.10457E+01  -0.97576E+00   0.40053E+01   0.14848E+01
  347    18.9892  13.6619  -0.47946E+01  -0.10543E+01  -0.98433E+00   0.40052E+01   0.14058E+01
  348    19.1630  13.6645  -0.48261E+01  -0.10629E+01  -0.99296E+00   0.40051E+01   0.13314E+01
  349    19.3383  13.6671  -0.48578E+01  -0.10716E+01  -0.10016E+01   0.40050E+01   0.12601E+01
  350    19.5151  13.6696  -0.48897E+01  -0.10803E+01  -0.10104E+01   0.40050E+01   0.11923E+01
  351    19.6934  13.6721  -0.49216E+01  -0.10891E+01  -0.10191E+01   0.40049E+01   0.11281E+01
  352    19.8734  13.6745  -0.49538E+01  -0.10979E+01  -0.10280E+01   0.40048E+01   0.10669E+01
  353    20.0548  13.6770  -0.49860E+01  -0.11068E+01  -0.10369E+01   0.40047E+01   0.10083E+01
  354    20.2379  13.6794  -0.50186E+01  -0.11158E+01  -0.10458E+01   0.40047E+01   0.95200E+00
  355    20.4225  13.6817  -0.50512E+01  -0.11248E+01  -0.10548E+01   0.40046E+01   0.89929E+00
  356    20.6088  13.6840  -0.50839E+01  -0.11338E+01  -0.10639E+01   0.40045E+01   0.84969E+00
  357    20.7966  13.6863  -0.51169E+01  -0.11429E+01  -0.10730E+01   0.40045E+01   0.80120E+00
  358    20.9861  13.6886  -0.51502E+01  -0.11521E+01  -0.10822E+01   0.40044E+01   0.75571E+00
  359    21.1773  13.6909  -0.51833E+01  -0.11613E+01  -0.10913E+01   0.40043E+01   0.71279E+00
  360    21.3701  13.6931  -0.52167E+01  -0.11706E+01  -0.11006E+01   0.40043E+01   0.67099E+00
  361    21.5646  13.6953  -0.52503E+01  -0.11799E+01  -0.11099E+01   0.40042E+01   0.63312E+00
  362    21.7607  13.6974  -0.52841E+01  -0.11893E+01  -0.11193E+01   0.40042E+01   0.59608E+00
  363    21.9586  13.6995  -0.53181E+01  -0.11988E+01  -0.11288E+01   0.40000E+01   0.56240E+00
  364    22.1582  13.7016  -0.53522E+01  -0.12083E+01  -0.11383E+01   0.40000E+01   0.52851E+00
  365    22.3596  13.7037  -0.53867E+01  -0.12179E+01  -0.11479E+01   0.40000E+01   0.49696E+00
  366    22.5626  13.7058  -0.54210E+01  -0.12274E+01  -0.11575E+01   0.40000E+01   0.46745E+00
  367    22.7675  13.7078  -0.54556E+01  -0.12371E+01  -0.11671E+01   0.40000E+01   0.43920E+00
  368    22.9741  13.7098  -0.54904E+01  -0.12468E+01  -0.11768E+01   0.40000E+01   0.41331E+00
  369    23.1825  13.7117  -0.55255E+01  -0.12566E+01  -0.11867E+01   0.40000E+01   0.38809E+00
  370    23.3928  13.7137  -0.55606E+01  -0.12665E+01  -0.11965E+01   0.40000E+01   0.36431E+00
  371    23.6049  13.7156  -0.55960E+01  -0.12764E+01  -0.12064E+01   0.40000E+01   0.34189E+00
  372    23.8188  13.7175  -0.56315E+01  -0.12863E+01  -0.12163E+01   0.40000E+01   0.32101E+00
  373    24.0345  13.7194  -0.56671E+01  -0.12963E+01  -0.12264E+01   0.40000E+01   0.30096E+00
  374    24.2522  13.7212  -0.57031E+01  -0.13064E+01  -0.12365E+01   0.40000E+01   0.28206E+00
  375    24.4717  13.7230  -0.57391E+01  -0.13166E+01  -0.12466E+01   0.40000E+01   0.26433E+00
  376    24.6932  13.7248  -0.57753E+01  -0.13267E+01  -0.12568E+01   0.40000E+01   0.24746E+00
  377    24.9166  13.7266  -0.58117E+01  -0.13370E+01  -0.12670E+01   0.40000E+01   0.23181E+00
  378    25.1419  13.7284  -0.58483E+01  -0.13473E+01  -0.12774E+01   0.40000E+01   0.21687E+00
  379    25.3691  13.7301  -0.58851E+01  -0.13577E+01  -0.12877E+01   0.40000E+01   0.20292E+00
  380    25.5984  13.7318  -0.59221E+01  -0.13681E+01  -0.12982E+01   0.40000E+01   0.18973E+00
  381    25.8296  13.7335  -0.59592E+01  -0.13786E+01  -0.13087E+01   0.40000E+01   0.17729E+00
  382    26.0629  13.7351  -0.59966E+01  -0.13892E+01  -0.13193E+01   0.40000E+01   0.16569E+00
  383    26.2982  13.7368  -0.60341E+01  -0.13998E+01  -0.13299E+01   0.40000E+01   0.15464E+00
  384    26.5355  13.7384  -0.60718E+01  -0.14105E+01  -0.13406E+01   0.40000E+01   0.14432E+00
  385    26.7749  13.7400  -0.61096E+01  -0.14213E+01  -0.13513E+01   0.40000E+01   0.13468E+00
  386    27.0164  13.7416  -0.61477E+01  -0.14321E+01  -0.13621E+01   0.40000E+01   0.12557E+00
  387    27.2599  13.7431  -0.61860E+01  -0.14430E+01  -0.13730E+01   0.40000E+01   0.11713E+00
  388    27.5056  13.7447  -0.62244E+01  -0.14539E+01  -0.13839E+01   0.40000E+01   0.10912E+00
  389    27.7534  13.7462  -0.62631E+01  -0.14649E+01  -0.13949E+01   0.40000E+01   0.10163E+00
  390    28.0034  13.7477  -0.63019E+01  -0.14760E+01  -0.14060E+01   0.40000E+01   0.94623E-01
  391    28.2556  13.7492  -0.63409E+01  -0.14871E+01  -0.14171E+01   0.40000E+01   0.88032E-01
  392    28.5099  13.7506  -0.63801E+01  -0.14983E+01  -0.14283E+01   0.40000E+01   0.81884E-01
  393    28.7665  13.7521  -0.64195E+01  -0.15095E+01  -0.14396E+01   0.40000E+01   0.76140E-01
  394    29.0253  13.7535  -0.64591E+01  -0.15208E+01  -0.14509E+01   0.40000E+01   0.70694E-01
  395    29.2863  13.7549  -0.64989E+01  -0.15322E+01  -0.14623E+01   0.40000E+01   0.65697E-01
  396    29.5496  13.7563  -0.65388E+01  -0.15437E+01  -0.14737E+01   0.40000E+01   0.61032E-01
  397    29.8152  13.7577  -0.65790E+01  -0.15552E+01  -0.14852E+01   0.40000E+01   0.56633E-01
  398    30.0831  13.7590  -0.66194E+01  -0.15668E+01  -0.14968E+01   0.40000E+01   0.52560E-01
  399    30.3534  13.7604  -0.66600E+01  -0.15784E+01  -0.15084E+01   0.40000E+01   0.48704E-01
  400    30.6259  13.7617  -0.67007E+01  -0.15901E+01  -0.15201E+01   0.40000E+01   0.45144E-01
