    1     0.0001   0.0014  -0.15259E-04   0.67303E-06   0.66995E-01   0.86000E+01   0.11419E+03
    2     0.0088   0.1221  -0.18380E-02  -0.75257E-04   0.66919E-01   0.85509E+01   0.16176E+03
    3     0.0176   0.2423  -0.38427E-02  -0.19105E-03   0.66803E-01   0.85029E+01   0.17084E+03
    4     0.0264   0.3621  -0.59333E-02  -0.32116E-03   0.66673E-01   0.84554E+01   0.17701E+03
    5     0.0353   0.4814  -0.81145E-02  -0.46700E-03   0.66527E-01   0.84085E+01   0.18298E+03
    6     0.0443   0.6003  -0.10357E-01  -0.62090E-03   0.66373E-01   0.83618E+01   0.18805E+03
    7     0.0534   0.7188  -0.12658E-01  -0.78150E-03   0.66213E-01   0.83155E+01   0.19259E+03
    8     0.0626   0.8368  -0.15015E-01  -0.94901E-03   0.66045E-01   0.82695E+01   0.19691E+03
    9     0.0718   0.9543  -0.17427E-01  -0.11228E-02   0.65871E-01   0.82237E+01   0.20113E+03
   10     0.0811   1.0713  -0.19891E-01  -0.13026E-02   0.65691E-01   0.81782E+01   0.20516E+03
   11     0.0905   1.1879  -0.22407E-01  -0.14881E-02   0.65506E-01   0.81330E+01   0.20913E+03
   12     0.1000   1.3039  -0.24973E-01  -0.16790E-02   0.65315E-01   0.80880E+01   0.21293E+03
   13     0.1096   1.4195  -0.27589E-01  -0.18751E-02   0.65119E-01   0.80432E+01   0.21674E+03
   14     0.1192   1.5346  -0.30263E-01  -0.20787E-02   0.64915E-01   0.79987E+01   0.22056E+03
   15     0.1290   1.6491  -0.32976E-01  -0.22852E-02   0.64709E-01   0.79544E+01   0.22421E+03
   16     0.1388   1.7632  -0.35739E-01  -0.24972E-02   0.64497E-01   0.79104E+01   0.22792E+03
   17     0.1487   1.8767  -0.38551E-01  -0.27150E-02   0.64279E-01   0.78665E+01   0.23152E+03
   18     0.1587   1.9897  -0.41412E-01  -0.29376E-02   0.64056E-01   0.78229E+01   0.23517E+03
   19     0.1687   2.1021  -0.44322E-01  -0.31662E-02   0.63828E-01   0.77796E+01   0.23878E+03
   20     0.1789   2.2140  -0.47282E-01  -0.34003E-02   0.63594E-01   0.77364E+01   0.24234E+03
   21     0.1891   2.3254  -0.50290E-01  -0.36405E-02   0.63354E-01   0.76935E+01   0.24595E+03
   22     0.1995   2.4362  -0.53347E-01  -0.38864E-02   0.63108E-01   0.76508E+01   0.24949E+03
   23     0.2099   2.5465  -0.56454E-01  -0.41379E-02   0.62856E-01   0.76083E+01   0.25305E+03
   24     0.2204   2.6562  -0.59610E-01  -0.43955E-02   0.62599E-01   0.75661E+01   0.25659E+03
   25     0.2310   2.7653  -0.62816E-01  -0.46596E-02   0.62334E-01   0.75241E+01   0.26014E+03
   26     0.2417   2.8738  -0.66072E-01  -0.49301E-02   0.62064E-01   0.74823E+01   0.26370E+03
   27     0.2525   2.9818  -0.69378E-01  -0.52068E-02   0.61787E-01   0.74407E+01   0.26720E+03
   28     0.2634   3.0892  -0.72735E-01  -0.54903E-02   0.61504E-01   0.73994E+01   0.27073E+03
   29     0.2744   3.1959  -0.76142E-01  -0.57806E-02   0.61213E-01   0.73583E+01   0.27427E+03
   30     0.2855   3.3021  -0.79600E-01  -0.60779E-02   0.60916E-01   0.73174E+01   0.27780E+03
   31     0.2967   3.4077  -0.83109E-01  -0.63822E-02   0.60612E-01   0.72768E+01   0.28129E+03
   32     0.3079   3.5127  -0.86670E-01  -0.66935E-02   0.60301E-01   0.72364E+01   0.28480E+03
   33     0.3193   3.6170  -0.90264E-01  -0.70073E-02   0.59987E-01   0.71961E+01   0.28833E+03
   34     0.3308   3.7207  -0.93928E-01  -0.73336E-02   0.59660E-01   0.71562E+01   0.29183E+03
   35     0.3423   3.8238  -0.97646E-01  -0.76679E-02   0.59326E-01   0.71165E+01   0.29525E+03
   36     0.3540   3.9263  -0.10142E+00  -0.80098E-02   0.58984E-01   0.70770E+01   0.29875E+03
   37     0.3658   4.0281  -0.10524E+00  -0.83597E-02   0.58634E-01   0.70378E+01   0.30222E+03
   38     0.3777   4.1293  -0.10912E+00  -0.87183E-02   0.58276E-01   0.69988E+01   0.30567E+03
   39     0.3896   4.2299  -0.11305E+00  -0.90845E-02   0.57910E-01   0.69601E+01   0.30912E+03
   40     0.4017   4.3298  -0.11703E+00  -0.94594E-02   0.57535E-01   0.69216E+01   0.31256E+03
   41     0.4139   4.4291  -0.12107E+00  -0.98429E-02   0.57151E-01   0.68834E+01   0.31599E+03
   42     0.4262   4.5276  -0.12516E+00  -0.10235E-01   0.56759E-01   0.68453E+01   0.31943E+03
   43     0.4386   4.6256  -0.12931E+00  -0.10636E-01   0.56358E-01   0.68076E+01   0.32281E+03
   44     0.4511   4.7229  -0.13351E+00  -0.11046E-01   0.55948E-01   0.67701E+01   0.32619E+03
   45     0.4637   4.8195  -0.13777E+00  -0.11465E-01   0.55529E-01   0.67328E+01   0.32958E+03
   46     0.4764   4.9154  -0.14209E+00  -0.11893E-01   0.55101E-01   0.66958E+01   0.33295E+03
   47     0.4893   5.0106  -0.14645E+00  -0.12331E-01   0.54663E-01   0.66590E+01   0.33630E+03
   48     0.5022   5.1052  -0.15088E+00  -0.12777E-01   0.54217E-01   0.66225E+01   0.33962E+03
   49     0.5153   5.1991  -0.15536E+00  -0.13234E-01   0.53760E-01   0.65863E+01   0.34290E+03
   50     0.5285   5.2923  -0.15989E+00  -0.13700E-01   0.53294E-01   0.65503E+01   0.34622E+03
   51     0.5417   5.3849  -0.16449E+00  -0.14176E-01   0.52818E-01   0.65145E+01   0.34945E+03
   52     0.5552   5.4767  -0.16914E+00  -0.14662E-01   0.52332E-01   0.64790E+01   0.35269E+03
   53     0.5687   5.5679  -0.17384E+00  -0.15157E-01   0.51837E-01   0.64438E+01   0.35594E+03
   54     0.5823   5.6583  -0.17861E+00  -0.15663E-01   0.51331E-01   0.64088E+01   0.35910E+03
   55     0.5961   5.7481  -0.18343E+00  -0.16179E-01   0.50815E-01   0.63741E+01   0.36228E+03
   56     0.6099   5.8371  -0.18830E+00  -0.16705E-01   0.50289E-01   0.63397E+01   0.36545E+03
   57     0.6239   5.9255  -0.19324E+00  -0.17242E-01   0.49752E-01   0.63055E+01   0.36857E+03
   58     0.6381   6.0132  -0.19823E+00  -0.17789E-01   0.49205E-01   0.62715E+01   0.37168E+03
   59     0.6523   6.1001  -0.20328E+00  -0.18347E-01   0.48647E-01   0.62378E+01   0.37475E+03
   60     0.6667   6.1864  -0.20839E+00  -0.18916E-01   0.48078E-01   0.62044E+01   0.37779E+03
   61     0.6812   6.2719  -0.21356E+00  -0.19496E-01   0.47498E-01   0.61713E+01   0.38080E+03
   62     0.6958   6.3568  -0.21879E+00  -0.20088E-01   0.46906E-01   0.61384E+01   0.38376E+03
   63     0.7105   6.4409  -0.22408E+00  -0.20691E-01   0.46303E-01   0.61058E+01   0.38673E+03
   64     0.7254   6.5244  -0.22943E+00  -0.21305E-01   0.45689E-01   0.60734E+01   0.38960E+03
   65     0.7404   6.6071  -0.23484E+00  -0.21931E-01   0.45063E-01   0.60413E+01   0.39248E+03
   66     0.7555   6.6891  -0.24031E+00  -0.22569E-01   0.44425E-01   0.60095E+01   0.39530E+03
   67     0.7708   6.7704  -0.24584E+00  -0.23219E-01   0.43775E-01   0.59780E+01   0.39810E+03
   68     0.7862   6.8511  -0.25143E+00  -0.23880E-01   0.43114E-01   0.59467E+01   0.40087E+03
   69     0.8017   6.9310  -0.25708E+00  -0.24554E-01   0.42440E-01   0.59157E+01   0.40359E+03
   70     0.8174   7.0102  -0.26280E+00  -0.25240E-01   0.41754E-01   0.58850E+01   0.40627E+03
   71     0.8332   7.0886  -0.26857E+00  -0.25938E-01   0.41056E-01   0.58546E+01   0.40891E+03
   72     0.8491   7.1664  -0.27441E+00  -0.26650E-01   0.40344E-01   0.58244E+01   0.41149E+03
   73     0.8652   7.2435  -0.28031E+00  -0.27373E-01   0.39621E-01   0.57946E+01   0.41404E+03
   74     0.8814   7.3199  -0.28627E+00  -0.28109E-01   0.38885E-01   0.57650E+01   0.41653E+03
   75     0.8977   7.3956  -0.29230E+00  -0.28857E-01   0.38137E-01   0.57356E+01   0.41896E+03
   76     0.9142   7.4705  -0.29838E+00  -0.29618E-01   0.37376E-01   0.57066E+01   0.42135E+03
   77     0.9309   7.5448  -0.30453E+00  -0.30391E-01   0.36603E-01   0.56778E+01   0.42367E+03
   78     0.9477   7.6184  -0.31074E+00  -0.31178E-01   0.35816E-01   0.56493E+01   0.42595E+03
   79     0.9646   7.6913  -0.31701E+00  -0.31978E-01   0.35016E-01   0.56211E+01   0.42815E+03
   80     0.9817   7.7635  -0.32335E+00  -0.32792E-01   0.34203E-01   0.55932E+01   0.43031E+03
   81     0.9989   7.8350  -0.32975E+00  -0.33618E-01   0.33376E-01   0.55656E+01   0.43243E+03
   82     1.0163   7.9058  -0.33621E+00  -0.34457E-01   0.32537E-01   0.55382E+01   0.43447E+03
   83     1.0338   7.9759  -0.34274E+00  -0.35309E-01   0.31685E-01   0.55111E+01   0.43643E+03
   84     1.0515   8.0453  -0.34933E+00  -0.36176E-01   0.30818E-01   0.54843E+01   0.43834E+03
   85     1.0693   8.1141  -0.35598E+00  -0.37056E-01   0.29938E-01   0.54578E+01   0.44022E+03
   86     1.0873   8.1821  -0.36270E+00  -0.37949E-01   0.29045E-01   0.54316E+01   0.44201E+03
   87     1.1055   8.2495  -0.36947E+00  -0.38855E-01   0.28139E-01   0.54057E+01   0.44377E+03
   88     1.1238   8.3162  -0.37632E+00  -0.39775E-01   0.27219E-01   0.53801E+01   0.44543E+03
   89     1.1423   8.3823  -0.38322E+00  -0.40708E-01   0.26286E-01   0.53547E+01   0.44703E+03
   90     1.1609   8.4477  -0.39019E+00  -0.41656E-01   0.25338E-01   0.53297E+01   0.44862E+03
   91     1.1797   8.5124  -0.39723E+00  -0.42618E-01   0.24376E-01   0.53049E+01   0.45012E+03
   92     1.1986   8.5764  -0.40432E+00  -0.43594E-01   0.23400E-01   0.52804E+01   0.45153E+03
   93     1.2177   8.6398  -0.41149E+00  -0.44584E-01   0.22410E-01   0.52562E+01   0.45285E+03
   94     1.2370   8.7025  -0.41871E+00  -0.45588E-01   0.21406E-01   0.52323E+01   0.45416E+03
   95     1.2565   8.7646  -0.42601E+00  -0.46607E-01   0.20387E-01   0.52087E+01   0.45541E+03
   96     1.2761   8.8260  -0.43336E+00  -0.47641E-01   0.19353E-01   0.51853E+01   0.45655E+03
   97     1.2959   8.8868  -0.44079E+00  -0.48689E-01   0.18305E-01   0.51623E+01   0.45766E+03
   98     1.3158   8.9469  -0.44828E+00  -0.49752E-01   0.17242E-01   0.51396E+01   0.45869E+03
   99     1.3360   9.0065  -0.45584E+00  -0.50831E-01   0.16163E-01   0.51171E+01   0.45963E+03
  100     1.3563   9.0653  -0.46347E+00  -0.51927E-01   0.15067E-01   0.50950E+01   0.46050E+03
  101     1.3767   9.1236  -0.47115E+00  -0.53035E-01   0.13959E-01   0.50731E+01   0.46132E+03
  102     1.3974   9.1812  -0.47890E+00  -0.54157E-01   0.12837E-01   0.50515E+01   0.46206E+03
  103     1.4183   9.2382  -0.48673E+00  -0.55296E-01   0.11698E-01   0.50302E+01   0.46272E+03
  104     1.4393   9.2945  -0.49461E+00  -0.56451E-01   0.10543E-01   0.50092E+01   0.46330E+03
  105     1.4605   9.3503  -0.50257E+00  -0.57621E-01   0.93730E-02   0.49885E+01   0.46381E+03
  106     1.4819   9.4054  -0.51059E+00  -0.58807E-01   0.81873E-02   0.49682E+01   0.46424E+03
  107     1.5035   9.4600  -0.51868E+00  -0.60009E-01   0.69853E-02   0.49480E+01   0.46457E+03
  108     1.5252   9.5139  -0.52684E+00  -0.61226E-01   0.57679E-02   0.49282E+01   0.46482E+03
  109     1.5472   9.5673  -0.53507E+00  -0.62460E-01   0.45343E-02   0.49087E+01   0.46504E+03
  110     1.5693   9.6200  -0.54336E+00  -0.63708E-01   0.32856E-02   0.48895E+01   0.46515E+03
  111     1.5917   9.6722  -0.55172E+00  -0.64973E-01   0.20207E-02   0.48705E+01   0.46517E+03
  112     1.6142   9.7238  -0.56014E+00  -0.66254E-01   0.74007E-03   0.48519E+01   0.46510E+03
  113     1.6369   9.7748  -0.56863E+00  -0.67551E-01  -0.55678E-03   0.48335E+01   0.46498E+03
  114     1.6598   9.8252  -0.57719E+00  -0.68864E-01  -0.18700E-02   0.48154E+01   0.46474E+03
  115     1.6830   9.8751  -0.58582E+00  -0.70194E-01  -0.31997E-02   0.47976E+01   0.46442E+03
  116     1.7063   9.9244  -0.59451E+00  -0.71540E-01  -0.45456E-02   0.47801E+01   0.46403E+03
  117     1.7298   9.9731  -0.60328E+00  -0.72903E-01  -0.59088E-02   0.47629E+01   0.46357E+03
  118     1.7536  10.0213  -0.61211E+00  -0.74281E-01  -0.72874E-02   0.47459E+01   0.46301E+03
  119     1.7775  10.0689  -0.62100E+00  -0.75677E-01  -0.86826E-02   0.47292E+01   0.46241E+03
  120     1.8016  10.1160  -0.62997E+00  -0.77088E-01  -0.10094E-01   0.47128E+01   0.46173E+03
  121     1.8260  10.1626  -0.63900E+00  -0.78516E-01  -0.11522E-01   0.46967E+01   0.46099E+03
  122     1.8506  10.2086  -0.64809E+00  -0.79961E-01  -0.12967E-01   0.46809E+01   0.46019E+03
  123     1.8753  10.2541  -0.65726E+00  -0.81423E-01  -0.14429E-01   0.46653E+01   0.45934E+03
  124     1.9003  10.2990  -0.66649E+00  -0.82901E-01  -0.15907E-01   0.46501E+01   0.45839E+03
  125     1.9256  10.3434  -0.67579E+00  -0.84398E-01  -0.17404E-01   0.46350E+01   0.45739E+03
  126     1.9510  10.3873  -0.68517E+00  -0.85912E-01  -0.18918E-01   0.46203E+01   0.45631E+03
  127     1.9766  10.4307  -0.69461E+00  -0.87445E-01  -0.20451E-01   0.46058E+01   0.45518E+03
  128     2.0025  10.4736  -0.70413E+00  -0.88996E-01  -0.22001E-01   0.45917E+01   0.45396E+03
  129     2.0286  10.5160  -0.71372E+00  -0.90565E-01  -0.23571E-01   0.45778E+01   0.45263E+03
  130     2.0550  10.5579  -0.72338E+00  -0.92155E-01  -0.25161E-01   0.45641E+01   0.45126E+03
  131     2.0815  10.5993  -0.73311E+00  -0.93763E-01  -0.26769E-01   0.45508E+01   0.44978E+03
  132     2.1083  10.6402  -0.74292E+00  -0.95390E-01  -0.28396E-01   0.45376E+01   0.44824E+03
  133     2.1353  10.6806  -0.75280E+00  -0.97035E-01  -0.30041E-01   0.45248E+01   0.44662E+03
  134     2.1626  10.7205  -0.76275E+00  -0.98699E-01  -0.31705E-01   0.45122E+01   0.44489E+03
  135     2.1901  10.7600  -0.77276E+00  -0.10038E+00  -0.33386E-01   0.44999E+01   0.44310E+03
  136     2.2178  10.7990  -0.78285E+00  -0.10208E+00  -0.35086E-01   0.44877E+01   0.44116E+03
  137     2.2458  10.8375  -0.79300E+00  -0.10380E+00  -0.36804E-01   0.44759E+01   0.43917E+03
  138     2.2740  10.8756  -0.80322E+00  -0.10553E+00  -0.38540E-01   0.44643E+01   0.43717E+03
  139     2.3025  10.9132  -0.81351E+00  -0.10729E+00  -0.40295E-01   0.44529E+01   0.43507E+03
  140     2.3312  10.9504  -0.82387E+00  -0.10906E+00  -0.42069E-01   0.44418E+01   0.43294E+03
  141     2.3602  10.9871  -0.83430E+00  -0.11086E+00  -0.43862E-01   0.44308E+01   0.43073E+03
  142     2.3894  11.0234  -0.84481E+00  -0.11266E+00  -0.45670E-01   0.44204E+01   0.42848E+03
  143     2.4188  11.0592  -0.85536E+00  -0.11449E+00  -0.47493E-01   0.44102E+01   0.42618E+03
  144     2.4486  11.0946  -0.86601E+00  -0.11634E+00  -0.49346E-01   0.43998E+01   0.42379E+03
  145     2.4785  11.1296  -0.87673E+00  -0.11821E+00  -0.51221E-01   0.43896E+01   0.42137E+03
  146     2.5088  11.1641  -0.88752E+00  -0.12011E+00  -0.53112E-01   0.43799E+01   0.41890E+03
  147     2.5393  11.1982  -0.89839E+00  -0.12202E+00  -0.55023E-01   0.43703E+01   0.41635E+03
  148     2.5701  11.2320  -0.90933E+00  -0.12395E+00  -0.56956E-01   0.43610E+01   0.41377E+03
  149     2.6011  11.2653  -0.92034E+00  -0.12590E+00  -0.58908E-01   0.43520E+01   0.41114E+03
  150     2.6324  11.2982  -0.93142E+00  -0.12788E+00  -0.60882E-01   0.43431E+01   0.40841E+03
  151     2.6640  11.3306  -0.94258E+00  -0.12987E+00  -0.62875E-01   0.43344E+01   0.40562E+03
  152     2.6958  11.3627  -0.95381E+00  -0.13188E+00  -0.64889E-01   0.43259E+01   0.40278E+03
  153     2.7280  11.3944  -0.96511E+00  -0.13392E+00  -0.66924E-01   0.43177E+01   0.39987E+03
  154     2.7604  11.4258  -0.97649E+00  -0.13597E+00  -0.68980E-01   0.43096E+01   0.39693E+03
  155     2.7931  11.4567  -0.98794E+00  -0.13805E+00  -0.71056E-01   0.43017E+01   0.39394E+03
  156     2.8260  11.4872  -0.99946E+00  -0.14015E+00  -0.73153E-01   0.42940E+01   0.39092E+03
  157     2.8593  11.5174  -0.10111E+01  -0.14227E+00  -0.75271E-01   0.42865E+01   0.38784E+03
  158     2.8929  11.5472  -0.10227E+01  -0.14440E+00  -0.77411E-01   0.42791E+01   0.38472E+03
  159     2.9267  11.5766  -0.10345E+01  -0.14657E+00  -0.79572E-01   0.42720E+01   0.38158E+03
  160     2.9608  11.6057  -0.10463E+01  -0.14875E+00  -0.81755E-01   0.42650E+01   0.37836E+03
  161     2.9953  11.6344  -0.10582E+01  -0.15096E+00  -0.83961E-01   0.42582E+01   0.37511E+03
  162     3.0300  11.6628  -0.10702E+01  -0.15318E+00  -0.86190E-01   0.42516E+01   0.37182E+03
  163     3.0651  11.6908  -0.10822E+01  -0.15543E+00  -0.88441E-01   0.42451E+01   0.36848E+03
  164     3.1004  11.7184  -0.10943E+01  -0.15771E+00  -0.90714E-01   0.42388E+01   0.36510E+03
  165     3.1360  11.7458  -0.11065E+01  -0.16000E+00  -0.93010E-01   0.42327E+01   0.36169E+03
  166     3.1720  11.7727  -0.11188E+01  -0.16232E+00  -0.95327E-01   0.42267E+01   0.35825E+03
  167     3.2083  11.7994  -0.11311E+01  -0.16466E+00  -0.97667E-01   0.42209E+01   0.35474E+03
  168     3.2449  11.8257  -0.11436E+01  -0.16702E+00  -0.10003E+00   0.42152E+01   0.35123E+03
  169     3.2818  11.8517  -0.11561E+01  -0.16941E+00  -0.10241E+00   0.42096E+01   0.34768E+03
  170     3.3190  11.8773  -0.11686E+01  -0.17181E+00  -0.10482E+00   0.42042E+01   0.34409E+03
  171     3.3565  11.9026  -0.11813E+01  -0.17424E+00  -0.10725E+00   0.41990E+01   0.34051E+03
  172     3.3944  11.9277  -0.11940E+01  -0.17670E+00  -0.10970E+00   0.41939E+01   0.33690E+03
  173     3.4326  11.9524  -0.12068E+01  -0.17917E+00  -0.11218E+00   0.41889E+01   0.33328E+03
  174     3.4712  11.9768  -0.12197E+01  -0.18167E+00  -0.11468E+00   0.41840E+01   0.32963E+03
  175     3.5100  12.0009  -0.12327E+01  -0.18420E+00  -0.11720E+00   0.41793E+01   0.32596E+03
  176     3.5492  12.0246  -0.12457E+01  -0.18675E+00  -0.11975E+00   0.41747E+01   0.32226E+03
  177     3.5888  12.0481  -0.12588E+01  -0.18932E+00  -0.12233E+00   0.41702E+01   0.31854E+03
  178     3.6287  12.0713  -0.12720E+01  -0.19192E+00  -0.12492E+00   0.41658E+01   0.31480E+03
  179     3.6689  12.0942  -0.12853E+01  -0.19454E+00  -0.12754E+00   0.41616E+01   0.31102E+03
  180     3.7095  12.1169  -0.12987E+01  -0.19718E+00  -0.13019E+00   0.41574E+01   0.30725E+03
  181     3.7505  12.1392  -0.13121E+01  -0.19985E+00  -0.13286E+00   0.41534E+01   0.30345E+03
  182     3.7918  12.1612  -0.13256E+01  -0.20255E+00  -0.13555E+00   0.41495E+01   0.29965E+03
  183     3.8334  12.1830  -0.13392E+01  -0.20526E+00  -0.13827E+00   0.41457E+01   0.29582E+03
  184     3.8754  12.2045  -0.13529E+01  -0.20801E+00  -0.14101E+00   0.41420E+01   0.29201E+03
  185     3.9178  12.2257  -0.13666E+01  -0.21077E+00  -0.14378E+00   0.41383E+01   0.28818E+03
  186     3.9606  12.2467  -0.13804E+01  -0.21356E+00  -0.14657E+00   0.41348E+01   0.28437E+03
  187     4.0037  12.2674  -0.13943E+01  -0.21638E+00  -0.14939E+00   0.41314E+01   0.28053E+03
  188     4.0472  12.2878  -0.14083E+01  -0.21922E+00  -0.15223E+00   0.41281E+01   0.27673E+03
  189     4.0911  12.3080  -0.14224E+01  -0.22209E+00  -0.15509E+00   0.41248E+01   0.27290E+03
  190     4.1353  12.3279  -0.14365E+01  -0.22498E+00  -0.15799E+00   0.41217E+01   0.26911E+03
  191     4.1800  12.3476  -0.14508E+01  -0.22790E+00  -0.16091E+00   0.41186E+01   0.26529E+03
  192     4.2250  12.3670  -0.14651E+01  -0.23084E+00  -0.16385E+00   0.41156E+01   0.26148E+03
  193     4.2705  12.3862  -0.14795E+01  -0.23382E+00  -0.16682E+00   0.41127E+01   0.25768E+03
  194     4.3163  12.4051  -0.14940E+01  -0.23681E+00  -0.16982E+00   0.41099E+01   0.25385E+03
  195     4.3625  12.4238  -0.15085E+01  -0.23984E+00  -0.17284E+00   0.41071E+01   0.25003E+03
  196     4.4091  12.4423  -0.15232E+01  -0.24289E+00  -0.17589E+00   0.41045E+01   0.24622E+03
  197     4.4561  12.4605  -0.15379E+01  -0.24597E+00  -0.17897E+00   0.41019E+01   0.24240E+03
  198     4.5036  12.4785  -0.15527E+01  -0.24907E+00  -0.18207E+00   0.40993E+01   0.23861E+03
  199     4.5514  12.4962  -0.15676E+01  -0.25220E+00  -0.18520E+00   0.40968E+01   0.23484E+03
  200     4.5997  12.5138  -0.15826E+01  -0.25535E+00  -0.18835E+00   0.40944E+01   0.23107E+03
  201     4.6484  12.5311  -0.15976E+01  -0.25852E+00  -0.19153E+00   0.40921E+01   0.22732E+03
  202     4.6975  12.5482  -0.16127E+01  -0.26173E+00  -0.19473E+00   0.40898E+01   0.22361E+03
  203     4.7470  12.5650  -0.16280E+01  -0.26497E+00  -0.19797E+00   0.40876E+01   0.21990E+03
  204     4.7970  12.5817  -0.16433E+01  -0.26823E+00  -0.20123E+00   0.40855E+01   0.21624E+03
  205     4.8474  12.5981  -0.16587E+01  -0.27152E+00  -0.20452E+00   0.40834E+01   0.21257E+03
  206     4.8982  12.6144  -0.16741E+01  -0.27483E+00  -0.20784E+00   0.40813E+01   0.20897E+03
  207     4.9495  12.6304  -0.16897E+01  -0.27818E+00  -0.21118E+00   0.40794E+01   0.20533E+03
  208     5.0012  12.6462  -0.17054E+01  -0.28155E+00  -0.21456E+00   0.40774E+01   0.20170E+03
  209     5.0534  12.6619  -0.17211E+01  -0.28495E+00  -0.21796E+00   0.40756E+01   0.19809E+03
  210     5.1060  12.6773  -0.17369E+01  -0.28838E+00  -0.22139E+00   0.40737E+01   0.19453E+03
  211     5.1591  12.6925  -0.17529E+01  -0.29184E+00  -0.22485E+00   0.40720E+01   0.19098E+03
  212     5.2126  12.7076  -0.17688E+01  -0.29532E+00  -0.22833E+00   0.40702E+01   0.18745E+03
  213     5.2667  12.7224  -0.17849E+01  -0.29883E+00  -0.23183E+00   0.40685E+01   0.18398E+03
  214     5.3211  12.7371  -0.18011E+01  -0.30237E+00  -0.23537E+00   0.40669E+01   0.18052E+03
  215     5.3761  12.7515  -0.18173E+01  -0.30593E+00  -0.23894E+00   0.40653E+01   0.17707E+03
  216     5.4315  12.7658  -0.18337E+01  -0.30953E+00  -0.24254E+00   0.40638E+01   0.17368E+03
  217     5.4874  12.7799  -0.18501E+01  -0.31316E+00  -0.24616E+00   0.40622E+01   0.17033E+03
  218     5.5438  12.7938  -0.18666E+01  -0.31681E+00  -0.24982E+00   0.40608E+01   0.16698E+03
  219     5.6007  12.8076  -0.18832E+01  -0.32049E+00  -0.25350E+00   0.40593E+01   0.16366E+03
  220     5.6581  12.8211  -0.18999E+01  -0.32421E+00  -0.25721E+00   0.40579E+01   0.16037E+03
  221     5.7160  12.8345  -0.19167E+01  -0.32795E+00  -0.26095E+00   0.40566E+01   0.15714E+03
  222     5.7744  12.8477  -0.19336E+01  -0.33172E+00  -0.26472E+00   0.40553E+01   0.15392E+03
  223     5.8333  12.8608  -0.19506E+01  -0.33552E+00  -0.26852E+00   0.40540E+01   0.15074E+03
  224     5.8927  12.8737  -0.19676E+01  -0.33934E+00  -0.27235E+00   0.40527E+01   0.14760E+03
  225     5.9526  12.8864  -0.19848E+01  -0.34320E+00  -0.27621E+00   0.40515E+01   0.14449E+03
  226     6.0131  12.8990  -0.20020E+01  -0.34709E+00  -0.28010E+00   0.40503E+01   0.14141E+03
  227     6.0740  12.9114  -0.20194E+01  -0.35101E+00  -0.28402E+00   0.40491E+01   0.13838E+03
  228     6.1355  12.9236  -0.20368E+01  -0.35496E+00  -0.28797E+00   0.40480E+01   0.13537E+03
  229     6.1976  12.9357  -0.20543E+01  -0.35894E+00  -0.29195E+00   0.40469E+01   0.13238E+03
  230     6.2602  12.9476  -0.20719E+01  -0.36295E+00  -0.29596E+00   0.40459E+01   0.12946E+03
  231     6.3233  12.9594  -0.20896E+01  -0.36699E+00  -0.30000E+00   0.40448E+01   0.12655E+03
  232     6.3869  12.9710  -0.21074E+01  -0.37106E+00  -0.30406E+00   0.40438E+01   0.12371E+03
  233     6.4512  12.9825  -0.21253E+01  -0.37516E+00  -0.30816E+00   0.40428E+01   0.12089E+03
  234     6.5159  12.9938  -0.21433E+01  -0.37929E+00  -0.31230E+00   0.40418E+01   0.11812E+03
  235     6.5813  13.0050  -0.21613E+01  -0.38345E+00  -0.31646E+00   0.40409E+01   0.11542E+03
  236     6.6472  13.0160  -0.21795E+01  -0.38765E+00  -0.32065E+00   0.40400E+01   0.11233E+03
  237     6.7137  13.0269  -0.21978E+01  -0.39187E+00  -0.32488E+00   0.40391E+01   0.11004E+03
  238     6.7807  13.0377  -0.22162E+01  -0.39613E+00  -0.32914E+00   0.40382E+01   0.10738E+03
  239     6.8484  13.0483  -0.22347E+01  -0.40043E+00  -0.33344E+00   0.40374E+01   0.10476E+03
  240     6.9166  13.0588  -0.22528E+01  -0.40463E+00  -0.33763E+00   0.40365E+01   0.10229E+03
  241     6.9854  13.0691  -0.22718E+01  -0.40909E+00  -0.34210E+00   0.40358E+01   0.99694E+02
  242     7.0549  13.0794  -0.22906E+01  -0.41347E+00  -0.34648E+00   0.40350E+01   0.97202E+02
  243     7.1249  13.0894  -0.23094E+01  -0.41788E+00  -0.35089E+00   0.40342E+01   0.95089E+02
  244     7.1955  13.0994  -0.23283E+01  -0.42233E+00  -0.35534E+00   0.40335E+01   0.92392E+02
  245     7.2668  13.1092  -0.23473E+01  -0.42681E+00  -0.35981E+00   0.40327E+01   0.90055E+02
  246     7.3387  13.1189  -0.23665E+01  -0.43132E+00  -0.36432E+00   0.40320E+01   0.87759E+02
  247     7.4112  13.1285  -0.23857E+01  -0.43586E+00  -0.36887E+00   0.40313E+01   0.85494E+02
  248     7.4843  13.1380  -0.24051E+01  -0.44044E+00  -0.37344E+00   0.40307E+01   0.83256E+02
  249     7.5580  13.1473  -0.24245E+01  -0.44505E+00  -0.37805E+00   0.40300E+01   0.81066E+02
  250     7.6324  13.1565  -0.24440E+01  -0.44969E+00  -0.38270E+00   0.40294E+01   0.78911E+02
  251     7.7075  13.1656  -0.24636E+01  -0.45437E+00  -0.38737E+00   0.40287E+01   0.76797E+02
  252     7.7832  13.1746  -0.24834E+01  -0.45908E+00  -0.39208E+00   0.40281E+01   0.74717E+02
  253     7.8596  13.1834  -0.25032E+01  -0.46381E+00  -0.39682E+00   0.40275E+01   0.72673E+02
  254     7.9366  13.1922  -0.25231E+01  -0.46859E+00  -0.40160E+00   0.40270E+01   0.70678E+02
  255     8.0143  13.2008  -0.25432E+01  -0.47340E+00  -0.40641E+00   0.40264E+01   0.68720E+02
  256     8.0926  13.2093  -0.25633E+01  -0.47824E+00  -0.41125E+00   0.40258E+01   0.66809E+02
  257     8.1717  13.2178  -0.25836E+01  -0.48312E+00  -0.41612E+00   0.40253E+01   0.64915E+02
  258     8.2514  13.2261  -0.26039E+01  -0.48803E+00  -0.42103E+00   0.40248E+01   0.63070E+02
  259     8.3319  13.2343  -0.26243E+01  -0.49297E+00  -0.42598E+00   0.40243E+01   0.61270E+02
  260     8.4130  13.2424  -0.26449E+01  -0.49795E+00  -0.43096E+00   0.40238E+01   0.59508E+02
  261     8.4948  13.2503  -0.26655E+01  -0.50297E+00  -0.43597E+00   0.40233E+01   0.57763E+02
  262     8.5774  13.2582  -0.26863E+01  -0.50802E+00  -0.44102E+00   0.40228E+01   0.56068E+02
  263     8.6606  13.2660  -0.27072E+01  -0.51309E+00  -0.44610E+00   0.40223E+01   0.54410E+02
  264     8.7446  13.2737  -0.27281E+01  -0.51822E+00  -0.45123E+00   0.40219E+01   0.52782E+02
  265     8.8293  13.2813  -0.27492E+01  -0.52337E+00  -0.45637E+00   0.40214E+01   0.51196E+02
  266     8.9148  13.2888  -0.27704E+01  -0.52856E+00  -0.46156E+00   0.40210E+01   0.49647E+02
  267     9.0010  13.2962  -0.27917E+01  -0.53378E+00  -0.46679E+00   0.40206E+01   0.48126E+02
  268     9.0879  13.3035  -0.28131E+01  -0.53904E+00  -0.47205E+00   0.40202E+01   0.46643E+02
  269     9.1756  13.3107  -0.28346E+01  -0.54434E+00  -0.47734E+00   0.40198E+01   0.45194E+02
  270     9.2641  13.3178  -0.28562E+01  -0.54967E+00  -0.48267E+00   0.40194E+01   0.43783E+02
  271     9.3534  13.3248  -0.28779E+01  -0.55504E+00  -0.48804E+00   0.40190E+01   0.42399E+02
  272     9.4434  13.3317  -0.28997E+01  -0.56044E+00  -0.49344E+00   0.40186E+01   0.41054E+02
  273     9.5342  13.3386  -0.29217E+01  -0.56588E+00  -0.49888E+00   0.40183E+01   0.39739E+02
  274     9.6257  13.3453  -0.29437E+01  -0.57136E+00  -0.50436E+00   0.40179E+01   0.38458E+02
  275     9.7181  13.3520  -0.29659E+01  -0.57687E+00  -0.50988E+00   0.40176E+01   0.37201E+02
  276     9.8113  13.3586  -0.29882E+01  -0.58242E+00  -0.51542E+00   0.40172E+01   0.35982E+02
  277     9.9053  13.3651  -0.30106E+01  -0.58801E+00  -0.52101E+00   0.40169E+01   0.34789E+02
  278    10.0001  13.3715  -0.30330E+01  -0.59363E+00  -0.52664E+00   0.40165E+01   0.33632E+02
  279    10.0957  13.3778  -0.30556E+01  -0.59929E+00  -0.53230E+00   0.40162E+01   0.32507E+02
  280    10.1922  13.3841  -0.30784E+01  -0.60499E+00  -0.53799E+00   0.40159E+01   0.31412E+02
  281    10.2895  13.3902  -0.31012E+01  -0.61073E+00  -0.54374E+00   0.40156E+01   0.30343E+02
  282    10.3877  13.3963  -0.31242E+01  -0.61650E+00  -0.54951E+00   0.40153E+01   0.29305E+02
  283    10.4867  13.4023  -0.31472E+01  -0.62232E+00  -0.55532E+00   0.40150E+01   0.28290E+02
  284    10.5865  13.4083  -0.31704E+01  -0.62817E+00  -0.56118E+00   0.40147E+01   0.27302E+02
  285    10.6873  13.4141  -0.31937E+01  -0.63406E+00  -0.56707E+00   0.40145E+01   0.26345E+02
  286    10.7889  13.4199  -0.32171E+01  -0.63999E+00  -0.57299E+00   0.40142E+01   0.25412E+02
  287    10.8914  13.4256  -0.32406E+01  -0.64595E+00  -0.57896E+00   0.40139E+01   0.24505E+02
  288    10.9947  13.4312  -0.32643E+01  -0.65196E+00  -0.58496E+00   0.40137E+01   0.23632E+02
  289    11.0990  13.4368  -0.32880E+01  -0.65800E+00  -0.59101E+00   0.40134E+01   0.22778E+02
  290    11.2042  13.4423  -0.33119E+01  -0.66408E+00  -0.59709E+00   0.40132E+01   0.21949E+02
  291    11.3103  13.4477  -0.33359E+01  -0.67022E+00  -0.60322E+00   0.40129E+01   0.21144E+02
  292    11.4173  13.4530  -0.33600E+01  -0.67638E+00  -0.60938E+00   0.40127E+01   0.20366E+02
  293    11.5253  13.4583  -0.33843E+01  -0.68258E+00  -0.61558E+00   0.40125E+01   0.19608E+02
  294    11.6342  13.4635  -0.34086E+01  -0.68882E+00  -0.62183E+00   0.40122E+01   0.18870E+02
  295    11.7440  13.4687  -0.34331E+01  -0.69510E+00  -0.62811E+00   0.40120E+01   0.18161E+02
  296    11.8548  13.4738  -0.34577E+01  -0.70143E+00  -0.63444E+00   0.40118E+01   0.17470E+02
  297    11.9666  13.4788  -0.34824E+01  -0.70779E+00  -0.64080E+00   0.40116E+01   0.16802E+02
  298    12.0793  13.4837  -0.35073E+01  -0.71420E+00  -0.64721E+00   0.40114E+01   0.16154E+02
  299    12.1930  13.4886  -0.35322E+01  -0.72065E+00  -0.65365E+00   0.40112E+01   0.15530E+02
  300    12.3077  13.4934  -0.35573E+01  -0.72714E+00  -0.66014E+00   0.40110E+01   0.14917E+02
  301    12.4234  13.4982  -0.35825E+01  -0.73366E+00  -0.66666E+00   0.40108E+01   0.14333E+02
  302    12.5401  13.5029  -0.36079E+01  -0.74023E+00  -0.67324E+00   0.40106E+01   0.13765E+02
  303    12.6578  13.5075  -0.36333E+01  -0.74684E+00  -0.67985E+00   0.40104E+01   0.13215E+02
  304    12.7766  13.5121  -0.36589E+01  -0.75350E+00  -0.68650E+00   0.40102E+01   0.12685E+02
  305    12.8963  13.5166  -0.36846E+01  -0.76019E+00  -0.69320E+00   0.40100E+01   0.12171E+02
  306    13.0172  13.5211  -0.37105E+01  -0.76693E+00  -0.69994E+00   0.40099E+01   0.11678E+02
  307    13.1390  13.5255  -0.37365E+01  -0.77372E+00  -0.70672E+00   0.40097E+01   0.11195E+02
  308    13.2619  13.5298  -0.37626E+01  -0.78054E+00  -0.71355E+00   0.40095E+01   0.10733E+02
  309    13.3859  13.5341  -0.37888E+01  -0.78741E+00  -0.72041E+00   0.40093E+01   0.10287E+02
  310    13.5110  13.5383  -0.38152E+01  -0.79432E+00  -0.72732E+00   0.40092E+01   0.98575E+01
  311    13.6372  13.5425  -0.38417E+01  -0.80127E+00  -0.73428E+00   0.40090E+01   0.94405E+01
  312    13.7644  13.5466  -0.38683E+01  -0.80827E+00  -0.74128E+00   0.40089E+01   0.90403E+01
  313    13.8928  13.5507  -0.38950E+01  -0.81531E+00  -0.74832E+00   0.40087E+01   0.86533E+01
  314    14.0223  13.5547  -0.39219E+01  -0.82240E+00  -0.75540E+00   0.40086E+01   0.82798E+01
  315    14.1529  13.5587  -0.39489E+01  -0.82952E+00  -0.76253E+00   0.40084E+01   0.79196E+01
  316    14.2846  13.5626  -0.39761E+01  -0.83670E+00  -0.76971E+00   0.40083E+01   0.75776E+01
  317    14.4175  13.5665  -0.40034E+01  -0.84391E+00  -0.77692E+00   0.40081E+01   0.72447E+01
  318    14.5515  13.5703  -0.40308E+01  -0.85119E+00  -0.78419E+00   0.40080E+01   0.69225E+01
  319    14.6867  13.5741  -0.40584E+01  -0.85850E+00  -0.79150E+00   0.40079E+01   0.66168E+01
  320    14.8231  13.5778  -0.40861E+01  -0.86585E+00  -0.79886E+00   0.40077E+01   0.63181E+01
  321    14.9607  13.5815  -0.41139E+01  -0.87325E+00  -0.80626E+00   0.40076E+01   0.60322E+01
  322    15.0994  13.5851  -0.41419E+01  -0.88070E+00  -0.81370E+00   0.40075E+01   0.57586E+01
  323    15.2394  13.5887  -0.41700E+01  -0.88818E+00  -0.82119E+00   0.40074E+01   0.54947E+01
  324    15.3806  13.5922  -0.41982E+01  -0.89571E+00  -0.82872E+00   0.40072E+01   0.52438E+01
  325    15.5230  13.5957  -0.42266E+01  -0.90331E+00  -0.83631E+00   0.40071E+01   0.49999E+01
  326    15.6666  13.5991  -0.42552E+01  -0.91094E+00  -0.84395E+00   0.40070E+01   0.47671E+01
  327    15.8115  13.6025  -0.42838E+01  -0.91862E+00  -0.85163E+00   0.40069E+01   0.45415E+01
  328    15.9577  13.6059  -0.43127E+01  -0.92636E+00  -0.85936E+00   0.40068E+01   0.43281E+01
  329    16.1051  13.6092  -0.43416E+01  -0.93412E+00  -0.86712E+00   0.40067E+01   0.41212E+01
  330    16.2538  13.6124  -0.43707E+01  -0.94194E+00  -0.87495E+00   0.40066E+01   0.39235E+01
  331    16.4038  13.6157  -0.43999E+01  -0.94982E+00  -0.88282E+00   0.40065E+01   0.37363E+01
  332    16.5551  13.6188  -0.44293E+01  -0.95773E+00  -0.89074E+00   0.40064E+01   0.35528E+01
  333    16.7078  13.6220  -0.44589E+01  -0.96570E+00  -0.89870E+00   0.40063E+01   0.33792E+01
  334    16.8617  13.6251  -0.44886E+01  -0.97372E+00  -0.90673E+00   0.40062E+01   0.32128E+01
  335    17.0170  13.6281  -0.45183E+01  -0.98177E+00  -0.91478E+00   0.40061E+01   0.30554E+01
  336    17.1736  13.6312  -0.45483E+01  -0.98989E+00  -0.92290E+00   0.40060E+01   0.29018E+01
  337    17.3316  13.6342  -0.45785E+01  -0.99805E+00  -0.93106E+00   0.40059E+01   0.27575E+01
  338    17.4910  13.6371  -0.46087E+01  -0.10063E+01  -0.93927E+00   0.40058E+01   0.26181E+01
  339    17.6518  13.6400  -0.46391E+01  -0.10145E+01  -0.94753E+00   0.40057E+01   0.24847E+01
  340    17.8139  13.6429  -0.46697E+01  -0.10228E+01  -0.95585E+00   0.40056E+01   0.23575E+01
  341    17.9775  13.6457  -0.47005E+01  -0.10312E+01  -0.96421E+00   0.40055E+01   0.22376E+01
  342    18.1425  13.6485  -0.47313E+01  -0.10396E+01  -0.97262E+00   0.40054E+01   0.21211E+01
  343    18.3089  13.6513  -0.47624E+01  -0.10481E+01  -0.98109E+00   0.40054E+01   0.20102E+01
  344    18.4768  13.6540  -0.47935E+01  -0.10566E+01  -0.98960E+00   0.40053E+01   0.19051E+01
  345    18.6461  13.6567  -0.48249E+01  -0.10652E+01  -0.99818E+00   0.40052E+01   0.18038E+01
  346    18.8169  13.6593  -0.48564E+01  -0.10738E+01  -0.10068E+01   0.40051E+01   0.17088E+01
  347    18.9892  13.6619  -0.48880E+01  -0.10825E+01  -0.10155E+01   0.40050E+01   0.16167E+01
  348    19.1630  13.6645  -0.49198E+01  -0.10912E+01  -0.10242E+01   0.40050E+01   0.15307E+01
  349    19.3383  13.6671  -0.49518E+01  -0.11000E+01  -0.10330E+01   0.40049E+01   0.14473E+01
  350    19.5151  13.6696  -0.49840E+01  -0.11088E+01  -0.10418E+01   0.40048E+01   0.13684E+01
  351    19.6934  13.6721  -0.50162E+01  -0.11177E+01  -0.10507E+01   0.40048E+01   0.12936E+01
  352    19.8734  13.6745  -0.50487E+01  -0.11266E+01  -0.10596E+01   0.40047E+01   0.12216E+01
  353    20.0548  13.6770  -0.50813E+01  -0.11356E+01  -0.10686E+01   0.40046E+01   0.11555E+01
  354    20.2379  13.6794  -0.51140E+01  -0.11446E+01  -0.10776E+01   0.40045E+01   0.10898E+01
  355    20.4225  13.6817  -0.51471E+01  -0.11538E+01  -0.10868E+01   0.40045E+01   0.10281E+01
  356    20.6088  13.6840  -0.51801E+01  -0.11629E+01  -0.10959E+01   0.40044E+01   0.97026E+00
  357    20.7966  13.6863  -0.52133E+01  -0.11721E+01  -0.11051E+01   0.40044E+01   0.91383E+00
  358    20.9861  13.6886  -0.52467E+01  -0.11814E+01  -0.11144E+01   0.40043E+01   0.86295E+00
  359    21.1773  13.6909  -0.52803E+01  -0.11907E+01  -0.11237E+01   0.40042E+01   0.81270E+00
  360    21.3701  13.6931  -0.53142E+01  -0.12001E+01  -0.11331E+01   0.40042E+01   0.76583E+00
  361    21.5646  13.6953  -0.53480E+01  -0.12095E+01  -0.11425E+01   0.40041E+01   0.72076E+00
  362    21.7607  13.6974  -0.53822E+01  -0.12190E+01  -0.11520E+01   0.40041E+01   0.67800E+00
  363    21.9586  13.6995  -0.54164E+01  -0.12286E+01  -0.11616E+01   0.40000E+01   0.63835E+00
  364    22.1582  13.7016  -0.54508E+01  -0.12382E+01  -0.11712E+01   0.40000E+01   0.60026E+00
  365    22.3596  13.7037  -0.54854E+01  -0.12478E+01  -0.11808E+01   0.40000E+01   0.56452E+00
  366    22.5626  13.7058  -0.55202E+01  -0.12575E+01  -0.11905E+01   0.40000E+01   0.53052E+00
  367    22.7675  13.7078  -0.55552E+01  -0.12673E+01  -0.12003E+01   0.40000E+01   0.49834E+00
  368    22.9741  13.7098  -0.55903E+01  -0.12771E+01  -0.12101E+01   0.40000E+01   0.46793E+00
  369    23.1825  13.7117  -0.56256E+01  -0.12870E+01  -0.12200E+01   0.40000E+01   0.43914E+00
  370    23.3928  13.7137  -0.56611E+01  -0.12970E+01  -0.12300E+01   0.40000E+01   0.41196E+00
  371    23.6049  13.7156  -0.56967E+01  -0.13070E+01  -0.12400E+01   0.40000E+01   0.38669E+00
  372    23.8188  13.7175  -0.57325E+01  -0.13170E+01  -0.12500E+01   0.40000E+01   0.36218E+00
  373    24.0345  13.7194  -0.57685E+01  -0.13272E+01  -0.12602E+01   0.40000E+01   0.33941E+00
  374    24.2522  13.7212  -0.58047E+01  -0.13373E+01  -0.12703E+01   0.40000E+01   0.31800E+00
  375    24.4717  13.7230  -0.58411E+01  -0.13476E+01  -0.12806E+01   0.40000E+01   0.29777E+00
  376    24.6932  13.7248  -0.58777E+01  -0.13579E+01  -0.12909E+01   0.40000E+01   0.27872E+00
  377    24.9166  13.7266  -0.59144E+01  -0.13682E+01  -0.13012E+01   0.40000E+01   0.26062E+00
  378    25.1419  13.7284  -0.59513E+01  -0.13787E+01  -0.13117E+01   0.40000E+01   0.24377E+00
  379    25.3691  13.7301  -0.59883E+01  -0.13891E+01  -0.13221E+01   0.40000E+01   0.22799E+00
  380    25.5984  13.7318  -0.60257E+01  -0.13997E+01  -0.13327E+01   0.40000E+01   0.21296E+00
  381    25.8296  13.7335  -0.60631E+01  -0.14103E+01  -0.13433E+01   0.40000E+01   0.19880E+00
  382    26.0629  13.7351  -0.61007E+01  -0.14210E+01  -0.13540E+01   0.40000E+01   0.18562E+00
  383    26.2982  13.7368  -0.61385E+01  -0.14317E+01  -0.13647E+01   0.40000E+01   0.17325E+00
  384    26.5355  13.7384  -0.61766E+01  -0.14425E+01  -0.13755E+01   0.40000E+01   0.16152E+00
  385    26.7749  13.7400  -0.62148E+01  -0.14534E+01  -0.13864E+01   0.40000E+01   0.15045E+00
  386    27.0164  13.7416  -0.62532E+01  -0.14643E+01  -0.13973E+01   0.40000E+01   0.14029E+00
  387    27.2599  13.7431  -0.62918E+01  -0.14752E+01  -0.14083E+01   0.40000E+01   0.13073E+00
  388    27.5056  13.7447  -0.63306E+01  -0.14863E+01  -0.14193E+01   0.40000E+01   0.12169E+00
  389    27.7534  13.7462  -0.63695E+01  -0.14974E+01  -0.14304E+01   0.40000E+01   0.11328E+00
  390    28.0034  13.7477  -0.64086E+01  -0.15086E+01  -0.14416E+01   0.40000E+01   0.10535E+00
  391    28.2556  13.7492  -0.64480E+01  -0.15198E+01  -0.14528E+01   0.40000E+01   0.98043E-01
  392    28.5099  13.7506  -0.64875E+01  -0.15311E+01  -0.14641E+01   0.40000E+01   0.91032E-01
  393    28.7665  13.7521  -0.65272E+01  -0.15425E+01  -0.14755E+01   0.40000E+01   0.84608E-01
  394    29.0253  13.7535  -0.65671E+01  -0.15539E+01  -0.14869E+01   0.40000E+01   0.78581E-01
  395    29.2863  13.7549  -0.66072E+01  -0.15654E+01  -0.14984E+01   0.40000E+01   0.72852E-01
  396    29.5496  13.7563  -0.66475E+01  -0.15769E+01  -0.15099E+01   0.40000E+01   0.67642E-01
  397    29.8152  13.7577  -0.66880E+01  -0.15885E+01  -0.15215E+01   0.40000E+01   0.62739E-01
  398    30.0831  13.7590  -0.67287E+01  -0.16002E+01  -0.15332E+01   0.40000E+01   0.58178E-01
  399    30.3534  13.7604  -0.67696E+01  -0.16120E+01  -0.15450E+01   0.40000E+01   0.53890E-01
  400    30.6259  13.7617  -0.68107E+01  -0.16238E+01  -0.15568E+01   0.40000E+01   0.49906E-01
