    1     0.0001   0.0014  -0.15259E-04   0.67303E-06   0.66001E-01   0.85048E+01   0.12699E+03
    2     0.0088   0.1221  -0.18656E-02  -0.79555E-04   0.65920E-01   0.84564E+01   0.18420E+03
    3     0.0176   0.2423  -0.39000E-02  -0.20038E-03   0.65800E-01   0.84091E+01   0.19450E+03
    4     0.0264   0.3621  -0.60219E-02  -0.33597E-03   0.65664E-01   0.83624E+01   0.20151E+03
    5     0.0353   0.4814  -0.82351E-02  -0.48742E-03   0.65513E-01   0.83161E+01   0.20828E+03
    6     0.0443   0.6003  -0.10511E-01  -0.64727E-03   0.65353E-01   0.82702E+01   0.21402E+03
    7     0.0534   0.7188  -0.12846E-01  -0.81449E-03   0.65186E-01   0.82245E+01   0.21918E+03
    8     0.0626   0.8368  -0.15239E-01  -0.98854E-03   0.65011E-01   0.81792E+01   0.22408E+03
    9     0.0718   0.9543  -0.17686E-01  -0.11690E-02   0.64831E-01   0.81342E+01   0.22887E+03
   10     0.0811   1.0713  -0.20186E-01  -0.13556E-02   0.64644E-01   0.80894E+01   0.23343E+03
   11     0.0905   1.1879  -0.22739E-01  -0.15482E-02   0.64452E-01   0.80448E+01   0.23791E+03
   12     0.1000   1.3039  -0.25342E-01  -0.17465E-02   0.64254E-01   0.80005E+01   0.24221E+03
   13     0.1096   1.4195  -0.28007E-01  -0.19526E-02   0.64047E-01   0.79565E+01   0.24660E+03
   14     0.1192   1.5346  -0.30709E-01  -0.21611E-02   0.63839E-01   0.79127E+01   0.25084E+03
   15     0.1290   1.6491  -0.33462E-01  -0.23753E-02   0.63625E-01   0.78691E+01   0.25496E+03
   16     0.1388   1.7632  -0.36265E-01  -0.25954E-02   0.63405E-01   0.78257E+01   0.25914E+03
   17     0.1487   1.8767  -0.39118E-01  -0.28212E-02   0.63179E-01   0.77825E+01   0.26320E+03
   18     0.1587   1.9897  -0.42021E-01  -0.30525E-02   0.62948E-01   0.77396E+01   0.26732E+03
   19     0.1687   2.1021  -0.44973E-01  -0.32895E-02   0.62710E-01   0.76970E+01   0.27139E+03
   20     0.1789   2.2140  -0.47975E-01  -0.35324E-02   0.62468E-01   0.76545E+01   0.27538E+03
   21     0.1891   2.3254  -0.51027E-01  -0.37816E-02   0.62218E-01   0.76122E+01   0.27945E+03
   22     0.1995   2.4362  -0.54129E-01  -0.40366E-02   0.61963E-01   0.75702E+01   0.28343E+03
   23     0.2099   2.5465  -0.57281E-01  -0.42976E-02   0.61702E-01   0.75284E+01   0.28743E+03
   24     0.2204   2.6562  -0.60482E-01  -0.45649E-02   0.61435E-01   0.74869E+01   0.29141E+03
   25     0.2310   2.7653  -0.63735E-01  -0.48387E-02   0.61161E-01   0.74456E+01   0.29540E+03
   26     0.2417   2.8738  -0.67038E-01  -0.51192E-02   0.60881E-01   0.74044E+01   0.29939E+03
   27     0.2525   2.9818  -0.70392E-01  -0.54061E-02   0.60594E-01   0.73636E+01   0.30332E+03
   28     0.2634   3.0892  -0.73797E-01  -0.57001E-02   0.60300E-01   0.73229E+01   0.30728E+03
   29     0.2744   3.1959  -0.77254E-01  -0.60008E-02   0.59999E-01   0.72825E+01   0.31125E+03
   30     0.2855   3.3021  -0.80761E-01  -0.63087E-02   0.59691E-01   0.72423E+01   0.31520E+03
   31     0.2967   3.4077  -0.84321E-01  -0.66239E-02   0.59376E-01   0.72023E+01   0.31912E+03
   32     0.3079   3.5127  -0.87933E-01  -0.69464E-02   0.59054E-01   0.71626E+01   0.32305E+03
   33     0.3193   3.6170  -0.91577E-01  -0.72712E-02   0.58729E-01   0.71230E+01   0.32700E+03
   34     0.3308   3.7207  -0.95294E-01  -0.76091E-02   0.58391E-01   0.70837E+01   0.33092E+03
   35     0.3423   3.8238  -0.99063E-01  -0.79544E-02   0.58046E-01   0.70447E+01   0.33476E+03
   36     0.3540   3.9263  -0.10288E+00  -0.83075E-02   0.57692E-01   0.70059E+01   0.33868E+03
   37     0.3658   4.0281  -0.10676E+00  -0.86689E-02   0.57331E-01   0.69673E+01   0.34256E+03
   38     0.3777   4.1293  -0.11069E+00  -0.90386E-02   0.56961E-01   0.69290E+01   0.34643E+03
   39     0.3896   4.2299  -0.11467E+00  -0.94164E-02   0.56584E-01   0.68909E+01   0.35029E+03
   40     0.4017   4.3298  -0.11871E+00  -0.98029E-02   0.56197E-01   0.68531E+01   0.35414E+03
   41     0.4139   4.4291  -0.12280E+00  -0.10198E-01   0.55802E-01   0.68154E+01   0.35799E+03
   42     0.4262   4.5276  -0.12695E+00  -0.10602E-01   0.55398E-01   0.67781E+01   0.36184E+03
   43     0.4386   4.6256  -0.13115E+00  -0.11015E-01   0.54985E-01   0.67410E+01   0.36561E+03
   44     0.4511   4.7229  -0.13540E+00  -0.11437E-01   0.54563E-01   0.67041E+01   0.36939E+03
   45     0.4637   4.8195  -0.13972E+00  -0.11869E-01   0.54131E-01   0.66674E+01   0.37317E+03
   46     0.4764   4.9154  -0.14409E+00  -0.12310E-01   0.53690E-01   0.66310E+01   0.37693E+03
   47     0.4893   5.0106  -0.14851E+00  -0.12760E-01   0.53240E-01   0.65949E+01   0.38067E+03
   48     0.5022   5.1052  -0.15300E+00  -0.13221E-01   0.52779E-01   0.65590E+01   0.38437E+03
   49     0.5153   5.1991  -0.15754E+00  -0.13691E-01   0.52309E-01   0.65233E+01   0.38802E+03
   50     0.5285   5.2923  -0.16213E+00  -0.14172E-01   0.51828E-01   0.64880E+01   0.39171E+03
   51     0.5417   5.3849  -0.16679E+00  -0.14662E-01   0.51338E-01   0.64528E+01   0.39531E+03
   52     0.5552   5.4767  -0.17150E+00  -0.15163E-01   0.50837E-01   0.64179E+01   0.39891E+03
   53     0.5687   5.5679  -0.17627E+00  -0.15674E-01   0.50326E-01   0.63834E+01   0.40252E+03
   54     0.5823   5.6583  -0.18110E+00  -0.16196E-01   0.49804E-01   0.63490E+01   0.40602E+03
   55     0.5961   5.7481  -0.18599E+00  -0.16728E-01   0.49272E-01   0.63149E+01   0.40954E+03
   56     0.6099   5.8371  -0.19094E+00  -0.17271E-01   0.48729E-01   0.62810E+01   0.41305E+03
   57     0.6239   5.9255  -0.19594E+00  -0.17825E-01   0.48175E-01   0.62474E+01   0.41650E+03
   58     0.6381   6.0132  -0.20100E+00  -0.18390E-01   0.47610E-01   0.62141E+01   0.41993E+03
   59     0.6523   6.1001  -0.20613E+00  -0.18965E-01   0.47035E-01   0.61811E+01   0.42332E+03
   60     0.6667   6.1864  -0.21131E+00  -0.19551E-01   0.46449E-01   0.61483E+01   0.42665E+03
   61     0.6812   6.2719  -0.21655E+00  -0.20149E-01   0.45851E-01   0.61157E+01   0.42996E+03
   62     0.6958   6.3568  -0.22185E+00  -0.20758E-01   0.45242E-01   0.60835E+01   0.43321E+03
   63     0.7105   6.4409  -0.22721E+00  -0.21378E-01   0.44622E-01   0.60515E+01   0.43647E+03
   64     0.7254   6.5244  -0.23263E+00  -0.22010E-01   0.43990E-01   0.60197E+01   0.43962E+03
   65     0.7404   6.6071  -0.23811E+00  -0.22653E-01   0.43347E-01   0.59883E+01   0.44277E+03
   66     0.7555   6.6891  -0.24365E+00  -0.23308E-01   0.42692E-01   0.59571E+01   0.44586E+03
   67     0.7708   6.7704  -0.24925E+00  -0.23974E-01   0.42026E-01   0.59261E+01   0.44890E+03
   68     0.7862   6.8511  -0.25491E+00  -0.24653E-01   0.41347E-01   0.58955E+01   0.45192E+03
   69     0.8017   6.9310  -0.26064E+00  -0.25343E-01   0.40657E-01   0.58651E+01   0.45488E+03
   70     0.8174   7.0102  -0.26642E+00  -0.26046E-01   0.39954E-01   0.58349E+01   0.45779E+03
   71     0.8332   7.0886  -0.27227E+00  -0.26762E-01   0.39238E-01   0.58051E+01   0.46066E+03
   72     0.8491   7.1664  -0.27818E+00  -0.27490E-01   0.38510E-01   0.57755E+01   0.46345E+03
   73     0.8652   7.2435  -0.28415E+00  -0.28231E-01   0.37769E-01   0.57462E+01   0.46622E+03
   74     0.8814   7.3199  -0.29018E+00  -0.28984E-01   0.37016E-01   0.57171E+01   0.46892E+03
   75     0.8977   7.3956  -0.29628E+00  -0.29751E-01   0.36249E-01   0.56884E+01   0.47155E+03
   76     0.9142   7.4705  -0.30244E+00  -0.30530E-01   0.35470E-01   0.56599E+01   0.47416E+03
   77     0.9309   7.5448  -0.30866E+00  -0.31323E-01   0.34677E-01   0.56317E+01   0.47669E+03
   78     0.9477   7.6184  -0.31495E+00  -0.32129E-01   0.33871E-01   0.56038E+01   0.47916E+03
   79     0.9646   7.6913  -0.32130E+00  -0.32948E-01   0.33052E-01   0.55762E+01   0.48156E+03
   80     0.9817   7.7635  -0.32772E+00  -0.33781E-01   0.32219E-01   0.55488E+01   0.48390E+03
   81     0.9989   7.8350  -0.33420E+00  -0.34627E-01   0.31373E-01   0.55218E+01   0.48622E+03
   82     1.0163   7.9058  -0.34074E+00  -0.35487E-01   0.30513E-01   0.54950E+01   0.48843E+03
   83     1.0338   7.9759  -0.34734E+00  -0.36359E-01   0.29641E-01   0.54685E+01   0.49056E+03
   84     1.0515   8.0453  -0.35401E+00  -0.37246E-01   0.28754E-01   0.54423E+01   0.49261E+03
   85     1.0693   8.1141  -0.36075E+00  -0.38146E-01   0.27854E-01   0.54163E+01   0.49462E+03
   86     1.0873   8.1821  -0.36755E+00  -0.39060E-01   0.26940E-01   0.53907E+01   0.49651E+03
   87     1.1055   8.2495  -0.37441E+00  -0.39990E-01   0.26010E-01   0.53653E+01   0.49838E+03
   88     1.1238   8.3162  -0.38134E+00  -0.40932E-01   0.25068E-01   0.53402E+01   0.50012E+03
   89     1.1423   8.3823  -0.38833E+00  -0.41888E-01   0.24112E-01   0.53154E+01   0.50180E+03
   90     1.1609   8.4477  -0.39539E+00  -0.42858E-01   0.23142E-01   0.52909E+01   0.50343E+03
   91     1.1797   8.5124  -0.40251E+00  -0.43843E-01   0.22157E-01   0.52667E+01   0.50497E+03
   92     1.1986   8.5764  -0.40970E+00  -0.44842E-01   0.21158E-01   0.52427E+01   0.50644E+03
   93     1.2177   8.6398  -0.41695E+00  -0.45855E-01   0.20145E-01   0.52191E+01   0.50780E+03
   94     1.2370   8.7025  -0.42427E+00  -0.46883E-01   0.19117E-01   0.51957E+01   0.50914E+03
   95     1.2565   8.7646  -0.43165E+00  -0.47924E-01   0.18076E-01   0.51727E+01   0.51038E+03
   96     1.2761   8.8260  -0.43909E+00  -0.48980E-01   0.17020E-01   0.51499E+01   0.51154E+03
   97     1.2959   8.8868  -0.44660E+00  -0.50051E-01   0.15949E-01   0.51274E+01   0.51265E+03
   98     1.3158   8.9469  -0.45418E+00  -0.51137E-01   0.14863E-01   0.51052E+01   0.51362E+03
   99     1.3360   9.0065  -0.46182E+00  -0.52238E-01   0.13762E-01   0.50833E+01   0.51452E+03
  100     1.3563   9.0653  -0.46953E+00  -0.53354E-01   0.12646E-01   0.50616E+01   0.51535E+03
  101     1.3767   9.1236  -0.47731E+00  -0.54485E-01   0.11515E-01   0.50403E+01   0.51612E+03
  102     1.3974   9.1812  -0.48515E+00  -0.55631E-01   0.10369E-01   0.50192E+01   0.51681E+03
  103     1.4183   9.2382  -0.49306E+00  -0.56793E-01   0.92067E-02   0.49985E+01   0.51742E+03
  104     1.4393   9.2945  -0.50104E+00  -0.57971E-01   0.80293E-02   0.49780E+01   0.51795E+03
  105     1.4605   9.3503  -0.50909E+00  -0.59166E-01   0.68341E-02   0.49578E+01   0.51839E+03
  106     1.4819   9.4054  -0.51720E+00  -0.60377E-01   0.56233E-02   0.49379E+01   0.51875E+03
  107     1.5035   9.4600  -0.52537E+00  -0.61600E-01   0.44005E-02   0.49183E+01   0.51904E+03
  108     1.5252   9.5139  -0.53362E+00  -0.62840E-01   0.31599E-02   0.48990E+01   0.51922E+03
  109     1.5472   9.5673  -0.54193E+00  -0.64098E-01   0.19022E-02   0.48800E+01   0.51931E+03
  110     1.5693   9.6200  -0.55032E+00  -0.65371E-01   0.62881E-03   0.48612E+01   0.51932E+03
  111     1.5917   9.6722  -0.55877E+00  -0.66661E-01  -0.66136E-03   0.48428E+01   0.51924E+03
  112     1.6142   9.7238  -0.56729E+00  -0.67968E-01  -0.19677E-02   0.48246E+01   0.51904E+03
  113     1.6369   9.7748  -0.57588E+00  -0.69290E-01  -0.32905E-02   0.48068E+01   0.51877E+03
  114     1.6598   9.8252  -0.58453E+00  -0.70630E-01  -0.46299E-02   0.47892E+01   0.51844E+03
  115     1.6830   9.8751  -0.59325E+00  -0.71985E-01  -0.59854E-02   0.47719E+01   0.51800E+03
  116     1.7063   9.9244  -0.60205E+00  -0.73358E-01  -0.73576E-02   0.47548E+01   0.51746E+03
  117     1.7298   9.9731  -0.61090E+00  -0.74746E-01  -0.87461E-02   0.47381E+01   0.51682E+03
  118     1.7536  10.0213  -0.61983E+00  -0.76152E-01  -0.10152E-01   0.47216E+01   0.51607E+03
  119     1.7775  10.0689  -0.62883E+00  -0.77574E-01  -0.11574E-01   0.47054E+01   0.51525E+03
  120     1.8016  10.1160  -0.63789E+00  -0.79014E-01  -0.13014E-01   0.46895E+01   0.51432E+03
  121     1.8260  10.1626  -0.64702E+00  -0.80470E-01  -0.14470E-01   0.46739E+01   0.51331E+03
  122     1.8506  10.2086  -0.65623E+00  -0.81945E-01  -0.15945E-01   0.46585E+01   0.51222E+03
  123     1.8753  10.2541  -0.66550E+00  -0.83435E-01  -0.17435E-01   0.46434E+01   0.51108E+03
  124     1.9003  10.2990  -0.67483E+00  -0.84943E-01  -0.18943E-01   0.46286E+01   0.50984E+03
  125     1.9256  10.3434  -0.68424E+00  -0.86467E-01  -0.20467E-01   0.46140E+01   0.50853E+03
  126     1.9510  10.3873  -0.69371E+00  -0.88009E-01  -0.22009E-01   0.45997E+01   0.50714E+03
  127     1.9766  10.4307  -0.70325E+00  -0.89569E-01  -0.23569E-01   0.45857E+01   0.50572E+03
  128     2.0025  10.4736  -0.71286E+00  -0.91145E-01  -0.25145E-01   0.45720E+01   0.50420E+03
  129     2.0286  10.5160  -0.72254E+00  -0.92740E-01  -0.26740E-01   0.45585E+01   0.50259E+03
  130     2.0550  10.5579  -0.73228E+00  -0.94353E-01  -0.28353E-01   0.45452E+01   0.50096E+03
  131     2.0815  10.5993  -0.74211E+00  -0.95986E-01  -0.29986E-01   0.45322E+01   0.49921E+03
  132     2.1083  10.6402  -0.75200E+00  -0.97637E-01  -0.31637E-01   0.45195E+01   0.49739E+03
  133     2.1353  10.6806  -0.76197E+00  -0.99308E-01  -0.33308E-01   0.45071E+01   0.49550E+03
  134     2.1626  10.7205  -0.77202E+00  -0.10100E+00  -0.34999E-01   0.44949E+01   0.49349E+03
  135     2.1901  10.7600  -0.78213E+00  -0.10271E+00  -0.36710E-01   0.44829E+01   0.49142E+03
  136     2.2178  10.7990  -0.79232E+00  -0.10444E+00  -0.38440E-01   0.44713E+01   0.48925E+03
  137     2.2458  10.8375  -0.80259E+00  -0.10619E+00  -0.40189E-01   0.44598E+01   0.48697E+03
  138     2.2740  10.8756  -0.81292E+00  -0.10796E+00  -0.41957E-01   0.44486E+01   0.48464E+03
  139     2.3025  10.9132  -0.82332E+00  -0.10974E+00  -0.43744E-01   0.44376E+01   0.48219E+03
  140     2.3312  10.9504  -0.83379E+00  -0.11155E+00  -0.45549E-01   0.44268E+01   0.47964E+03
  141     2.3602  10.9871  -0.84433E+00  -0.11337E+00  -0.47373E-01   0.44163E+01   0.47702E+03
  142     2.3894  11.0234  -0.85494E+00  -0.11522E+00  -0.49216E-01   0.44060E+01   0.47437E+03
  143     2.4188  11.0592  -0.86562E+00  -0.11708E+00  -0.51078E-01   0.43960E+01   0.47163E+03
  144     2.4486  11.0946  -0.87637E+00  -0.11896E+00  -0.52960E-01   0.43861E+01   0.46882E+03
  145     2.4785  11.1296  -0.88719E+00  -0.12086E+00  -0.54860E-01   0.43766E+01   0.46598E+03
  146     2.5088  11.1641  -0.89807E+00  -0.12278E+00  -0.56778E-01   0.43672E+01   0.46310E+03
  147     2.5393  11.1982  -0.90903E+00  -0.12472E+00  -0.58717E-01   0.43579E+01   0.46015E+03
  148     2.5701  11.2320  -0.92007E+00  -0.12668E+00  -0.60680E-01   0.43488E+01   0.45714E+03
  149     2.6011  11.2653  -0.93118E+00  -0.12866E+00  -0.62663E-01   0.43401E+01   0.45407E+03
  150     2.6324  11.2982  -0.94237E+00  -0.13067E+00  -0.64666E-01   0.43315E+01   0.45096E+03
  151     2.6640  11.3306  -0.95363E+00  -0.13269E+00  -0.66691E-01   0.43231E+01   0.44777E+03
  152     2.6958  11.3627  -0.96497E+00  -0.13474E+00  -0.68736E-01   0.43149E+01   0.44458E+03
  153     2.7280  11.3944  -0.97638E+00  -0.13680E+00  -0.70803E-01   0.43070E+01   0.44127E+03
  154     2.7604  11.4258  -0.98786E+00  -0.13889E+00  -0.72891E-01   0.42992E+01   0.43789E+03
  155     2.7931  11.4567  -0.99941E+00  -0.14100E+00  -0.74999E-01   0.42916E+01   0.43446E+03
  156     2.8260  11.4872  -0.10110E+01  -0.14313E+00  -0.77130E-01   0.42842E+01   0.43098E+03
  157     2.8593  11.5174  -0.10227E+01  -0.14528E+00  -0.79281E-01   0.42769E+01   0.42745E+03
  158     2.8929  11.5472  -0.10345E+01  -0.14745E+00  -0.81453E-01   0.42698E+01   0.42387E+03
  159     2.9267  11.5766  -0.10464E+01  -0.14965E+00  -0.83647E-01   0.42629E+01   0.42028E+03
  160     2.9608  11.6057  -0.10583E+01  -0.15186E+00  -0.85862E-01   0.42562E+01   0.41660E+03
  161     2.9953  11.6344  -0.10703E+01  -0.15410E+00  -0.88100E-01   0.42497E+01   0.41291E+03
  162     3.0300  11.6628  -0.10824E+01  -0.15636E+00  -0.90359E-01   0.42433E+01   0.40919E+03
  163     3.0651  11.6908  -0.10945E+01  -0.15864E+00  -0.92640E-01   0.42370E+01   0.40541E+03
  164     3.1004  11.7184  -0.11067E+01  -0.16095E+00  -0.94945E-01   0.42310E+01   0.40159E+03
  165     3.1360  11.7458  -0.11191E+01  -0.16327E+00  -0.97273E-01   0.42250E+01   0.39772E+03
  166     3.1720  11.7727  -0.11314E+01  -0.16562E+00  -0.99624E-01   0.42193E+01   0.39383E+03
  167     3.2083  11.7994  -0.11439E+01  -0.16800E+00  -0.10200E+00   0.42137E+01   0.38988E+03
  168     3.2449  11.8257  -0.11564E+01  -0.17040E+00  -0.10440E+00   0.42082E+01   0.38592E+03
  169     3.2818  11.8517  -0.11690E+01  -0.17281E+00  -0.10681E+00   0.42028E+01   0.38191E+03
  170     3.3190  11.8773  -0.11817E+01  -0.17526E+00  -0.10926E+00   0.41976E+01   0.37785E+03
  171     3.3565  11.9026  -0.11945E+01  -0.17772E+00  -0.11172E+00   0.41926E+01   0.37379E+03
  172     3.3944  11.9277  -0.12073E+01  -0.18021E+00  -0.11421E+00   0.41876E+01   0.36971E+03
  173     3.4326  11.9524  -0.12202E+01  -0.18272E+00  -0.11672E+00   0.41828E+01   0.36558E+03
  174     3.4712  11.9768  -0.12332E+01  -0.18525E+00  -0.11925E+00   0.41782E+01   0.36146E+03
  175     3.5100  12.0009  -0.12463E+01  -0.18781E+00  -0.12181E+00   0.41736E+01   0.35732E+03
  176     3.5492  12.0246  -0.12594E+01  -0.19039E+00  -0.12439E+00   0.41692E+01   0.35320E+03
  177     3.5888  12.0481  -0.12726E+01  -0.19299E+00  -0.12699E+00   0.41648E+01   0.34903E+03
  178     3.6287  12.0713  -0.12859E+01  -0.19562E+00  -0.12962E+00   0.41606E+01   0.34484E+03
  179     3.6689  12.0942  -0.12993E+01  -0.19828E+00  -0.13228E+00   0.41565E+01   0.34062E+03
  180     3.7095  12.1169  -0.13128E+01  -0.20096E+00  -0.13496E+00   0.41525E+01   0.33640E+03
  181     3.7505  12.1392  -0.13263E+01  -0.20366E+00  -0.13766E+00   0.41487E+01   0.33216E+03
  182     3.7918  12.1612  -0.13400E+01  -0.20639E+00  -0.14039E+00   0.41449E+01   0.32790E+03
  183     3.8334  12.1830  -0.13537E+01  -0.20915E+00  -0.14315E+00   0.41412E+01   0.32363E+03
  184     3.8754  12.2045  -0.13674E+01  -0.21192E+00  -0.14592E+00   0.41376E+01   0.31936E+03
  185     3.9178  12.2257  -0.13813E+01  -0.21473E+00  -0.14873E+00   0.41341E+01   0.31507E+03
  186     3.9606  12.2467  -0.13952E+01  -0.21755E+00  -0.15155E+00   0.41308E+01   0.31079E+03
  187     4.0037  12.2674  -0.14092E+01  -0.22040E+00  -0.15440E+00   0.41275E+01   0.30651E+03
  188     4.0472  12.2878  -0.14233E+01  -0.22328E+00  -0.15728E+00   0.41243E+01   0.30225E+03
  189     4.0911  12.3080  -0.14375E+01  -0.22618E+00  -0.16018E+00   0.41211E+01   0.29796E+03
  190     4.1353  12.3279  -0.14518E+01  -0.22911E+00  -0.16311E+00   0.41181E+01   0.29372E+03
  191     4.1800  12.3476  -0.14661E+01  -0.23206E+00  -0.16606E+00   0.41151E+01   0.28947E+03
  192     4.2250  12.3670  -0.14805E+01  -0.23504E+00  -0.16904E+00   0.41122E+01   0.28523E+03
  193     4.2705  12.3862  -0.14950E+01  -0.23805E+00  -0.17205E+00   0.41094E+01   0.28101E+03
  194     4.3163  12.4051  -0.15096E+01  -0.24108E+00  -0.17508E+00   0.41067E+01   0.27677E+03
  195     4.3625  12.4238  -0.15243E+01  -0.24414E+00  -0.17814E+00   0.41041E+01   0.27257E+03
  196     4.4091  12.4423  -0.15390E+01  -0.24722E+00  -0.18122E+00   0.41015E+01   0.26836E+03
  197     4.4561  12.4605  -0.15539E+01  -0.25033E+00  -0.18433E+00   0.40990E+01   0.26413E+03
  198     4.5036  12.4785  -0.15688E+01  -0.25347E+00  -0.18747E+00   0.40965E+01   0.25991E+03
  199     4.5514  12.4962  -0.15838E+01  -0.25664E+00  -0.19064E+00   0.40941E+01   0.25571E+03
  200     4.5997  12.5138  -0.15989E+01  -0.25983E+00  -0.19383E+00   0.40918E+01   0.25152E+03
  201     4.6484  12.5311  -0.16141E+01  -0.26304E+00  -0.19704E+00   0.40896E+01   0.24738E+03
  202     4.6975  12.5482  -0.16293E+01  -0.26628E+00  -0.20028E+00   0.40874E+01   0.24324E+03
  203     4.7470  12.5650  -0.16446E+01  -0.26955E+00  -0.20355E+00   0.40852E+01   0.23914E+03
  204     4.7970  12.5817  -0.16600E+01  -0.27284E+00  -0.20684E+00   0.40831E+01   0.23506E+03
  205     4.8474  12.5981  -0.16755E+01  -0.27617E+00  -0.21017E+00   0.40811E+01   0.23101E+03
  206     4.8982  12.6144  -0.16911E+01  -0.27952E+00  -0.21352E+00   0.40792E+01   0.22699E+03
  207     4.9495  12.6304  -0.17068E+01  -0.28290E+00  -0.21690E+00   0.40772E+01   0.22300E+03
  208     5.0012  12.6462  -0.17226E+01  -0.28631E+00  -0.22031E+00   0.40754E+01   0.21905E+03
  209     5.0534  12.6619  -0.17384E+01  -0.28975E+00  -0.22375E+00   0.40736E+01   0.21509E+03
  210     5.1060  12.6773  -0.17543E+01  -0.29321E+00  -0.22721E+00   0.40718E+01   0.21117E+03
  211     5.1591  12.6925  -0.17704E+01  -0.29670E+00  -0.23070E+00   0.40701E+01   0.20721E+03
  212     5.2126  12.7076  -0.17865E+01  -0.30022E+00  -0.23422E+00   0.40684E+01   0.20333E+03
  213     5.2667  12.7224  -0.18027E+01  -0.30377E+00  -0.23777E+00   0.40668E+01   0.19951E+03
  214     5.3211  12.7371  -0.18189E+01  -0.30735E+00  -0.24135E+00   0.40652E+01   0.19570E+03
  215     5.3761  12.7515  -0.18353E+01  -0.31094E+00  -0.24494E+00   0.40637E+01   0.19193E+03
  216     5.4315  12.7658  -0.18517E+01  -0.31458E+00  -0.24858E+00   0.40622E+01   0.18817E+03
  217     5.4874  12.7799  -0.18683E+01  -0.31824E+00  -0.25224E+00   0.40607E+01   0.18446E+03
  218     5.5438  12.7938  -0.18849E+01  -0.32193E+00  -0.25593E+00   0.40593E+01   0.18079E+03
  219     5.6007  12.8076  -0.19016E+01  -0.32564E+00  -0.25964E+00   0.40579E+01   0.17718E+03
  220     5.6581  12.8211  -0.19184E+01  -0.32939E+00  -0.26339E+00   0.40565E+01   0.17357E+03
  221     5.7160  12.8345  -0.19353E+01  -0.33317E+00  -0.26717E+00   0.40552E+01   0.17000E+03
  222     5.7744  12.8477  -0.19523E+01  -0.33698E+00  -0.27098E+00   0.40539E+01   0.16647E+03
  223     5.8333  12.8608  -0.19694E+01  -0.34081E+00  -0.27481E+00   0.40527E+01   0.16299E+03
  224     5.8927  12.8737  -0.19866E+01  -0.34468E+00  -0.27868E+00   0.40515E+01   0.15953E+03
  225     5.9526  12.8864  -0.20038E+01  -0.34857E+00  -0.28257E+00   0.40503E+01   0.15613E+03
  226     6.0131  12.8990  -0.20212E+01  -0.35249E+00  -0.28649E+00   0.40491E+01   0.15277E+03
  227     6.0740  12.9114  -0.20386E+01  -0.35645E+00  -0.29045E+00   0.40480E+01   0.14945E+03
  228     6.1355  12.9236  -0.20561E+01  -0.36043E+00  -0.29443E+00   0.40469E+01   0.14616E+03
  229     6.1976  12.9357  -0.20738E+01  -0.36445E+00  -0.29845E+00   0.40459E+01   0.14291E+03
  230     6.2602  12.9476  -0.20915E+01  -0.36849E+00  -0.30249E+00   0.40448E+01   0.13970E+03
  231     6.3233  12.9594  -0.21093E+01  -0.37257E+00  -0.30657E+00   0.40438E+01   0.13653E+03
  232     6.3869  12.9710  -0.21272E+01  -0.37668E+00  -0.31068E+00   0.40428E+01   0.13342E+03
  233     6.4512  12.9825  -0.21452E+01  -0.38081E+00  -0.31481E+00   0.40419E+01   0.13033E+03
  234     6.5159  12.9938  -0.21633E+01  -0.38498E+00  -0.31898E+00   0.40409E+01   0.12731E+03
  235     6.5813  13.0050  -0.21815E+01  -0.38917E+00  -0.32317E+00   0.40400E+01   0.12433E+03
  236     6.6472  13.0160  -0.21997E+01  -0.39340E+00  -0.32740E+00   0.40391E+01   0.12135E+03
  237     6.7137  13.0269  -0.22181E+01  -0.39767E+00  -0.33167E+00   0.40383E+01   0.11846E+03
  238     6.7807  13.0377  -0.22366E+01  -0.40196E+00  -0.33596E+00   0.40374E+01   0.11548E+03
  239     6.8484  13.0483  -0.22552E+01  -0.40628E+00  -0.34028E+00   0.40366E+01   0.11277E+03
  240     6.9166  13.0588  -0.22738E+01  -0.41063E+00  -0.34463E+00   0.40358E+01   0.11002E+03
  241     6.9854  13.0691  -0.22924E+01  -0.41497E+00  -0.34897E+00   0.40350E+01   0.10731E+03
  242     7.0549  13.0794  -0.23114E+01  -0.41944E+00  -0.35344E+00   0.40343E+01   0.10457E+03
  243     7.1249  13.0894  -0.23304E+01  -0.42389E+00  -0.35789E+00   0.40335E+01   0.10194E+03
  244     7.1955  13.0994  -0.23494E+01  -0.42837E+00  -0.36237E+00   0.40328E+01   0.99354E+02
  245     7.2668  13.1092  -0.23685E+01  -0.43288E+00  -0.36688E+00   0.40321E+01   0.96866E+02
  246     7.3387  13.1189  -0.23878E+01  -0.43743E+00  -0.37143E+00   0.40314E+01   0.94276E+02
  247     7.4112  13.1285  -0.24071E+01  -0.44201E+00  -0.37601E+00   0.40307E+01   0.91808E+02
  248     7.4843  13.1380  -0.24266E+01  -0.44662E+00  -0.38062E+00   0.40301E+01   0.89395E+02
  249     7.5580  13.1473  -0.24461E+01  -0.45127E+00  -0.38527E+00   0.40294E+01   0.87009E+02
  250     7.6324  13.1565  -0.24657E+01  -0.45594E+00  -0.38994E+00   0.40288E+01   0.84678E+02
  251     7.7075  13.1656  -0.24855E+01  -0.46066E+00  -0.39466E+00   0.40282E+01   0.82387E+02
  252     7.7832  13.1746  -0.25053E+01  -0.46540E+00  -0.39940E+00   0.40276E+01   0.80133E+02
  253     7.8596  13.1834  -0.25253E+01  -0.47018E+00  -0.40418E+00   0.40270E+01   0.77930E+02
  254     7.9366  13.1922  -0.25453E+01  -0.47499E+00  -0.40899E+00   0.40265E+01   0.75759E+02
  255     8.0143  13.2008  -0.25654E+01  -0.47983E+00  -0.41383E+00   0.40259E+01   0.73641E+02
  256     8.0926  13.2093  -0.25857E+01  -0.48471E+00  -0.41871E+00   0.40254E+01   0.71565E+02
  257     8.1717  13.2178  -0.26060E+01  -0.48962E+00  -0.42362E+00   0.40248E+01   0.69526E+02
  258     8.2514  13.2261  -0.26265E+01  -0.49456E+00  -0.42856E+00   0.40243E+01   0.67524E+02
  259     8.3319  13.2343  -0.26470E+01  -0.49954E+00  -0.43354E+00   0.40238E+01   0.65586E+02
  260     8.4130  13.2424  -0.26677E+01  -0.50456E+00  -0.43856E+00   0.40233E+01   0.63674E+02
  261     8.4948  13.2503  -0.26884E+01  -0.50961E+00  -0.44361E+00   0.40229E+01   0.61798E+02
  262     8.5774  13.2582  -0.27093E+01  -0.51469E+00  -0.44869E+00   0.40224E+01   0.59974E+02
  263     8.6606  13.2660  -0.27303E+01  -0.51981E+00  -0.45381E+00   0.40220E+01   0.58178E+02
  264     8.7446  13.2737  -0.27513E+01  -0.52496E+00  -0.45896E+00   0.40215E+01   0.56424E+02
  265     8.8293  13.2813  -0.27726E+01  -0.53016E+00  -0.46416E+00   0.40211E+01   0.54705E+02
  266     8.9148  13.2888  -0.27938E+01  -0.53537E+00  -0.46937E+00   0.40207E+01   0.53040E+02
  267     9.0010  13.2962  -0.28152E+01  -0.54063E+00  -0.47463E+00   0.40202E+01   0.51413E+02
  268     9.0879  13.3035  -0.28367E+01  -0.54593E+00  -0.47993E+00   0.40198E+01   0.49797E+02
  269     9.1756  13.3107  -0.28583E+01  -0.55126E+00  -0.48526E+00   0.40194E+01   0.48245E+02
  270     9.2641  13.3178  -0.28800E+01  -0.55663E+00  -0.49063E+00   0.40191E+01   0.46726E+02
  271     9.3534  13.3248  -0.29018E+01  -0.56202E+00  -0.49602E+00   0.40187E+01   0.45236E+02
  272     9.4434  13.3317  -0.29238E+01  -0.56747E+00  -0.50147E+00   0.40183E+01   0.43790E+02
  273     9.5342  13.3386  -0.29458E+01  -0.57294E+00  -0.50694E+00   0.40180E+01   0.42375E+02
  274     9.6257  13.3453  -0.29680E+01  -0.57845E+00  -0.51245E+00   0.40176E+01   0.40997E+02
  275     9.7181  13.3520  -0.29903E+01  -0.58400E+00  -0.51800E+00   0.40173E+01   0.39651E+02
  276     9.8113  13.3586  -0.30126E+01  -0.58959E+00  -0.52359E+00   0.40169E+01   0.38339E+02
  277     9.9053  13.3651  -0.30351E+01  -0.59520E+00  -0.52920E+00   0.40166E+01   0.37066E+02
  278    10.0001  13.3715  -0.30577E+01  -0.60087E+00  -0.53487E+00   0.40163E+01   0.35811E+02
  279    10.0957  13.3778  -0.30804E+01  -0.60656E+00  -0.54056E+00   0.40160E+01   0.34609E+02
  280    10.1922  13.3841  -0.31032E+01  -0.61229E+00  -0.54629E+00   0.40157E+01   0.33436E+02
  281    10.2895  13.3902  -0.31262E+01  -0.61806E+00  -0.55206E+00   0.40154E+01   0.32283E+02
  282    10.3877  13.3963  -0.31492E+01  -0.62388E+00  -0.55788E+00   0.40151E+01   0.31176E+02
  283    10.4867  13.4023  -0.31724E+01  -0.62972E+00  -0.56372E+00   0.40148E+01   0.30088E+02
  284    10.5865  13.4083  -0.31957E+01  -0.63561E+00  -0.56961E+00   0.40145E+01   0.29033E+02
  285    10.6873  13.4141  -0.32191E+01  -0.64154E+00  -0.57554E+00   0.40143E+01   0.28004E+02
  286    10.7889  13.4199  -0.32426E+01  -0.64750E+00  -0.58150E+00   0.40140E+01   0.27006E+02
  287    10.8914  13.4256  -0.32662E+01  -0.65350E+00  -0.58750E+00   0.40137E+01   0.26035E+02
  288    10.9947  13.4312  -0.32900E+01  -0.65954E+00  -0.59354E+00   0.40135E+01   0.25096E+02
  289    11.0990  13.4368  -0.33138E+01  -0.66561E+00  -0.59961E+00   0.40132E+01   0.24188E+02
  290    11.2042  13.4423  -0.33378E+01  -0.67173E+00  -0.60573E+00   0.40130E+01   0.23301E+02
  291    11.3103  13.4477  -0.33619E+01  -0.67789E+00  -0.61189E+00   0.40127E+01   0.22438E+02
  292    11.4173  13.4530  -0.33862E+01  -0.68410E+00  -0.61810E+00   0.40125E+01   0.21608E+02
  293    11.5253  13.4583  -0.34105E+01  -0.69033E+00  -0.62433E+00   0.40123E+01   0.20799E+02
  294    11.6342  13.4635  -0.34349E+01  -0.69661E+00  -0.63061E+00   0.40121E+01   0.20014E+02
  295    11.7440  13.4687  -0.34595E+01  -0.70293E+00  -0.63693E+00   0.40118E+01   0.19252E+02
  296    11.8548  13.4738  -0.34842E+01  -0.70928E+00  -0.64328E+00   0.40116E+01   0.18519E+02
  297    11.9666  13.4788  -0.35091E+01  -0.71568E+00  -0.64968E+00   0.40114E+01   0.17803E+02
  298    12.0793  13.4837  -0.35340E+01  -0.72212E+00  -0.65612E+00   0.40112E+01   0.17114E+02
  299    12.1930  13.4886  -0.35591E+01  -0.72860E+00  -0.66260E+00   0.40110E+01   0.16447E+02
  300    12.3077  13.4934  -0.35843E+01  -0.73512E+00  -0.66912E+00   0.40108E+01   0.15795E+02
  301    12.4234  13.4982  -0.36096E+01  -0.74169E+00  -0.67569E+00   0.40106E+01   0.15171E+02
  302    12.5401  13.5029  -0.36350E+01  -0.74829E+00  -0.68229E+00   0.40104E+01   0.14568E+02
  303    12.6578  13.5075  -0.36606E+01  -0.75493E+00  -0.68893E+00   0.40103E+01   0.13982E+02
  304    12.7766  13.5121  -0.36863E+01  -0.76163E+00  -0.69563E+00   0.40101E+01   0.13416E+02
  305    12.8963  13.5166  -0.37121E+01  -0.76835E+00  -0.70235E+00   0.40099E+01   0.12872E+02
  306    13.0172  13.5211  -0.37381E+01  -0.77513E+00  -0.70913E+00   0.40097E+01   0.12345E+02
  307    13.1390  13.5255  -0.37641E+01  -0.78194E+00  -0.71594E+00   0.40096E+01   0.11834E+02
  308    13.2619  13.5298  -0.37903E+01  -0.78880E+00  -0.72280E+00   0.40094E+01   0.11340E+02
  309    13.3859  13.5341  -0.38167E+01  -0.79570E+00  -0.72970E+00   0.40092E+01   0.10868E+02
  310    13.5110  13.5383  -0.38431E+01  -0.80265E+00  -0.73665E+00   0.40091E+01   0.10410E+02
  311    13.6372  13.5425  -0.38697E+01  -0.80964E+00  -0.74364E+00   0.40089E+01   0.99677E+01
  312    13.7644  13.5466  -0.38965E+01  -0.81666E+00  -0.75067E+00   0.40088E+01   0.95423E+01
  313    13.8928  13.5507  -0.39233E+01  -0.82375E+00  -0.75775E+00   0.40086E+01   0.91309E+01
  314    14.0223  13.5547  -0.39503E+01  -0.83087E+00  -0.76487E+00   0.40085E+01   0.87359E+01
  315    14.1529  13.5587  -0.39774E+01  -0.83803E+00  -0.77203E+00   0.40083E+01   0.83528E+01
  316    14.2846  13.5626  -0.40047E+01  -0.84523E+00  -0.77923E+00   0.40082E+01   0.79894E+01
  317    14.4175  13.5665  -0.40321E+01  -0.85249E+00  -0.78649E+00   0.40081E+01   0.76359E+01
  318    14.5515  13.5703  -0.40596E+01  -0.85978E+00  -0.79378E+00   0.40079E+01   0.72977E+01
  319    14.6867  13.5741  -0.40873E+01  -0.86713E+00  -0.80113E+00   0.40078E+01   0.69716E+01
  320    14.8231  13.5778  -0.41151E+01  -0.87452E+00  -0.80852E+00   0.40077E+01   0.66573E+01
  321    14.9607  13.5815  -0.41430E+01  -0.88195E+00  -0.81595E+00   0.40075E+01   0.63523E+01
  322    15.0994  13.5851  -0.41711E+01  -0.88943E+00  -0.82343E+00   0.40074E+01   0.60613E+01
  323    15.2394  13.5887  -0.41993E+01  -0.89696E+00  -0.83096E+00   0.40073E+01   0.57846E+01
  324    15.3806  13.5922  -0.42276E+01  -0.90453E+00  -0.83853E+00   0.40072E+01   0.55164E+01
  325    15.5230  13.5957  -0.42561E+01  -0.91215E+00  -0.84615E+00   0.40071E+01   0.52612E+01
  326    15.6666  13.5991  -0.42847E+01  -0.91981E+00  -0.85381E+00   0.40069E+01   0.50132E+01
  327    15.8115  13.6025  -0.43136E+01  -0.92754E+00  -0.86154E+00   0.40068E+01   0.47774E+01
  328    15.9577  13.6059  -0.43424E+01  -0.93529E+00  -0.86929E+00   0.40067E+01   0.45502E+01
  329    16.1051  13.6092  -0.43715E+01  -0.94310E+00  -0.87710E+00   0.40066E+01   0.43317E+01
  330    16.2538  13.6124  -0.44007E+01  -0.95094E+00  -0.88494E+00   0.40065E+01   0.41239E+01
  331    16.4038  13.6157  -0.44300E+01  -0.95886E+00  -0.89286E+00   0.40064E+01   0.39238E+01
  332    16.5551  13.6188  -0.44595E+01  -0.96681E+00  -0.90081E+00   0.40063E+01   0.37344E+01
  333    16.7078  13.6220  -0.44892E+01  -0.97481E+00  -0.90881E+00   0.40062E+01   0.35461E+01
  334    16.8617  13.6251  -0.45190E+01  -0.98287E+00  -0.91687E+00   0.40061E+01   0.33729E+01
  335    17.0170  13.6281  -0.45488E+01  -0.99094E+00  -0.92494E+00   0.40060E+01   0.32061E+01
  336    17.1736  13.6312  -0.45789E+01  -0.99910E+00  -0.93310E+00   0.40059E+01   0.30452E+01
  337    17.3316  13.6342  -0.46092E+01  -0.10073E+01  -0.94129E+00   0.40058E+01   0.28925E+01
  338    17.4910  13.6371  -0.46396E+01  -0.10155E+01  -0.94955E+00   0.40057E+01   0.27455E+01
  339    17.6518  13.6400  -0.46701E+01  -0.10238E+01  -0.95784E+00   0.40056E+01   0.26051E+01
  340    17.8139  13.6429  -0.47007E+01  -0.10322E+01  -0.96618E+00   0.40056E+01   0.24710E+01
  341    17.9775  13.6457  -0.47316E+01  -0.10406E+01  -0.97458E+00   0.40055E+01   0.23438E+01
  342    18.1425  13.6485  -0.47625E+01  -0.10490E+01  -0.98302E+00   0.40054E+01   0.22214E+01
  343    18.3089  13.6513  -0.47937E+01  -0.10575E+01  -0.99153E+00   0.40053E+01   0.21060E+01
  344    18.4768  13.6540  -0.48250E+01  -0.10661E+01  -0.10001E+01   0.40052E+01   0.19948E+01
  345    18.6461  13.6567  -0.48564E+01  -0.10747E+01  -0.10087E+01   0.40052E+01   0.18887E+01
  346    18.8169  13.6593  -0.48880E+01  -0.10833E+01  -0.10173E+01   0.40051E+01   0.17884E+01
  347    18.9892  13.6619  -0.49198E+01  -0.10920E+01  -0.10260E+01   0.40050E+01   0.16918E+01
  348    19.1630  13.6645  -0.49517E+01  -0.11008E+01  -0.10348E+01   0.40049E+01   0.16006E+01
  349    19.3383  13.6671  -0.49837E+01  -0.11096E+01  -0.10436E+01   0.40049E+01   0.15134E+01
  350    19.5151  13.6696  -0.50160E+01  -0.11185E+01  -0.10525E+01   0.40048E+01   0.14318E+01
  351    19.6934  13.6721  -0.50484E+01  -0.11274E+01  -0.10614E+01   0.40047E+01   0.13515E+01
  352    19.8734  13.6745  -0.50810E+01  -0.11364E+01  -0.10704E+01   0.40046E+01   0.12771E+01
  353    20.0548  13.6770  -0.51136E+01  -0.11454E+01  -0.10794E+01   0.40046E+01   0.12057E+01
  354    20.2379  13.6794  -0.51465E+01  -0.11545E+01  -0.10885E+01   0.40045E+01   0.11379E+01
  355    20.4225  13.6817  -0.51795E+01  -0.11636E+01  -0.10976E+01   0.40044E+01   0.10742E+01
  356    20.6088  13.6840  -0.52127E+01  -0.11728E+01  -0.11068E+01   0.40044E+01   0.10128E+01
  357    20.7966  13.6863  -0.52461E+01  -0.11820E+01  -0.11160E+01   0.40043E+01   0.95494E+00
  358    20.9861  13.6886  -0.52796E+01  -0.11913E+01  -0.11253E+01   0.40043E+01   0.90054E+00
  359    21.1773  13.6909  -0.53133E+01  -0.12007E+01  -0.11347E+01   0.40042E+01   0.84753E+00
  360    21.3701  13.6931  -0.53473E+01  -0.12101E+01  -0.11441E+01   0.40041E+01   0.79801E+00
  361    21.5646  13.6953  -0.53812E+01  -0.12195E+01  -0.11535E+01   0.40041E+01   0.75149E+00
  362    21.7607  13.6974  -0.54154E+01  -0.12291E+01  -0.11631E+01   0.40040E+01   0.70599E+00
  363    21.9586  13.6995  -0.54497E+01  -0.12386E+01  -0.11726E+01   0.40040E+01   0.66521E+00
  364    22.1582  13.7016  -0.54843E+01  -0.12483E+01  -0.11823E+01   0.40000E+01   0.62522E+00
  365    22.3596  13.7037  -0.55190E+01  -0.12580E+01  -0.11920E+01   0.40000E+01   0.58880E+00
  366    22.5626  13.7058  -0.55539E+01  -0.12678E+01  -0.12018E+01   0.40000E+01   0.55244E+00
  367    22.7675  13.7078  -0.55891E+01  -0.12776E+01  -0.12116E+01   0.40000E+01   0.51833E+00
  368    22.9741  13.7098  -0.56242E+01  -0.12874E+01  -0.12214E+01   0.40000E+01   0.48680E+00
  369    23.1825  13.7117  -0.56595E+01  -0.12973E+01  -0.12313E+01   0.40000E+01   0.45682E+00
  370    23.3928  13.7137  -0.56951E+01  -0.13073E+01  -0.12413E+01   0.40000E+01   0.42860E+00
  371    23.6049  13.7156  -0.57309E+01  -0.13174E+01  -0.12514E+01   0.40000E+01   0.40188E+00
  372    23.8188  13.7175  -0.57668E+01  -0.13275E+01  -0.12615E+01   0.40000E+01   0.37669E+00
  373    24.0345  13.7194  -0.58029E+01  -0.13376E+01  -0.12716E+01   0.40000E+01   0.35274E+00
  374    24.2522  13.7212  -0.58392E+01  -0.13478E+01  -0.12818E+01   0.40000E+01   0.33048E+00
  375    24.4717  13.7230  -0.58757E+01  -0.13581E+01  -0.12921E+01   0.40000E+01   0.30950E+00
  376    24.6932  13.7248  -0.59123E+01  -0.13685E+01  -0.13025E+01   0.40000E+01   0.28944E+00
  377    24.9166  13.7266  -0.59492E+01  -0.13789E+01  -0.13129E+01   0.40000E+01   0.27070E+00
  378    25.1419  13.7284  -0.59862E+01  -0.13893E+01  -0.13233E+01   0.40000E+01   0.25307E+00
  379    25.3691  13.7301  -0.60234E+01  -0.13998E+01  -0.13338E+01   0.40000E+01   0.23664E+00
  380    25.5984  13.7318  -0.60607E+01  -0.14104E+01  -0.13444E+01   0.40000E+01   0.22092E+00
  381    25.8296  13.7335  -0.60983E+01  -0.14211E+01  -0.13551E+01   0.40000E+01   0.20632E+00
  382    26.0629  13.7351  -0.61361E+01  -0.14318E+01  -0.13658E+01   0.40000E+01   0.19259E+00
  383    26.2982  13.7368  -0.61740E+01  -0.14425E+01  -0.13765E+01   0.40000E+01   0.17958E+00
  384    26.5355  13.7384  -0.62121E+01  -0.14534E+01  -0.13874E+01   0.40000E+01   0.16748E+00
  385    26.7749  13.7400  -0.62504E+01  -0.14642E+01  -0.13982E+01   0.40000E+01   0.15611E+00
  386    27.0164  13.7416  -0.62889E+01  -0.14752E+01  -0.14092E+01   0.40000E+01   0.14538E+00
  387    27.2599  13.7431  -0.63276E+01  -0.14862E+01  -0.14202E+01   0.40000E+01   0.13541E+00
  388    27.5056  13.7447  -0.63664E+01  -0.14973E+01  -0.14313E+01   0.40000E+01   0.12605E+00
  389    27.7534  13.7462  -0.64055E+01  -0.15084E+01  -0.14424E+01   0.40000E+01   0.11729E+00
  390    28.0034  13.7477  -0.64448E+01  -0.15196E+01  -0.14536E+01   0.40000E+01   0.10902E+00
  391    28.2556  13.7492  -0.64843E+01  -0.15309E+01  -0.14649E+01   0.40000E+01   0.10142E+00
  392    28.5099  13.7506  -0.65239E+01  -0.15422E+01  -0.14762E+01   0.40000E+01   0.94239E-01
  393    28.7665  13.7521  -0.65637E+01  -0.15536E+01  -0.14876E+01   0.40000E+01   0.87511E-01
  394    29.0253  13.7535  -0.66037E+01  -0.15651E+01  -0.14991E+01   0.40000E+01   0.81257E-01
  395    29.2863  13.7549  -0.66440E+01  -0.15766E+01  -0.15106E+01   0.40000E+01   0.75367E-01
  396    29.5496  13.7563  -0.66844E+01  -0.15882E+01  -0.15222E+01   0.40000E+01   0.69938E-01
  397    29.8152  13.7577  -0.67249E+01  -0.15998E+01  -0.15338E+01   0.40000E+01   0.64826E-01
  398    30.0831  13.7590  -0.67658E+01  -0.16116E+01  -0.15456E+01   0.40000E+01   0.60087E-01
  399    30.3534  13.7604  -0.68068E+01  -0.16234E+01  -0.15574E+01   0.40000E+01   0.55643E-01
  400    30.6259  13.7617  -0.68479E+01  -0.16352E+01  -0.15692E+01   0.40000E+01   0.51519E-01
