    1     0.0001   0.0014  -0.15259E-04   0.77658E-06   0.64013E-01   0.83158E+01   0.16151E+03
    2     0.0088   0.1221  -0.19210E-02  -0.88332E-04   0.63924E-01   0.82688E+01   0.23885E+03
    3     0.0176   0.2423  -0.40159E-02  -0.21954E-03   0.63792E-01   0.82230E+01   0.25214E+03
    4     0.0264   0.3621  -0.62010E-02  -0.36626E-03   0.63646E-01   0.81776E+01   0.26118E+03
    5     0.0353   0.4814  -0.84800E-02  -0.52961E-03   0.63482E-01   0.81327E+01   0.26990E+03
    6     0.0443   0.6003  -0.10823E-01  -0.70187E-03   0.63310E-01   0.80881E+01   0.27730E+03
    7     0.0534   0.7188  -0.13228E-01  -0.88218E-03   0.63130E-01   0.80439E+01   0.28393E+03
    8     0.0626   0.8368  -0.15691E-01  -0.10696E-02   0.62942E-01   0.79999E+01   0.29021E+03
    9     0.0718   0.9543  -0.18210E-01  -0.12636E-02   0.62748E-01   0.79563E+01   0.29634E+03
   10     0.0811   1.0713  -0.20784E-01  -0.14644E-02   0.62547E-01   0.79128E+01   0.30219E+03
   11     0.0905   1.1879  -0.23411E-01  -0.16715E-02   0.62340E-01   0.78697E+01   0.30792E+03
   12     0.1000   1.3039  -0.26092E-01  -0.18848E-02   0.62127E-01   0.78267E+01   0.31343E+03
   13     0.1096   1.4195  -0.28835E-01  -0.21069E-02   0.61905E-01   0.77841E+01   0.31902E+03
   14     0.1192   1.5346  -0.31618E-01  -0.23313E-02   0.61681E-01   0.77416E+01   0.32444E+03
   15     0.1290   1.6491  -0.34453E-01  -0.25621E-02   0.61450E-01   0.76994E+01   0.32969E+03
   16     0.1388   1.7632  -0.37339E-01  -0.27990E-02   0.61213E-01   0.76574E+01   0.33503E+03
   17     0.1487   1.8767  -0.40276E-01  -0.30419E-02   0.60970E-01   0.76156E+01   0.34019E+03
   18     0.1587   1.9897  -0.43263E-01  -0.32905E-02   0.60721E-01   0.75740E+01   0.34544E+03
   19     0.1687   2.1021  -0.46301E-01  -0.35450E-02   0.60467E-01   0.75327E+01   0.35062E+03
   20     0.1789   2.2140  -0.49390E-01  -0.38060E-02   0.60206E-01   0.74916E+01   0.35571E+03
   21     0.1891   2.3254  -0.52531E-01  -0.40736E-02   0.59938E-01   0.74507E+01   0.36087E+03
   22     0.1995   2.4362  -0.55723E-01  -0.43478E-02   0.59664E-01   0.74100E+01   0.36593E+03
   23     0.2099   2.5465  -0.58968E-01  -0.46282E-02   0.59384E-01   0.73696E+01   0.37100E+03
   24     0.2204   2.6562  -0.62263E-01  -0.49154E-02   0.59096E-01   0.73294E+01   0.37605E+03
   25     0.2310   2.7653  -0.65611E-01  -0.52095E-02   0.58802E-01   0.72894E+01   0.38109E+03
   26     0.2417   2.8738  -0.69011E-01  -0.55108E-02   0.58501E-01   0.72497E+01   0.38614E+03
   27     0.2525   2.9818  -0.72463E-01  -0.58188E-02   0.58193E-01   0.72101E+01   0.39111E+03
   28     0.2634   3.0892  -0.75967E-01  -0.61340E-02   0.57878E-01   0.71708E+01   0.39611E+03
   29     0.2744   3.1959  -0.79523E-01  -0.64566E-02   0.57555E-01   0.71317E+01   0.40111E+03
   30     0.2855   3.3021  -0.83133E-01  -0.67868E-02   0.57225E-01   0.70929E+01   0.40609E+03
   31     0.2967   3.4077  -0.86796E-01  -0.71246E-02   0.56887E-01   0.70542E+01   0.41102E+03
   32     0.3079   3.5127  -0.90512E-01  -0.74701E-02   0.56542E-01   0.70158E+01   0.41596E+03
   33     0.3193   3.6170  -0.94262E-01  -0.78179E-02   0.56194E-01   0.69776E+01   0.42092E+03
   34     0.3308   3.7207  -0.98086E-01  -0.81795E-02   0.55832E-01   0.69396E+01   0.42583E+03
   35     0.3423   3.8238  -0.10196E+00  -0.85492E-02   0.55463E-01   0.69019E+01   0.43064E+03
   36     0.3540   3.9263  -0.10590E+00  -0.89271E-02   0.55085E-01   0.68644E+01   0.43555E+03
   37     0.3658   4.0281  -0.10988E+00  -0.93137E-02   0.54698E-01   0.68272E+01   0.44040E+03
   38     0.3777   4.1293  -0.11393E+00  -0.97089E-02   0.54303E-01   0.67901E+01   0.44522E+03
   39     0.3896   4.2299  -0.11802E+00  -0.10113E-01   0.53899E-01   0.67534E+01   0.45003E+03
   40     0.4017   4.3298  -0.12218E+00  -0.10526E-01   0.53486E-01   0.67168E+01   0.45482E+03
   41     0.4139   4.4291  -0.12639E+00  -0.10948E-01   0.53064E-01   0.66805E+01   0.45960E+03
   42     0.4262   4.5276  -0.13065E+00  -0.11379E-01   0.52633E-01   0.66444E+01   0.46437E+03
   43     0.4386   4.6256  -0.13497E+00  -0.11819E-01   0.52193E-01   0.66086E+01   0.46905E+03
   44     0.4511   4.7229  -0.13935E+00  -0.12269E-01   0.51743E-01   0.65730E+01   0.47372E+03
   45     0.4637   4.8195  -0.14378E+00  -0.12729E-01   0.51283E-01   0.65377E+01   0.47840E+03
   46     0.4764   4.9154  -0.14828E+00  -0.13198E-01   0.50814E-01   0.65026E+01   0.48304E+03
   47     0.4893   5.0106  -0.15282E+00  -0.13677E-01   0.50335E-01   0.64677E+01   0.48764E+03
   48     0.5022   5.1052  -0.15743E+00  -0.14166E-01   0.49846E-01   0.64331E+01   0.49220E+03
   49     0.5153   5.1991  -0.16210E+00  -0.14665E-01   0.49346E-01   0.63987E+01   0.49670E+03
   50     0.5285   5.2923  -0.16682E+00  -0.15175E-01   0.48837E-01   0.63646E+01   0.50124E+03
   51     0.5417   5.3849  -0.17160E+00  -0.15695E-01   0.48317E-01   0.63307E+01   0.50565E+03
   52     0.5552   5.4767  -0.17644E+00  -0.16226E-01   0.47786E-01   0.62971E+01   0.51006E+03
   53     0.5687   5.5679  -0.18134E+00  -0.16767E-01   0.47245E-01   0.62637E+01   0.51450E+03
   54     0.5823   5.6583  -0.18630E+00  -0.17320E-01   0.46692E-01   0.62306E+01   0.51878E+03
   55     0.5961   5.7481  -0.19132E+00  -0.17883E-01   0.46129E-01   0.61977E+01   0.52310E+03
   56     0.6099   5.8371  -0.19640E+00  -0.18457E-01   0.45555E-01   0.61651E+01   0.52739E+03
   57     0.6239   5.9255  -0.20153E+00  -0.19042E-01   0.44970E-01   0.61328E+01   0.53161E+03
   58     0.6381   6.0132  -0.20673E+00  -0.19639E-01   0.44373E-01   0.61007E+01   0.53580E+03
   59     0.6523   6.1001  -0.21199E+00  -0.20246E-01   0.43766E-01   0.60688E+01   0.53993E+03
   60     0.6667   6.1864  -0.21731E+00  -0.20866E-01   0.43146E-01   0.60372E+01   0.54400E+03
   61     0.6812   6.2719  -0.22269E+00  -0.21497E-01   0.42515E-01   0.60059E+01   0.54802E+03
   62     0.6958   6.3568  -0.22813E+00  -0.22139E-01   0.41873E-01   0.59748E+01   0.55197E+03
   63     0.7105   6.4409  -0.23363E+00  -0.22795E-01   0.41217E-01   0.59440E+01   0.55592E+03
   64     0.7254   6.5244  -0.23919E+00  -0.23461E-01   0.40551E-01   0.59134E+01   0.55972E+03
   65     0.7404   6.6071  -0.24482E+00  -0.24140E-01   0.39872E-01   0.58832E+01   0.56351E+03
   66     0.7555   6.6891  -0.25051E+00  -0.24832E-01   0.39180E-01   0.58531E+01   0.56722E+03
   67     0.7708   6.7704  -0.25626E+00  -0.25536E-01   0.38476E-01   0.58234E+01   0.57087E+03
   68     0.7862   6.8511  -0.26208E+00  -0.26253E-01   0.37759E-01   0.57939E+01   0.57447E+03
   69     0.8017   6.9310  -0.26795E+00  -0.26982E-01   0.37030E-01   0.57647E+01   0.57797E+03
   70     0.8174   7.0102  -0.27389E+00  -0.27724E-01   0.36288E-01   0.57358E+01   0.58141E+03
   71     0.8332   7.0886  -0.27990E+00  -0.28479E-01   0.35532E-01   0.57071E+01   0.58481E+03
   72     0.8491   7.1664  -0.28597E+00  -0.29247E-01   0.34765E-01   0.56787E+01   0.58809E+03
   73     0.8652   7.2435  -0.29210E+00  -0.30028E-01   0.33984E-01   0.56506E+01   0.59133E+03
   74     0.8814   7.3199  -0.29829E+00  -0.30822E-01   0.33190E-01   0.56227E+01   0.59447E+03
   75     0.8977   7.3956  -0.30455E+00  -0.31629E-01   0.32383E-01   0.55951E+01   0.59752E+03
   76     0.9142   7.4705  -0.31087E+00  -0.32449E-01   0.31563E-01   0.55678E+01   0.60052E+03
   77     0.9309   7.5448  -0.31726E+00  -0.33281E-01   0.30730E-01   0.55408E+01   0.60341E+03
   78     0.9477   7.6184  -0.32370E+00  -0.34128E-01   0.29884E-01   0.55141E+01   0.60624E+03
   79     0.9646   7.6913  -0.33022E+00  -0.34987E-01   0.29025E-01   0.54876E+01   0.60897E+03
   80     0.9817   7.7635  -0.33679E+00  -0.35860E-01   0.28152E-01   0.54614E+01   0.61161E+03
   81     0.9989   7.8350  -0.34343E+00  -0.36746E-01   0.27266E-01   0.54355E+01   0.61423E+03
   82     1.0163   7.9058  -0.35013E+00  -0.37645E-01   0.26366E-01   0.54098E+01   0.61672E+03
   83     1.0338   7.9759  -0.35690E+00  -0.38559E-01   0.25453E-01   0.53845E+01   0.61912E+03
   84     1.0515   8.0453  -0.36373E+00  -0.39487E-01   0.24525E-01   0.53594E+01   0.62142E+03
   85     1.0693   8.1141  -0.37063E+00  -0.40428E-01   0.23584E-01   0.53345E+01   0.62366E+03
   86     1.0873   8.1821  -0.37759E+00  -0.41385E-01   0.22627E-01   0.53100E+01   0.62577E+03
   87     1.1055   8.2495  -0.38462E+00  -0.42355E-01   0.21657E-01   0.52857E+01   0.62784E+03
   88     1.1238   8.3162  -0.39171E+00  -0.43340E-01   0.20672E-01   0.52617E+01   0.62977E+03
   89     1.1423   8.3823  -0.39888E+00  -0.44340E-01   0.19672E-01   0.52381E+01   0.63164E+03
   90     1.1609   8.4477  -0.40611E+00  -0.45354E-01   0.18658E-01   0.52147E+01   0.63345E+03
   91     1.1797   8.5124  -0.41340E+00  -0.46383E-01   0.17629E-01   0.51915E+01   0.63512E+03
   92     1.1986   8.5764  -0.42076E+00  -0.47428E-01   0.16584E-01   0.51687E+01   0.63669E+03
   93     1.2177   8.6398  -0.42819E+00  -0.48488E-01   0.15524E-01   0.51462E+01   0.63814E+03
   94     1.2370   8.7025  -0.43569E+00  -0.49562E-01   0.14450E-01   0.51239E+01   0.63954E+03
   95     1.2565   8.7646  -0.44325E+00  -0.50650E-01   0.13361E-01   0.51019E+01   0.64083E+03
   96     1.2761   8.8260  -0.45088E+00  -0.51754E-01   0.12257E-01   0.50802E+01   0.64196E+03
   97     1.2959   8.8868  -0.45857E+00  -0.52874E-01   0.11138E-01   0.50588E+01   0.64302E+03
   98     1.3158   8.9469  -0.46634E+00  -0.54008E-01   0.10004E-01   0.50377E+01   0.64393E+03
   99     1.3360   9.0065  -0.47417E+00  -0.55160E-01   0.88522E-02   0.50168E+01   0.64474E+03
  100     1.3563   9.0653  -0.48207E+00  -0.56325E-01   0.76867E-02   0.49963E+01   0.64542E+03
  101     1.3767   9.1236  -0.49003E+00  -0.57506E-01   0.65059E-02   0.49760E+01   0.64601E+03
  102     1.3974   9.1812  -0.49806E+00  -0.58703E-01   0.53091E-02   0.49560E+01   0.64649E+03
  103     1.4183   9.2382  -0.50616E+00  -0.59916E-01   0.40963E-02   0.49362E+01   0.64688E+03
  104     1.4393   9.2945  -0.51432E+00  -0.61143E-01   0.28687E-02   0.49168E+01   0.64715E+03
  105     1.4605   9.3503  -0.52255E+00  -0.62387E-01   0.16252E-02   0.48977E+01   0.64733E+03
  106     1.4819   9.4054  -0.53085E+00  -0.63645E-01   0.36702E-03   0.48788E+01   0.64738E+03
  107     1.5035   9.4600  -0.53922E+00  -0.64920E-01  -0.90768E-03   0.48603E+01   0.64737E+03
  108     1.5252   9.5139  -0.54765E+00  -0.66210E-01  -0.21985E-02   0.48420E+01   0.64725E+03
  109     1.5472   9.5673  -0.55615E+00  -0.67517E-01  -0.35055E-02   0.48240E+01   0.64696E+03
  110     1.5693   9.6200  -0.56472E+00  -0.68841E-01  -0.48289E-02   0.48062E+01   0.64659E+03
  111     1.5917   9.6722  -0.57336E+00  -0.70181E-01  -0.61688E-02   0.47887E+01   0.64614E+03
  112     1.6142   9.7238  -0.58206E+00  -0.71537E-01  -0.75251E-02   0.47716E+01   0.64557E+03
  113     1.6369   9.7748  -0.59084E+00  -0.72910E-01  -0.88984E-02   0.47547E+01   0.64495E+03
  114     1.6598   9.8252  -0.59968E+00  -0.74300E-01  -0.10288E-01   0.47380E+01   0.64419E+03
  115     1.6830   9.8751  -0.60860E+00  -0.75709E-01  -0.11698E-01   0.47217E+01   0.64331E+03
  116     1.7063   9.9244  -0.61759E+00  -0.77136E-01  -0.13124E-01   0.47057E+01   0.64234E+03
  117     1.7298   9.9731  -0.62663E+00  -0.78575E-01  -0.14563E-01   0.46898E+01   0.64127E+03
  118     1.7536  10.0213  -0.63575E+00  -0.80034E-01  -0.16022E-01   0.46743E+01   0.64006E+03
  119     1.7775  10.0689  -0.64495E+00  -0.81511E-01  -0.17499E-01   0.46590E+01   0.63877E+03
  120     1.8016  10.1160  -0.65421E+00  -0.83005E-01  -0.18993E-01   0.46441E+01   0.63735E+03
  121     1.8260  10.1626  -0.66354E+00  -0.84517E-01  -0.20505E-01   0.46294E+01   0.63582E+03
  122     1.8506  10.2086  -0.67295E+00  -0.86047E-01  -0.22035E-01   0.46149E+01   0.63414E+03
  123     1.8753  10.2541  -0.68242E+00  -0.87595E-01  -0.23583E-01   0.46008E+01   0.63244E+03
  124     1.9003  10.2990  -0.69196E+00  -0.89160E-01  -0.25148E-01   0.45869E+01   0.63059E+03
  125     1.9256  10.3434  -0.70157E+00  -0.90743E-01  -0.26731E-01   0.45732E+01   0.62861E+03
  126     1.9510  10.3873  -0.71125E+00  -0.92344E-01  -0.28332E-01   0.45598E+01   0.62651E+03
  127     1.9766  10.4307  -0.72101E+00  -0.93962E-01  -0.29951E-01   0.45467E+01   0.62433E+03
  128     2.0025  10.4736  -0.73083E+00  -0.95600E-01  -0.31588E-01   0.45338E+01   0.62202E+03
  129     2.0286  10.5160  -0.74072E+00  -0.97255E-01  -0.33243E-01   0.45211E+01   0.61958E+03
  130     2.0550  10.5579  -0.75068E+00  -0.98929E-01  -0.34918E-01   0.45087E+01   0.61708E+03
  131     2.0815  10.5993  -0.76072E+00  -0.10062E+00  -0.36610E-01   0.44966E+01   0.61446E+03
  132     2.1083  10.6402  -0.77082E+00  -0.10233E+00  -0.38320E-01   0.44847E+01   0.61178E+03
  133     2.1353  10.6806  -0.78098E+00  -0.10406E+00  -0.40048E-01   0.44730E+01   0.60904E+03
  134     2.1626  10.7205  -0.79122E+00  -0.10581E+00  -0.41795E-01   0.44616E+01   0.60618E+03
  135     2.1901  10.7600  -0.80153E+00  -0.10757E+00  -0.43560E-01   0.44504E+01   0.60329E+03
  136     2.2178  10.7990  -0.81191E+00  -0.10936E+00  -0.45344E-01   0.44395E+01   0.60029E+03
  137     2.2458  10.8375  -0.82236E+00  -0.11116E+00  -0.47147E-01   0.44287E+01   0.59721E+03
  138     2.2740  10.8756  -0.83288E+00  -0.11298E+00  -0.48970E-01   0.44182E+01   0.59410E+03
  139     2.3025  10.9132  -0.84348E+00  -0.11483E+00  -0.50813E-01   0.44080E+01   0.59086E+03
  140     2.3312  10.9504  -0.85415E+00  -0.11669E+00  -0.52677E-01   0.43980E+01   0.58758E+03
  141     2.3602  10.9871  -0.86490E+00  -0.11857E+00  -0.54562E-01   0.43881E+01   0.58416E+03
  142     2.3894  11.0234  -0.87572E+00  -0.12048E+00  -0.56468E-01   0.43786E+01   0.58066E+03
  143     2.4188  11.0592  -0.88662E+00  -0.12241E+00  -0.58395E-01   0.43692E+01   0.57707E+03
  144     2.4486  11.0946  -0.89760E+00  -0.12435E+00  -0.60343E-01   0.43600E+01   0.57336E+03
  145     2.4785  11.1296  -0.90864E+00  -0.12632E+00  -0.62311E-01   0.43511E+01   0.56958E+03
  146     2.5088  11.1641  -0.91976E+00  -0.12831E+00  -0.64299E-01   0.43423E+01   0.56571E+03
  147     2.5393  11.1982  -0.93095E+00  -0.13032E+00  -0.66306E-01   0.43338E+01   0.56167E+03
  148     2.5701  11.2320  -0.94221E+00  -0.13234E+00  -0.68333E-01   0.43254E+01   0.55758E+03
  149     2.6011  11.2653  -0.95353E+00  -0.13439E+00  -0.70380E-01   0.43173E+01   0.55346E+03
  150     2.6324  11.2982  -0.96493E+00  -0.13646E+00  -0.72447E-01   0.43093E+01   0.54926E+03
  151     2.6640  11.3306  -0.97641E+00  -0.13855E+00  -0.74535E-01   0.43015E+01   0.54501E+03
  152     2.6958  11.3627  -0.98795E+00  -0.14065E+00  -0.76643E-01   0.42940E+01   0.54071E+03
  153     2.7280  11.3944  -0.99956E+00  -0.14278E+00  -0.78769E-01   0.42866E+01   0.53637E+03
  154     2.7604  11.4258  -0.10112E+01  -0.14493E+00  -0.80917E-01   0.42792E+01   0.53198E+03
  155     2.7931  11.4567  -0.10230E+01  -0.14710E+00  -0.83092E-01   0.42721E+01   0.52752E+03
  156     2.8260  11.4872  -0.10349E+01  -0.14930E+00  -0.85286E-01   0.42653E+01   0.52302E+03
  157     2.8593  11.5174  -0.10468E+01  -0.15151E+00  -0.87502E-01   0.42585E+01   0.51846E+03
  158     2.8929  11.5472  -0.10588E+01  -0.15375E+00  -0.89742E-01   0.42520E+01   0.51386E+03
  159     2.9267  11.5766  -0.10708E+01  -0.15601E+00  -0.92002E-01   0.42456E+01   0.50926E+03
  160     2.9608  11.6057  -0.10830E+01  -0.15830E+00  -0.94285E-01   0.42394E+01   0.50448E+03
  161     2.9953  11.6344  -0.10952E+01  -0.16060E+00  -0.96590E-01   0.42333E+01   0.49970E+03
  162     3.0300  11.6628  -0.11075E+01  -0.16293E+00  -0.98918E-01   0.42274E+01   0.49487E+03
  163     3.0651  11.6908  -0.11199E+01  -0.16528E+00  -0.10127E+00   0.42216E+01   0.48998E+03
  164     3.1004  11.7184  -0.11323E+01  -0.16765E+00  -0.10364E+00   0.42159E+01   0.48505E+03
  165     3.1360  11.7458  -0.11448E+01  -0.17004E+00  -0.10603E+00   0.42105E+01   0.48011E+03
  166     3.1720  11.7727  -0.11574E+01  -0.17246E+00  -0.10845E+00   0.42051E+01   0.47515E+03
  167     3.2083  11.7994  -0.11701E+01  -0.17490E+00  -0.11089E+00   0.41999E+01   0.47011E+03
  168     3.2449  11.8257  -0.11828E+01  -0.17736E+00  -0.11335E+00   0.41948E+01   0.46509E+03
  169     3.2818  11.8517  -0.11957E+01  -0.17985E+00  -0.11584E+00   0.41898E+01   0.46001E+03
  170     3.3190  11.8773  -0.12086E+01  -0.18236E+00  -0.11835E+00   0.41850E+01   0.45489E+03
  171     3.3565  11.9026  -0.12215E+01  -0.18489E+00  -0.12088E+00   0.41803E+01   0.44974E+03
  172     3.3944  11.9277  -0.12346E+01  -0.18745E+00  -0.12344E+00   0.41758E+01   0.44458E+03
  173     3.4326  11.9524  -0.12477E+01  -0.19003E+00  -0.12602E+00   0.41713E+01   0.43937E+03
  174     3.4712  11.9768  -0.12609E+01  -0.19264E+00  -0.12862E+00   0.41670E+01   0.43414E+03
  175     3.5100  12.0009  -0.12742E+01  -0.19526E+00  -0.13125E+00   0.41627E+01   0.42889E+03
  176     3.5492  12.0246  -0.12876E+01  -0.19792E+00  -0.13390E+00   0.41586E+01   0.42363E+03
  177     3.5888  12.0481  -0.13010E+01  -0.20059E+00  -0.13658E+00   0.41546E+01   0.41835E+03
  178     3.6287  12.0713  -0.13146E+01  -0.20329E+00  -0.13928E+00   0.41507E+01   0.41305E+03
  179     3.6689  12.0942  -0.13282E+01  -0.20601E+00  -0.14200E+00   0.41469E+01   0.40776E+03
  180     3.7095  12.1169  -0.13418E+01  -0.20876E+00  -0.14475E+00   0.41432E+01   0.40247E+03
  181     3.7505  12.1392  -0.13556E+01  -0.21153E+00  -0.14752E+00   0.41396E+01   0.39719E+03
  182     3.7918  12.1612  -0.13694E+01  -0.21433E+00  -0.15032E+00   0.41361E+01   0.39191E+03
  183     3.8334  12.1830  -0.13833E+01  -0.21715E+00  -0.15314E+00   0.41327E+01   0.38661E+03
  184     3.8754  12.2045  -0.13973E+01  -0.22000E+00  -0.15599E+00   0.41294E+01   0.38131E+03
  185     3.9178  12.2257  -0.14114E+01  -0.22287E+00  -0.15886E+00   0.41261E+01   0.37598E+03
  186     3.9606  12.2467  -0.14256E+01  -0.22577E+00  -0.16176E+00   0.41230E+01   0.37067E+03
  187     4.0037  12.2674  -0.14398E+01  -0.22870E+00  -0.16468E+00   0.41199E+01   0.36534E+03
  188     4.0472  12.2878  -0.14541E+01  -0.23165E+00  -0.16763E+00   0.41170E+01   0.36004E+03
  189     4.0911  12.3080  -0.14685E+01  -0.23462E+00  -0.17061E+00   0.41140E+01   0.35471E+03
  190     4.1353  12.3279  -0.14830E+01  -0.23762E+00  -0.17361E+00   0.41112E+01   0.34942E+03
  191     4.1800  12.3476  -0.14976E+01  -0.24064E+00  -0.17663E+00   0.41085E+01   0.34413E+03
  192     4.2250  12.3670  -0.15122E+01  -0.24369E+00  -0.17968E+00   0.41058E+01   0.33884E+03
  193     4.2705  12.3862  -0.15269E+01  -0.24677E+00  -0.18275E+00   0.41032E+01   0.33362E+03
  194     4.3163  12.4051  -0.15417E+01  -0.24987E+00  -0.18586E+00   0.41006E+01   0.32837E+03
  195     4.3625  12.4238  -0.15566E+01  -0.25300E+00  -0.18898E+00   0.40982E+01   0.32319E+03
  196     4.4091  12.4423  -0.15716E+01  -0.25615E+00  -0.19214E+00   0.40958E+01   0.31803E+03
  197     4.4561  12.4605  -0.15866E+01  -0.25933E+00  -0.19532E+00   0.40934E+01   0.31288E+03
  198     4.5036  12.4785  -0.16018E+01  -0.26254E+00  -0.19853E+00   0.40912E+01   0.30774E+03
  199     4.5514  12.4962  -0.16170E+01  -0.26577E+00  -0.20176E+00   0.40889E+01   0.30264E+03
  200     4.5997  12.5138  -0.16323E+01  -0.26904E+00  -0.20502E+00   0.40868E+01   0.29755E+03
  201     4.6484  12.5311  -0.16477E+01  -0.27233E+00  -0.20831E+00   0.40847E+01   0.29246E+03
  202     4.6975  12.5482  -0.16632E+01  -0.27564E+00  -0.21163E+00   0.40826E+01   0.28739E+03
  203     4.7470  12.5650  -0.16787E+01  -0.27899E+00  -0.21497E+00   0.40807E+01   0.28237E+03
  204     4.7970  12.5817  -0.16944E+01  -0.28236E+00  -0.21835E+00   0.40787E+01   0.27734E+03
  205     4.8474  12.5981  -0.17101E+01  -0.28575E+00  -0.22174E+00   0.40768E+01   0.27241E+03
  206     4.8982  12.6144  -0.17259E+01  -0.28918E+00  -0.22516E+00   0.40750E+01   0.26747E+03
  207     4.9495  12.6304  -0.17418E+01  -0.29262E+00  -0.22861E+00   0.40732E+01   0.26260E+03
  208     5.0012  12.6462  -0.17578E+01  -0.29610E+00  -0.23209E+00   0.40715E+01   0.25773E+03
  209     5.0534  12.6619  -0.17738E+01  -0.29961E+00  -0.23560E+00   0.40698E+01   0.25295E+03
  210     5.1060  12.6773  -0.17900E+01  -0.30314E+00  -0.23913E+00   0.40681E+01   0.24822E+03
  211     5.1591  12.6925  -0.18062E+01  -0.30670E+00  -0.24269E+00   0.40665E+01   0.24348E+03
  212     5.2126  12.7076  -0.18225E+01  -0.31030E+00  -0.24628E+00   0.40649E+01   0.23884E+03
  213     5.2667  12.7224  -0.18389E+01  -0.31392E+00  -0.24990E+00   0.40634E+01   0.23420E+03
  214     5.3211  12.7371  -0.18554E+01  -0.31756E+00  -0.25355E+00   0.40619E+01   0.22960E+03
  215     5.3761  12.7515  -0.18720E+01  -0.32124E+00  -0.25723E+00   0.40605E+01   0.22499E+03
  216     5.4315  12.7658  -0.18887E+01  -0.32495E+00  -0.26093E+00   0.40591E+01   0.22047E+03
  217     5.4874  12.7799  -0.19055E+01  -0.32868E+00  -0.26467E+00   0.40577E+01   0.21601E+03
  218     5.5438  12.7938  -0.19223E+01  -0.33244E+00  -0.26843E+00   0.40564E+01   0.21157E+03
  219     5.6007  12.8076  -0.19392E+01  -0.33623E+00  -0.27221E+00   0.40551E+01   0.20722E+03
  220     5.6581  12.8211  -0.19563E+01  -0.34005E+00  -0.27604E+00   0.40538E+01   0.20285E+03
  221     5.7160  12.8345  -0.19734E+01  -0.34390E+00  -0.27989E+00   0.40526E+01   0.19859E+03
  222     5.7744  12.8477  -0.19906E+01  -0.34777E+00  -0.28376E+00   0.40514E+01   0.19436E+03
  223     5.8333  12.8608  -0.20079E+01  -0.35168E+00  -0.28767E+00   0.40502E+01   0.19020E+03
  224     5.8927  12.8737  -0.20253E+01  -0.35562E+00  -0.29161E+00   0.40491E+01   0.18606E+03
  225     5.9526  12.8864  -0.20428E+01  -0.35959E+00  -0.29558E+00   0.40480E+01   0.18196E+03
  226     6.0131  12.8990  -0.20603E+01  -0.36358E+00  -0.29957E+00   0.40469E+01   0.17793E+03
  227     6.0740  12.9114  -0.20780E+01  -0.36761E+00  -0.30360E+00   0.40458E+01   0.17396E+03
  228     6.1355  12.9236  -0.20957E+01  -0.37166E+00  -0.30765E+00   0.40448E+01   0.17004E+03
  229     6.1976  12.9357  -0.21136E+01  -0.37575E+00  -0.31173E+00   0.40438E+01   0.16616E+03
  230     6.2602  12.9476  -0.21315E+01  -0.37986E+00  -0.31585E+00   0.40428E+01   0.16235E+03
  231     6.3233  12.9594  -0.21495E+01  -0.38401E+00  -0.32000E+00   0.40419E+01   0.15858E+03
  232     6.3869  12.9710  -0.21676E+01  -0.38819E+00  -0.32418E+00   0.40409E+01   0.15490E+03
  233     6.4512  12.9825  -0.21859E+01  -0.39240E+00  -0.32839E+00   0.40400E+01   0.15123E+03
  234     6.5159  12.9938  -0.22042E+01  -0.39664E+00  -0.33263E+00   0.40392E+01   0.14762E+03
  235     6.5813  13.0050  -0.22226E+01  -0.40091E+00  -0.33690E+00   0.40383E+01   0.14407E+03
  236     6.6472  13.0160  -0.22411E+01  -0.40521E+00  -0.34120E+00   0.40375E+01   0.14055E+03
  237     6.7137  13.0269  -0.22596E+01  -0.40954E+00  -0.34553E+00   0.40366E+01   0.13713E+03
  238     6.7807  13.0377  -0.22783E+01  -0.41390E+00  -0.34989E+00   0.40358E+01   0.13373E+03
  239     6.8484  13.0483  -0.22971E+01  -0.41830E+00  -0.35428E+00   0.40351E+01   0.13040E+03
  240     6.9166  13.0588  -0.23160E+01  -0.42272E+00  -0.35871E+00   0.40343E+01   0.12716E+03
  241     6.9854  13.0691  -0.23350E+01  -0.42718E+00  -0.36317E+00   0.40336E+01   0.12369E+03
  242     7.0549  13.0794  -0.23540E+01  -0.43167E+00  -0.36766E+00   0.40329E+01   0.12072E+03
  243     7.1249  13.0894  -0.23732E+01  -0.43619E+00  -0.37218E+00   0.40322E+01   0.11762E+03
  244     7.1955  13.0994  -0.23923E+01  -0.44069E+00  -0.37668E+00   0.40315E+01   0.11459E+03
  245     7.2668  13.1092  -0.24118E+01  -0.44534E+00  -0.38133E+00   0.40308E+01   0.11152E+03
  246     7.3387  13.1189  -0.24313E+01  -0.44995E+00  -0.38594E+00   0.40302E+01   0.10857E+03
  247     7.4112  13.1285  -0.24508E+01  -0.45460E+00  -0.39059E+00   0.40295E+01   0.10573E+03
  248     7.4843  13.1380  -0.24705E+01  -0.45928E+00  -0.39527E+00   0.40289E+01   0.10285E+03
  249     7.5580  13.1473  -0.24902E+01  -0.46400E+00  -0.39998E+00   0.40283E+01   0.10004E+03
  250     7.6324  13.1565  -0.25101E+01  -0.46874E+00  -0.40473E+00   0.40277E+01   0.97292E+02
  251     7.7075  13.1656  -0.25300E+01  -0.47353E+00  -0.40951E+00   0.40271E+01   0.94626E+02
  252     7.7832  13.1746  -0.25501E+01  -0.47834E+00  -0.41433E+00   0.40266E+01   0.91984E+02
  253     7.8596  13.1834  -0.25702E+01  -0.48319E+00  -0.41918E+00   0.40260E+01   0.89412E+02
  254     7.9366  13.1922  -0.25905E+01  -0.48807E+00  -0.42406E+00   0.40255E+01   0.86875E+02
  255     8.0143  13.2008  -0.26108E+01  -0.49299E+00  -0.42897E+00   0.40250E+01   0.84395E+02
  256     8.0926  13.2093  -0.26313E+01  -0.49794E+00  -0.43392E+00   0.40244E+01   0.81971E+02
  257     8.1717  13.2178  -0.26518E+01  -0.50292E+00  -0.43890E+00   0.40239E+01   0.79575E+02
  258     8.2514  13.2261  -0.26725E+01  -0.50793E+00  -0.44392E+00   0.40235E+01   0.77254E+02
  259     8.3319  13.2343  -0.26933E+01  -0.51298E+00  -0.44897E+00   0.40230E+01   0.74986E+02
  260     8.4130  13.2424  -0.27141E+01  -0.51807E+00  -0.45406E+00   0.40225E+01   0.72766E+02
  261     8.4948  13.2503  -0.27351E+01  -0.52319E+00  -0.45917E+00   0.40221E+01   0.70585E+02
  262     8.5774  13.2582  -0.27562E+01  -0.52834E+00  -0.46433E+00   0.40216E+01   0.68456E+02
  263     8.6606  13.2660  -0.27774E+01  -0.53353E+00  -0.46952E+00   0.40212E+01   0.66373E+02
  264     8.7446  13.2737  -0.27987E+01  -0.53875E+00  -0.47474E+00   0.40208E+01   0.64353E+02
  265     8.8293  13.2813  -0.28200E+01  -0.54401E+00  -0.48000E+00   0.40204E+01   0.62349E+02
  266     8.9148  13.2888  -0.28415E+01  -0.54930E+00  -0.48529E+00   0.40200E+01   0.60411E+02
  267     9.0010  13.2962  -0.28632E+01  -0.55464E+00  -0.49062E+00   0.40196E+01   0.58518E+02
  268     9.0879  13.3035  -0.28849E+01  -0.56000E+00  -0.49598E+00   0.40192E+01   0.56675E+02
  269     9.1756  13.3107  -0.29067E+01  -0.56540E+00  -0.50139E+00   0.40188E+01   0.54867E+02
  270     9.2641  13.3178  -0.29286E+01  -0.57083E+00  -0.50682E+00   0.40184E+01   0.53094E+02
  271     9.3534  13.3248  -0.29506E+01  -0.57631E+00  -0.51229E+00   0.40181E+01   0.51392E+02
  272     9.4434  13.3317  -0.29728E+01  -0.58181E+00  -0.51780E+00   0.40177E+01   0.49715E+02
  273     9.5342  13.3386  -0.29950E+01  -0.58736E+00  -0.52335E+00   0.40174E+01   0.48084E+02
  274     9.6257  13.3453  -0.30174E+01  -0.59294E+00  -0.52893E+00   0.40171E+01   0.46495E+02
  275     9.7181  13.3520  -0.30399E+01  -0.59856E+00  -0.53454E+00   0.40167E+01   0.44946E+02
  276     9.8113  13.3586  -0.30625E+01  -0.60421E+00  -0.54020E+00   0.40164E+01   0.43437E+02
  277     9.9053  13.3651  -0.30852E+01  -0.60990E+00  -0.54589E+00   0.40161E+01   0.41971E+02
  278    10.0001  13.3715  -0.31080E+01  -0.61563E+00  -0.55162E+00   0.40158E+01   0.40537E+02
  279    10.0957  13.3778  -0.31309E+01  -0.62140E+00  -0.55738E+00   0.40155E+01   0.39148E+02
  280    10.1922  13.3841  -0.31539E+01  -0.62720E+00  -0.56319E+00   0.40152E+01   0.37793E+02
  281    10.2895  13.3902  -0.31771E+01  -0.63305E+00  -0.56903E+00   0.40149E+01   0.36475E+02
  282    10.3877  13.3963  -0.32003E+01  -0.63892E+00  -0.57491E+00   0.40146E+01   0.35206E+02
  283    10.4867  13.4023  -0.32237E+01  -0.64483E+00  -0.58082E+00   0.40144E+01   0.33957E+02
  284    10.5865  13.4083  -0.32472E+01  -0.65079E+00  -0.58678E+00   0.40141E+01   0.32753E+02
  285    10.6873  13.4141  -0.32708E+01  -0.65679E+00  -0.59277E+00   0.40138E+01   0.31577E+02
  286    10.7889  13.4199  -0.32945E+01  -0.66282E+00  -0.59881E+00   0.40136E+01   0.30437E+02
  287    10.8914  13.4256  -0.33184E+01  -0.66889E+00  -0.60488E+00   0.40133E+01   0.29325E+02
  288    10.9947  13.4312  -0.33423E+01  -0.67500E+00  -0.61099E+00   0.40131E+01   0.28253E+02
  289    11.0990  13.4368  -0.33664E+01  -0.68115E+00  -0.61713E+00   0.40129E+01   0.27212E+02
  290    11.2042  13.4423  -0.33906E+01  -0.68733E+00  -0.62332E+00   0.40126E+01   0.26199E+02
  291    11.3103  13.4477  -0.34149E+01  -0.69356E+00  -0.62954E+00   0.40124E+01   0.25222E+02
  292    11.4173  13.4530  -0.34393E+01  -0.69982E+00  -0.63581E+00   0.40122E+01   0.24272E+02
  293    11.5253  13.4583  -0.34638E+01  -0.70613E+00  -0.64212E+00   0.40120E+01   0.23351E+02
  294    11.6342  13.4635  -0.34885E+01  -0.71248E+00  -0.64847E+00   0.40117E+01   0.22460E+02
  295    11.7440  13.4687  -0.35133E+01  -0.71887E+00  -0.65485E+00   0.40115E+01   0.21596E+02
  296    11.8548  13.4738  -0.35382E+01  -0.72529E+00  -0.66128E+00   0.40113E+01   0.20759E+02
  297    11.9666  13.4788  -0.35632E+01  -0.73176E+00  -0.66775E+00   0.40111E+01   0.19947E+02
  298    12.0793  13.4837  -0.35884E+01  -0.73827E+00  -0.67425E+00   0.40109E+01   0.19166E+02
  299    12.1930  13.4886  -0.36137E+01  -0.74482E+00  -0.68080E+00   0.40107E+01   0.18410E+02
  300    12.3077  13.4934  -0.36391E+01  -0.75141E+00  -0.68739E+00   0.40105E+01   0.17672E+02
  301    12.4234  13.4982  -0.36646E+01  -0.75804E+00  -0.69402E+00   0.40104E+01   0.16962E+02
  302    12.5401  13.5029  -0.36902E+01  -0.76471E+00  -0.70070E+00   0.40102E+01   0.16280E+02
  303    12.6578  13.5075  -0.37160E+01  -0.77143E+00  -0.70742E+00   0.40100E+01   0.15616E+02
  304    12.7766  13.5121  -0.37419E+01  -0.77818E+00  -0.71417E+00   0.40098E+01   0.14978E+02
  305    12.8963  13.5166  -0.37679E+01  -0.78498E+00  -0.72097E+00   0.40097E+01   0.14360E+02
  306    13.0172  13.5211  -0.37941E+01  -0.79182E+00  -0.72781E+00   0.40095E+01   0.13769E+02
  307    13.1390  13.5255  -0.38204E+01  -0.79870E+00  -0.73469E+00   0.40093E+01   0.13191E+02
  308    13.2619  13.5298  -0.38468E+01  -0.80563E+00  -0.74162E+00   0.40092E+01   0.12635E+02
  309    13.3859  13.5341  -0.38733E+01  -0.81260E+00  -0.74859E+00   0.40090E+01   0.12101E+02
  310    13.5110  13.5383  -0.39000E+01  -0.81961E+00  -0.75560E+00   0.40089E+01   0.11586E+02
  311    13.6372  13.5425  -0.39268E+01  -0.82667E+00  -0.76266E+00   0.40087E+01   0.11086E+02
  312    13.7644  13.5466  -0.39537E+01  -0.83376E+00  -0.76975E+00   0.40086E+01   0.10610E+02
  313    13.8928  13.5507  -0.39808E+01  -0.84091E+00  -0.77690E+00   0.40084E+01   0.10148E+02
  314    14.0223  13.5547  -0.40080E+01  -0.84810E+00  -0.78408E+00   0.40083E+01   0.97043E+01
  315    14.1529  13.5587  -0.40353E+01  -0.85533E+00  -0.79132E+00   0.40081E+01   0.92736E+01
  316    14.2846  13.5626  -0.40628E+01  -0.86261E+00  -0.79859E+00   0.40080E+01   0.88665E+01
  317    14.4175  13.5665  -0.40903E+01  -0.86992E+00  -0.80591E+00   0.40079E+01   0.84663E+01
  318    14.5515  13.5703  -0.41181E+01  -0.87729E+00  -0.81328E+00   0.40077E+01   0.80872E+01
  319    14.6867  13.5741  -0.41459E+01  -0.88470E+00  -0.82069E+00   0.40076E+01   0.77240E+01
  320    14.8231  13.5778  -0.41739E+01  -0.89216E+00  -0.82814E+00   0.40075E+01   0.73704E+01
  321    14.9607  13.5815  -0.42021E+01  -0.89966E+00  -0.83565E+00   0.40074E+01   0.70314E+01
  322    15.0994  13.5851  -0.42304E+01  -0.90721E+00  -0.84320E+00   0.40073E+01   0.67071E+01
  323    15.2394  13.5887  -0.42588E+01  -0.91481E+00  -0.85079E+00   0.40071E+01   0.63949E+01
  324    15.3806  13.5922  -0.42873E+01  -0.92245E+00  -0.85843E+00   0.40070E+01   0.60955E+01
  325    15.5230  13.5957  -0.43160E+01  -0.93012E+00  -0.86611E+00   0.40069E+01   0.58087E+01
  326    15.6666  13.5991  -0.43448E+01  -0.93785E+00  -0.87384E+00   0.40068E+01   0.55346E+01
  327    15.8115  13.6025  -0.43738E+01  -0.94564E+00  -0.88163E+00   0.40067E+01   0.52706E+01
  328    15.9577  13.6059  -0.44029E+01  -0.95347E+00  -0.88946E+00   0.40066E+01   0.50197E+01
  329    16.1051  13.6092  -0.44322E+01  -0.96135E+00  -0.89734E+00   0.40065E+01   0.47742E+01
  330    16.2538  13.6124  -0.44616E+01  -0.96928E+00  -0.90526E+00   0.40064E+01   0.45430E+01
  331    16.4038  13.6157  -0.44911E+01  -0.97724E+00  -0.91322E+00   0.40063E+01   0.43203E+01
  332    16.5551  13.6188  -0.45208E+01  -0.98526E+00  -0.92124E+00   0.40062E+01   0.41080E+01
  333    16.7078  13.6220  -0.45507E+01  -0.99333E+00  -0.92932E+00   0.40061E+01   0.39049E+01
  334    16.8617  13.6251  -0.45807E+01  -0.10014E+01  -0.93743E+00   0.40060E+01   0.37071E+01
  335    17.0170  13.6281  -0.46108E+01  -0.10096E+01  -0.94560E+00   0.40059E+01   0.35230E+01
  336    17.1736  13.6312  -0.46411E+01  -0.10178E+01  -0.95381E+00   0.40058E+01   0.33441E+01
  337    17.3316  13.6342  -0.46715E+01  -0.10261E+01  -0.96207E+00   0.40057E+01   0.31756E+01
  338    17.4910  13.6371  -0.47021E+01  -0.10344E+01  -0.97039E+00   0.40056E+01   0.30126E+01
  339    17.6518  13.6400  -0.47328E+01  -0.10428E+01  -0.97875E+00   0.40055E+01   0.28575E+01
  340    17.8139  13.6429  -0.47637E+01  -0.10512E+01  -0.98717E+00   0.40055E+01   0.27092E+01
  341    17.9775  13.6457  -0.47947E+01  -0.10596E+01  -0.99563E+00   0.40054E+01   0.25681E+01
  342    18.1425  13.6485  -0.48259E+01  -0.10682E+01  -0.10041E+01   0.40053E+01   0.24333E+01
  343    18.3089  13.6513  -0.48572E+01  -0.10767E+01  -0.10127E+01   0.40052E+01   0.23044E+01
  344    18.4768  13.6540  -0.48887E+01  -0.10853E+01  -0.10213E+01   0.40051E+01   0.21825E+01
  345    18.6461  13.6567  -0.49204E+01  -0.10940E+01  -0.10300E+01   0.40051E+01   0.20653E+01
  346    18.8169  13.6593  -0.49522E+01  -0.11027E+01  -0.10387E+01   0.40050E+01   0.19551E+01
  347    18.9892  13.6619  -0.49841E+01  -0.11115E+01  -0.10475E+01   0.40049E+01   0.18483E+01
  348    19.1630  13.6645  -0.50162E+01  -0.11203E+01  -0.10563E+01   0.40048E+01   0.17478E+01
  349    19.3383  13.6671  -0.50485E+01  -0.11292E+01  -0.10652E+01   0.40048E+01   0.16517E+01
  350    19.5151  13.6696  -0.50809E+01  -0.11381E+01  -0.10741E+01   0.40047E+01   0.15609E+01
  351    19.6934  13.6721  -0.51135E+01  -0.11471E+01  -0.10831E+01   0.40046E+01   0.14748E+01
  352    19.8734  13.6745  -0.51463E+01  -0.11562E+01  -0.10922E+01   0.40046E+01   0.13911E+01
  353    20.0548  13.6770  -0.51792E+01  -0.11653E+01  -0.11013E+01   0.40045E+01   0.13136E+01
  354    20.2379  13.6794  -0.52122E+01  -0.11744E+01  -0.11104E+01   0.40044E+01   0.12388E+01
  355    20.4225  13.6817  -0.52455E+01  -0.11836E+01  -0.11196E+01   0.40044E+01   0.11681E+01
  356    20.6088  13.6840  -0.52789E+01  -0.11929E+01  -0.11288E+01   0.40043E+01   0.11020E+01
  357    20.7966  13.6863  -0.53125E+01  -0.12022E+01  -0.11382E+01   0.40043E+01   0.10378E+01
  358    20.9861  13.6886  -0.53462E+01  -0.12115E+01  -0.11475E+01   0.40042E+01   0.97785E+00
  359    21.1773  13.6909  -0.53801E+01  -0.12210E+01  -0.11569E+01   0.40041E+01   0.92121E+00
  360    21.3701  13.6931  -0.54141E+01  -0.12304E+01  -0.11664E+01   0.40041E+01   0.86640E+00
  361    21.5646  13.6953  -0.54485E+01  -0.12400E+01  -0.11760E+01   0.40040E+01   0.81499E+00
  362    21.7607  13.6974  -0.54828E+01  -0.12495E+01  -0.11855E+01   0.40040E+01   0.76670E+00
  363    21.9586  13.6995  -0.55173E+01  -0.12592E+01  -0.11952E+01   0.40039E+01   0.71999E+00
  364    22.1582  13.7016  -0.55521E+01  -0.12689E+01  -0.12049E+01   0.40000E+01   0.67750E+00
  365    22.3596  13.7037  -0.55870E+01  -0.12787E+01  -0.12147E+01   0.40000E+01   0.63615E+00
  366    22.5626  13.7058  -0.56221E+01  -0.12885E+01  -0.12245E+01   0.40000E+01   0.59884E+00
  367    22.7675  13.7078  -0.56574E+01  -0.12984E+01  -0.12344E+01   0.40000E+01   0.56114E+00
  368    22.9741  13.7098  -0.56930E+01  -0.13084E+01  -0.12444E+01   0.40000E+01   0.52624E+00
  369    23.1825  13.7117  -0.57284E+01  -0.13183E+01  -0.12543E+01   0.40000E+01   0.49363E+00
  370    23.3928  13.7137  -0.57642E+01  -0.13284E+01  -0.12643E+01   0.40000E+01   0.46293E+00
  371    23.6049  13.7156  -0.58001E+01  -0.13385E+01  -0.12744E+01   0.40000E+01   0.43401E+00
  372    23.8188  13.7175  -0.58363E+01  -0.13486E+01  -0.12846E+01   0.40000E+01   0.40647E+00
  373    24.0345  13.7194  -0.58726E+01  -0.13589E+01  -0.12949E+01   0.40000E+01   0.38035E+00
  374    24.2522  13.7212  -0.59091E+01  -0.13691E+01  -0.13051E+01   0.40000E+01   0.35615E+00
  375    24.4717  13.7230  -0.59457E+01  -0.13795E+01  -0.13155E+01   0.40000E+01   0.33334E+00
  376    24.6932  13.7248  -0.59826E+01  -0.13899E+01  -0.13259E+01   0.40000E+01   0.31172E+00
  377    24.9166  13.7266  -0.60197E+01  -0.14004E+01  -0.13364E+01   0.40000E+01   0.29147E+00
  378    25.1419  13.7284  -0.60569E+01  -0.14109E+01  -0.13469E+01   0.40000E+01   0.27230E+00
  379    25.3691  13.7301  -0.60943E+01  -0.14215E+01  -0.13575E+01   0.40000E+01   0.25432E+00
  380    25.5984  13.7318  -0.61319E+01  -0.14321E+01  -0.13681E+01   0.40000E+01   0.23749E+00
  381    25.8296  13.7335  -0.61697E+01  -0.14428E+01  -0.13788E+01   0.40000E+01   0.22162E+00
  382    26.0629  13.7351  -0.62076E+01  -0.14536E+01  -0.13896E+01   0.40000E+01   0.20675E+00
  383    26.2982  13.7368  -0.62458E+01  -0.14645E+01  -0.14004E+01   0.40000E+01   0.19269E+00
  384    26.5355  13.7384  -0.62841E+01  -0.14753E+01  -0.14113E+01   0.40000E+01   0.17969E+00
  385    26.7749  13.7400  -0.63226E+01  -0.14863E+01  -0.14223E+01   0.40000E+01   0.16730E+00
  386    27.0164  13.7416  -0.63614E+01  -0.14973E+01  -0.14333E+01   0.40000E+01   0.15567E+00
  387    27.2599  13.7431  -0.64002E+01  -0.15084E+01  -0.14444E+01   0.40000E+01   0.14505E+00
  388    27.5056  13.7447  -0.64393E+01  -0.15196E+01  -0.14556E+01   0.40000E+01   0.13486E+00
  389    27.7534  13.7462  -0.64786E+01  -0.15308E+01  -0.14668E+01   0.40000E+01   0.12546E+00
  390    28.0034  13.7477  -0.65180E+01  -0.15421E+01  -0.14780E+01   0.40000E+01   0.11663E+00
  391    28.2556  13.7492  -0.65577E+01  -0.15534E+01  -0.14894E+01   0.40000E+01   0.10839E+00
  392    28.5099  13.7506  -0.65976E+01  -0.15648E+01  -0.15008E+01   0.40000E+01   0.10069E+00
  393    28.7665  13.7521  -0.66376E+01  -0.15763E+01  -0.15123E+01   0.40000E+01   0.93393E-01
  394    29.0253  13.7535  -0.66779E+01  -0.15878E+01  -0.15238E+01   0.40000E+01   0.86709E-01
  395    29.2863  13.7549  -0.67183E+01  -0.15994E+01  -0.15354E+01   0.40000E+01   0.80419E-01
  396    29.5496  13.7563  -0.67589E+01  -0.16111E+01  -0.15471E+01   0.40000E+01   0.74479E-01
  397    29.8152  13.7577  -0.67997E+01  -0.16228E+01  -0.15588E+01   0.40000E+01   0.69033E-01
  398    30.0831  13.7590  -0.68407E+01  -0.16346E+01  -0.15706E+01   0.40000E+01   0.63995E-01
  399    30.3534  13.7604  -0.68819E+01  -0.16464E+01  -0.15824E+01   0.40000E+01   0.59249E-01
  400    30.6259  13.7617  -0.69234E+01  -0.16584E+01  -0.15944E+01   0.40000E+01   0.54823E-01
