    1     0.0001   0.0014  -0.15259E-04   0.93189E-06   0.61025E-01   0.80353E+01   0.22658E+03
    2     0.0088   0.1221  -0.20110E-02  -0.10345E-03   0.60920E-01   0.79904E+01   0.35302E+03
    3     0.0176   0.2423  -0.42046E-02  -0.25225E-03   0.60771E-01   0.79466E+01   0.37260E+03
    4     0.0264   0.3621  -0.65030E-02  -0.42038E-03   0.60603E-01   0.79034E+01   0.38644E+03
    5     0.0353   0.4814  -0.88803E-02  -0.60131E-03   0.60422E-01   0.78606E+01   0.39863E+03
    6     0.0443   0.6003  -0.11335E-01  -0.79447E-03   0.60229E-01   0.78181E+01   0.40942E+03
    7     0.0534   0.7188  -0.13851E-01  -0.99602E-03   0.60028E-01   0.77759E+01   0.41906E+03
    8     0.0626   0.8368  -0.16426E-01  -0.12052E-02   0.59819E-01   0.77340E+01   0.42821E+03
    9     0.0718   0.9543  -0.19055E-01  -0.14203E-02   0.59603E-01   0.76924E+01   0.43713E+03
   10     0.0811   1.0713  -0.21739E-01  -0.16420E-02   0.59382E-01   0.76510E+01   0.44561E+03
   11     0.0905   1.1879  -0.24478E-01  -0.18702E-02   0.59153E-01   0.76098E+01   0.45393E+03
   12     0.1000   1.3039  -0.27273E-01  -0.21056E-02   0.58918E-01   0.75689E+01   0.46191E+03
   13     0.1096   1.4195  -0.30126E-01  -0.23489E-02   0.58675E-01   0.75283E+01   0.46985E+03
   14     0.1192   1.5346  -0.33044E-01  -0.26015E-02   0.58422E-01   0.74879E+01   0.47779E+03
   15     0.1290   1.6491  -0.36010E-01  -0.28588E-02   0.58165E-01   0.74477E+01   0.48536E+03
   16     0.1388   1.7632  -0.39031E-01  -0.31232E-02   0.57900E-01   0.74078E+01   0.49302E+03
   17     0.1487   1.8767  -0.42104E-01  -0.33945E-02   0.57629E-01   0.73681E+01   0.50045E+03
   18     0.1587   1.9897  -0.45230E-01  -0.36722E-02   0.57352E-01   0.73286E+01   0.50796E+03
   19     0.1687   2.1021  -0.48410E-01  -0.39566E-02   0.57067E-01   0.72893E+01   0.51538E+03
   20     0.1789   2.2140  -0.51642E-01  -0.42475E-02   0.56776E-01   0.72503E+01   0.52263E+03
   21     0.1891   2.3254  -0.54928E-01  -0.45461E-02   0.56478E-01   0.72114E+01   0.52999E+03
   22     0.1995   2.4362  -0.58269E-01  -0.48520E-02   0.56172E-01   0.71728E+01   0.53721E+03
   23     0.2099   2.5465  -0.61663E-01  -0.51647E-02   0.55859E-01   0.71344E+01   0.54442E+03
   24     0.2204   2.6562  -0.65111E-01  -0.54849E-02   0.55539E-01   0.70963E+01   0.55159E+03
   25     0.2310   2.7653  -0.68615E-01  -0.58128E-02   0.55211E-01   0.70583E+01   0.55872E+03
   26     0.2417   2.8738  -0.72171E-01  -0.61483E-02   0.54875E-01   0.70206E+01   0.56587E+03
   27     0.2525   2.9818  -0.75782E-01  -0.64914E-02   0.54532E-01   0.69831E+01   0.57289E+03
   28     0.2634   3.0892  -0.79447E-01  -0.68419E-02   0.54182E-01   0.69458E+01   0.57999E+03
   29     0.2744   3.1959  -0.83166E-01  -0.72005E-02   0.53823E-01   0.69087E+01   0.58710E+03
   30     0.2855   3.3021  -0.86939E-01  -0.75670E-02   0.53457E-01   0.68719E+01   0.59417E+03
   31     0.2967   3.4077  -0.90766E-01  -0.79413E-02   0.53082E-01   0.68352E+01   0.60115E+03
   32     0.3079   3.5127  -0.94648E-01  -0.83237E-02   0.52700E-01   0.67988E+01   0.60809E+03
   33     0.3193   3.6170  -0.98565E-01  -0.87089E-02   0.52315E-01   0.67625E+01   0.61504E+03
   34     0.3308   3.7207  -0.10256E+00  -0.91088E-02   0.51915E-01   0.67266E+01   0.62190E+03
   35     0.3423   3.8238  -0.10661E+00  -0.95175E-02   0.51506E-01   0.66908E+01   0.62860E+03
   36     0.3540   3.9263  -0.11072E+00  -0.99350E-02   0.51089E-01   0.66553E+01   0.63544E+03
   37     0.3658   4.0281  -0.11488E+00  -0.10362E-01   0.50662E-01   0.66200E+01   0.64218E+03
   38     0.3777   4.1293  -0.11910E+00  -0.10798E-01   0.50226E-01   0.65849E+01   0.64887E+03
   39     0.3896   4.2299  -0.12338E+00  -0.11243E-01   0.49781E-01   0.65501E+01   0.65553E+03
   40     0.4017   4.3298  -0.12771E+00  -0.11697E-01   0.49326E-01   0.65155E+01   0.66212E+03
   41     0.4139   4.4291  -0.13210E+00  -0.12162E-01   0.48862E-01   0.64811E+01   0.66870E+03
   42     0.4262   4.5276  -0.13655E+00  -0.12636E-01   0.48388E-01   0.64470E+01   0.67527E+03
   43     0.4386   4.6256  -0.14106E+00  -0.13119E-01   0.47904E-01   0.64131E+01   0.68170E+03
   44     0.4511   4.7229  -0.14563E+00  -0.13614E-01   0.47410E-01   0.63794E+01   0.68811E+03
   45     0.4637   4.8195  -0.15026E+00  -0.14118E-01   0.46906E-01   0.63460E+01   0.69454E+03
   46     0.4764   4.9154  -0.15494E+00  -0.14632E-01   0.46391E-01   0.63128E+01   0.70089E+03
   47     0.4893   5.0106  -0.15968E+00  -0.15158E-01   0.45866E-01   0.62798E+01   0.70719E+03
   48     0.5022   5.1052  -0.16449E+00  -0.15694E-01   0.45330E-01   0.62471E+01   0.71341E+03
   49     0.5153   5.1991  -0.16935E+00  -0.16240E-01   0.44784E-01   0.62146E+01   0.71954E+03
   50     0.5285   5.2923  -0.17428E+00  -0.16797E-01   0.44226E-01   0.61823E+01   0.72571E+03
   51     0.5417   5.3849  -0.17926E+00  -0.17366E-01   0.43657E-01   0.61503E+01   0.73168E+03
   52     0.5552   5.4767  -0.18431E+00  -0.17946E-01   0.43078E-01   0.61186E+01   0.73764E+03
   53     0.5687   5.5679  -0.18942E+00  -0.18538E-01   0.42486E-01   0.60871E+01   0.74362E+03
   54     0.5823   5.6583  -0.19458E+00  -0.19140E-01   0.41884E-01   0.60558E+01   0.74938E+03
   55     0.5961   5.7481  -0.19981E+00  -0.19754E-01   0.41270E-01   0.60248E+01   0.75517E+03
   56     0.6099   5.8371  -0.20510E+00  -0.20379E-01   0.40645E-01   0.59941E+01   0.76090E+03
   57     0.6239   5.9255  -0.21046E+00  -0.21017E-01   0.40007E-01   0.59635E+01   0.76652E+03
   58     0.6381   6.0132  -0.21588E+00  -0.21667E-01   0.39357E-01   0.59333E+01   0.77208E+03
   59     0.6523   6.1001  -0.22135E+00  -0.22328E-01   0.38695E-01   0.59033E+01   0.77754E+03
   60     0.6667   6.1864  -0.22690E+00  -0.23002E-01   0.38021E-01   0.58736E+01   0.78289E+03
   61     0.6812   6.2719  -0.23250E+00  -0.23688E-01   0.37335E-01   0.58441E+01   0.78818E+03
   62     0.6958   6.3568  -0.23817E+00  -0.24387E-01   0.36636E-01   0.58148E+01   0.79333E+03
   63     0.7105   6.4409  -0.24390E+00  -0.25098E-01   0.35925E-01   0.57859E+01   0.79847E+03
   64     0.7254   6.5244  -0.24970E+00  -0.25822E-01   0.35202E-01   0.57572E+01   0.80339E+03
   65     0.7404   6.6071  -0.25555E+00  -0.26559E-01   0.34465E-01   0.57287E+01   0.80832E+03
   66     0.7555   6.6891  -0.26148E+00  -0.27307E-01   0.33716E-01   0.57005E+01   0.81311E+03
   67     0.7708   6.7704  -0.26746E+00  -0.28070E-01   0.32954E-01   0.56726E+01   0.81780E+03
   68     0.7862   6.8511  -0.27351E+00  -0.28845E-01   0.32179E-01   0.56449E+01   0.82240E+03
   69     0.8017   6.9310  -0.27963E+00  -0.29633E-01   0.31391E-01   0.56175E+01   0.82686E+03
   70     0.8174   7.0102  -0.28581E+00  -0.30434E-01   0.30590E-01   0.55904E+01   0.83122E+03
   71     0.8332   7.0886  -0.29205E+00  -0.31248E-01   0.29775E-01   0.55635E+01   0.83550E+03
   72     0.8491   7.1664  -0.29836E+00  -0.32076E-01   0.28947E-01   0.55369E+01   0.83961E+03
   73     0.8652   7.2435  -0.30473E+00  -0.32918E-01   0.28106E-01   0.55105E+01   0.84364E+03
   74     0.8814   7.3199  -0.31117E+00  -0.33773E-01   0.27251E-01   0.54844E+01   0.84753E+03
   75     0.8977   7.3956  -0.31767E+00  -0.34642E-01   0.26382E-01   0.54586E+01   0.85129E+03
   76     0.9142   7.4705  -0.32424E+00  -0.35524E-01   0.25500E-01   0.54331E+01   0.85496E+03
   77     0.9309   7.5448  -0.33088E+00  -0.36420E-01   0.24603E-01   0.54078E+01   0.85848E+03
   78     0.9477   7.6184  -0.33758E+00  -0.37331E-01   0.23693E-01   0.53828E+01   0.86191E+03
   79     0.9646   7.6913  -0.34434E+00  -0.38255E-01   0.22769E-01   0.53580E+01   0.86521E+03
   80     0.9817   7.7635  -0.35118E+00  -0.39194E-01   0.21830E-01   0.53335E+01   0.86838E+03
   81     0.9989   7.8350  -0.35807E+00  -0.40146E-01   0.20878E-01   0.53093E+01   0.87150E+03
   82     1.0163   7.9058  -0.36504E+00  -0.41113E-01   0.19911E-01   0.52854E+01   0.87444E+03
   83     1.0338   7.9759  -0.37207E+00  -0.42094E-01   0.18930E-01   0.52617E+01   0.87721E+03
   84     1.0515   8.0453  -0.37916E+00  -0.43090E-01   0.17934E-01   0.52383E+01   0.87984E+03
   85     1.0693   8.1141  -0.38633E+00  -0.44100E-01   0.16924E-01   0.52152E+01   0.88238E+03
   86     1.0873   8.1821  -0.39356E+00  -0.45125E-01   0.15898E-01   0.51924E+01   0.88473E+03
   87     1.1055   8.2495  -0.40086E+00  -0.46166E-01   0.14858E-01   0.51698E+01   0.88699E+03
   88     1.1238   8.3162  -0.40823E+00  -0.47222E-01   0.13802E-01   0.51475E+01   0.88904E+03
   89     1.1423   8.3823  -0.41566E+00  -0.48293E-01   0.12731E-01   0.51255E+01   0.89095E+03
   90     1.1609   8.4477  -0.42317E+00  -0.49379E-01   0.11644E-01   0.51038E+01   0.89277E+03
   91     1.1797   8.5124  -0.43074E+00  -0.50481E-01   0.10542E-01   0.50823E+01   0.89440E+03
   92     1.1986   8.5764  -0.43838E+00  -0.51598E-01   0.94255E-02   0.50612E+01   0.89587E+03
   93     1.2177   8.6398  -0.44609E+00  -0.52731E-01   0.82931E-02   0.50403E+01   0.89716E+03
   94     1.2370   8.7025  -0.45386E+00  -0.53878E-01   0.71457E-02   0.50197E+01   0.89838E+03
   95     1.2565   8.7646  -0.46170E+00  -0.55041E-01   0.59828E-02   0.49993E+01   0.89944E+03
   96     1.2761   8.8260  -0.46961E+00  -0.56219E-01   0.48050E-02   0.49793E+01   0.90029E+03
   97     1.2959   8.8868  -0.47759E+00  -0.57412E-01   0.36117E-02   0.49595E+01   0.90103E+03
   98     1.3158   8.9469  -0.48563E+00  -0.58621E-01   0.24029E-02   0.49400E+01   0.90160E+03
   99     1.3360   9.0065  -0.49374E+00  -0.59845E-01   0.11788E-02   0.49207E+01   0.90201E+03
  100     1.3563   9.0653  -0.50192E+00  -0.61085E-01  -0.60868E-04   0.49018E+01   0.90228E+03
  101     1.3767   9.1236  -0.51016E+00  -0.62340E-01  -0.13165E-02   0.48831E+01   0.90246E+03
  102     1.3974   9.1812  -0.51848E+00  -0.63612E-01  -0.25883E-02   0.48647E+01   0.90243E+03
  103     1.4183   9.2382  -0.52686E+00  -0.64901E-01  -0.38768E-02   0.48465E+01   0.90227E+03
  104     1.4393   9.2945  -0.53531E+00  -0.66205E-01  -0.51817E-02   0.48287E+01   0.90196E+03
  105     1.4605   9.3503  -0.54384E+00  -0.67527E-01  -0.65031E-02   0.48111E+01   0.90151E+03
  106     1.4819   9.4054  -0.55243E+00  -0.68865E-01  -0.78415E-02   0.47938E+01   0.90095E+03
  107     1.5035   9.4600  -0.56109E+00  -0.70221E-01  -0.91969E-02   0.47767E+01   0.90023E+03
  108     1.5252   9.5139  -0.56983E+00  -0.71593E-01  -0.10569E-01   0.47599E+01   0.89934E+03
  109     1.5472   9.5673  -0.57863E+00  -0.72983E-01  -0.11960E-01   0.47435E+01   0.89829E+03
  110     1.5693   9.6200  -0.58750E+00  -0.74389E-01  -0.13366E-01   0.47272E+01   0.89710E+03
  111     1.5917   9.6722  -0.59644E+00  -0.75812E-01  -0.14789E-01   0.47113E+01   0.89574E+03
  112     1.6142   9.7238  -0.60546E+00  -0.77253E-01  -0.16229E-01   0.46956E+01   0.89419E+03
  113     1.6369   9.7748  -0.61454E+00  -0.78710E-01  -0.17686E-01   0.46801E+01   0.89252E+03
  114     1.6598   9.8252  -0.62369E+00  -0.80186E-01  -0.19162E-01   0.46650E+01   0.89065E+03
  115     1.6830   9.8751  -0.63291E+00  -0.81678E-01  -0.20655E-01   0.46501E+01   0.88860E+03
  116     1.7063   9.9244  -0.64220E+00  -0.83188E-01  -0.22164E-01   0.46355E+01   0.88641E+03
  117     1.7298   9.9731  -0.65156E+00  -0.84716E-01  -0.23692E-01   0.46210E+01   0.88410E+03
  118     1.7536  10.0213  -0.66100E+00  -0.86260E-01  -0.25237E-01   0.46069E+01   0.88160E+03
  119     1.7775  10.0689  -0.67049E+00  -0.87823E-01  -0.26799E-01   0.45931E+01   0.87901E+03
  120     1.8016  10.1160  -0.68006E+00  -0.89401E-01  -0.28378E-01   0.45795E+01   0.87623E+03
  121     1.8260  10.1626  -0.68970E+00  -0.90998E-01  -0.29975E-01   0.45661E+01   0.87338E+03
  122     1.8506  10.2086  -0.69941E+00  -0.92614E-01  -0.31590E-01   0.45530E+01   0.87038E+03
  123     1.8753  10.2541  -0.70918E+00  -0.94246E-01  -0.33223E-01   0.45402E+01   0.86721E+03
  124     1.9003  10.2990  -0.71903E+00  -0.95898E-01  -0.34874E-01   0.45276E+01   0.86390E+03
  125     1.9256  10.3434  -0.72895E+00  -0.97567E-01  -0.36543E-01   0.45152E+01   0.86049E+03
  126     1.9510  10.3873  -0.73894E+00  -0.99256E-01  -0.38232E-01   0.45031E+01   0.85695E+03
  127     1.9766  10.4307  -0.74900E+00  -0.10096E+00  -0.39939E-01   0.44912E+01   0.85333E+03
  128     2.0025  10.4736  -0.75914E+00  -0.10269E+00  -0.41667E-01   0.44796E+01   0.84955E+03
  129     2.0286  10.5160  -0.76935E+00  -0.10444E+00  -0.43413E-01   0.44682E+01   0.84560E+03
  130     2.0550  10.5579  -0.77962E+00  -0.10620E+00  -0.45175E-01   0.44570E+01   0.84159E+03
  131     2.0815  10.5993  -0.78997E+00  -0.10798E+00  -0.46960E-01   0.44460E+01   0.83740E+03
  132     2.1083  10.6402  -0.80040E+00  -0.10979E+00  -0.48763E-01   0.44353E+01   0.83309E+03
  133     2.1353  10.6806  -0.81090E+00  -0.11161E+00  -0.50586E-01   0.44249E+01   0.82868E+03
  134     2.1626  10.7205  -0.82146E+00  -0.11345E+00  -0.52429E-01   0.44146E+01   0.82401E+03
  135     2.1901  10.7600  -0.83211E+00  -0.11531E+00  -0.54291E-01   0.44046E+01   0.81934E+03
  136     2.2178  10.7990  -0.84282E+00  -0.11720E+00  -0.56173E-01   0.43947E+01   0.81453E+03
  137     2.2458  10.8375  -0.85360E+00  -0.11910E+00  -0.58074E-01   0.43851E+01   0.80952E+03
  138     2.2740  10.8756  -0.86446E+00  -0.12102E+00  -0.59995E-01   0.43757E+01   0.80443E+03
  139     2.3025  10.9132  -0.87539E+00  -0.12296E+00  -0.61935E-01   0.43665E+01   0.79918E+03
  140     2.3312  10.9504  -0.88638E+00  -0.12492E+00  -0.63896E-01   0.43576E+01   0.79386E+03
  141     2.3602  10.9871  -0.89746E+00  -0.12690E+00  -0.65877E-01   0.43488E+01   0.78837E+03
  142     2.3894  11.0234  -0.90860E+00  -0.12890E+00  -0.67878E-01   0.43402E+01   0.78282E+03
  143     2.4188  11.0592  -0.91982E+00  -0.13092E+00  -0.69898E-01   0.43318E+01   0.77718E+03
  144     2.4486  11.0946  -0.93110E+00  -0.13296E+00  -0.71939E-01   0.43236E+01   0.77144E+03
  145     2.4785  11.1296  -0.94246E+00  -0.13502E+00  -0.73998E-01   0.43155E+01   0.76569E+03
  146     2.5088  11.1641  -0.95389E+00  -0.13710E+00  -0.76079E-01   0.43077E+01   0.75987E+03
  147     2.5393  11.1982  -0.96538E+00  -0.13920E+00  -0.78179E-01   0.43000E+01   0.75395E+03
  148     2.5701  11.2320  -0.97696E+00  -0.14132E+00  -0.80301E-01   0.42926E+01   0.74800E+03
  149     2.6011  11.2653  -0.98861E+00  -0.14347E+00  -0.82444E-01   0.42853E+01   0.74196E+03
  150     2.6324  11.2982  -0.10003E+01  -0.14563E+00  -0.84611E-01   0.42782E+01   0.73585E+03
  151     2.6640  11.3306  -0.10121E+01  -0.14782E+00  -0.86799E-01   0.42712E+01   0.72961E+03
  152     2.6958  11.3627  -0.10240E+01  -0.15003E+00  -0.89011E-01   0.42644E+01   0.72331E+03
  153     2.7280  11.3944  -0.10360E+01  -0.15227E+00  -0.91245E-01   0.42578E+01   0.71689E+03
  154     2.7604  11.4258  -0.10480E+01  -0.15453E+00  -0.93503E-01   0.42514E+01   0.71039E+03
  155     2.7931  11.4567  -0.10601E+01  -0.15681E+00  -0.95781E-01   0.42451E+01   0.70377E+03
  156     2.8260  11.4872  -0.10723E+01  -0.15911E+00  -0.98081E-01   0.42390E+01   0.69709E+03
  157     2.8593  11.5174  -0.10846E+01  -0.16143E+00  -0.10040E+00   0.42330E+01   0.69020E+03
  158     2.8929  11.5472  -0.10969E+01  -0.16377E+00  -0.10274E+00   0.42272E+01   0.68333E+03
  159     2.9267  11.5766  -0.11093E+01  -0.16613E+00  -0.10511E+00   0.42215E+01   0.67646E+03
  160     2.9608  11.6057  -0.11218E+01  -0.16852E+00  -0.10749E+00   0.42159E+01   0.66945E+03
  161     2.9953  11.6344  -0.11343E+01  -0.17092E+00  -0.10990E+00   0.42105E+01   0.66248E+03
  162     3.0300  11.6628  -0.11469E+01  -0.17335E+00  -0.11233E+00   0.42052E+01   0.65549E+03
  163     3.0651  11.6908  -0.11596E+01  -0.17580E+00  -0.11477E+00   0.42001E+01   0.64847E+03
  164     3.1004  11.7184  -0.11724E+01  -0.17827E+00  -0.11725E+00   0.41951E+01   0.64138E+03
  165     3.1360  11.7458  -0.11853E+01  -0.18077E+00  -0.11975E+00   0.41901E+01   0.63428E+03
  166     3.1720  11.7727  -0.11982E+01  -0.18329E+00  -0.12227E+00   0.41854E+01   0.62716E+03
  167     3.2083  11.7994  -0.12112E+01  -0.18584E+00  -0.12482E+00   0.41807E+01   0.62000E+03
  168     3.2449  11.8257  -0.12243E+01  -0.18841E+00  -0.12739E+00   0.41762E+01   0.61284E+03
  169     3.2818  11.8517  -0.12375E+01  -0.19100E+00  -0.12998E+00   0.41718E+01   0.60555E+03
  170     3.3190  11.8773  -0.12507E+01  -0.19362E+00  -0.13259E+00   0.41675E+01   0.59824E+03
  171     3.3565  11.9026  -0.12640E+01  -0.19626E+00  -0.13523E+00   0.41633E+01   0.59091E+03
  172     3.3944  11.9277  -0.12774E+01  -0.19892E+00  -0.13790E+00   0.41593E+01   0.58359E+03
  173     3.4326  11.9524  -0.12909E+01  -0.20161E+00  -0.14058E+00   0.41553E+01   0.57623E+03
  174     3.4712  11.9768  -0.13044E+01  -0.20432E+00  -0.14329E+00   0.41514E+01   0.56888E+03
  175     3.5100  12.0009  -0.13180E+01  -0.20705E+00  -0.14602E+00   0.41477E+01   0.56151E+03
  176     3.5492  12.0246  -0.13317E+01  -0.20981E+00  -0.14878E+00   0.41440E+01   0.55418E+03
  177     3.5888  12.0481  -0.13455E+01  -0.21259E+00  -0.15156E+00   0.41404E+01   0.54681E+03
  178     3.6287  12.0713  -0.13594E+01  -0.21540E+00  -0.15437E+00   0.41369E+01   0.53942E+03
  179     3.6689  12.0942  -0.13733E+01  -0.21823E+00  -0.15720E+00   0.41336E+01   0.53202E+03
  180     3.7095  12.1169  -0.13873E+01  -0.22108E+00  -0.16006E+00   0.41303E+01   0.52463E+03
  181     3.7505  12.1392  -0.14014E+01  -0.22397E+00  -0.16294E+00   0.41271E+01   0.51723E+03
  182     3.7918  12.1612  -0.14156E+01  -0.22687E+00  -0.16585E+00   0.41239E+01   0.50984E+03
  183     3.8334  12.1830  -0.14299E+01  -0.22981E+00  -0.16878E+00   0.41209E+01   0.50244E+03
  184     3.8754  12.2045  -0.14442E+01  -0.23276E+00  -0.17174E+00   0.41179E+01   0.49507E+03
  185     3.9178  12.2257  -0.14586E+01  -0.23574E+00  -0.17472E+00   0.41150E+01   0.48770E+03
  186     3.9606  12.2467  -0.14731E+01  -0.23874E+00  -0.17772E+00   0.41122E+01   0.48035E+03
  187     4.0037  12.2674  -0.14877E+01  -0.24177E+00  -0.18075E+00   0.41095E+01   0.47306E+03
  188     4.0472  12.2878  -0.15023E+01  -0.24483E+00  -0.18381E+00   0.41068E+01   0.46580E+03
  189     4.0911  12.3080  -0.15171E+01  -0.24791E+00  -0.18689E+00   0.41042E+01   0.45856E+03
  190     4.1353  12.3279  -0.15319E+01  -0.25102E+00  -0.19000E+00   0.41017E+01   0.45137E+03
  191     4.1800  12.3476  -0.15468E+01  -0.25415E+00  -0.19313E+00   0.40992E+01   0.44414E+03
  192     4.2250  12.3670  -0.15617E+01  -0.25732E+00  -0.19629E+00   0.40968E+01   0.43696E+03
  193     4.2705  12.3862  -0.15768E+01  -0.26050E+00  -0.19948E+00   0.40945E+01   0.42981E+03
  194     4.3163  12.4051  -0.15920E+01  -0.26372E+00  -0.20269E+00   0.40922E+01   0.42266E+03
  195     4.3625  12.4238  -0.16072E+01  -0.26696E+00  -0.20593E+00   0.40900E+01   0.41558E+03
  196     4.4091  12.4423  -0.16225E+01  -0.27022E+00  -0.20920E+00   0.40878E+01   0.40852E+03
  197     4.4561  12.4605  -0.16379E+01  -0.27351E+00  -0.21249E+00   0.40858E+01   0.40149E+03
  198     4.5036  12.4785  -0.16533E+01  -0.27683E+00  -0.21580E+00   0.40837E+01   0.39450E+03
  199     4.5514  12.4962  -0.16689E+01  -0.28017E+00  -0.21914E+00   0.40817E+01   0.38758E+03
  200     4.5997  12.5138  -0.16845E+01  -0.28354E+00  -0.22251E+00   0.40798E+01   0.38070E+03
  201     4.6484  12.5311  -0.17003E+01  -0.28694E+00  -0.22591E+00   0.40779E+01   0.37387E+03
  202     4.6975  12.5482  -0.17161E+01  -0.29036E+00  -0.22933E+00   0.40760E+01   0.36713E+03
  203     4.7470  12.5650  -0.17319E+01  -0.29381E+00  -0.23279E+00   0.40743E+01   0.36043E+03
  204     4.7970  12.5817  -0.17479E+01  -0.29729E+00  -0.23627E+00   0.40725E+01   0.35378E+03
  205     4.8474  12.5981  -0.17640E+01  -0.30079E+00  -0.23977E+00   0.40708E+01   0.34719E+03
  206     4.8982  12.6144  -0.17801E+01  -0.30433E+00  -0.24331E+00   0.40692E+01   0.34064E+03
  207     4.9495  12.6304  -0.17964E+01  -0.30789E+00  -0.24687E+00   0.40676E+01   0.33413E+03
  208     5.0012  12.6462  -0.18127E+01  -0.31148E+00  -0.25046E+00   0.40660E+01   0.32761E+03
  209     5.0534  12.6619  -0.18291E+01  -0.31510E+00  -0.25408E+00   0.40645E+01   0.32122E+03
  210     5.1060  12.6773  -0.18456E+01  -0.31875E+00  -0.25773E+00   0.40630E+01   0.31485E+03
  211     5.1591  12.6925  -0.18621E+01  -0.32242E+00  -0.26140E+00   0.40615E+01   0.30857E+03
  212     5.2126  12.7076  -0.18788E+01  -0.32612E+00  -0.26509E+00   0.40601E+01   0.30232E+03
  213     5.2667  12.7224  -0.18955E+01  -0.32984E+00  -0.26882E+00   0.40587E+01   0.29620E+03
  214     5.3211  12.7371  -0.19123E+01  -0.33360E+00  -0.27257E+00   0.40574E+01   0.29014E+03
  215     5.3761  12.7515  -0.19293E+01  -0.33738E+00  -0.27636E+00   0.40561E+01   0.28411E+03
  216     5.4315  12.7658  -0.19463E+01  -0.34120E+00  -0.28017E+00   0.40548E+01   0.27820E+03
  217     5.4874  12.7799  -0.19634E+01  -0.34504E+00  -0.28402E+00   0.40536E+01   0.27234E+03
  218     5.5438  12.7938  -0.19806E+01  -0.34891E+00  -0.28789E+00   0.40524E+01   0.26658E+03
  219     5.6007  12.8076  -0.19978E+01  -0.35281E+00  -0.29179E+00   0.40512E+01   0.26082E+03
  220     5.6581  12.8211  -0.20152E+01  -0.35674E+00  -0.29572E+00   0.40500E+01   0.25510E+03
  221     5.7160  12.8345  -0.20326E+01  -0.36070E+00  -0.29968E+00   0.40489E+01   0.24951E+03
  222     5.7744  12.8477  -0.20502E+01  -0.36469E+00  -0.30367E+00   0.40478E+01   0.24396E+03
  223     5.8333  12.8608  -0.20678E+01  -0.36871E+00  -0.30769E+00   0.40468E+01   0.23849E+03
  224     5.8927  12.8737  -0.20855E+01  -0.37275E+00  -0.31173E+00   0.40457E+01   0.23312E+03
  225     5.9526  12.8864  -0.21033E+01  -0.37683E+00  -0.31580E+00   0.40447E+01   0.22779E+03
  226     6.0131  12.8990  -0.21212E+01  -0.38093E+00  -0.31991E+00   0.40437E+01   0.22254E+03
  227     6.0740  12.9114  -0.21392E+01  -0.38507E+00  -0.32404E+00   0.40428E+01   0.21739E+03
  228     6.1355  12.9236  -0.21573E+01  -0.38923E+00  -0.32821E+00   0.40418E+01   0.21233E+03
  229     6.1976  12.9357  -0.21755E+01  -0.39343E+00  -0.33240E+00   0.40409E+01   0.20728E+03
  230     6.2602  12.9476  -0.21937E+01  -0.39765E+00  -0.33663E+00   0.40400E+01   0.20233E+03
  231     6.3233  12.9594  -0.22121E+01  -0.40191E+00  -0.34089E+00   0.40392E+01   0.19747E+03
  232     6.3869  12.9710  -0.22305E+01  -0.40619E+00  -0.34517E+00   0.40383E+01   0.19270E+03
  233     6.4512  12.9825  -0.22491E+01  -0.41051E+00  -0.34949E+00   0.40375E+01   0.18797E+03
  234     6.5159  12.9938  -0.22677E+01  -0.41485E+00  -0.35383E+00   0.40367E+01   0.18335E+03
  235     6.5813  13.0050  -0.22864E+01  -0.41923E+00  -0.35821E+00   0.40359E+01   0.17880E+03
  236     6.6472  13.0160  -0.23052E+01  -0.42364E+00  -0.36262E+00   0.40351E+01   0.17429E+03
  237     6.7137  13.0269  -0.23242E+01  -0.42809E+00  -0.36706E+00   0.40344E+01   0.16991E+03
  238     6.7807  13.0377  -0.23432E+01  -0.43256E+00  -0.37154E+00   0.40336E+01   0.16554E+03
  239     6.8484  13.0483  -0.23623E+01  -0.43706E+00  -0.37604E+00   0.40329E+01   0.16127E+03
  240     6.9166  13.0588  -0.23815E+01  -0.44160E+00  -0.38057E+00   0.40322E+01   0.15708E+03
  241     6.9854  13.0691  -0.24008E+01  -0.44616E+00  -0.38514E+00   0.40316E+01   0.15296E+03
  242     7.0549  13.0794  -0.24202E+01  -0.45076E+00  -0.38973E+00   0.40309E+01   0.14892E+03
  243     7.1249  13.0894  -0.24397E+01  -0.45539E+00  -0.39436E+00   0.40303E+01   0.14497E+03
  244     7.1955  13.0994  -0.24592E+01  -0.46005E+00  -0.39902E+00   0.40296E+01   0.14111E+03
  245     7.2668  13.1092  -0.24789E+01  -0.46474E+00  -0.40372E+00   0.40290E+01   0.13684E+03
  246     7.3387  13.1189  -0.24987E+01  -0.46947E+00  -0.40844E+00   0.40284E+01   0.13353E+03
  247     7.4112  13.1285  -0.25186E+01  -0.47423E+00  -0.41320E+00   0.40278E+01   0.12985E+03
  248     7.4843  13.1380  -0.25386E+01  -0.47901E+00  -0.41799E+00   0.40273E+01   0.12621E+03
  249     7.5580  13.1473  -0.25586E+01  -0.48381E+00  -0.42279E+00   0.40267E+01   0.12270E+03
  250     7.6324  13.1565  -0.25788E+01  -0.48869E+00  -0.42767E+00   0.40262E+01   0.11921E+03
  251     7.7075  13.1656  -0.25991E+01  -0.49359E+00  -0.43256E+00   0.40256E+01   0.11583E+03
  252     7.7832  13.1746  -0.26195E+01  -0.49850E+00  -0.43748E+00   0.40251E+01   0.11257E+03
  253     7.8596  13.1834  -0.26399E+01  -0.50346E+00  -0.44243E+00   0.40246E+01   0.10927E+03
  254     7.9366  13.1922  -0.26605E+01  -0.50844E+00  -0.44742E+00   0.40241E+01   0.10608E+03
  255     8.0143  13.2008  -0.26812E+01  -0.51347E+00  -0.45244E+00   0.40236E+01   0.10299E+03
  256     8.0926  13.2093  -0.27020E+01  -0.51852E+00  -0.45750E+00   0.40231E+01   0.99942E+02
  257     8.1717  13.2178  -0.27229E+01  -0.52361E+00  -0.46259E+00   0.40227E+01   0.96956E+02
  258     8.2514  13.2261  -0.27438E+01  -0.52874E+00  -0.46771E+00   0.40222E+01   0.94044E+02
  259     8.3319  13.2343  -0.27649E+01  -0.53389E+00  -0.47287E+00   0.40218E+01   0.91203E+02
  260     8.4130  13.2424  -0.27861E+01  -0.53908E+00  -0.47806E+00   0.40214E+01   0.88420E+02
  261     8.4948  13.2503  -0.28074E+01  -0.54431E+00  -0.48329E+00   0.40209E+01   0.85688E+02
  262     8.5774  13.2582  -0.28288E+01  -0.54957E+00  -0.48854E+00   0.40205E+01   0.83040E+02
  263     8.6606  13.2660  -0.28503E+01  -0.55486E+00  -0.49384E+00   0.40201E+01   0.80450E+02
  264     8.7446  13.2737  -0.28719E+01  -0.56019E+00  -0.49916E+00   0.40197E+01   0.77916E+02
  265     8.8293  13.2813  -0.28936E+01  -0.56555E+00  -0.50453E+00   0.40194E+01   0.75454E+02
  266     8.9148  13.2888  -0.29154E+01  -0.57095E+00  -0.50993E+00   0.40190E+01   0.73050E+02
  267     9.0010  13.2962  -0.29373E+01  -0.57639E+00  -0.51536E+00   0.40186E+01   0.70699E+02
  268     9.0879  13.3035  -0.29594E+01  -0.58186E+00  -0.52084E+00   0.40183E+01   0.68417E+02
  269     9.1756  13.3107  -0.29815E+01  -0.58736E+00  -0.52634E+00   0.40179E+01   0.66175E+02
  270     9.2641  13.3178  -0.30037E+01  -0.59290E+00  -0.53188E+00   0.40176E+01   0.64006E+02
  271     9.3534  13.3248  -0.30261E+01  -0.59849E+00  -0.53747E+00   0.40172E+01   0.61876E+02
  272     9.4434  13.3317  -0.30486E+01  -0.60409E+00  -0.54307E+00   0.40169E+01   0.59821E+02
  273     9.5342  13.3386  -0.30711E+01  -0.60974E+00  -0.54872E+00   0.40166E+01   0.57812E+02
  274     9.6257  13.3453  -0.30938E+01  -0.61543E+00  -0.55441E+00   0.40163E+01   0.55856E+02
  275     9.7181  13.3520  -0.31166E+01  -0.62116E+00  -0.56013E+00   0.40160E+01   0.53945E+02
  276     9.8113  13.3586  -0.31395E+01  -0.62691E+00  -0.56589E+00   0.40157E+01   0.52095E+02
  277     9.9053  13.3651  -0.31625E+01  -0.63271E+00  -0.57168E+00   0.40154E+01   0.50297E+02
  278    10.0001  13.3715  -0.31856E+01  -0.63854E+00  -0.57752E+00   0.40151E+01   0.48542E+02
  279    10.0957  13.3778  -0.32089E+01  -0.64441E+00  -0.58339E+00   0.40148E+01   0.46844E+02
  280    10.1922  13.3841  -0.32322E+01  -0.65032E+00  -0.58930E+00   0.40145E+01   0.45192E+02
  281    10.2895  13.3902  -0.32557E+01  -0.65627E+00  -0.59524E+00   0.40143E+01   0.43579E+02
  282    10.3877  13.3963  -0.32792E+01  -0.66225E+00  -0.60122E+00   0.40140E+01   0.42019E+02
  283    10.4867  13.4023  -0.33029E+01  -0.66827E+00  -0.60725E+00   0.40138E+01   0.40495E+02
  284    10.5865  13.4083  -0.33267E+01  -0.67433E+00  -0.61331E+00   0.40135E+01   0.39026E+02
  285    10.6873  13.4141  -0.33506E+01  -0.68042E+00  -0.61940E+00   0.40133E+01   0.37602E+02
  286    10.7889  13.4199  -0.33747E+01  -0.68656E+00  -0.62553E+00   0.40130E+01   0.36211E+02
  287    10.8914  13.4256  -0.33988E+01  -0.69273E+00  -0.63171E+00   0.40128E+01   0.34869E+02
  288    10.9947  13.4312  -0.34231E+01  -0.69895E+00  -0.63792E+00   0.40126E+01   0.33567E+02
  289    11.0990  13.4368  -0.34475E+01  -0.70520E+00  -0.64417E+00   0.40123E+01   0.32304E+02
  290    11.2042  13.4423  -0.34720E+01  -0.71149E+00  -0.65047E+00   0.40121E+01   0.31077E+02
  291    11.3103  13.4477  -0.34966E+01  -0.71782E+00  -0.65680E+00   0.40119E+01   0.29888E+02
  292    11.4173  13.4530  -0.35213E+01  -0.72419E+00  -0.66316E+00   0.40117E+01   0.28741E+02
  293    11.5253  13.4583  -0.35462E+01  -0.73060E+00  -0.66957E+00   0.40115E+01   0.27629E+02
  294    11.6342  13.4635  -0.35712E+01  -0.73704E+00  -0.67602E+00   0.40113E+01   0.26555E+02
  295    11.7440  13.4687  -0.35962E+01  -0.74353E+00  -0.68251E+00   0.40111E+01   0.25513E+02
  296    11.8548  13.4738  -0.36215E+01  -0.75006E+00  -0.68904E+00   0.40109E+01   0.24509E+02
  297    11.9666  13.4788  -0.36468E+01  -0.75664E+00  -0.69561E+00   0.40107E+01   0.23534E+02
  298    12.0793  13.4837  -0.36723E+01  -0.76324E+00  -0.70222E+00   0.40105E+01   0.22592E+02
  299    12.1930  13.4886  -0.36979E+01  -0.76990E+00  -0.70888E+00   0.40103E+01   0.21681E+02
  300    12.3077  13.4934  -0.37236E+01  -0.77659E+00  -0.71557E+00   0.40101E+01   0.20795E+02
  301    12.4234  13.4982  -0.37494E+01  -0.78333E+00  -0.72230E+00   0.40100E+01   0.19947E+02
  302    12.5401  13.5029  -0.37753E+01  -0.79010E+00  -0.72907E+00   0.40098E+01   0.19129E+02
  303    12.6578  13.5075  -0.38014E+01  -0.79692E+00  -0.73589E+00   0.40096E+01   0.18338E+02
  304    12.7766  13.5121  -0.38276E+01  -0.80377E+00  -0.74275E+00   0.40095E+01   0.17571E+02
  305    12.8963  13.5166  -0.38540E+01  -0.81068E+00  -0.74965E+00   0.40093E+01   0.16834E+02
  306    13.0172  13.5211  -0.38804E+01  -0.81762E+00  -0.75659E+00   0.40092E+01   0.16127E+02
  307    13.1390  13.5255  -0.39070E+01  -0.82460E+00  -0.76358E+00   0.40090E+01   0.15438E+02
  308    13.2619  13.5298  -0.39337E+01  -0.83163E+00  -0.77061E+00   0.40089E+01   0.14777E+02
  309    13.3859  13.5341  -0.39606E+01  -0.83870E+00  -0.77768E+00   0.40087E+01   0.14145E+02
  310    13.5110  13.5383  -0.39876E+01  -0.84582E+00  -0.78479E+00   0.40086E+01   0.13530E+02
  311    13.6372  13.5425  -0.40147E+01  -0.85298E+00  -0.79195E+00   0.40084E+01   0.12939E+02
  312    13.7644  13.5466  -0.40419E+01  -0.86018E+00  -0.79915E+00   0.40083E+01   0.12370E+02
  313    13.8928  13.5507  -0.40693E+01  -0.86742E+00  -0.80640E+00   0.40081E+01   0.11823E+02
  314    14.0223  13.5547  -0.40968E+01  -0.87471E+00  -0.81368E+00   0.40080E+01   0.11296E+02
  315    14.1529  13.5587  -0.41244E+01  -0.88204E+00  -0.82102E+00   0.40079E+01   0.10790E+02
  316    14.2846  13.5626  -0.41521E+01  -0.88942E+00  -0.82839E+00   0.40077E+01   0.10307E+02
  317    14.4175  13.5665  -0.41801E+01  -0.89685E+00  -0.83582E+00   0.40076E+01   0.98353E+01
  318    14.5515  13.5703  -0.42081E+01  -0.90431E+00  -0.84329E+00   0.40075E+01   0.93877E+01
  319    14.6867  13.5741  -0.42363E+01  -0.91182E+00  -0.85080E+00   0.40074E+01   0.89559E+01
  320    14.8231  13.5778  -0.42646E+01  -0.91938E+00  -0.85836E+00   0.40073E+01   0.85420E+01
  321    14.9607  13.5815  -0.42930E+01  -0.92698E+00  -0.86596E+00   0.40071E+01   0.81431E+01
  322    15.0994  13.5851  -0.43216E+01  -0.93463E+00  -0.87361E+00   0.40070E+01   0.77616E+01
  323    15.2394  13.5887  -0.43503E+01  -0.94233E+00  -0.88131E+00   0.40069E+01   0.73947E+01
  324    15.3806  13.5922  -0.43792E+01  -0.95007E+00  -0.88905E+00   0.40068E+01   0.70442E+01
  325    15.5230  13.5957  -0.44082E+01  -0.95786E+00  -0.89684E+00   0.40067E+01   0.67069E+01
  326    15.6666  13.5991  -0.44373E+01  -0.96569E+00  -0.90467E+00   0.40066E+01   0.63828E+01
  327    15.8115  13.6025  -0.44666E+01  -0.97357E+00  -0.91254E+00   0.40065E+01   0.60749E+01
  328    15.9577  13.6059  -0.44960E+01  -0.98149E+00  -0.92046E+00   0.40064E+01   0.57821E+01
  329    16.1051  13.6092  -0.45256E+01  -0.98948E+00  -0.92845E+00   0.40063E+01   0.54975E+01
  330    16.2538  13.6124  -0.45553E+01  -0.99750E+00  -0.93648E+00   0.40062E+01   0.52275E+01
  331    16.4038  13.6157  -0.45851E+01  -0.10056E+01  -0.94455E+00   0.40061E+01   0.49661E+01
  332    16.5551  13.6188  -0.46151E+01  -0.10137E+01  -0.95268E+00   0.40060E+01   0.47188E+01
  333    16.7078  13.6220  -0.46452E+01  -0.10219E+01  -0.96083E+00   0.40059E+01   0.44802E+01
  334    16.8617  13.6251  -0.46755E+01  -0.10301E+01  -0.96906E+00   0.40058E+01   0.42532E+01
  335    17.0170  13.6281  -0.47060E+01  -0.10383E+01  -0.97732E+00   0.40057E+01   0.40396E+01
  336    17.1736  13.6312  -0.47366E+01  -0.10467E+01  -0.98564E+00   0.40056E+01   0.38271E+01
  337    17.3316  13.6342  -0.47673E+01  -0.10550E+01  -0.99401E+00   0.40056E+01   0.36327E+01
  338    17.4910  13.6371  -0.47981E+01  -0.10634E+01  -0.10024E+01   0.40055E+01   0.34448E+01
  339    17.6518  13.6400  -0.48292E+01  -0.10719E+01  -0.10109E+01   0.40054E+01   0.32649E+01
  340    17.8139  13.6429  -0.48604E+01  -0.10804E+01  -0.10194E+01   0.40053E+01   0.30940E+01
  341    17.9775  13.6457  -0.48917E+01  -0.10890E+01  -0.10280E+01   0.40052E+01   0.29300E+01
  342    18.1425  13.6485  -0.49232E+01  -0.10976E+01  -0.10366E+01   0.40052E+01   0.27743E+01
  343    18.3089  13.6513  -0.49548E+01  -0.11063E+01  -0.10452E+01   0.40051E+01   0.26248E+01
  344    18.4768  13.6540  -0.49866E+01  -0.11150E+01  -0.10540E+01   0.40050E+01   0.24840E+01
  345    18.6461  13.6567  -0.50186E+01  -0.11238E+01  -0.10627E+01   0.40049E+01   0.23487E+01
  346    18.8169  13.6593  -0.50507E+01  -0.11326E+01  -0.10716E+01   0.40049E+01   0.22223E+01
  347    18.9892  13.6619  -0.50829E+01  -0.11414E+01  -0.10804E+01   0.40048E+01   0.20993E+01
  348    19.1630  13.6645  -0.51154E+01  -0.11504E+01  -0.10894E+01   0.40047E+01   0.19835E+01
  349    19.3383  13.6671  -0.51479E+01  -0.11594E+01  -0.10983E+01   0.40046E+01   0.18738E+01
  350    19.5151  13.6696  -0.51807E+01  -0.11684E+01  -0.11074E+01   0.40046E+01   0.17680E+01
  351    19.6934  13.6721  -0.52135E+01  -0.11775E+01  -0.11165E+01   0.40045E+01   0.16697E+01
  352    19.8734  13.6745  -0.52466E+01  -0.11866E+01  -0.11256E+01   0.40045E+01   0.15746E+01
  353    20.0548  13.6770  -0.52798E+01  -0.11958E+01  -0.11348E+01   0.40044E+01   0.14851E+01
  354    20.2379  13.6794  -0.53132E+01  -0.12051E+01  -0.11440E+01   0.40043E+01   0.14002E+01
  355    20.4225  13.6817  -0.53467E+01  -0.12144E+01  -0.11533E+01   0.40043E+01   0.13188E+01
  356    20.6088  13.6840  -0.53804E+01  -0.12237E+01  -0.11627E+01   0.40042E+01   0.12442E+01
  357    20.7966  13.6863  -0.54143E+01  -0.12331E+01  -0.11721E+01   0.40041E+01   0.11704E+01
  358    20.9861  13.6886  -0.54485E+01  -0.12426E+01  -0.11816E+01   0.40041E+01   0.11012E+01
  359    21.1773  13.6909  -0.54826E+01  -0.12521E+01  -0.11911E+01   0.40040E+01   0.10363E+01
  360    21.3701  13.6931  -0.55169E+01  -0.12617E+01  -0.12007E+01   0.40040E+01   0.97404E+00
  361    21.5646  13.6953  -0.55515E+01  -0.12713E+01  -0.12103E+01   0.40039E+01   0.91655E+00
  362    21.7607  13.6974  -0.55862E+01  -0.12810E+01  -0.12200E+01   0.40039E+01   0.86121E+00
  363    21.9586  13.6995  -0.56211E+01  -0.12908E+01  -0.12298E+01   0.40038E+01   0.80927E+00
  364    22.1582  13.7016  -0.56561E+01  -0.13006E+01  -0.12396E+01   0.40000E+01   0.75903E+00
  365    22.3596  13.7037  -0.56913E+01  -0.13105E+01  -0.12495E+01   0.40000E+01   0.71343E+00
  366    22.5626  13.7058  -0.57267E+01  -0.13204E+01  -0.12594E+01   0.40000E+01   0.66960E+00
  367    22.7675  13.7078  -0.57623E+01  -0.13304E+01  -0.12694E+01   0.40000E+01   0.62832E+00
  368    22.9741  13.7098  -0.57980E+01  -0.13404E+01  -0.12794E+01   0.40000E+01   0.58889E+00
  369    23.1825  13.7117  -0.58341E+01  -0.13505E+01  -0.12895E+01   0.40000E+01   0.55157E+00
  370    23.3928  13.7137  -0.58701E+01  -0.13607E+01  -0.12996E+01   0.40000E+01   0.51645E+00
  371    23.6049  13.7156  -0.59063E+01  -0.13709E+01  -0.13098E+01   0.40000E+01   0.48375E+00
  372    23.8188  13.7175  -0.59427E+01  -0.13811E+01  -0.13201E+01   0.40000E+01   0.45335E+00
  373    24.0345  13.7194  -0.59795E+01  -0.13915E+01  -0.13305E+01   0.40000E+01   0.42382E+00
  374    24.2522  13.7212  -0.60162E+01  -0.14019E+01  -0.13408E+01   0.40000E+01   0.39642E+00
  375    24.4717  13.7230  -0.60532E+01  -0.14123E+01  -0.13513E+01   0.40000E+01   0.37068E+00
  376    24.6932  13.7248  -0.60903E+01  -0.14228E+01  -0.13618E+01   0.40000E+01   0.34646E+00
  377    24.9166  13.7266  -0.61277E+01  -0.14334E+01  -0.13724E+01   0.40000E+01   0.32378E+00
  378    25.1419  13.7284  -0.61652E+01  -0.14440E+01  -0.13830E+01   0.40000E+01   0.30227E+00
  379    25.3691  13.7301  -0.62030E+01  -0.14547E+01  -0.13937E+01   0.40000E+01   0.28213E+00
  380    25.5984  13.7318  -0.62409E+01  -0.14655E+01  -0.14045E+01   0.40000E+01   0.26306E+00
  381    25.8296  13.7335  -0.62790E+01  -0.14763E+01  -0.14153E+01   0.40000E+01   0.24540E+00
  382    26.0629  13.7351  -0.63172E+01  -0.14872E+01  -0.14261E+01   0.40000E+01   0.22876E+00
  383    26.2982  13.7368  -0.63557E+01  -0.14981E+01  -0.14371E+01   0.40000E+01   0.21315E+00
  384    26.5355  13.7384  -0.63943E+01  -0.15091E+01  -0.14481E+01   0.40000E+01   0.19843E+00
  385    26.7749  13.7400  -0.64332E+01  -0.15202E+01  -0.14591E+01   0.40000E+01   0.18479E+00
  386    27.0164  13.7416  -0.64722E+01  -0.15313E+01  -0.14703E+01   0.40000E+01   0.17187E+00
  387    27.2599  13.7431  -0.65115E+01  -0.15425E+01  -0.14815E+01   0.40000E+01   0.15981E+00
  388    27.5056  13.7447  -0.65508E+01  -0.15537E+01  -0.14927E+01   0.40000E+01   0.14859E+00
  389    27.7534  13.7462  -0.65904E+01  -0.15651E+01  -0.15040E+01   0.40000E+01   0.13807E+00
  390    28.0034  13.7477  -0.66302E+01  -0.15765E+01  -0.15154E+01   0.40000E+01   0.12826E+00
  391    28.2556  13.7492  -0.66702E+01  -0.15879E+01  -0.15269E+01   0.40000E+01   0.11915E+00
  392    28.5099  13.7506  -0.67104E+01  -0.15994E+01  -0.15384E+01   0.40000E+01   0.11055E+00
  393    28.7665  13.7521  -0.67507E+01  -0.16110E+01  -0.15500E+01   0.40000E+01   0.10258E+00
  394    29.0253  13.7535  -0.67913E+01  -0.16226E+01  -0.15616E+01   0.40000E+01   0.95054E-01
  395    29.2863  13.7549  -0.68321E+01  -0.16343E+01  -0.15733E+01   0.40000E+01   0.88100E-01
  396    29.5496  13.7563  -0.68729E+01  -0.16461E+01  -0.15851E+01   0.40000E+01   0.81629E-01
  397    29.8152  13.7577  -0.69142E+01  -0.16579E+01  -0.15969E+01   0.40000E+01   0.75522E-01
  398    30.0831  13.7590  -0.69555E+01  -0.16698E+01  -0.16088E+01   0.40000E+01   0.69918E-01
  399    30.3534  13.7604  -0.69970E+01  -0.16818E+01  -0.16208E+01   0.40000E+01   0.64690E-01
  400    30.6259  13.7617  -0.70388E+01  -0.16938E+01  -0.16328E+01   0.40000E+01   0.59894E-01
