    1     0.0001   0.0014  -0.15259E-04   0.93189E-06   0.59033E-01   0.78506E+01   0.28791E+03
    2     0.0088   0.1221  -0.20757E-02  -0.11435E-03   0.58918E-01   0.78071E+01   0.45858E+03
    3     0.0176   0.2423  -0.43399E-02  -0.27611E-03   0.58756E-01   0.77647E+01   0.48397E+03
    4     0.0264   0.3621  -0.67107E-02  -0.45801E-03   0.58574E-01   0.77229E+01   0.50182E+03
    5     0.0353   0.4814  -0.91623E-02  -0.65276E-03   0.58379E-01   0.76814E+01   0.51752E+03
    6     0.0443   0.6003  -0.11694E-01  -0.86063E-03   0.58172E-01   0.76404E+01   0.53141E+03
    7     0.0534   0.7188  -0.14290E-01  -0.10778E-02   0.57954E-01   0.75996E+01   0.54381E+03
    8     0.0626   0.8368  -0.16950E-01  -0.13037E-02   0.57729E-01   0.75591E+01   0.55551E+03
    9     0.0718   0.9543  -0.19670E-01  -0.15375E-02   0.57495E-01   0.75189E+01   0.56692E+03
   10     0.0811   1.0713  -0.22448E-01  -0.17790E-02   0.57253E-01   0.74789E+01   0.57776E+03
   11     0.0905   1.1879  -0.25285E-01  -0.20276E-02   0.57005E-01   0.74392E+01   0.58838E+03
   12     0.1000   1.3039  -0.28177E-01  -0.22834E-02   0.56749E-01   0.73997E+01   0.59853E+03
   13     0.1096   1.4195  -0.31134E-01  -0.25489E-02   0.56483E-01   0.73605E+01   0.60881E+03
   14     0.1192   1.5346  -0.34135E-01  -0.28182E-02   0.56214E-01   0.73214E+01   0.61875E+03
   15     0.1290   1.6491  -0.37191E-01  -0.30946E-02   0.55938E-01   0.72826E+01   0.62838E+03
   16     0.1388   1.7632  -0.40303E-01  -0.33780E-02   0.55654E-01   0.72440E+01   0.63815E+03
   17     0.1487   1.8767  -0.43469E-01  -0.36685E-02   0.55364E-01   0.72057E+01   0.64757E+03
   18     0.1587   1.9897  -0.46690E-01  -0.39663E-02   0.55066E-01   0.71675E+01   0.65708E+03
   19     0.1687   2.1021  -0.49966E-01  -0.42713E-02   0.54761E-01   0.71296E+01   0.66643E+03
   20     0.1789   2.2140  -0.53296E-01  -0.45834E-02   0.54449E-01   0.70919E+01   0.67556E+03
   21     0.1891   2.3254  -0.56681E-01  -0.49028E-02   0.54129E-01   0.70544E+01   0.68481E+03
   22     0.1995   2.4362  -0.60120E-01  -0.52297E-02   0.53803E-01   0.70171E+01   0.69389E+03
   23     0.2099   2.5465  -0.63614E-01  -0.55643E-02   0.53468E-01   0.69800E+01   0.70298E+03
   24     0.2204   2.6562  -0.67162E-01  -0.59062E-02   0.53126E-01   0.69431E+01   0.71203E+03
   25     0.2310   2.7653  -0.70768E-01  -0.62564E-02   0.52776E-01   0.69065E+01   0.72105E+03
   26     0.2417   2.8738  -0.74429E-01  -0.66148E-02   0.52417E-01   0.68701E+01   0.73008E+03
   27     0.2525   2.9818  -0.78147E-01  -0.69816E-02   0.52051E-01   0.68339E+01   0.73891E+03
   28     0.2634   3.0892  -0.81920E-01  -0.73566E-02   0.51676E-01   0.67979E+01   0.74779E+03
   29     0.2744   3.1959  -0.85750E-01  -0.77397E-02   0.51293E-01   0.67621E+01   0.75666E+03
   30     0.2855   3.3021  -0.89636E-01  -0.81315E-02   0.50901E-01   0.67266E+01   0.76547E+03
   31     0.2967   3.4077  -0.93577E-01  -0.85317E-02   0.50501E-01   0.66912E+01   0.77418E+03
   32     0.3079   3.5127  -0.97575E-01  -0.89403E-02   0.50092E-01   0.66561E+01   0.78289E+03
   33     0.3193   3.6170  -0.10161E+00  -0.93520E-02   0.49680E-01   0.66212E+01   0.79163E+03
   34     0.3308   3.7207  -0.10572E+00  -0.97793E-02   0.49253E-01   0.65865E+01   0.80025E+03
   35     0.3423   3.8238  -0.10990E+00  -0.10216E-01   0.48816E-01   0.65520E+01   0.80864E+03
   36     0.3540   3.9263  -0.11412E+00  -0.10662E-01   0.48370E-01   0.65178E+01   0.81719E+03
   37     0.3658   4.0281  -0.11840E+00  -0.11115E-01   0.47917E-01   0.64838E+01   0.82562E+03
   38     0.3777   4.1293  -0.12273E+00  -0.11575E-01   0.47457E-01   0.64500E+01   0.83399E+03
   39     0.3896   4.2299  -0.12712E+00  -0.12045E-01   0.46987E-01   0.64164E+01   0.84232E+03
   40     0.4017   4.3298  -0.13157E+00  -0.12527E-01   0.46505E-01   0.63830E+01   0.85056E+03
   41     0.4139   4.4291  -0.13610E+00  -0.13022E-01   0.46010E-01   0.63499E+01   0.85875E+03
   42     0.4262   4.5276  -0.14068E+00  -0.13528E-01   0.45504E-01   0.63171E+01   0.86689E+03
   43     0.4386   4.6256  -0.14533E+00  -0.14044E-01   0.44988E-01   0.62845E+01   0.87484E+03
   44     0.4511   4.7229  -0.15003E+00  -0.14570E-01   0.44462E-01   0.62522E+01   0.88275E+03
   45     0.4637   4.8195  -0.15480E+00  -0.15107E-01   0.43925E-01   0.62200E+01   0.89066E+03
   46     0.4764   4.9154  -0.15962E+00  -0.15656E-01   0.43376E-01   0.61881E+01   0.89847E+03
   47     0.4893   5.0106  -0.16451E+00  -0.16215E-01   0.42817E-01   0.61565E+01   0.90618E+03
   48     0.5022   5.1052  -0.16946E+00  -0.16786E-01   0.42246E-01   0.61251E+01   0.91377E+03
   49     0.5153   5.1991  -0.17447E+00  -0.17369E-01   0.41664E-01   0.60939E+01   0.92122E+03
   50     0.5285   5.2923  -0.17955E+00  -0.17962E-01   0.41070E-01   0.60630E+01   0.92879E+03
   51     0.5417   5.3849  -0.18468E+00  -0.18567E-01   0.40466E-01   0.60322E+01   0.93619E+03
   52     0.5552   5.4767  -0.18987E+00  -0.19182E-01   0.39850E-01   0.60018E+01   0.94354E+03
   53     0.5687   5.5679  -0.19513E+00  -0.19809E-01   0.39223E-01   0.59715E+01   0.95081E+03
   54     0.5823   5.6583  -0.20045E+00  -0.20448E-01   0.38584E-01   0.59416E+01   0.95772E+03
   55     0.5961   5.7481  -0.20583E+00  -0.21099E-01   0.37933E-01   0.59118E+01   0.96466E+03
   56     0.6099   5.8371  -0.21128E+00  -0.21762E-01   0.37270E-01   0.58823E+01   0.97155E+03
   57     0.6239   5.9255  -0.21678E+00  -0.22437E-01   0.36595E-01   0.58531E+01   0.97827E+03
   58     0.6381   6.0132  -0.22235E+00  -0.23125E-01   0.35907E-01   0.58241E+01   0.98489E+03
   59     0.6523   6.1001  -0.22799E+00  -0.23825E-01   0.35207E-01   0.57953E+01   0.99135E+03
   60     0.6667   6.1864  -0.23368E+00  -0.24537E-01   0.34495E-01   0.57668E+01   0.99766E+03
   61     0.6812   6.2719  -0.23945E+00  -0.25262E-01   0.33771E-01   0.57385E+01   0.10039E+04
   62     0.6958   6.3568  -0.24527E+00  -0.25999E-01   0.33033E-01   0.57105E+01   0.10100E+04
   63     0.7105   6.4409  -0.25116E+00  -0.26749E-01   0.32283E-01   0.56828E+01   0.10161E+04
   64     0.7254   6.5244  -0.25711E+00  -0.27513E-01   0.31520E-01   0.56553E+01   0.10219E+04
   65     0.7404   6.6071  -0.26313E+00  -0.28289E-01   0.30743E-01   0.56280E+01   0.10276E+04
   66     0.7555   6.6891  -0.26922E+00  -0.29079E-01   0.29954E-01   0.56010E+01   0.10332E+04
   67     0.7708   6.7704  -0.27537E+00  -0.29882E-01   0.29151E-01   0.55743E+01   0.10387E+04
   68     0.7862   6.8511  -0.28158E+00  -0.30698E-01   0.28334E-01   0.55478E+01   0.10441E+04
   69     0.8017   6.9310  -0.28786E+00  -0.31529E-01   0.27504E-01   0.55216E+01   0.10492E+04
   70     0.8174   7.0102  -0.29421E+00  -0.32372E-01   0.26660E-01   0.54956E+01   0.10543E+04
   71     0.8332   7.0886  -0.30062E+00  -0.33229E-01   0.25804E-01   0.54699E+01   0.10593E+04
   72     0.8491   7.1664  -0.30710E+00  -0.34100E-01   0.24932E-01   0.54445E+01   0.10640E+04
   73     0.8652   7.2435  -0.31365E+00  -0.34985E-01   0.24047E-01   0.54193E+01   0.10686E+04
   74     0.8814   7.3199  -0.32026E+00  -0.35884E-01   0.23148E-01   0.53944E+01   0.10731E+04
   75     0.8977   7.3956  -0.32694E+00  -0.36798E-01   0.22234E-01   0.53698E+01   0.10773E+04
   76     0.9142   7.4705  -0.33368E+00  -0.37725E-01   0.21307E-01   0.53454E+01   0.10815E+04
   77     0.9309   7.5448  -0.34050E+00  -0.38668E-01   0.20365E-01   0.53213E+01   0.10854E+04
   78     0.9477   7.6184  -0.34738E+00  -0.39624E-01   0.19408E-01   0.52975E+01   0.10892E+04
   79     0.9646   7.6913  -0.35432E+00  -0.40595E-01   0.18437E-01   0.52739E+01   0.10928E+04
   80     0.9817   7.7635  -0.36134E+00  -0.41580E-01   0.17452E-01   0.52506E+01   0.10962E+04
   81     0.9989   7.8350  -0.36842E+00  -0.42580E-01   0.16452E-01   0.52276E+01   0.10996E+04
   82     1.0163   7.9058  -0.37557E+00  -0.43595E-01   0.15438E-01   0.52049E+01   0.11027E+04
   83     1.0338   7.9759  -0.38278E+00  -0.44624E-01   0.14408E-01   0.51824E+01   0.11055E+04
   84     1.0515   8.0453  -0.39007E+00  -0.45668E-01   0.13364E-01   0.51601E+01   0.11082E+04
   85     1.0693   8.1141  -0.39742E+00  -0.46728E-01   0.12305E-01   0.51382E+01   0.11108E+04
   86     1.0873   8.1821  -0.40484E+00  -0.47802E-01   0.11230E-01   0.51165E+01   0.11131E+04
   87     1.1055   8.2495  -0.41233E+00  -0.48891E-01   0.10141E-01   0.50951E+01   0.11153E+04
   88     1.1238   8.3162  -0.41988E+00  -0.49996E-01   0.90364E-02   0.50739E+01   0.11173E+04
   89     1.1423   8.3823  -0.42750E+00  -0.51116E-01   0.79165E-02   0.50531E+01   0.11191E+04
   90     1.1609   8.4477  -0.43520E+00  -0.52251E-01   0.67809E-02   0.50324E+01   0.11208E+04
   91     1.1797   8.5124  -0.44296E+00  -0.53402E-01   0.56300E-02   0.50121E+01   0.11222E+04
   92     1.1986   8.5764  -0.45078E+00  -0.54569E-01   0.44636E-02   0.49920E+01   0.11235E+04
   93     1.2177   8.6398  -0.45868E+00  -0.55750E-01   0.32820E-02   0.49723E+01   0.11246E+04
   94     1.2370   8.7025  -0.46664E+00  -0.56948E-01   0.20845E-02   0.49527E+01   0.11256E+04
   95     1.2565   8.7646  -0.47468E+00  -0.58161E-01   0.87135E-03   0.49335E+01   0.11264E+04
   96     1.2761   8.8260  -0.48278E+00  -0.59390E-01  -0.35792E-03   0.49145E+01   0.11269E+04
   97     1.2959   8.8868  -0.49095E+00  -0.60636E-01  -0.16036E-02   0.48958E+01   0.11272E+04
   98     1.3158   8.9469  -0.49919E+00  -0.61898E-01  -0.28657E-02   0.48773E+01   0.11274E+04
   99     1.3360   9.0065  -0.50750E+00  -0.63177E-01  -0.41443E-02   0.48592E+01   0.11273E+04
  100     1.3563   9.0653  -0.51589E+00  -0.64472E-01  -0.54399E-02   0.48413E+01   0.11270E+04
  101     1.3767   9.1236  -0.52434E+00  -0.65784E-01  -0.67523E-02   0.48237E+01   0.11266E+04
  102     1.3974   9.1812  -0.53287E+00  -0.67113E-01  -0.80812E-02   0.48063E+01   0.11259E+04
  103     1.4183   9.2382  -0.54146E+00  -0.68459E-01  -0.94269E-02   0.47892E+01   0.11250E+04
  104     1.4393   9.2945  -0.55012E+00  -0.69821E-01  -0.10789E-01   0.47724E+01   0.11240E+04
  105     1.4605   9.3503  -0.55885E+00  -0.71200E-01  -0.12167E-01   0.47559E+01   0.11227E+04
  106     1.4819   9.4054  -0.56765E+00  -0.72595E-01  -0.13562E-01   0.47396E+01   0.11213E+04
  107     1.5035   9.4600  -0.57652E+00  -0.74006E-01  -0.14974E-01   0.47236E+01   0.11196E+04
  108     1.5252   9.5139  -0.58546E+00  -0.75434E-01  -0.16402E-01   0.47078E+01   0.11178E+04
  109     1.5472   9.5673  -0.59446E+00  -0.76878E-01  -0.17846E-01   0.46923E+01   0.11158E+04
  110     1.5693   9.6200  -0.60354E+00  -0.78340E-01  -0.19308E-01   0.46771E+01   0.11136E+04
  111     1.5917   9.6722  -0.61268E+00  -0.79818E-01  -0.20786E-01   0.46621E+01   0.11112E+04
  112     1.6142   9.7238  -0.62190E+00  -0.81315E-01  -0.22282E-01   0.46474E+01   0.11087E+04
  113     1.6369   9.7748  -0.63118E+00  -0.82828E-01  -0.23796E-01   0.46329E+01   0.11060E+04
  114     1.6598   9.8252  -0.64054E+00  -0.84360E-01  -0.25328E-01   0.46187E+01   0.11031E+04
  115     1.6830   9.8751  -0.64997E+00  -0.85910E-01  -0.26878E-01   0.46047E+01   0.11000E+04
  116     1.7063   9.9244  -0.65947E+00  -0.87479E-01  -0.28447E-01   0.45910E+01   0.10968E+04
  117     1.7298   9.9731  -0.66904E+00  -0.89065E-01  -0.30033E-01   0.45776E+01   0.10934E+04
  118     1.7536  10.0213  -0.67869E+00  -0.90671E-01  -0.31639E-01   0.45644E+01   0.10897E+04
  119     1.7775  10.0689  -0.68840E+00  -0.92294E-01  -0.33261E-01   0.45515E+01   0.10860E+04
  120     1.8016  10.1160  -0.69819E+00  -0.93935E-01  -0.34902E-01   0.45387E+01   0.10820E+04
  121     1.8260  10.1626  -0.70804E+00  -0.95594E-01  -0.36562E-01   0.45263E+01   0.10778E+04
  122     1.8506  10.2086  -0.71797E+00  -0.97272E-01  -0.38240E-01   0.45141E+01   0.10734E+04
  123     1.8753  10.2541  -0.72798E+00  -0.98970E-01  -0.39938E-01   0.45021E+01   0.10689E+04
  124     1.9003  10.2990  -0.73805E+00  -0.10068E+00  -0.41652E-01   0.44903E+01   0.10641E+04
  125     1.9256  10.3434  -0.74819E+00  -0.10242E+00  -0.43387E-01   0.44788E+01   0.10592E+04
  126     1.9510  10.3873  -0.75840E+00  -0.10417E+00  -0.45139E-01   0.44675E+01   0.10541E+04
  127     1.9766  10.4307  -0.76869E+00  -0.10594E+00  -0.46910E-01   0.44565E+01   0.10489E+04
  128     2.0025  10.4736  -0.77904E+00  -0.10773E+00  -0.48699E-01   0.44456E+01   0.10436E+04
  129     2.0286  10.5160  -0.78946E+00  -0.10954E+00  -0.50507E-01   0.44350E+01   0.10380E+04
  130     2.0550  10.5579  -0.79996E+00  -0.11137E+00  -0.52334E-01   0.44247E+01   0.10324E+04
  131     2.0815  10.5993  -0.81052E+00  -0.11321E+00  -0.54180E-01   0.44145E+01   0.10265E+04
  132     2.1083  10.6402  -0.82116E+00  -0.11508E+00  -0.56046E-01   0.44045E+01   0.10206E+04
  133     2.1353  10.6806  -0.83187E+00  -0.11696E+00  -0.57932E-01   0.43948E+01   0.10146E+04
  134     2.1626  10.7205  -0.84265E+00  -0.11887E+00  -0.59837E-01   0.43853E+01   0.10083E+04
  135     2.1901  10.7600  -0.85351E+00  -0.12079E+00  -0.61762E-01   0.43759E+01   0.10020E+04
  136     2.2178  10.7990  -0.86445E+00  -0.12274E+00  -0.63711E-01   0.43668E+01   0.99556E+03
  137     2.2458  10.8375  -0.87545E+00  -0.12471E+00  -0.65675E-01   0.43579E+01   0.98895E+03
  138     2.2740  10.8756  -0.88652E+00  -0.12669E+00  -0.67661E-01   0.43492E+01   0.98225E+03
  139     2.3025  10.9132  -0.89767E+00  -0.12870E+00  -0.69668E-01   0.43407E+01   0.97536E+03
  140     2.3312  10.9504  -0.90890E+00  -0.13073E+00  -0.71696E-01   0.43323E+01   0.96842E+03
  141     2.3602  10.9871  -0.92020E+00  -0.13278E+00  -0.73744E-01   0.43242E+01   0.96120E+03
  142     2.3894  11.0234  -0.93157E+00  -0.13485E+00  -0.75814E-01   0.43162E+01   0.95394E+03
  143     2.4188  11.0592  -0.94301E+00  -0.13694E+00  -0.77903E-01   0.43085E+01   0.94658E+03
  144     2.4486  11.0946  -0.95453E+00  -0.13905E+00  -0.80013E-01   0.43009E+01   0.93899E+03
  145     2.4785  11.1296  -0.96612E+00  -0.14118E+00  -0.82144E-01   0.42935E+01   0.93134E+03
  146     2.5088  11.1641  -0.97779E+00  -0.14333E+00  -0.84296E-01   0.42863E+01   0.92356E+03
  147     2.5393  11.1982  -0.98952E+00  -0.14550E+00  -0.86469E-01   0.42792E+01   0.91562E+03
  148     2.5701  11.2320  -0.10013E+01  -0.14770E+00  -0.88663E-01   0.42723E+01   0.90761E+03
  149     2.6011  11.2653  -0.10132E+01  -0.14991E+00  -0.90878E-01   0.42655E+01   0.89952E+03
  150     2.6324  11.2982  -0.10252E+01  -0.15215E+00  -0.93113E-01   0.42590E+01   0.89139E+03
  151     2.6640  11.3306  -0.10372E+01  -0.15440E+00  -0.95369E-01   0.42525E+01   0.88319E+03
  152     2.6958  11.3627  -0.10493E+01  -0.15668E+00  -0.97646E-01   0.42463E+01   0.87496E+03
  153     2.7280  11.3944  -0.10615E+01  -0.15898E+00  -0.99944E-01   0.42401E+01   0.86666E+03
  154     2.7604  11.4258  -0.10737E+01  -0.16130E+00  -0.10226E+00   0.42342E+01   0.85833E+03
  155     2.7931  11.4567  -0.10860E+01  -0.16364E+00  -0.10461E+00   0.42284E+01   0.84996E+03
  156     2.8260  11.4872  -0.10984E+01  -0.16600E+00  -0.10697E+00   0.42227E+01   0.84152E+03
  157     2.8593  11.5174  -0.11109E+01  -0.16839E+00  -0.10936E+00   0.42172E+01   0.83297E+03
  158     2.8929  11.5472  -0.11235E+01  -0.17081E+00  -0.11177E+00   0.42118E+01   0.82434E+03
  159     2.9267  11.5766  -0.11361E+01  -0.17324E+00  -0.11421E+00   0.42065E+01   0.81567E+03
  160     2.9608  11.6057  -0.11488E+01  -0.17571E+00  -0.11667E+00   0.42014E+01   0.80684E+03
  161     2.9953  11.6344  -0.11616E+01  -0.17819E+00  -0.11916E+00   0.41964E+01   0.79796E+03
  162     3.0300  11.6628  -0.11745E+01  -0.18069E+00  -0.12166E+00   0.41915E+01   0.78900E+03
  163     3.0651  11.6908  -0.11874E+01  -0.18322E+00  -0.12419E+00   0.41868E+01   0.77985E+03
  164     3.1004  11.7184  -0.12004E+01  -0.18577E+00  -0.12674E+00   0.41822E+01   0.77076E+03
  165     3.1360  11.7458  -0.12135E+01  -0.18834E+00  -0.12931E+00   0.41776E+01   0.76164E+03
  166     3.1720  11.7727  -0.12267E+01  -0.19093E+00  -0.13190E+00   0.41732E+01   0.75253E+03
  167     3.2083  11.7994  -0.12399E+01  -0.19355E+00  -0.13452E+00   0.41691E+01   0.74336E+03
  168     3.2449  11.8257  -0.12532E+01  -0.19618E+00  -0.13715E+00   0.41649E+01   0.73428E+03
  169     3.2818  11.8517  -0.12666E+01  -0.19885E+00  -0.13982E+00   0.41607E+01   0.72513E+03
  170     3.3190  11.8773  -0.12800E+01  -0.20154E+00  -0.14250E+00   0.41567E+01   0.71595E+03
  171     3.3565  11.9026  -0.12936E+01  -0.20425E+00  -0.14521E+00   0.41529E+01   0.70681E+03
  172     3.3944  11.9277  -0.13072E+01  -0.20698E+00  -0.14795E+00   0.41491E+01   0.69766E+03
  173     3.4326  11.9524  -0.13209E+01  -0.20974E+00  -0.15071E+00   0.41454E+01   0.68854E+03
  174     3.4712  11.9768  -0.13347E+01  -0.21253E+00  -0.15349E+00   0.41419E+01   0.67929E+03
  175     3.5100  12.0009  -0.13485E+01  -0.21534E+00  -0.15630E+00   0.41384E+01   0.67006E+03
  176     3.5492  12.0246  -0.13625E+01  -0.21817E+00  -0.15914E+00   0.41350E+01   0.66082E+03
  177     3.5888  12.0481  -0.13765E+01  -0.22102E+00  -0.16199E+00   0.41317E+01   0.65159E+03
  178     3.6287  12.0713  -0.13906E+01  -0.22390E+00  -0.16487E+00   0.41285E+01   0.64237E+03
  179     3.6689  12.0942  -0.14047E+01  -0.22681E+00  -0.16778E+00   0.41253E+01   0.63319E+03
  180     3.7095  12.1169  -0.14190E+01  -0.22974E+00  -0.17070E+00   0.41223E+01   0.62402E+03
  181     3.7505  12.1392  -0.14333E+01  -0.23269E+00  -0.17366E+00   0.41193E+01   0.61488E+03
  182     3.7918  12.1612  -0.14477E+01  -0.23567E+00  -0.17664E+00   0.41164E+01   0.60576E+03
  183     3.8334  12.1830  -0.14622E+01  -0.23867E+00  -0.17964E+00   0.41136E+01   0.59663E+03
  184     3.8754  12.2045  -0.14768E+01  -0.24170E+00  -0.18267E+00   0.41108E+01   0.58753E+03
  185     3.9178  12.2257  -0.14914E+01  -0.24476E+00  -0.18573E+00   0.41082E+01   0.57844E+03
  186     3.9606  12.2467  -0.15061E+01  -0.24784E+00  -0.18881E+00   0.41056E+01   0.56938E+03
  187     4.0037  12.2674  -0.15209E+01  -0.25095E+00  -0.19192E+00   0.41030E+01   0.56036E+03
  188     4.0472  12.2878  -0.15358E+01  -0.25408E+00  -0.19505E+00   0.41006E+01   0.55135E+03
  189     4.0911  12.3080  -0.15508E+01  -0.25724E+00  -0.19820E+00   0.40981E+01   0.54239E+03
  190     4.1353  12.3279  -0.15658E+01  -0.26042E+00  -0.20138E+00   0.40958E+01   0.53349E+03
  191     4.1800  12.3476  -0.15810E+01  -0.26362E+00  -0.20459E+00   0.40935E+01   0.52464E+03
  192     4.2250  12.3670  -0.15962E+01  -0.26686E+00  -0.20782E+00   0.40913E+01   0.51584E+03
  193     4.2705  12.3862  -0.16114E+01  -0.27011E+00  -0.21108E+00   0.40891E+01   0.50714E+03
  194     4.3163  12.4051  -0.16268E+01  -0.27340E+00  -0.21437E+00   0.40870E+01   0.49845E+03
  195     4.3625  12.4238  -0.16423E+01  -0.27671E+00  -0.21768E+00   0.40850E+01   0.48983E+03
  196     4.4091  12.4423  -0.16578E+01  -0.28005E+00  -0.22102E+00   0.40830E+01   0.48124E+03
  197     4.4561  12.4605  -0.16734E+01  -0.28342E+00  -0.22439E+00   0.40810E+01   0.47271E+03
  198     4.5036  12.4785  -0.16891E+01  -0.28681E+00  -0.22778E+00   0.40791E+01   0.46419E+03
  199     4.5514  12.4962  -0.17049E+01  -0.29023E+00  -0.23120E+00   0.40773E+01   0.45576E+03
  200     4.5997  12.5138  -0.17208E+01  -0.29368E+00  -0.23465E+00   0.40754E+01   0.44737E+03
  201     4.6484  12.5311  -0.17367E+01  -0.29715E+00  -0.23812E+00   0.40737E+01   0.43905E+03
  202     4.6975  12.5482  -0.17528E+01  -0.30065E+00  -0.24162E+00   0.40720E+01   0.43081E+03
  203     4.7470  12.5650  -0.17689E+01  -0.30417E+00  -0.24514E+00   0.40703E+01   0.42266E+03
  204     4.7970  12.5817  -0.17851E+01  -0.30772E+00  -0.24869E+00   0.40687E+01   0.41458E+03
  205     4.8474  12.5981  -0.18014E+01  -0.31131E+00  -0.25227E+00   0.40671E+01   0.40658E+03
  206     4.8982  12.6144  -0.18177E+01  -0.31491E+00  -0.25588E+00   0.40656E+01   0.39868E+03
  207     4.9495  12.6304  -0.18342E+01  -0.31855E+00  -0.25951E+00   0.40641E+01   0.39086E+03
  208     5.0012  12.6462  -0.18507E+01  -0.32221E+00  -0.26318E+00   0.40626E+01   0.38308E+03
  209     5.0534  12.6619  -0.18673E+01  -0.32590E+00  -0.26687E+00   0.40612E+01   0.37543E+03
  210     5.1060  12.6773  -0.18841E+01  -0.32962E+00  -0.27059E+00   0.40598E+01   0.36783E+03
  211     5.1591  12.6925  -0.19009E+01  -0.33337E+00  -0.27434E+00   0.40584E+01   0.36025E+03
  212     5.2126  12.7076  -0.19178E+01  -0.33715E+00  -0.27811E+00   0.40571E+01   0.35273E+03
  213     5.2667  12.7224  -0.19347E+01  -0.34095E+00  -0.28192E+00   0.40558E+01   0.34535E+03
  214     5.3211  12.7371  -0.19518E+01  -0.34478E+00  -0.28575E+00   0.40546E+01   0.33804E+03
  215     5.3761  12.7515  -0.19689E+01  -0.34864E+00  -0.28961E+00   0.40533E+01   0.33082E+03
  216     5.4315  12.7658  -0.19862E+01  -0.35253E+00  -0.29349E+00   0.40521E+01   0.32370E+03
  217     5.4874  12.7799  -0.20035E+01  -0.35644E+00  -0.29741E+00   0.40510E+01   0.31666E+03
  218     5.5438  12.7938  -0.20209E+01  -0.36038E+00  -0.30135E+00   0.40498E+01   0.30973E+03
  219     5.6007  12.8076  -0.20384E+01  -0.36436E+00  -0.30533E+00   0.40487E+01   0.30290E+03
  220     5.6581  12.8211  -0.20559E+01  -0.36836E+00  -0.30933E+00   0.40477E+01   0.29614E+03
  221     5.7160  12.8345  -0.20736E+01  -0.37239E+00  -0.31336E+00   0.40466E+01   0.28956E+03
  222     5.7744  12.8477  -0.20914E+01  -0.37646E+00  -0.31742E+00   0.40456E+01   0.28294E+03
  223     5.8333  12.8608  -0.21092E+01  -0.38055E+00  -0.32152E+00   0.40446E+01   0.27644E+03
  224     5.8927  12.8737  -0.21272E+01  -0.38467E+00  -0.32564E+00   0.40436E+01   0.26999E+03
  225     5.9526  12.8864  -0.21452E+01  -0.38882E+00  -0.32979E+00   0.40427E+01   0.26368E+03
  226     6.0131  12.8990  -0.21633E+01  -0.39300E+00  -0.33397E+00   0.40418E+01   0.25746E+03
  227     6.0740  12.9114  -0.21815E+01  -0.39721E+00  -0.33818E+00   0.40408E+01   0.25134E+03
  228     6.1355  12.9236  -0.21998E+01  -0.40144E+00  -0.34241E+00   0.40400E+01   0.24531E+03
  229     6.1976  12.9357  -0.22182E+01  -0.40571E+00  -0.34668E+00   0.40391E+01   0.23933E+03
  230     6.2602  12.9476  -0.22367E+01  -0.41001E+00  -0.35098E+00   0.40383E+01   0.23351E+03
  231     6.3233  12.9594  -0.22553E+01  -0.41434E+00  -0.35531E+00   0.40375E+01   0.22779E+03
  232     6.3869  12.9710  -0.22740E+01  -0.41870E+00  -0.35967E+00   0.40367E+01   0.22215E+03
  233     6.4512  12.9825  -0.22927E+01  -0.42309E+00  -0.36406E+00   0.40359E+01   0.21655E+03
  234     6.5159  12.9938  -0.23116E+01  -0.42751E+00  -0.36848E+00   0.40351E+01   0.21110E+03
  235     6.5813  13.0050  -0.23305E+01  -0.43196E+00  -0.37293E+00   0.40344E+01   0.20573E+03
  236     6.6472  13.0160  -0.23496E+01  -0.43644E+00  -0.37741E+00   0.40337E+01   0.20043E+03
  237     6.7137  13.0269  -0.23687E+01  -0.44095E+00  -0.38192E+00   0.40330E+01   0.19527E+03
  238     6.7807  13.0377  -0.23879E+01  -0.44550E+00  -0.38647E+00   0.40323E+01   0.19016E+03
  239     6.8484  13.0483  -0.24073E+01  -0.45007E+00  -0.39104E+00   0.40316E+01   0.18516E+03
  240     6.9166  13.0588  -0.24267E+01  -0.45468E+00  -0.39565E+00   0.40309E+01   0.18027E+03
  241     6.9854  13.0691  -0.24462E+01  -0.45932E+00  -0.40029E+00   0.40303E+01   0.17542E+03
  242     7.0549  13.0794  -0.24658E+01  -0.46399E+00  -0.40496E+00   0.40297E+01   0.17068E+03
  243     7.1249  13.0894  -0.24855E+01  -0.46869E+00  -0.40966E+00   0.40291E+01   0.16603E+03
  244     7.1955  13.0994  -0.25053E+01  -0.47343E+00  -0.41439E+00   0.40285E+01   0.16150E+03
  245     7.2668  13.1092  -0.25252E+01  -0.47819E+00  -0.41916E+00   0.40279E+01   0.15702E+03
  246     7.3387  13.1189  -0.25452E+01  -0.48299E+00  -0.42396E+00   0.40273E+01   0.15265E+03
  247     7.4112  13.1285  -0.25653E+01  -0.48782E+00  -0.42879E+00   0.40268E+01   0.14842E+03
  248     7.4843  13.1380  -0.25855E+01  -0.49268E+00  -0.43365E+00   0.40262E+01   0.14395E+03
  249     7.5580  13.1473  -0.26058E+01  -0.49758E+00  -0.43855E+00   0.40257E+01   0.14005E+03
  250     7.6324  13.1565  -0.26262E+01  -0.50251E+00  -0.44347E+00   0.40252E+01   0.13603E+03
  251     7.7075  13.1656  -0.26464E+01  -0.50735E+00  -0.44832E+00   0.40246E+01   0.13217E+03
  252     7.7832  13.1746  -0.26673E+01  -0.51248E+00  -0.45345E+00   0.40242E+01   0.12819E+03
  253     7.8596  13.1834  -0.26880E+01  -0.51749E+00  -0.45846E+00   0.40237E+01   0.12443E+03
  254     7.9366  13.1922  -0.27088E+01  -0.52254E+00  -0.46351E+00   0.40232E+01   0.12111E+03
  255     8.0143  13.2008  -0.27297E+01  -0.52764E+00  -0.46861E+00   0.40228E+01   0.11712E+03
  256     8.0926  13.2093  -0.27506E+01  -0.53276E+00  -0.47373E+00   0.40223E+01   0.11362E+03
  257     8.1717  13.2178  -0.27717E+01  -0.53792E+00  -0.47889E+00   0.40219E+01   0.11019E+03
  258     8.2514  13.2261  -0.27929E+01  -0.54312E+00  -0.48409E+00   0.40215E+01   0.10681E+03
  259     8.3319  13.2343  -0.28142E+01  -0.54835E+00  -0.48931E+00   0.40210E+01   0.10354E+03
  260     8.4130  13.2424  -0.28356E+01  -0.55361E+00  -0.49458E+00   0.40206E+01   0.10032E+03
  261     8.4948  13.2503  -0.28571E+01  -0.55891E+00  -0.49987E+00   0.40202E+01   0.97177E+02
  262     8.5774  13.2582  -0.28788E+01  -0.56424E+00  -0.50520E+00   0.40198E+01   0.94117E+02
  263     8.6606  13.2660  -0.29005E+01  -0.56960E+00  -0.51057E+00   0.40195E+01   0.91119E+02
  264     8.7446  13.2737  -0.29223E+01  -0.57500E+00  -0.51597E+00   0.40191E+01   0.88207E+02
  265     8.8293  13.2813  -0.29442E+01  -0.58044E+00  -0.52140E+00   0.40187E+01   0.85363E+02
  266     8.9148  13.2888  -0.29662E+01  -0.58590E+00  -0.52687E+00   0.40184E+01   0.82602E+02
  267     9.0010  13.2962  -0.29884E+01  -0.59141E+00  -0.53238E+00   0.40180E+01   0.79909E+02
  268     9.0879  13.3035  -0.30106E+01  -0.59695E+00  -0.53792E+00   0.40177E+01   0.77279E+02
  269     9.1756  13.3107  -0.30330E+01  -0.60253E+00  -0.54349E+00   0.40173E+01   0.74706E+02
  270     9.2641  13.3178  -0.30554E+01  -0.60814E+00  -0.54911E+00   0.40170E+01   0.72235E+02
  271     9.3534  13.3248  -0.30780E+01  -0.61379E+00  -0.55475E+00   0.40167E+01   0.69785E+02
  272     9.4434  13.3317  -0.31006E+01  -0.61946E+00  -0.56043E+00   0.40164E+01   0.67426E+02
  273     9.5342  13.3386  -0.31234E+01  -0.62520E+00  -0.56617E+00   0.40161E+01   0.65118E+02
  274     9.6257  13.3453  -0.31463E+01  -0.63094E+00  -0.57191E+00   0.40158E+01   0.62888E+02
  275     9.7181  13.3520  -0.31693E+01  -0.63674E+00  -0.57770E+00   0.40155E+01   0.60712E+02
  276     9.8113  13.3586  -0.31924E+01  -0.64256E+00  -0.58353E+00   0.40152E+01   0.58591E+02
  277     9.9053  13.3651  -0.32156E+01  -0.64843E+00  -0.58940E+00   0.40149E+01   0.56536E+02
  278    10.0001  13.3715  -0.32390E+01  -0.65433E+00  -0.59530E+00   0.40146E+01   0.54533E+02
  279    10.0957  13.3778  -0.32624E+01  -0.66027E+00  -0.60124E+00   0.40144E+01   0.52597E+02
  280    10.1922  13.3841  -0.32860E+01  -0.66625E+00  -0.60722E+00   0.40141E+01   0.50721E+02
  281    10.2895  13.3902  -0.33096E+01  -0.67226E+00  -0.61323E+00   0.40139E+01   0.48881E+02
  282    10.3877  13.3963  -0.33334E+01  -0.67832E+00  -0.61929E+00   0.40136E+01   0.47109E+02
  283    10.4867  13.4023  -0.33573E+01  -0.68441E+00  -0.62538E+00   0.40134E+01   0.45385E+02
  284    10.5865  13.4083  -0.33813E+01  -0.69053E+00  -0.63150E+00   0.40131E+01   0.43709E+02
  285    10.6873  13.4141  -0.34055E+01  -0.69670E+00  -0.63767E+00   0.40129E+01   0.42079E+02
  286    10.7889  13.4199  -0.34297E+01  -0.70291E+00  -0.64388E+00   0.40127E+01   0.40509E+02
  287    10.8914  13.4256  -0.34540E+01  -0.70915E+00  -0.65012E+00   0.40124E+01   0.38984E+02
  288    10.9947  13.4312  -0.34785E+01  -0.71543E+00  -0.65640E+00   0.40122E+01   0.37508E+02
  289    11.0990  13.4368  -0.35031E+01  -0.72175E+00  -0.66272E+00   0.40120E+01   0.36085E+02
  290    11.2042  13.4423  -0.35278E+01  -0.72811E+00  -0.66908E+00   0.40118E+01   0.34698E+02
  291    11.3103  13.4477  -0.35526E+01  -0.73451E+00  -0.67548E+00   0.40116E+01   0.33352E+02
  292    11.4173  13.4530  -0.35776E+01  -0.74095E+00  -0.68192E+00   0.40114E+01   0.32054E+02
  293    11.5253  13.4583  -0.36027E+01  -0.74743E+00  -0.68840E+00   0.40112E+01   0.30796E+02
  294    11.6342  13.4635  -0.36278E+01  -0.75395E+00  -0.69491E+00   0.40110E+01   0.29577E+02
  295    11.7440  13.4687  -0.36531E+01  -0.76050E+00  -0.70147E+00   0.40108E+01   0.28406E+02
  296    11.8548  13.4738  -0.36785E+01  -0.76710E+00  -0.70807E+00   0.40106E+01   0.27274E+02
  297    11.9666  13.4788  -0.37041E+01  -0.77374E+00  -0.71470E+00   0.40104E+01   0.26173E+02
  298    12.0793  13.4837  -0.37298E+01  -0.78042E+00  -0.72139E+00   0.40102E+01   0.25116E+02
  299    12.1930  13.4886  -0.37556E+01  -0.78714E+00  -0.72811E+00   0.40101E+01   0.24096E+02
  300    12.3077  13.4934  -0.37815E+01  -0.79390E+00  -0.73487E+00   0.40099E+01   0.23098E+02
  301    12.4234  13.4982  -0.38075E+01  -0.80070E+00  -0.74167E+00   0.40097E+01   0.22141E+02
  302    12.5401  13.5029  -0.38337E+01  -0.80754E+00  -0.74851E+00   0.40096E+01   0.21224E+02
  303    12.6578  13.5075  -0.38600E+01  -0.81443E+00  -0.75540E+00   0.40094E+01   0.20331E+02
  304    12.7766  13.5121  -0.38864E+01  -0.82136E+00  -0.76232E+00   0.40092E+01   0.19476E+02
  305    12.8963  13.5166  -0.39129E+01  -0.82833E+00  -0.76929E+00   0.40091E+01   0.18646E+02
  306    13.0172  13.5211  -0.39396E+01  -0.83534E+00  -0.77631E+00   0.40089E+01   0.17855E+02
  307    13.1390  13.5255  -0.39664E+01  -0.84240E+00  -0.78336E+00   0.40088E+01   0.17083E+02
  308    13.2619  13.5298  -0.39933E+01  -0.84949E+00  -0.79045E+00   0.40086E+01   0.16344E+02
  309    13.3859  13.5341  -0.40203E+01  -0.85663E+00  -0.79759E+00   0.40085E+01   0.15633E+02
  310    13.5110  13.5383  -0.40475E+01  -0.86381E+00  -0.80477E+00   0.40084E+01   0.14951E+02
  311    13.6372  13.5425  -0.40748E+01  -0.87103E+00  -0.81200E+00   0.40082E+01   0.14289E+02
  312    13.7644  13.5466  -0.41022E+01  -0.87830E+00  -0.81927E+00   0.40081E+01   0.13654E+02
  313    13.8928  13.5507  -0.41298E+01  -0.88562E+00  -0.82659E+00   0.40080E+01   0.13042E+02
  314    14.0223  13.5547  -0.41575E+01  -0.89297E+00  -0.83394E+00   0.40078E+01   0.12456E+02
  315    14.1529  13.5587  -0.41854E+01  -0.90037E+00  -0.84134E+00   0.40077E+01   0.11889E+02
  316    14.2846  13.5626  -0.42133E+01  -0.90782E+00  -0.84878E+00   0.40076E+01   0.11353E+02
  317    14.4175  13.5665  -0.42414E+01  -0.91531E+00  -0.85627E+00   0.40075E+01   0.10830E+02
  318    14.5515  13.5703  -0.42697E+01  -0.92285E+00  -0.86381E+00   0.40073E+01   0.10330E+02
  319    14.6867  13.5741  -0.42980E+01  -0.93042E+00  -0.87139E+00   0.40072E+01   0.98531E+01
  320    14.8231  13.5778  -0.43265E+01  -0.93805E+00  -0.87902E+00   0.40071E+01   0.93891E+01
  321    14.9607  13.5815  -0.43552E+01  -0.94572E+00  -0.88668E+00   0.40070E+01   0.89468E+01
  322    15.0994  13.5851  -0.43840E+01  -0.95344E+00  -0.89440E+00   0.40069E+01   0.85237E+01
  323    15.2394  13.5887  -0.44129E+01  -0.96119E+00  -0.90216E+00   0.40068E+01   0.81188E+01
  324    15.3806  13.5922  -0.44420E+01  -0.96901E+00  -0.90998E+00   0.40067E+01   0.77280E+01
  325    15.5230  13.5957  -0.44712E+01  -0.97687E+00  -0.91783E+00   0.40066E+01   0.73562E+01
  326    15.6666  13.5991  -0.45005E+01  -0.98477E+00  -0.92573E+00   0.40065E+01   0.69954E+01
  327    15.8115  13.6025  -0.45300E+01  -0.99271E+00  -0.93368E+00   0.40064E+01   0.66535E+01
  328    15.9577  13.6059  -0.45596E+01  -0.10007E+01  -0.94167E+00   0.40063E+01   0.63282E+01
  329    16.1051  13.6092  -0.45893E+01  -0.10087E+01  -0.94971E+00   0.40062E+01   0.60165E+01
  330    16.2538  13.6124  -0.46193E+01  -0.10168E+01  -0.95781E+00   0.40061E+01   0.57157E+01
  331    16.4038  13.6157  -0.46493E+01  -0.10250E+01  -0.96595E+00   0.40060E+01   0.54311E+01
  332    16.5551  13.6188  -0.46795E+01  -0.10332E+01  -0.97415E+00   0.40059E+01   0.51546E+01
  333    16.7078  13.6220  -0.47099E+01  -0.10414E+01  -0.98238E+00   0.40058E+01   0.48933E+01
  334    16.8617  13.6251  -0.47403E+01  -0.10497E+01  -0.99066E+00   0.40057E+01   0.46424E+01
  335    17.0170  13.6281  -0.47710E+01  -0.10580E+01  -0.99899E+00   0.40056E+01   0.44050E+01
  336    17.1736  13.6312  -0.48018E+01  -0.10664E+01  -0.10074E+01   0.40055E+01   0.41784E+01
  337    17.3316  13.6342  -0.48327E+01  -0.10748E+01  -0.10158E+01   0.40055E+01   0.39574E+01
  338    17.4910  13.6371  -0.48638E+01  -0.10833E+01  -0.10243E+01   0.40054E+01   0.37526E+01
  339    17.6518  13.6400  -0.48950E+01  -0.10918E+01  -0.10328E+01   0.40053E+01   0.35546E+01
  340    17.8139  13.6429  -0.49264E+01  -0.11004E+01  -0.10414E+01   0.40052E+01   0.33671E+01
  341    17.9775  13.6457  -0.49579E+01  -0.11091E+01  -0.10500E+01   0.40051E+01   0.31880E+01
  342    18.1425  13.6485  -0.49896E+01  -0.11178E+01  -0.10587E+01   0.40051E+01   0.30163E+01
  343    18.3089  13.6513  -0.50215E+01  -0.11265E+01  -0.10675E+01   0.40050E+01   0.28532E+01
  344    18.4768  13.6540  -0.50534E+01  -0.11353E+01  -0.10762E+01   0.40049E+01   0.26977E+01
  345    18.6461  13.6567  -0.50856E+01  -0.11441E+01  -0.10851E+01   0.40048E+01   0.25501E+01
  346    18.8169  13.6593  -0.51179E+01  -0.11530E+01  -0.10940E+01   0.40048E+01   0.24105E+01
  347    18.9892  13.6619  -0.51504E+01  -0.11619E+01  -0.11029E+01   0.40047E+01   0.22779E+01
  348    19.1630  13.6645  -0.51829E+01  -0.11709E+01  -0.11119E+01   0.40046E+01   0.21503E+01
  349    19.3383  13.6671  -0.52158E+01  -0.11800E+01  -0.11210E+01   0.40046E+01   0.20298E+01
  350    19.5151  13.6696  -0.52487E+01  -0.11891E+01  -0.11300E+01   0.40045E+01   0.19162E+01
  351    19.6934  13.6721  -0.52818E+01  -0.11982E+01  -0.11392E+01   0.40044E+01   0.18060E+01
  352    19.8734  13.6745  -0.53150E+01  -0.12074E+01  -0.11484E+01   0.40044E+01   0.17043E+01
  353    20.0548  13.6770  -0.53485E+01  -0.12167E+01  -0.11577E+01   0.40043E+01   0.16061E+01
  354    20.2379  13.6794  -0.53821E+01  -0.12260E+01  -0.11670E+01   0.40043E+01   0.15129E+01
  355    20.4225  13.6817  -0.54158E+01  -0.12354E+01  -0.11764E+01   0.40042E+01   0.14255E+01
  356    20.6088  13.6840  -0.54497E+01  -0.12448E+01  -0.11858E+01   0.40041E+01   0.13418E+01
  357    20.7966  13.6863  -0.54838E+01  -0.12543E+01  -0.11953E+01   0.40041E+01   0.12640E+01
  358    20.9861  13.6886  -0.55180E+01  -0.12638E+01  -0.12048E+01   0.40040E+01   0.11884E+01
  359    21.1773  13.6909  -0.55526E+01  -0.12735E+01  -0.12144E+01   0.40040E+01   0.11171E+01
  360    21.3701  13.6931  -0.55870E+01  -0.12831E+01  -0.12240E+01   0.40039E+01   0.10504E+01
  361    21.5646  13.6953  -0.56217E+01  -0.12928E+01  -0.12337E+01   0.40039E+01   0.98732E+00
  362    21.7607  13.6974  -0.56567E+01  -0.13025E+01  -0.12435E+01   0.40038E+01   0.92693E+00
  363    21.9586  13.6995  -0.56918E+01  -0.13124E+01  -0.12533E+01   0.40038E+01   0.87059E+00
  364    22.1582  13.7016  -0.57270E+01  -0.13223E+01  -0.12632E+01   0.40000E+01   0.81726E+00
  365    22.3596  13.7037  -0.57624E+01  -0.13322E+01  -0.12732E+01   0.40000E+01   0.76568E+00
  366    22.5626  13.7058  -0.57980E+01  -0.13422E+01  -0.12831E+01   0.40000E+01   0.71939E+00
  367    22.7675  13.7078  -0.58338E+01  -0.13522E+01  -0.12932E+01   0.40000E+01   0.67412E+00
  368    22.9741  13.7098  -0.58697E+01  -0.13623E+01  -0.13033E+01   0.40000E+01   0.63314E+00
  369    23.1825  13.7117  -0.59059E+01  -0.13725E+01  -0.13135E+01   0.40000E+01   0.59207E+00
  370    23.3928  13.7137  -0.59424E+01  -0.13828E+01  -0.13238E+01   0.40000E+01   0.55379E+00
  371    23.6049  13.7156  -0.59787E+01  -0.13930E+01  -0.13340E+01   0.40000E+01   0.51877E+00
  372    23.8188  13.7175  -0.60153E+01  -0.14033E+01  -0.13443E+01   0.40000E+01   0.48570E+00
  373    24.0345  13.7194  -0.60521E+01  -0.14137E+01  -0.13547E+01   0.40000E+01   0.45396E+00
  374    24.2522  13.7212  -0.60892E+01  -0.14242E+01  -0.13652E+01   0.40000E+01   0.42437E+00
  375    24.4717  13.7230  -0.61263E+01  -0.14347E+01  -0.13757E+01   0.40000E+01   0.39645E+00
  376    24.6932  13.7248  -0.61637E+01  -0.14453E+01  -0.13862E+01   0.40000E+01   0.37038E+00
  377    24.9166  13.7266  -0.62013E+01  -0.14559E+01  -0.13969E+01   0.40000E+01   0.34594E+00
  378    25.1419  13.7284  -0.62390E+01  -0.14666E+01  -0.14076E+01   0.40000E+01   0.32285E+00
  379    25.3691  13.7301  -0.62770E+01  -0.14774E+01  -0.14184E+01   0.40000E+01   0.30136E+00
  380    25.5984  13.7318  -0.63151E+01  -0.14882E+01  -0.14292E+01   0.40000E+01   0.28073E+00
  381    25.8296  13.7335  -0.63534E+01  -0.14991E+01  -0.14401E+01   0.40000E+01   0.26170E+00
  382    26.0629  13.7351  -0.63918E+01  -0.15100E+01  -0.14510E+01   0.40000E+01   0.24387E+00
  383    26.2982  13.7368  -0.64305E+01  -0.15211E+01  -0.14620E+01   0.40000E+01   0.22705E+00
  384    26.5355  13.7384  -0.64694E+01  -0.15321E+01  -0.14731E+01   0.40000E+01   0.21132E+00
  385    26.7749  13.7400  -0.65084E+01  -0.15433E+01  -0.14842E+01   0.40000E+01   0.19661E+00
  386    27.0164  13.7416  -0.65477E+01  -0.15545E+01  -0.14955E+01   0.40000E+01   0.18290E+00
  387    27.2599  13.7431  -0.65871E+01  -0.15657E+01  -0.15067E+01   0.40000E+01   0.17005E+00
  388    27.5056  13.7447  -0.66267E+01  -0.15771E+01  -0.15180E+01   0.40000E+01   0.15796E+00
  389    27.7534  13.7462  -0.66665E+01  -0.15885E+01  -0.15294E+01   0.40000E+01   0.14676E+00
  390    28.0034  13.7477  -0.67065E+01  -0.15999E+01  -0.15409E+01   0.40000E+01   0.13619E+00
  391    28.2556  13.7492  -0.67467E+01  -0.16114E+01  -0.15524E+01   0.40000E+01   0.12644E+00
  392    28.5099  13.7506  -0.67871E+01  -0.16230E+01  -0.15640E+01   0.40000E+01   0.11728E+00
  393    28.7665  13.7521  -0.68277E+01  -0.16347E+01  -0.15756E+01   0.40000E+01   0.10870E+00
  394    29.0253  13.7535  -0.68685E+01  -0.16464E+01  -0.15873E+01   0.40000E+01   0.10075E+00
  395    29.2863  13.7549  -0.69094E+01  -0.16581E+01  -0.15991E+01   0.40000E+01   0.93270E-01
  396    29.5496  13.7563  -0.69506E+01  -0.16700E+01  -0.16109E+01   0.40000E+01   0.86400E-01
  397    29.8152  13.7577  -0.69920E+01  -0.16819E+01  -0.16229E+01   0.40000E+01   0.79912E-01
  398    30.0831  13.7590  -0.70335E+01  -0.16939E+01  -0.16348E+01   0.40000E+01   0.73971E-01
  399    30.3534  13.7604  -0.70752E+01  -0.17059E+01  -0.16468E+01   0.40000E+01   0.68376E-01
  400    30.6259  13.7617  -0.71172E+01  -0.17180E+01  -0.16590E+01   0.40000E+01   0.63196E-01
