    1     0.0001   0.0014  -0.15259E-04   0.11390E-05   0.56047E-01   0.75770E+01   0.40151E+03
    2     0.0088   0.1221  -0.21768E-02  -0.13155E-03   0.55914E-01   0.75355E+01   0.67943E+03
    3     0.0176   0.2423  -0.45506E-02  -0.31320E-03   0.55733E-01   0.74952E+01   0.71689E+03
    4     0.0264   0.3621  -0.70356E-02  -0.51645E-03   0.55529E-01   0.74554E+01   0.74304E+03
    5     0.0353   0.4814  -0.96069E-02  -0.73459E-03   0.55311E-01   0.74160E+01   0.76610E+03
    6     0.0443   0.6003  -0.12260E-01  -0.96647E-03   0.55079E-01   0.73770E+01   0.78639E+03
    7     0.0534   0.7188  -0.14983E-01  -0.12086E-02   0.54837E-01   0.73383E+01   0.80443E+03
    8     0.0626   0.8368  -0.17771E-01  -0.14603E-02   0.54585E-01   0.72999E+01   0.82148E+03
    9     0.0718   0.9543  -0.20623E-01  -0.17210E-02   0.54325E-01   0.72617E+01   0.83807E+03
   10     0.0811   1.0713  -0.23537E-01  -0.19904E-02   0.54055E-01   0.72238E+01   0.85376E+03
   11     0.0905   1.1879  -0.26512E-01  -0.22682E-02   0.53778E-01   0.71861E+01   0.86915E+03
   12     0.1000   1.3039  -0.29545E-01  -0.25534E-02   0.53492E-01   0.71487E+01   0.88379E+03
   13     0.1096   1.4195  -0.32646E-01  -0.28490E-02   0.53197E-01   0.71115E+01   0.89861E+03
   14     0.1192   1.5346  -0.35794E-01  -0.31494E-02   0.52896E-01   0.70745E+01   0.91295E+03
   15     0.1290   1.6491  -0.38999E-01  -0.34576E-02   0.52588E-01   0.70377E+01   0.92679E+03
   16     0.1388   1.7632  -0.42263E-01  -0.37738E-02   0.52272E-01   0.70012E+01   0.94080E+03
   17     0.1487   1.8767  -0.45583E-01  -0.40974E-02   0.51948E-01   0.69649E+01   0.95431E+03
   18     0.1587   1.9897  -0.48961E-01  -0.44292E-02   0.51617E-01   0.69288E+01   0.96798E+03
   19     0.1687   2.1021  -0.52397E-01  -0.47692E-02   0.51277E-01   0.68929E+01   0.98141E+03
   20     0.1789   2.2140  -0.55890E-01  -0.51173E-02   0.50928E-01   0.68572E+01   0.99453E+03
   21     0.1891   2.3254  -0.59440E-01  -0.54732E-02   0.50573E-01   0.68217E+01   0.10078E+04
   22     0.1995   2.4362  -0.63048E-01  -0.58373E-02   0.50209E-01   0.67865E+01   0.10208E+04
   23     0.2099   2.5465  -0.66713E-01  -0.62099E-02   0.49836E-01   0.67514E+01   0.10337E+04
   24     0.2204   2.6562  -0.70434E-01  -0.65909E-02   0.49455E-01   0.67166E+01   0.10465E+04
   25     0.2310   2.7653  -0.74214E-01  -0.69801E-02   0.49066E-01   0.66820E+01   0.10593E+04
   26     0.2417   2.8738  -0.78051E-01  -0.73779E-02   0.48668E-01   0.66476E+01   0.10720E+04
   27     0.2525   2.9818  -0.81947E-01  -0.77850E-02   0.48261E-01   0.66134E+01   0.10845E+04
   28     0.2634   3.0892  -0.85900E-01  -0.82009E-02   0.47845E-01   0.65794E+01   0.10969E+04
   29     0.2744   3.1959  -0.89913E-01  -0.86255E-02   0.47420E-01   0.65457E+01   0.11094E+04
   30     0.2855   3.3021  -0.93983E-01  -0.90593E-02   0.46986E-01   0.65122E+01   0.11217E+04
   31     0.2967   3.4077  -0.98112E-01  -0.95027E-02   0.46543E-01   0.64788E+01   0.11338E+04
   32     0.3079   3.5127  -0.10230E+00  -0.99553E-02   0.46090E-01   0.64457E+01   0.11459E+04
   33     0.3193   3.6170  -0.10653E+00  -0.10411E-01   0.45635E-01   0.64127E+01   0.11580E+04
   34     0.3308   3.7207  -0.11083E+00  -0.10883E-01   0.45163E-01   0.63800E+01   0.11699E+04
   35     0.3423   3.8238  -0.11520E+00  -0.11365E-01   0.44681E-01   0.63476E+01   0.11814E+04
   36     0.3540   3.9263  -0.11963E+00  -0.11857E-01   0.44189E-01   0.63153E+01   0.11931E+04
   37     0.3658   4.0281  -0.12411E+00  -0.12359E-01   0.43687E-01   0.62833E+01   0.12047E+04
   38     0.3777   4.1293  -0.12866E+00  -0.12872E-01   0.43174E-01   0.62515E+01   0.12161E+04
   39     0.3896   4.2299  -0.13327E+00  -0.13394E-01   0.42651E-01   0.62200E+01   0.12274E+04
   40     0.4017   4.3298  -0.13794E+00  -0.13928E-01   0.42118E-01   0.61886E+01   0.12386E+04
   41     0.4139   4.4291  -0.14267E+00  -0.14472E-01   0.41573E-01   0.61575E+01   0.12497E+04
   42     0.4262   4.5276  -0.14747E+00  -0.15028E-01   0.41018E-01   0.61266E+01   0.12608E+04
   43     0.4386   4.6256  -0.15232E+00  -0.15594E-01   0.40452E-01   0.60959E+01   0.12715E+04
   44     0.4511   4.7229  -0.15724E+00  -0.16171E-01   0.39875E-01   0.60655E+01   0.12822E+04
   45     0.4637   4.8195  -0.16222E+00  -0.16760E-01   0.39286E-01   0.60353E+01   0.12929E+04
   46     0.4764   4.9154  -0.16726E+00  -0.17359E-01   0.38686E-01   0.60053E+01   0.13034E+04
   47     0.4893   5.0106  -0.17236E+00  -0.17971E-01   0.38075E-01   0.59756E+01   0.13138E+04
   48     0.5022   5.1052  -0.17753E+00  -0.18594E-01   0.37452E-01   0.59460E+01   0.13239E+04
   49     0.5153   5.1991  -0.18276E+00  -0.19228E-01   0.36818E-01   0.59168E+01   0.13339E+04
   50     0.5285   5.2923  -0.18805E+00  -0.19875E-01   0.36171E-01   0.58877E+01   0.13439E+04
   51     0.5417   5.3849  -0.19341E+00  -0.20533E-01   0.35512E-01   0.58589E+01   0.13535E+04
   52     0.5552   5.4767  -0.19883E+00  -0.21204E-01   0.34842E-01   0.58303E+01   0.13630E+04
   53     0.5687   5.5679  -0.20431E+00  -0.21888E-01   0.34158E-01   0.58019E+01   0.13723E+04
   54     0.5823   5.6583  -0.20986E+00  -0.22583E-01   0.33463E-01   0.57738E+01   0.13813E+04
   55     0.5961   5.7481  -0.21548E+00  -0.23291E-01   0.32755E-01   0.57459E+01   0.13904E+04
   56     0.6099   5.8371  -0.22116E+00  -0.24013E-01   0.32033E-01   0.57183E+01   0.13994E+04
   57     0.6239   5.9255  -0.22691E+00  -0.24747E-01   0.31299E-01   0.56909E+01   0.14082E+04
   58     0.6381   6.0132  -0.23272E+00  -0.25495E-01   0.30551E-01   0.56638E+01   0.14168E+04
   59     0.6523   6.1001  -0.23860E+00  -0.26256E-01   0.29790E-01   0.56369E+01   0.14253E+04
   60     0.6667   6.1864  -0.24455E+00  -0.27030E-01   0.29016E-01   0.56102E+01   0.14335E+04
   61     0.6812   6.2719  -0.25056E+00  -0.27817E-01   0.28229E-01   0.55838E+01   0.14416E+04
   62     0.6958   6.3568  -0.25663E+00  -0.28617E-01   0.27428E-01   0.55577E+01   0.14494E+04
   63     0.7105   6.4409  -0.26278E+00  -0.29432E-01   0.26613E-01   0.55318E+01   0.14572E+04
   64     0.7254   6.5244  -0.26898E+00  -0.30257E-01   0.25788E-01   0.55061E+01   0.14646E+04
   65     0.7404   6.6071  -0.27523E+00  -0.31092E-01   0.24954E-01   0.54806E+01   0.14719E+04
   66     0.7555   6.6891  -0.28156E+00  -0.31943E-01   0.24103E-01   0.54554E+01   0.14790E+04
   67     0.7708   6.7704  -0.28798E+00  -0.32812E-01   0.23234E-01   0.54305E+01   0.14857E+04
   68     0.7862   6.8511  -0.29446E+00  -0.33696E-01   0.22349E-01   0.54059E+01   0.14923E+04
   69     0.8017   6.9310  -0.30101E+00  -0.34595E-01   0.21451E-01   0.53815E+01   0.14986E+04
   70     0.8174   7.0102  -0.30763E+00  -0.35507E-01   0.20539E-01   0.53574E+01   0.15046E+04
   71     0.8332   7.0886  -0.31432E+00  -0.36435E-01   0.19611E-01   0.53336E+01   0.15105E+04
   72     0.8491   7.1664  -0.32107E+00  -0.37377E-01   0.18668E-01   0.53100E+01   0.15160E+04
   73     0.8652   7.2435  -0.32790E+00  -0.38335E-01   0.17711E-01   0.52867E+01   0.15215E+04
   74     0.8814   7.3199  -0.33479E+00  -0.39306E-01   0.16740E-01   0.52636E+01   0.15268E+04
   75     0.8977   7.3956  -0.34175E+00  -0.40291E-01   0.15755E-01   0.52408E+01   0.15319E+04
   76     0.9142   7.4705  -0.34877E+00  -0.41290E-01   0.14756E-01   0.52182E+01   0.15365E+04
   77     0.9309   7.5448  -0.35587E+00  -0.42304E-01   0.13741E-01   0.51959E+01   0.15408E+04
   78     0.9477   7.6184  -0.36303E+00  -0.43334E-01   0.12712E-01   0.51738E+01   0.15449E+04
   79     0.9646   7.6913  -0.37026E+00  -0.44378E-01   0.11668E-01   0.51520E+01   0.15488E+04
   80     0.9817   7.7635  -0.37756E+00  -0.45437E-01   0.10608E-01   0.51305E+01   0.15522E+04
   81     0.9989   7.8350  -0.38492E+00  -0.46512E-01   0.95342E-02   0.51092E+01   0.15556E+04
   82     1.0163   7.9058  -0.39236E+00  -0.47601E-01   0.84450E-02   0.50882E+01   0.15587E+04
   83     1.0338   7.9759  -0.39986E+00  -0.48706E-01   0.73401E-02   0.50674E+01   0.15614E+04
   84     1.0515   8.0453  -0.40744E+00  -0.49826E-01   0.62201E-02   0.50469E+01   0.15640E+04
   85     1.0693   8.1141  -0.41508E+00  -0.50962E-01   0.50843E-02   0.50267E+01   0.15663E+04
   86     1.0873   8.1821  -0.42279E+00  -0.52113E-01   0.39332E-02   0.50067E+01   0.15683E+04
   87     1.1055   8.2495  -0.43057E+00  -0.53280E-01   0.27658E-02   0.49870E+01   0.15702E+04
   88     1.1238   8.3162  -0.43843E+00  -0.54464E-01   0.15822E-02   0.49676E+01   0.15717E+04
   89     1.1423   8.3823  -0.44635E+00  -0.55662E-01   0.38331E-03   0.49483E+01   0.15729E+04
   90     1.1609   8.4477  -0.45434E+00  -0.56877E-01  -0.83084E-03   0.49294E+01   0.15740E+04
   91     1.1797   8.5124  -0.46240E+00  -0.58108E-01  -0.20625E-02   0.49108E+01   0.15747E+04
   92     1.1986   8.5764  -0.47053E+00  -0.59356E-01  -0.33100E-02   0.48924E+01   0.15752E+04
   93     1.2177   8.6398  -0.47873E+00  -0.60620E-01  -0.45742E-02   0.48743E+01   0.15753E+04
   94     1.2370   8.7025  -0.48701E+00  -0.61900E-01  -0.58544E-02   0.48564E+01   0.15753E+04
   95     1.2565   8.7646  -0.49535E+00  -0.63197E-01  -0.71514E-02   0.48388E+01   0.15750E+04
   96     1.2761   8.8260  -0.50377E+00  -0.64510E-01  -0.84643E-02   0.48215E+01   0.15743E+04
   97     1.2959   8.8868  -0.51225E+00  -0.65840E-01  -0.97946E-02   0.48044E+01   0.15734E+04
   98     1.3158   8.9469  -0.52081E+00  -0.67187E-01  -0.11141E-01   0.47876E+01   0.15722E+04
   99     1.3360   9.0065  -0.52943E+00  -0.68550E-01  -0.12504E-01   0.47711E+01   0.15707E+04
  100     1.3563   9.0653  -0.53812E+00  -0.69930E-01  -0.13884E-01   0.47548E+01   0.15689E+04
  101     1.3767   9.1236  -0.54689E+00  -0.71327E-01  -0.15281E-01   0.47387E+01   0.15668E+04
  102     1.3974   9.1812  -0.55573E+00  -0.72741E-01  -0.16695E-01   0.47230E+01   0.15645E+04
  103     1.4183   9.2382  -0.56463E+00  -0.74172E-01  -0.18126E-01   0.47074E+01   0.15619E+04
  104     1.4393   9.2945  -0.57361E+00  -0.75620E-01  -0.19574E-01   0.46922E+01   0.15590E+04
  105     1.4605   9.3503  -0.58266E+00  -0.77085E-01  -0.21039E-01   0.46771E+01   0.15559E+04
  106     1.4819   9.4054  -0.59178E+00  -0.78568E-01  -0.22522E-01   0.46624E+01   0.15526E+04
  107     1.5035   9.4600  -0.60096E+00  -0.80068E-01  -0.24022E-01   0.46479E+01   0.15491E+04
  108     1.5252   9.5139  -0.61022E+00  -0.81585E-01  -0.25539E-01   0.46336E+01   0.15452E+04
  109     1.5472   9.5673  -0.61955E+00  -0.83120E-01  -0.27074E-01   0.46196E+01   0.15412E+04
  110     1.5693   9.6200  -0.62895E+00  -0.84672E-01  -0.28626E-01   0.46058E+01   0.15368E+04
  111     1.5917   9.6722  -0.63842E+00  -0.86242E-01  -0.30197E-01   0.45923E+01   0.15322E+04
  112     1.6142   9.7238  -0.64797E+00  -0.87831E-01  -0.31786E-01   0.45790E+01   0.15273E+04
  113     1.6369   9.7748  -0.65759E+00  -0.89439E-01  -0.33393E-01   0.45659E+01   0.15222E+04
  114     1.6598   9.8252  -0.66728E+00  -0.91065E-01  -0.35020E-01   0.45531E+01   0.15168E+04
  115     1.6830   9.8751  -0.67704E+00  -0.92710E-01  -0.36664E-01   0.45406E+01   0.15111E+04
  116     1.7063   9.9244  -0.68688E+00  -0.94374E-01  -0.38328E-01   0.45283E+01   0.15051E+04
  117     1.7298   9.9731  -0.69679E+00  -0.96055E-01  -0.40009E-01   0.45162E+01   0.14990E+04
  118     1.7536  10.0213  -0.70677E+00  -0.97755E-01  -0.41709E-01   0.45043E+01   0.14925E+04
  119     1.7775  10.0689  -0.71682E+00  -0.99473E-01  -0.43427E-01   0.44927E+01   0.14858E+04
  120     1.8016  10.1160  -0.72693E+00  -0.10121E+00  -0.45163E-01   0.44813E+01   0.14789E+04
  121     1.8260  10.1626  -0.73712E+00  -0.10296E+00  -0.46918E-01   0.44702E+01   0.14718E+04
  122     1.8506  10.2086  -0.74738E+00  -0.10474E+00  -0.48690E-01   0.44592E+01   0.14644E+04
  123     1.8753  10.2541  -0.75771E+00  -0.10653E+00  -0.50481E-01   0.44485E+01   0.14570E+04
  124     1.9003  10.2990  -0.76811E+00  -0.10834E+00  -0.52291E-01   0.44380E+01   0.14492E+04
  125     1.9256  10.3434  -0.77858E+00  -0.11017E+00  -0.54121E-01   0.44277E+01   0.14412E+04
  126     1.9510  10.3873  -0.78913E+00  -0.11202E+00  -0.55970E-01   0.44176E+01   0.14330E+04
  127     1.9766  10.4307  -0.79975E+00  -0.11388E+00  -0.57839E-01   0.44077E+01   0.14248E+04
  128     2.0025  10.4736  -0.81045E+00  -0.11577E+00  -0.59729E-01   0.43980E+01   0.14163E+04
  129     2.0286  10.5160  -0.82121E+00  -0.11768E+00  -0.61638E-01   0.43886E+01   0.14076E+04
  130     2.0550  10.5579  -0.83206E+00  -0.11961E+00  -0.63568E-01   0.43793E+01   0.13987E+04
  131     2.0815  10.5993  -0.84297E+00  -0.12156E+00  -0.65517E-01   0.43703E+01   0.13896E+04
  132     2.1083  10.6402  -0.85396E+00  -0.12353E+00  -0.67485E-01   0.43614E+01   0.13802E+04
  133     2.1353  10.6806  -0.86502E+00  -0.12552E+00  -0.69474E-01   0.43527E+01   0.13707E+04
  134     2.1626  10.7205  -0.87616E+00  -0.12753E+00  -0.71485E-01   0.43443E+01   0.13609E+04
  135     2.1901  10.7600  -0.88736E+00  -0.12956E+00  -0.73514E-01   0.43360E+01   0.13509E+04
  136     2.2178  10.7990  -0.89864E+00  -0.13161E+00  -0.75564E-01   0.43279E+01   0.13407E+04
  137     2.2458  10.8375  -0.90999E+00  -0.13368E+00  -0.77634E-01   0.43200E+01   0.13304E+04
  138     2.2740  10.8756  -0.92141E+00  -0.13577E+00  -0.79724E-01   0.43122E+01   0.13200E+04
  139     2.3025  10.9132  -0.93291E+00  -0.13788E+00  -0.81833E-01   0.43047E+01   0.13094E+04
  140     2.3312  10.9504  -0.94447E+00  -0.14001E+00  -0.83963E-01   0.42973E+01   0.12988E+04
  141     2.3602  10.9871  -0.95611E+00  -0.14216E+00  -0.86113E-01   0.42901E+01   0.12879E+04
  142     2.3894  11.0234  -0.96782E+00  -0.14433E+00  -0.88285E-01   0.42830E+01   0.12769E+04
  143     2.4188  11.0592  -0.97960E+00  -0.14652E+00  -0.90477E-01   0.42761E+01   0.12658E+04
  144     2.4486  11.0946  -0.99146E+00  -0.14874E+00  -0.92691E-01   0.42694E+01   0.12546E+04
  145     2.4785  11.1296  -0.10034E+01  -0.15097E+00  -0.94926E-01   0.42628E+01   0.12433E+04
  146     2.5088  11.1641  -0.10154E+01  -0.15323E+00  -0.97187E-01   0.42564E+01   0.12319E+04
  147     2.5393  11.1982  -0.10275E+01  -0.15551E+00  -0.99463E-01   0.42501E+01   0.12204E+04
  148     2.5701  11.2320  -0.10396E+01  -0.15781E+00  -0.10176E+00   0.42440E+01   0.12088E+04
  149     2.6011  11.2653  -0.10519E+01  -0.16013E+00  -0.10409E+00   0.42381E+01   0.11970E+04
  150     2.6324  11.2982  -0.10642E+01  -0.16248E+00  -0.10643E+00   0.42323E+01   0.11852E+04
  151     2.6640  11.3306  -0.10766E+01  -0.16485E+00  -0.10880E+00   0.42266E+01   0.11731E+04
  152     2.6958  11.3627  -0.10890E+01  -0.16724E+00  -0.11119E+00   0.42210E+01   0.11611E+04
  153     2.7280  11.3944  -0.11016E+01  -0.16965E+00  -0.11360E+00   0.42156E+01   0.11488E+04
  154     2.7604  11.4258  -0.11142E+01  -0.17208E+00  -0.11603E+00   0.42104E+01   0.11365E+04
  155     2.7931  11.4567  -0.11269E+01  -0.17453E+00  -0.11849E+00   0.42052E+01   0.11240E+04
  156     2.8260  11.4872  -0.11396E+01  -0.17701E+00  -0.12097E+00   0.42002E+01   0.11115E+04
  157     2.8593  11.5174  -0.11525E+01  -0.17951E+00  -0.12347E+00   0.41953E+01   0.10989E+04
  158     2.8929  11.5472  -0.11654E+01  -0.18203E+00  -0.12599E+00   0.41906E+01   0.10862E+04
  159     2.9267  11.5766  -0.11783E+01  -0.18458E+00  -0.12853E+00   0.41859E+01   0.10737E+04
  160     2.9608  11.6057  -0.11914E+01  -0.18714E+00  -0.13109E+00   0.41813E+01   0.10610E+04
  161     2.9953  11.6344  -0.12045E+01  -0.18973E+00  -0.13368E+00   0.41769E+01   0.10484E+04
  162     3.0300  11.6628  -0.12177E+01  -0.19234E+00  -0.13629E+00   0.41726E+01   0.10358E+04
  163     3.0651  11.6908  -0.12310E+01  -0.19497E+00  -0.13892E+00   0.41684E+01   0.10232E+04
  164     3.1004  11.7184  -0.12443E+01  -0.19763E+00  -0.14158E+00   0.41643E+01   0.10106E+04
  165     3.1360  11.7458  -0.12578E+01  -0.20031E+00  -0.14426E+00   0.41603E+01   0.99789E+03
  166     3.1720  11.7727  -0.12713E+01  -0.20301E+00  -0.14697E+00   0.41564E+01   0.98520E+03
  167     3.2083  11.7994  -0.12849E+01  -0.20575E+00  -0.14970E+00   0.41526E+01   0.97239E+03
  168     3.2449  11.8257  -0.12986E+01  -0.20850E+00  -0.15246E+00   0.41489E+01   0.95960E+03
  169     3.2818  11.8517  -0.13123E+01  -0.21129E+00  -0.15524E+00   0.41453E+01   0.94671E+03
  170     3.3190  11.8773  -0.13261E+01  -0.21409E+00  -0.15804E+00   0.41418E+01   0.93370E+03
  171     3.3565  11.9026  -0.13400E+01  -0.21691E+00  -0.16087E+00   0.41384E+01   0.92063E+03
  172     3.3944  11.9277  -0.13540E+01  -0.21976E+00  -0.16372E+00   0.41350E+01   0.90773E+03
  173     3.4326  11.9524  -0.13681E+01  -0.22264E+00  -0.16659E+00   0.41318E+01   0.89474E+03
  174     3.4712  11.9768  -0.13822E+01  -0.22553E+00  -0.16949E+00   0.41286E+01   0.88185E+03
  175     3.5100  12.0009  -0.13964E+01  -0.22845E+00  -0.17240E+00   0.41256E+01   0.86903E+03
  176     3.5492  12.0246  -0.14107E+01  -0.23138E+00  -0.17534E+00   0.41226E+01   0.85631E+03
  177     3.5888  12.0481  -0.14250E+01  -0.23436E+00  -0.17831E+00   0.41196E+01   0.84357E+03
  178     3.6287  12.0713  -0.14395E+01  -0.23735E+00  -0.18130E+00   0.41167E+01   0.83088E+03
  179     3.6689  12.0942  -0.14540E+01  -0.24037E+00  -0.18432E+00   0.41139E+01   0.81823E+03
  180     3.7095  12.1169  -0.14686E+01  -0.24341E+00  -0.18737E+00   0.41112E+01   0.80574E+03
  181     3.7505  12.1392  -0.14833E+01  -0.24648E+00  -0.19043E+00   0.41086E+01   0.79311E+03
  182     3.7918  12.1612  -0.14980E+01  -0.24957E+00  -0.19353E+00   0.41060E+01   0.78057E+03
  183     3.8334  12.1830  -0.15129E+01  -0.25269E+00  -0.19665E+00   0.41035E+01   0.76801E+03
  184     3.8754  12.2045  -0.15278E+01  -0.25584E+00  -0.19979E+00   0.41011E+01   0.75559E+03
  185     3.9178  12.2257  -0.15428E+01  -0.25900E+00  -0.20296E+00   0.40987E+01   0.74319E+03
  186     3.9606  12.2467  -0.15578E+01  -0.26220E+00  -0.20615E+00   0.40964E+01   0.73089E+03
  187     4.0037  12.2674  -0.15730E+01  -0.26541E+00  -0.20937E+00   0.40941E+01   0.71866E+03
  188     4.0472  12.2878  -0.15882E+01  -0.26866E+00  -0.21261E+00   0.40919E+01   0.70654E+03
  189     4.0911  12.3080  -0.16035E+01  -0.27193E+00  -0.21588E+00   0.40897E+01   0.69443E+03
  190     4.1353  12.3279  -0.16189E+01  -0.27522E+00  -0.21918E+00   0.40876E+01   0.68243E+03
  191     4.1800  12.3476  -0.16344E+01  -0.27855E+00  -0.22250E+00   0.40856E+01   0.67046E+03
  192     4.2250  12.3670  -0.16500E+01  -0.28190E+00  -0.22585E+00   0.40836E+01   0.65857E+03
  193     4.2705  12.3862  -0.16656E+01  -0.28527E+00  -0.22923E+00   0.40817E+01   0.64677E+03
  194     4.3163  12.4051  -0.16813E+01  -0.28867E+00  -0.23263E+00   0.40798E+01   0.63503E+03
  195     4.3625  12.4238  -0.16971E+01  -0.29210E+00  -0.23605E+00   0.40780E+01   0.62341E+03
  196     4.4091  12.4423  -0.17130E+01  -0.29555E+00  -0.23950E+00   0.40762E+01   0.61188E+03
  197     4.4561  12.4605  -0.17290E+01  -0.29902E+00  -0.24298E+00   0.40744E+01   0.60046E+03
  198     4.5036  12.4785  -0.17450E+01  -0.30253E+00  -0.24648E+00   0.40727E+01   0.58914E+03
  199     4.5514  12.4962  -0.17611E+01  -0.30606E+00  -0.25001E+00   0.40711E+01   0.57797E+03
  200     4.5997  12.5138  -0.17774E+01  -0.30962E+00  -0.25357E+00   0.40694E+01   0.56688E+03
  201     4.6484  12.5311  -0.17937E+01  -0.31320E+00  -0.25716E+00   0.40679E+01   0.55586E+03
  202     4.6975  12.5482  -0.18100E+01  -0.31682E+00  -0.26077E+00   0.40663E+01   0.54496E+03
  203     4.7470  12.5650  -0.18265E+01  -0.32046E+00  -0.26441E+00   0.40648E+01   0.53416E+03
  204     4.7970  12.5817  -0.18431E+01  -0.32413E+00  -0.26808E+00   0.40634E+01   0.52343E+03
  205     4.8474  12.5981  -0.18597E+01  -0.32782E+00  -0.27178E+00   0.40619E+01   0.51284E+03
  206     4.8982  12.6144  -0.18764E+01  -0.33154E+00  -0.27550E+00   0.40605E+01   0.50233E+03
  207     4.9495  12.6304  -0.18932E+01  -0.33529E+00  -0.27925E+00   0.40592E+01   0.49196E+03
  208     5.0012  12.6462  -0.19101E+01  -0.33907E+00  -0.28302E+00   0.40579E+01   0.48166E+03
  209     5.0534  12.6619  -0.19270E+01  -0.34287E+00  -0.28682E+00   0.40566E+01   0.47159E+03
  210     5.1060  12.6773  -0.19441E+01  -0.34670E+00  -0.29065E+00   0.40553E+01   0.46159E+03
  211     5.1591  12.6925  -0.19612E+01  -0.35056E+00  -0.29451E+00   0.40541E+01   0.45171E+03
  212     5.2126  12.7076  -0.19785E+01  -0.35444E+00  -0.29840E+00   0.40529E+01   0.44197E+03
  213     5.2667  12.7224  -0.19958E+01  -0.35836E+00  -0.30231E+00   0.40518E+01   0.43241E+03
  214     5.3211  12.7371  -0.20132E+01  -0.36230E+00  -0.30626E+00   0.40506E+01   0.42293E+03
  215     5.3761  12.7515  -0.20307E+01  -0.36628E+00  -0.31023E+00   0.40495E+01   0.41356E+03
  216     5.4315  12.7658  -0.20482E+01  -0.37028E+00  -0.31423E+00   0.40484E+01   0.40428E+03
  217     5.4874  12.7799  -0.20659E+01  -0.37431E+00  -0.31827E+00   0.40474E+01   0.39510E+03
  218     5.5438  12.7938  -0.20837E+01  -0.37837E+00  -0.32232E+00   0.40464E+01   0.38606E+03
  219     5.6007  12.8076  -0.21015E+01  -0.38246E+00  -0.32641E+00   0.40454E+01   0.37714E+03
  220     5.6581  12.8211  -0.21194E+01  -0.38657E+00  -0.33053E+00   0.40444E+01   0.36836E+03
  221     5.7160  12.8345  -0.21374E+01  -0.39071E+00  -0.33467E+00   0.40434E+01   0.35976E+03
  222     5.7744  12.8477  -0.21555E+01  -0.39488E+00  -0.33884E+00   0.40425E+01   0.35124E+03
  223     5.8333  12.8608  -0.21737E+01  -0.39908E+00  -0.34304E+00   0.40416E+01   0.34288E+03
  224     5.8927  12.8737  -0.21920E+01  -0.40332E+00  -0.34727E+00   0.40407E+01   0.33467E+03
  225     5.9526  12.8864  -0.22103E+01  -0.40758E+00  -0.35153E+00   0.40398E+01   0.32658E+03
  226     6.0131  12.8990  -0.22288E+01  -0.41187E+00  -0.35582E+00   0.40390E+01   0.31867E+03
  227     6.0740  12.9114  -0.22474E+01  -0.41619E+00  -0.36014E+00   0.40382E+01   0.31080E+03
  228     6.1355  12.9236  -0.22660E+01  -0.42054E+00  -0.36450E+00   0.40374E+01   0.30303E+03
  229     6.1976  12.9357  -0.22847E+01  -0.42492E+00  -0.36887E+00   0.40366E+01   0.29539E+03
  230     6.2602  12.9476  -0.23036E+01  -0.42934E+00  -0.37329E+00   0.40358E+01   0.28794E+03
  231     6.3233  12.9594  -0.23225E+01  -0.43378E+00  -0.37773E+00   0.40351E+01   0.28058E+03
  232     6.3869  12.9710  -0.23415E+01  -0.43824E+00  -0.38219E+00   0.40344E+01   0.27343E+03
  233     6.4512  12.9825  -0.23606E+01  -0.44274E+00  -0.38669E+00   0.40336E+01   0.26629E+03
  234     6.5159  12.9938  -0.23797E+01  -0.44727E+00  -0.39122E+00   0.40329E+01   0.25936E+03
  235     6.5813  13.0050  -0.23990E+01  -0.45183E+00  -0.39579E+00   0.40323E+01   0.25258E+03
  236     6.6472  13.0160  -0.24184E+01  -0.45642E+00  -0.40038E+00   0.40316E+01   0.24584E+03
  237     6.7137  13.0269  -0.24379E+01  -0.46105E+00  -0.40500E+00   0.40310E+01   0.23927E+03
  238     6.7807  13.0377  -0.24574E+01  -0.46570E+00  -0.40966E+00   0.40303E+01   0.23280E+03
  239     6.8484  13.0483  -0.24771E+01  -0.47039E+00  -0.41434E+00   0.40297E+01   0.22648E+03
  240     6.9166  13.0588  -0.24968E+01  -0.47510E+00  -0.41906E+00   0.40291E+01   0.22029E+03
  241     6.9854  13.0691  -0.25167E+01  -0.47985E+00  -0.42380E+00   0.40285E+01   0.21421E+03
  242     7.0549  13.0794  -0.25366E+01  -0.48463E+00  -0.42858E+00   0.40279E+01   0.20825E+03
  243     7.1249  13.0894  -0.25567E+01  -0.48944E+00  -0.43339E+00   0.40274E+01   0.20243E+03
  244     7.1955  13.0994  -0.25768E+01  -0.49428E+00  -0.43824E+00   0.40268E+01   0.19674E+03
  245     7.2668  13.1092  -0.25970E+01  -0.49916E+00  -0.44311E+00   0.40263E+01   0.19110E+03
  246     7.3387  13.1189  -0.26174E+01  -0.50406E+00  -0.44802E+00   0.40258E+01   0.18561E+03
  247     7.4112  13.1285  -0.26378E+01  -0.50901E+00  -0.45296E+00   0.40253E+01   0.18024E+03
  248     7.4843  13.1380  -0.26583E+01  -0.51397E+00  -0.45793E+00   0.40248E+01   0.17499E+03
  249     7.5580  13.1473  -0.26789E+01  -0.51898E+00  -0.46293E+00   0.40243E+01   0.16986E+03
  250     7.6324  13.1565  -0.26996E+01  -0.52401E+00  -0.46797E+00   0.40238E+01   0.16482E+03
  251     7.7075  13.1656  -0.27205E+01  -0.52908E+00  -0.47304E+00   0.40233E+01   0.15981E+03
  252     7.7832  13.1746  -0.27414E+01  -0.53418E+00  -0.47814E+00   0.40229E+01   0.15517E+03
  253     7.8596  13.1834  -0.27624E+01  -0.53932E+00  -0.48328E+00   0.40224E+01   0.15046E+03
  254     7.9366  13.1922  -0.27836E+01  -0.54450E+00  -0.48846E+00   0.40220E+01   0.14583E+03
  255     8.0143  13.2008  -0.28044E+01  -0.54960E+00  -0.49355E+00   0.40216E+01   0.14145E+03
  256     8.0926  13.2093  -0.28260E+01  -0.55492E+00  -0.49887E+00   0.40212E+01   0.13699E+03
  257     8.1717  13.2178  -0.28475E+01  -0.56019E+00  -0.50415E+00   0.40208E+01   0.13268E+03
  258     8.2514  13.2261  -0.28690E+01  -0.56549E+00  -0.50944E+00   0.40204E+01   0.12865E+03
  259     8.3319  13.2343  -0.28906E+01  -0.57082E+00  -0.51478E+00   0.40200E+01   0.12451E+03
  260     8.4130  13.2424  -0.29123E+01  -0.57619E+00  -0.52014E+00   0.40196E+01   0.12055E+03
  261     8.4948  13.2503  -0.29341E+01  -0.58160E+00  -0.52555E+00   0.40192E+01   0.11668E+03
  262     8.5774  13.2582  -0.29561E+01  -0.58703E+00  -0.53099E+00   0.40189E+01   0.11292E+03
  263     8.6606  13.2660  -0.29781E+01  -0.59250E+00  -0.53646E+00   0.40185E+01   0.10924E+03
  264     8.7446  13.2737  -0.30002E+01  -0.59801E+00  -0.54197E+00   0.40182E+01   0.10566E+03
  265     8.8293  13.2813  -0.30225E+01  -0.60355E+00  -0.54751E+00   0.40178E+01   0.10216E+03
  266     8.9148  13.2888  -0.30448E+01  -0.60913E+00  -0.55308E+00   0.40175E+01   0.98766E+02
  267     9.0010  13.2962  -0.30673E+01  -0.61474E+00  -0.55870E+00   0.40172E+01   0.95462E+02
  268     9.0879  13.3035  -0.30898E+01  -0.62039E+00  -0.56434E+00   0.40168E+01   0.92244E+02
  269     9.1756  13.3107  -0.31125E+01  -0.62607E+00  -0.57002E+00   0.40165E+01   0.89115E+02
  270     9.2641  13.3178  -0.31353E+01  -0.63178E+00  -0.57574E+00   0.40162E+01   0.86073E+02
  271     9.3534  13.3248  -0.31582E+01  -0.63754E+00  -0.58149E+00   0.40159E+01   0.83103E+02
  272     9.4434  13.3317  -0.31811E+01  -0.64333E+00  -0.58728E+00   0.40156E+01   0.80223E+02
  273     9.5342  13.3386  -0.32042E+01  -0.64915E+00  -0.59311E+00   0.40153E+01   0.77443E+02
  274     9.6257  13.3453  -0.32274E+01  -0.65501E+00  -0.59897E+00   0.40151E+01   0.74706E+02
  275     9.7181  13.3520  -0.32507E+01  -0.66090E+00  -0.60486E+00   0.40148E+01   0.72059E+02
  276     9.8113  13.3586  -0.32742E+01  -0.66685E+00  -0.61080E+00   0.40145E+01   0.69485E+02
  277     9.9053  13.3651  -0.32977E+01  -0.67281E+00  -0.61677E+00   0.40143E+01   0.67003E+02
  278    10.0001  13.3715  -0.33214E+01  -0.67882E+00  -0.62277E+00   0.40140E+01   0.64576E+02
  279    10.0957  13.3778  -0.33451E+01  -0.68486E+00  -0.62882E+00   0.40138E+01   0.62236E+02
  280    10.1922  13.3841  -0.33690E+01  -0.69095E+00  -0.63490E+00   0.40135E+01   0.59957E+02
  281    10.2895  13.3902  -0.33930E+01  -0.69706E+00  -0.64102E+00   0.40133E+01   0.57741E+02
  282    10.3877  13.3963  -0.34171E+01  -0.70322E+00  -0.64718E+00   0.40130E+01   0.55604E+02
  283    10.4867  13.4023  -0.34413E+01  -0.70941E+00  -0.65337E+00   0.40128E+01   0.53527E+02
  284    10.5865  13.4083  -0.34656E+01  -0.71565E+00  -0.65960E+00   0.40126E+01   0.51512E+02
  285    10.6873  13.4141  -0.34900E+01  -0.72192E+00  -0.66587E+00   0.40124E+01   0.49562E+02
  286    10.7889  13.4199  -0.35146E+01  -0.72823E+00  -0.67218E+00   0.40121E+01   0.47666E+02
  287    10.8914  13.4256  -0.35392E+01  -0.73457E+00  -0.67852E+00   0.40119E+01   0.45833E+02
  288    10.9947  13.4312  -0.35640E+01  -0.74096E+00  -0.68491E+00   0.40117E+01   0.44058E+02
  289    11.0990  13.4368  -0.35889E+01  -0.74738E+00  -0.69133E+00   0.40115E+01   0.42355E+02
  290    11.2042  13.4423  -0.36139E+01  -0.75384E+00  -0.69780E+00   0.40113E+01   0.40690E+02
  291    11.3103  13.4477  -0.36391E+01  -0.76034E+00  -0.70430E+00   0.40111E+01   0.39084E+02
  292    11.4173  13.4530  -0.36643E+01  -0.76689E+00  -0.71084E+00   0.40109E+01   0.37539E+02
  293    11.5253  13.4583  -0.36897E+01  -0.77347E+00  -0.71742E+00   0.40107E+01   0.36043E+02
  294    11.6342  13.4635  -0.37152E+01  -0.78009E+00  -0.72405E+00   0.40106E+01   0.34588E+02
  295    11.7440  13.4687  -0.37408E+01  -0.78675E+00  -0.73070E+00   0.40104E+01   0.33188E+02
  296    11.8548  13.4738  -0.37665E+01  -0.79345E+00  -0.73740E+00   0.40102E+01   0.31837E+02
  297    11.9666  13.4788  -0.37924E+01  -0.80019E+00  -0.74415E+00   0.40100E+01   0.30529E+02
  298    12.0793  13.4837  -0.38184E+01  -0.80697E+00  -0.75092E+00   0.40099E+01   0.29274E+02
  299    12.1930  13.4886  -0.38445E+01  -0.81379E+00  -0.75775E+00   0.40097E+01   0.28063E+02
  300    12.3077  13.4934  -0.38707E+01  -0.82066E+00  -0.76461E+00   0.40095E+01   0.26881E+02
  301    12.4234  13.4982  -0.38970E+01  -0.82756E+00  -0.77152E+00   0.40094E+01   0.25754E+02
  302    12.5401  13.5029  -0.39235E+01  -0.83451E+00  -0.77846E+00   0.40092E+01   0.24665E+02
  303    12.6578  13.5075  -0.39501E+01  -0.84150E+00  -0.78545E+00   0.40091E+01   0.23607E+02
  304    12.7766  13.5121  -0.39768E+01  -0.84853E+00  -0.79248E+00   0.40089E+01   0.22595E+02
  305    12.8963  13.5166  -0.40037E+01  -0.85560E+00  -0.79955E+00   0.40088E+01   0.21617E+02
  306    13.0172  13.5211  -0.40306E+01  -0.86270E+00  -0.80666E+00   0.40086E+01   0.20684E+02
  307    13.1390  13.5255  -0.40577E+01  -0.86986E+00  -0.81382E+00   0.40085E+01   0.19775E+02
  308    13.2619  13.5298  -0.40849E+01  -0.87706E+00  -0.82102E+00   0.40084E+01   0.18905E+02
  309    13.3859  13.5341  -0.41123E+01  -0.88431E+00  -0.82826E+00   0.40082E+01   0.18069E+02
  310    13.5110  13.5383  -0.41398E+01  -0.89158E+00  -0.83554E+00   0.40081E+01   0.17265E+02
  311    13.6372  13.5425  -0.41674E+01  -0.89891E+00  -0.84287E+00   0.40080E+01   0.16488E+02
  312    13.7644  13.5466  -0.41951E+01  -0.90628E+00  -0.85023E+00   0.40078E+01   0.15747E+02
  313    13.8928  13.5507  -0.42230E+01  -0.91369E+00  -0.85765E+00   0.40077E+01   0.15031E+02
  314    14.0223  13.5547  -0.42510E+01  -0.92115E+00  -0.86511E+00   0.40076E+01   0.14341E+02
  315    14.1529  13.5587  -0.42792E+01  -0.92866E+00  -0.87261E+00   0.40075E+01   0.13680E+02
  316    14.2846  13.5626  -0.43074E+01  -0.93620E+00  -0.88016E+00   0.40073E+01   0.13052E+02
  317    14.4175  13.5665  -0.43358E+01  -0.94379E+00  -0.88775E+00   0.40072E+01   0.12439E+02
  318    14.5515  13.5703  -0.43644E+01  -0.95143E+00  -0.89538E+00   0.40071E+01   0.11858E+02
  319    14.6867  13.5741  -0.43930E+01  -0.95911E+00  -0.90306E+00   0.40070E+01   0.11302E+02
  320    14.8231  13.5778  -0.44219E+01  -0.96684E+00  -0.91079E+00   0.40069E+01   0.10763E+02
  321    14.9607  13.5815  -0.44508E+01  -0.97461E+00  -0.91856E+00   0.40068E+01   0.10249E+02
  322    15.0994  13.5851  -0.44799E+01  -0.98243E+00  -0.92638E+00   0.40067E+01   0.97534E+01
  323    15.2394  13.5887  -0.45091E+01  -0.99029E+00  -0.93424E+00   0.40066E+01   0.92829E+01
  324    15.3806  13.5922  -0.45385E+01  -0.99820E+00  -0.94215E+00   0.40065E+01   0.88312E+01
  325    15.5230  13.5957  -0.45680E+01  -0.10061E+01  -0.95010E+00   0.40064E+01   0.83996E+01
  326    15.6666  13.5991  -0.45976E+01  -0.10142E+01  -0.95811E+00   0.40063E+01   0.79832E+01
  327    15.8115  13.6025  -0.46274E+01  -0.10222E+01  -0.96617E+00   0.40062E+01   0.75894E+01
  328    15.9577  13.6059  -0.46573E+01  -0.10303E+01  -0.97426E+00   0.40061E+01   0.72106E+01
  329    16.1051  13.6092  -0.46874E+01  -0.10385E+01  -0.98240E+00   0.40060E+01   0.68479E+01
  330    16.2538  13.6124  -0.47176E+01  -0.10466E+01  -0.99059E+00   0.40059E+01   0.65016E+01
  331    16.4038  13.6157  -0.47479E+01  -0.10549E+01  -0.99882E+00   0.40058E+01   0.61745E+01
  332    16.5551  13.6188  -0.47784E+01  -0.10632E+01  -0.10071E+01   0.40057E+01   0.58584E+01
  333    16.7078  13.6220  -0.48091E+01  -0.10715E+01  -0.10155E+01   0.40056E+01   0.55566E+01
  334    16.8617  13.6251  -0.48399E+01  -0.10799E+01  -0.10238E+01   0.40056E+01   0.52671E+01
  335    17.0170  13.6281  -0.48708E+01  -0.10883E+01  -0.10323E+01   0.40055E+01   0.49931E+01
  336    17.1736  13.6312  -0.49019E+01  -0.10968E+01  -0.10408E+01   0.40054E+01   0.47316E+01
  337    17.3316  13.6342  -0.49332E+01  -0.11053E+01  -0.10493E+01   0.40053E+01   0.44817E+01
  338    17.4910  13.6371  -0.49645E+01  -0.11139E+01  -0.10579E+01   0.40052E+01   0.42460E+01
  339    17.6518  13.6400  -0.49961E+01  -0.11226E+01  -0.10665E+01   0.40052E+01   0.40163E+01
  340    17.8139  13.6429  -0.50278E+01  -0.11313E+01  -0.10752E+01   0.40051E+01   0.38014E+01
  341    17.9775  13.6457  -0.50595E+01  -0.11399E+01  -0.10839E+01   0.40050E+01   0.35972E+01
  342    18.1425  13.6485  -0.50916E+01  -0.11488E+01  -0.10927E+01   0.40049E+01   0.34004E+01
  343    18.3089  13.6513  -0.51237E+01  -0.11576E+01  -0.11015E+01   0.40049E+01   0.32163E+01
  344    18.4768  13.6540  -0.51560E+01  -0.11665E+01  -0.11104E+01   0.40048E+01   0.30379E+01
  345    18.6461  13.6567  -0.51885E+01  -0.11754E+01  -0.11194E+01   0.40047E+01   0.28690E+01
  346    18.8169  13.6593  -0.52211E+01  -0.11844E+01  -0.11284E+01   0.40047E+01   0.27101E+01
  347    18.9892  13.6619  -0.52538E+01  -0.11935E+01  -0.11374E+01   0.40046E+01   0.25584E+01
  348    19.1630  13.6645  -0.52868E+01  -0.12025E+01  -0.11465E+01   0.40045E+01   0.24143E+01
  349    19.3383  13.6671  -0.53199E+01  -0.12117E+01  -0.11557E+01   0.40045E+01   0.22773E+01
  350    19.5151  13.6696  -0.53531E+01  -0.12209E+01  -0.11649E+01   0.40044E+01   0.21480E+01
  351    19.6934  13.6721  -0.53865E+01  -0.12302E+01  -0.11741E+01   0.40043E+01   0.20238E+01
  352    19.8734  13.6745  -0.54201E+01  -0.12395E+01  -0.11834E+01   0.40043E+01   0.19067E+01
  353    20.0548  13.6770  -0.54538E+01  -0.12488E+01  -0.11928E+01   0.40042E+01   0.17964E+01
  354    20.2379  13.6794  -0.54877E+01  -0.12582E+01  -0.12022E+01   0.40042E+01   0.16910E+01
  355    20.4225  13.6817  -0.55217E+01  -0.12677E+01  -0.12117E+01   0.40041E+01   0.15923E+01
  356    20.6088  13.6840  -0.55559E+01  -0.12772E+01  -0.12212E+01   0.40040E+01   0.14977E+01
  357    20.7966  13.6863  -0.55904E+01  -0.12868E+01  -0.12308E+01   0.40040E+01   0.14081E+01
  358    20.9861  13.6886  -0.56248E+01  -0.12964E+01  -0.12404E+01   0.40039E+01   0.13250E+01
  359    21.1773  13.6909  -0.56596E+01  -0.13061E+01  -0.12501E+01   0.40039E+01   0.12448E+01
  360    21.3701  13.6931  -0.56945E+01  -0.13159E+01  -0.12599E+01   0.40038E+01   0.11687E+01
  361    21.5646  13.6953  -0.57295E+01  -0.13257E+01  -0.12697E+01   0.40038E+01   0.10976E+01
  362    21.7607  13.6974  -0.57647E+01  -0.13356E+01  -0.12795E+01   0.40037E+01   0.10290E+01
  363    21.9586  13.6995  -0.58001E+01  -0.13455E+01  -0.12894E+01   0.40037E+01   0.96708E+00
  364    22.1582  13.7016  -0.58356E+01  -0.13554E+01  -0.12994E+01   0.40036E+01   0.90681E+00
  365    22.3596  13.7037  -0.58714E+01  -0.13655E+01  -0.13095E+01   0.40000E+01   0.85021E+00
  366    22.5626  13.7058  -0.59073E+01  -0.13756E+01  -0.13196E+01   0.40000E+01   0.79592E+00
  367    22.7675  13.7078  -0.59434E+01  -0.13858E+01  -0.13297E+01   0.40000E+01   0.74652E+00
  368    22.9741  13.7098  -0.59796E+01  -0.13960E+01  -0.13399E+01   0.40000E+01   0.69922E+00
  369    23.1825  13.7117  -0.60161E+01  -0.14062E+01  -0.13502E+01   0.40000E+01   0.65522E+00
  370    23.3928  13.7137  -0.60527E+01  -0.14166E+01  -0.13605E+01   0.40000E+01   0.61213E+00
  371    23.6049  13.7156  -0.60897E+01  -0.14270E+01  -0.13710E+01   0.40000E+01   0.57236E+00
  372    23.8188  13.7175  -0.61264E+01  -0.14374E+01  -0.13813E+01   0.40000E+01   0.53526E+00
  373    24.0345  13.7194  -0.61636E+01  -0.14479E+01  -0.13918E+01   0.40000E+01   0.50033E+00
  374    24.2522  13.7212  -0.62009E+01  -0.14584E+01  -0.14024E+01   0.40000E+01   0.46737E+00
  375    24.4717  13.7230  -0.62384E+01  -0.14691E+01  -0.14130E+01   0.40000E+01   0.43644E+00
  376    24.6932  13.7248  -0.62761E+01  -0.14798E+01  -0.14237E+01   0.40000E+01   0.40708E+00
  377    24.9166  13.7266  -0.63140E+01  -0.14905E+01  -0.14344E+01   0.40000E+01   0.38005E+00
  378    25.1419  13.7284  -0.63520E+01  -0.15013E+01  -0.14453E+01   0.40000E+01   0.35450E+00
  379    25.3691  13.7301  -0.63903E+01  -0.15122E+01  -0.14561E+01   0.40000E+01   0.33051E+00
  380    25.5984  13.7318  -0.64287E+01  -0.15231E+01  -0.14671E+01   0.40000E+01   0.30799E+00
  381    25.8296  13.7335  -0.64673E+01  -0.15341E+01  -0.14780E+01   0.40000E+01   0.28659E+00
  382    26.0629  13.7351  -0.65061E+01  -0.15451E+01  -0.14891E+01   0.40000E+01   0.26693E+00
  383    26.2982  13.7368  -0.65451E+01  -0.15562E+01  -0.15002E+01   0.40000E+01   0.24835E+00
  384    26.5355  13.7384  -0.65843E+01  -0.15674E+01  -0.15114E+01   0.40000E+01   0.23098E+00
  385    26.7749  13.7400  -0.66236E+01  -0.15787E+01  -0.15226E+01   0.40000E+01   0.21478E+00
  386    27.0164  13.7416  -0.66632E+01  -0.15900E+01  -0.15339E+01   0.40000E+01   0.19953E+00
  387    27.2599  13.7431  -0.67030E+01  -0.16014E+01  -0.15453E+01   0.40000E+01   0.18550E+00
  388    27.5056  13.7447  -0.67429E+01  -0.16128E+01  -0.15567E+01   0.40000E+01   0.17217E+00
  389    27.7534  13.7462  -0.67830E+01  -0.16243E+01  -0.15682E+01   0.40000E+01   0.15977E+00
  390    28.0034  13.7477  -0.68233E+01  -0.16358E+01  -0.15798E+01   0.40000E+01   0.14817E+00
  391    28.2556  13.7492  -0.68638E+01  -0.16475E+01  -0.15914E+01   0.40000E+01   0.13748E+00
  392    28.5099  13.7506  -0.69045E+01  -0.16592E+01  -0.16031E+01   0.40000E+01   0.12739E+00
  393    28.7665  13.7521  -0.69454E+01  -0.16709E+01  -0.16149E+01   0.40000E+01   0.11796E+00
  394    29.0253  13.7535  -0.69866E+01  -0.16827E+01  -0.16267E+01   0.40000E+01   0.10927E+00
  395    29.2863  13.7549  -0.70278E+01  -0.16946E+01  -0.16386E+01   0.40000E+01   0.10113E+00
  396    29.5496  13.7563  -0.70694E+01  -0.17066E+01  -0.16505E+01   0.40000E+01   0.93604E-01
  397    29.8152  13.7577  -0.71110E+01  -0.17186E+01  -0.16625E+01   0.40000E+01   0.86514E-01
  398    30.0831  13.7590  -0.71529E+01  -0.17307E+01  -0.16746E+01   0.40000E+01   0.79921E-01
  399    30.3534  13.7604  -0.71950E+01  -0.17428E+01  -0.16868E+01   0.40000E+01   0.73876E-01
  400    30.6259  13.7617  -0.72372E+01  -0.17550E+01  -0.16990E+01   0.40000E+01   0.68254E-01
