    1     0.0001   0.0014  -0.15259E-04   0.11908E-05   0.53074E-01   0.73082E+01   0.57101E+03
    2     0.0088   0.1221  -0.22898E-02  -0.15255E-03   0.52921E-01   0.72688E+01   0.10089E+04
    3     0.0176   0.2423  -0.47880E-02  -0.35895E-03   0.52714E-01   0.72306E+01   0.10643E+04
    4     0.0264   0.3621  -0.74029E-02  -0.58827E-03   0.52485E-01   0.71928E+01   0.11027E+04
    5     0.0353   0.4814  -0.10108E-01  -0.83347E-03   0.52240E-01   0.71555E+01   0.11365E+04
    6     0.0443   0.6003  -0.12900E-01  -0.10940E-02   0.51979E-01   0.71186E+01   0.11661E+04
    7     0.0534   0.7188  -0.15764E-01  -0.13658E-02   0.51707E-01   0.70819E+01   0.11924E+04
    8     0.0626   0.8368  -0.18698E-01  -0.16482E-02   0.51425E-01   0.70455E+01   0.12172E+04
    9     0.0718   0.9543  -0.21698E-01  -0.19402E-02   0.51133E-01   0.70094E+01   0.12412E+04
   10     0.0811   1.0713  -0.24763E-01  -0.22413E-02   0.50832E-01   0.69735E+01   0.12639E+04
   11     0.0905   1.1879  -0.27890E-01  -0.25517E-02   0.50521E-01   0.69379E+01   0.12861E+04
   12     0.1000   1.3039  -0.31080E-01  -0.28710E-02   0.50202E-01   0.69025E+01   0.13072E+04
   13     0.1096   1.4195  -0.34339E-01  -0.32013E-02   0.49872E-01   0.68674E+01   0.13285E+04
   14     0.1192   1.5346  -0.37647E-01  -0.35366E-02   0.49537E-01   0.68324E+01   0.13490E+04
   15     0.1290   1.6491  -0.41017E-01  -0.38808E-02   0.49192E-01   0.67977E+01   0.13689E+04
   16     0.1388   1.7632  -0.44447E-01  -0.42337E-02   0.48840E-01   0.67632E+01   0.13889E+04
   17     0.1487   1.8767  -0.47936E-01  -0.45952E-02   0.48478E-01   0.67289E+01   0.14081E+04
   18     0.1587   1.9897  -0.51485E-01  -0.49650E-02   0.48108E-01   0.66948E+01   0.14275E+04
   19     0.1687   2.1021  -0.55093E-01  -0.53434E-02   0.47730E-01   0.66609E+01   0.14466E+04
   20     0.1789   2.2140  -0.58761E-01  -0.57305E-02   0.47343E-01   0.66273E+01   0.14651E+04
   21     0.1891   2.3254  -0.62488E-01  -0.61267E-02   0.46946E-01   0.65938E+01   0.14838E+04
   22     0.1995   2.4362  -0.66273E-01  -0.65311E-02   0.46542E-01   0.65606E+01   0.15021E+04
   23     0.2099   2.5465  -0.70119E-01  -0.69446E-02   0.46129E-01   0.65275E+01   0.15202E+04
   24     0.2204   2.6562  -0.74024E-01  -0.73671E-02   0.45706E-01   0.64947E+01   0.15382E+04
   25     0.2310   2.7653  -0.77988E-01  -0.77990E-02   0.45274E-01   0.64621E+01   0.15560E+04
   26     0.2417   2.8738  -0.82013E-01  -0.82397E-02   0.44833E-01   0.64297E+01   0.15737E+04
   27     0.2525   2.9818  -0.86098E-01  -0.86901E-02   0.44383E-01   0.63975E+01   0.15910E+04
   28     0.2634   3.0892  -0.90243E-01  -0.91500E-02   0.43923E-01   0.63655E+01   0.16084E+04
   29     0.2744   3.1959  -0.94448E-01  -0.96195E-02   0.43454E-01   0.63337E+01   0.16256E+04
   30     0.2855   3.3021  -0.98713E-01  -0.10098E-01   0.42975E-01   0.63022E+01   0.16426E+04
   31     0.2967   3.4077  -0.10304E+00  -0.10587E-01   0.42486E-01   0.62709E+01   0.16594E+04
   32     0.3079   3.5127  -0.10743E+00  -0.11087E-01   0.41986E-01   0.62397E+01   0.16760E+04
   33     0.3193   3.6170  -0.11185E+00  -0.11590E-01   0.41484E-01   0.62087E+01   0.16927E+04
   34     0.3308   3.7207  -0.11637E+00  -0.12110E-01   0.40963E-01   0.61780E+01   0.17091E+04
   35     0.3423   3.8238  -0.12094E+00  -0.12641E-01   0.40433E-01   0.61475E+01   0.17249E+04
   36     0.3540   3.9263  -0.12557E+00  -0.13181E-01   0.39892E-01   0.61173E+01   0.17410E+04
   37     0.3658   4.0281  -0.13027E+00  -0.13733E-01   0.39340E-01   0.60872E+01   0.17568E+04
   38     0.3777   4.1293  -0.13503E+00  -0.14296E-01   0.38778E-01   0.60574E+01   0.17724E+04
   39     0.3896   4.2299  -0.13985E+00  -0.14869E-01   0.38204E-01   0.60277E+01   0.17879E+04
   40     0.4017   4.3298  -0.14474E+00  -0.15454E-01   0.37619E-01   0.59984E+01   0.18031E+04
   41     0.4139   4.4291  -0.14969E+00  -0.16050E-01   0.37023E-01   0.59692E+01   0.18183E+04
   42     0.4262   4.5276  -0.15470E+00  -0.16658E-01   0.36415E-01   0.59403E+01   0.18333E+04
   43     0.4386   4.6256  -0.15978E+00  -0.17278E-01   0.35795E-01   0.59116E+01   0.18479E+04
   44     0.4511   4.7229  -0.16492E+00  -0.17910E-01   0.35164E-01   0.58831E+01   0.18623E+04
   45     0.4637   4.8195  -0.17013E+00  -0.18554E-01   0.34519E-01   0.58548E+01   0.18766E+04
   46     0.4764   4.9154  -0.17541E+00  -0.19210E-01   0.33863E-01   0.58267E+01   0.18907E+04
   47     0.4893   5.0106  -0.18075E+00  -0.19879E-01   0.33194E-01   0.57989E+01   0.19045E+04
   48     0.5022   5.1052  -0.18615E+00  -0.20561E-01   0.32512E-01   0.57713E+01   0.19180E+04
   49     0.5153   5.1991  -0.19163E+00  -0.21255E-01   0.31818E-01   0.57440E+01   0.19313E+04
   50     0.5285   5.2923  -0.19716E+00  -0.21963E-01   0.31111E-01   0.57168E+01   0.19445E+04
   51     0.5417   5.3849  -0.20277E+00  -0.22683E-01   0.30391E-01   0.56900E+01   0.19572E+04
   52     0.5552   5.4767  -0.20844E+00  -0.23416E-01   0.29657E-01   0.56633E+01   0.19697E+04
   53     0.5687   5.5679  -0.21418E+00  -0.24163E-01   0.28910E-01   0.56369E+01   0.19822E+04
   54     0.5823   5.6583  -0.21999E+00  -0.24923E-01   0.28150E-01   0.56107E+01   0.19940E+04
   55     0.5961   5.7481  -0.22587E+00  -0.25696E-01   0.27377E-01   0.55848E+01   0.20058E+04
   56     0.6099   5.8371  -0.23181E+00  -0.26483E-01   0.26590E-01   0.55590E+01   0.20174E+04
   57     0.6239   5.9255  -0.23782E+00  -0.27283E-01   0.25790E-01   0.55336E+01   0.20285E+04
   58     0.6381   6.0132  -0.24390E+00  -0.28098E-01   0.24976E-01   0.55083E+01   0.20394E+04
   59     0.6523   6.1001  -0.25004E+00  -0.28925E-01   0.24148E-01   0.54834E+01   0.20500E+04
   60     0.6667   6.1864  -0.25625E+00  -0.29767E-01   0.23307E-01   0.54586E+01   0.20601E+04
   61     0.6812   6.2719  -0.26254E+00  -0.30622E-01   0.22451E-01   0.54341E+01   0.20700E+04
   62     0.6958   6.3568  -0.26888E+00  -0.31491E-01   0.21582E-01   0.54098E+01   0.20795E+04
   63     0.7105   6.4409  -0.27530E+00  -0.32375E-01   0.20698E-01   0.53858E+01   0.20888E+04
   64     0.7254   6.5244  -0.28179E+00  -0.33273E-01   0.19800E-01   0.53621E+01   0.20975E+04
   65     0.7404   6.6071  -0.28834E+00  -0.34185E-01   0.18888E-01   0.53385E+01   0.21061E+04
   66     0.7555   6.6891  -0.29497E+00  -0.35112E-01   0.17961E-01   0.53152E+01   0.21142E+04
   67     0.7708   6.7704  -0.30166E+00  -0.36053E-01   0.17020E-01   0.52922E+01   0.21221E+04
   68     0.7862   6.8511  -0.30842E+00  -0.37009E-01   0.16064E-01   0.52694E+01   0.21297E+04
   69     0.8017   6.9310  -0.31525E+00  -0.37979E-01   0.15094E-01   0.52469E+01   0.21369E+04
   70     0.8174   7.0102  -0.32215E+00  -0.38964E-01   0.14109E-01   0.52246E+01   0.21438E+04
   71     0.8332   7.0886  -0.32912E+00  -0.39964E-01   0.13110E-01   0.52026E+01   0.21504E+04
   72     0.8491   7.1664  -0.33616E+00  -0.40978E-01   0.12095E-01   0.51808E+01   0.21566E+04
   73     0.8652   7.2435  -0.34326E+00  -0.42007E-01   0.11066E-01   0.51592E+01   0.21625E+04
   74     0.8814   7.3199  -0.35044E+00  -0.43052E-01   0.10021E-01   0.51379E+01   0.21677E+04
   75     0.8977   7.3956  -0.35768E+00  -0.44112E-01   0.89616E-02   0.51169E+01   0.21723E+04
   76     0.9142   7.4705  -0.36500E+00  -0.45187E-01   0.78866E-02   0.50961E+01   0.21770E+04
   77     0.9309   7.5448  -0.37238E+00  -0.46278E-01   0.67955E-02   0.50755E+01   0.21814E+04
   78     0.9477   7.6184  -0.37984E+00  -0.47385E-01   0.56880E-02   0.50553E+01   0.21855E+04
   79     0.9646   7.6913  -0.38738E+00  -0.48508E-01   0.45647E-02   0.50352E+01   0.21892E+04
   80     0.9817   7.7635  -0.39498E+00  -0.49647E-01   0.34263E-02   0.50155E+01   0.21926E+04
   81     0.9989   7.8350  -0.40265E+00  -0.50801E-01   0.22720E-02   0.49960E+01   0.21958E+04
   82     1.0163   7.9058  -0.41039E+00  -0.51972E-01   0.11009E-02   0.49767E+01   0.21985E+04
   83     1.0338   7.9759  -0.41820E+00  -0.53157E-01  -0.83577E-04   0.49577E+01   0.22007E+04
   84     1.0515   8.0453  -0.42605E+00  -0.54350E-01  -0.12773E-02   0.49389E+01   0.22026E+04
   85     1.0693   8.1141  -0.43399E+00  -0.55565E-01  -0.24919E-02   0.49203E+01   0.22042E+04
   86     1.0873   8.1821  -0.44202E+00  -0.56802E-01  -0.37284E-02   0.49021E+01   0.22051E+04
   87     1.1055   8.2495  -0.45012E+00  -0.58053E-01  -0.49803E-02   0.48841E+01   0.22057E+04
   88     1.1238   8.3162  -0.45829E+00  -0.59323E-01  -0.62494E-02   0.48664E+01   0.22058E+04
   89     1.1423   8.3823  -0.46654E+00  -0.60609E-01  -0.75361E-02   0.48490E+01   0.22056E+04
   90     1.1609   8.4477  -0.47486E+00  -0.61913E-01  -0.88396E-02   0.48318E+01   0.22050E+04
   91     1.1797   8.5124  -0.48325E+00  -0.63233E-01  -0.10160E-01   0.48148E+01   0.22043E+04
   92     1.1986   8.5764  -0.49171E+00  -0.64568E-01  -0.11495E-01   0.47981E+01   0.22033E+04
   93     1.2177   8.6398  -0.50023E+00  -0.65919E-01  -0.12846E-01   0.47817E+01   0.22014E+04
   94     1.2370   8.7025  -0.50883E+00  -0.67288E-01  -0.14215E-01   0.47655E+01   0.21992E+04
   95     1.2565   8.7646  -0.51750E+00  -0.68674E-01  -0.15600E-01   0.47495E+01   0.21967E+04
   96     1.2761   8.8260  -0.52624E+00  -0.70076E-01  -0.17003E-01   0.47338E+01   0.21936E+04
   97     1.2959   8.8868  -0.53505E+00  -0.71495E-01  -0.18422E-01   0.47184E+01   0.21901E+04
   98     1.3158   8.9469  -0.54393E+00  -0.72931E-01  -0.19858E-01   0.47031E+01   0.21863E+04
   99     1.3360   9.0065  -0.55289E+00  -0.74385E-01  -0.21311E-01   0.46882E+01   0.21821E+04
  100     1.3563   9.0653  -0.56191E+00  -0.75855E-01  -0.22782E-01   0.46734E+01   0.21776E+04
  101     1.3767   9.1236  -0.57101E+00  -0.77343E-01  -0.24270E-01   0.46589E+01   0.21728E+04
  102     1.3974   9.1812  -0.58017E+00  -0.78849E-01  -0.25776E-01   0.46447E+01   0.21676E+04
  103     1.4183   9.2382  -0.58942E+00  -0.80374E-01  -0.27300E-01   0.46307E+01   0.21621E+04
  104     1.4393   9.2945  -0.59873E+00  -0.81914E-01  -0.28841E-01   0.46170E+01   0.21562E+04
  105     1.4605   9.3503  -0.60811E+00  -0.83473E-01  -0.30400E-01   0.46034E+01   0.21499E+04
  106     1.4819   9.4054  -0.61757E+00  -0.85051E-01  -0.31978E-01   0.45902E+01   0.21433E+04
  107     1.5035   9.4600  -0.62710E+00  -0.86646E-01  -0.33573E-01   0.45771E+01   0.21363E+04
  108     1.5252   9.5139  -0.63670E+00  -0.88260E-01  -0.35187E-01   0.45643E+01   0.21290E+04
  109     1.5472   9.5673  -0.64638E+00  -0.89892E-01  -0.36819E-01   0.45518E+01   0.21212E+04
  110     1.5693   9.6200  -0.65612E+00  -0.91543E-01  -0.38469E-01   0.45394E+01   0.21131E+04
  111     1.5917   9.6722  -0.66594E+00  -0.93212E-01  -0.40138E-01   0.45273E+01   0.21048E+04
  112     1.6142   9.7238  -0.67583E+00  -0.94898E-01  -0.41825E-01   0.45155E+01   0.20959E+04
  113     1.6369   9.7748  -0.68579E+00  -0.96604E-01  -0.43531E-01   0.45038E+01   0.20869E+04
  114     1.6598   9.8252  -0.69583E+00  -0.98328E-01  -0.45255E-01   0.44924E+01   0.20774E+04
  115     1.6830   9.8751  -0.70593E+00  -0.10007E+00  -0.46997E-01   0.44812E+01   0.20675E+04
  116     1.7063   9.9244  -0.71611E+00  -0.10183E+00  -0.48759E-01   0.44702E+01   0.20574E+04
  117     1.7298   9.9731  -0.72636E+00  -0.10361E+00  -0.50539E-01   0.44594E+01   0.20470E+04
  118     1.7536  10.0213  -0.73669E+00  -0.10541E+00  -0.52338E-01   0.44488E+01   0.20362E+04
  119     1.7775  10.0689  -0.74708E+00  -0.10723E+00  -0.54156E-01   0.44385E+01   0.20253E+04
  120     1.8016  10.1160  -0.75755E+00  -0.10907E+00  -0.55993E-01   0.44283E+01   0.20140E+04
  121     1.8260  10.1626  -0.76808E+00  -0.11092E+00  -0.57849E-01   0.44184E+01   0.20025E+04
  122     1.8506  10.2086  -0.77870E+00  -0.11280E+00  -0.59724E-01   0.44087E+01   0.19907E+04
  123     1.8753  10.2541  -0.78938E+00  -0.11469E+00  -0.61619E-01   0.43991E+01   0.19787E+04
  124     1.9003  10.2990  -0.80014E+00  -0.11661E+00  -0.63534E-01   0.43898E+01   0.19662E+04
  125     1.9256  10.3434  -0.81097E+00  -0.11854E+00  -0.65470E-01   0.43806E+01   0.19535E+04
  126     1.9510  10.3873  -0.82188E+00  -0.12050E+00  -0.67425E-01   0.43717E+01   0.19404E+04
  127     1.9766  10.4307  -0.83286E+00  -0.12247E+00  -0.69402E-01   0.43629E+01   0.19272E+04
  128     2.0025  10.4736  -0.84392E+00  -0.12447E+00  -0.71398E-01   0.43544E+01   0.19137E+04
  129     2.0286  10.5160  -0.85504E+00  -0.12649E+00  -0.73413E-01   0.43460E+01   0.18998E+04
  130     2.0550  10.5579  -0.86624E+00  -0.12852E+00  -0.75449E-01   0.43378E+01   0.18858E+04
  131     2.0815  10.5993  -0.87751E+00  -0.13058E+00  -0.77504E-01   0.43298E+01   0.18715E+04
  132     2.1083  10.6402  -0.88885E+00  -0.13265E+00  -0.79578E-01   0.43220E+01   0.18570E+04
  133     2.1353  10.6806  -0.90026E+00  -0.13475E+00  -0.81672E-01   0.43143E+01   0.18423E+04
  134     2.1626  10.7205  -0.91174E+00  -0.13686E+00  -0.83786E-01   0.43069E+01   0.18274E+04
  135     2.1901  10.7600  -0.92330E+00  -0.13899E+00  -0.85920E-01   0.42995E+01   0.18124E+04
  136     2.2178  10.7990  -0.93493E+00  -0.14115E+00  -0.88076E-01   0.42924E+01   0.17971E+04
  137     2.2458  10.8375  -0.94663E+00  -0.14333E+00  -0.90253E-01   0.42854E+01   0.17816E+04
  138     2.2740  10.8756  -0.95842E+00  -0.14552E+00  -0.92452E-01   0.42785E+01   0.17661E+04
  139     2.3025  10.9132  -0.97027E+00  -0.14775E+00  -0.94672E-01   0.42719E+01   0.17503E+04
  140     2.3312  10.9504  -0.98221E+00  -0.14999E+00  -0.96915E-01   0.42654E+01   0.17345E+04
  141     2.3602  10.9871  -0.99421E+00  -0.15225E+00  -0.99177E-01   0.42590E+01   0.17184E+04
  142     2.3894  11.0234  -0.10063E+01  -0.15453E+00  -0.10146E+00   0.42528E+01   0.17021E+04
  143     2.4188  11.0592  -0.10184E+01  -0.15684E+00  -0.10377E+00   0.42467E+01   0.16856E+04
  144     2.4486  11.0946  -0.10307E+01  -0.15917E+00  -0.10609E+00   0.42408E+01   0.16688E+04
  145     2.4785  11.1296  -0.10430E+01  -0.16152E+00  -0.10844E+00   0.42350E+01   0.16519E+04
  146     2.5088  11.1641  -0.10553E+01  -0.16389E+00  -0.11081E+00   0.42293E+01   0.16350E+04
  147     2.5393  11.1982  -0.10678E+01  -0.16628E+00  -0.11320E+00   0.42238E+01   0.16179E+04
  148     2.5701  11.2320  -0.10803E+01  -0.16869E+00  -0.11562E+00   0.42184E+01   0.16007E+04
  149     2.6011  11.2653  -0.10929E+01  -0.17112E+00  -0.11805E+00   0.42132E+01   0.15835E+04
  150     2.6324  11.2982  -0.11056E+01  -0.17358E+00  -0.12050E+00   0.42081E+01   0.15661E+04
  151     2.6640  11.3306  -0.11183E+01  -0.17605E+00  -0.12298E+00   0.42031E+01   0.15486E+04
  152     2.6958  11.3627  -0.11311E+01  -0.17855E+00  -0.12548E+00   0.41982E+01   0.15312E+04
  153     2.7280  11.3944  -0.11440E+01  -0.18108E+00  -0.12800E+00   0.41934E+01   0.15137E+04
  154     2.7604  11.4258  -0.11570E+01  -0.18362E+00  -0.13055E+00   0.41888E+01   0.14961E+04
  155     2.7931  11.4567  -0.11700E+01  -0.18619E+00  -0.13312E+00   0.41842E+01   0.14785E+04
  156     2.8260  11.4872  -0.11831E+01  -0.18878E+00  -0.13571E+00   0.41798E+01   0.14609E+04
  157     2.8593  11.5174  -0.11963E+01  -0.19139E+00  -0.13832E+00   0.41755E+01   0.14431E+04
  158     2.8929  11.5472  -0.12096E+01  -0.19403E+00  -0.14096E+00   0.41713E+01   0.14253E+04
  159     2.9267  11.5766  -0.12230E+01  -0.19669E+00  -0.14362E+00   0.41672E+01   0.14074E+04
  160     2.9608  11.6057  -0.12364E+01  -0.19937E+00  -0.14630E+00   0.41632E+01   0.13895E+04
  161     2.9953  11.6344  -0.12499E+01  -0.20208E+00  -0.14901E+00   0.41593E+01   0.13715E+04
  162     3.0300  11.6628  -0.12634E+01  -0.20481E+00  -0.15174E+00   0.41555E+01   0.13535E+04
  163     3.0651  11.6908  -0.12771E+01  -0.20756E+00  -0.15449E+00   0.41518E+01   0.13353E+04
  164     3.1004  11.7184  -0.12908E+01  -0.21034E+00  -0.15726E+00   0.41482E+01   0.13171E+04
  165     3.1360  11.7458  -0.13046E+01  -0.21313E+00  -0.16006E+00   0.41447E+01   0.12990E+04
  166     3.1720  11.7727  -0.13185E+01  -0.21596E+00  -0.16288E+00   0.41412E+01   0.12809E+04
  167     3.2083  11.7994  -0.13324E+01  -0.21880E+00  -0.16573E+00   0.41379E+01   0.12629E+04
  168     3.2449  11.8257  -0.13465E+01  -0.22166E+00  -0.16859E+00   0.41346E+01   0.12450E+04
  169     3.2818  11.8517  -0.13606E+01  -0.22455E+00  -0.17148E+00   0.41314E+01   0.12272E+04
  170     3.3190  11.8773  -0.13747E+01  -0.22746E+00  -0.17439E+00   0.41283E+01   0.12094E+04
  171     3.3565  11.9026  -0.13890E+01  -0.23040E+00  -0.17733E+00   0.41253E+01   0.11918E+04
  172     3.3944  11.9277  -0.14033E+01  -0.23336E+00  -0.18029E+00   0.41223E+01   0.11742E+04
  173     3.4326  11.9524  -0.14177E+01  -0.23635E+00  -0.18328E+00   0.41194E+01   0.11566E+04
  174     3.4712  11.9768  -0.14322E+01  -0.23937E+00  -0.18630E+00   0.41166E+01   0.11390E+04
  175     3.5100  12.0009  -0.14468E+01  -0.24241E+00  -0.18934E+00   0.41139E+01   0.11214E+04
  176     3.5492  12.0246  -0.14615E+01  -0.24548E+00  -0.19240E+00   0.41112E+01   0.11039E+04
  177     3.5888  12.0481  -0.14762E+01  -0.24857E+00  -0.19549E+00   0.41086E+01   0.10863E+04
  178     3.6287  12.0713  -0.14910E+01  -0.25168E+00  -0.19860E+00   0.41061E+01   0.10686E+04
  179     3.6689  12.0942  -0.15059E+01  -0.25481E+00  -0.20174E+00   0.41036E+01   0.10511E+04
  180     3.7095  12.1169  -0.15208E+01  -0.25797E+00  -0.20490E+00   0.41012E+01   0.10338E+04
  181     3.7505  12.1392  -0.15359E+01  -0.26116E+00  -0.20808E+00   0.40989E+01   0.10165E+04
  182     3.7918  12.1612  -0.15510E+01  -0.26436E+00  -0.21129E+00   0.40967E+01   0.99950E+03
  183     3.8334  12.1830  -0.15662E+01  -0.26759E+00  -0.21452E+00   0.40944E+01   0.98253E+03
  184     3.8754  12.2045  -0.15814E+01  -0.27085E+00  -0.21778E+00   0.40922E+01   0.96576E+03
  185     3.9178  12.2257  -0.15968E+01  -0.27413E+00  -0.22106E+00   0.40901E+01   0.94902E+03
  186     3.9606  12.2467  -0.16122E+01  -0.27744E+00  -0.22437E+00   0.40880E+01   0.93251E+03
  187     4.0037  12.2674  -0.16277E+01  -0.28078E+00  -0.22771E+00   0.40860E+01   0.91605E+03
  188     4.0472  12.2878  -0.16433E+01  -0.28414E+00  -0.23107E+00   0.40840E+01   0.89964E+03
  189     4.0911  12.3080  -0.16590E+01  -0.28753E+00  -0.23446E+00   0.40821E+01   0.88331E+03
  190     4.1353  12.3279  -0.16747E+01  -0.29094E+00  -0.23787E+00   0.40803E+01   0.86718E+03
  191     4.1800  12.3476  -0.16906E+01  -0.29438E+00  -0.24131E+00   0.40784E+01   0.85115E+03
  192     4.2250  12.3670  -0.17065E+01  -0.29784E+00  -0.24477E+00   0.40767E+01   0.83528E+03
  193     4.2705  12.3862  -0.17225E+01  -0.30133E+00  -0.24826E+00   0.40749E+01   0.81958E+03
  194     4.3163  12.4051  -0.17385E+01  -0.30484E+00  -0.25177E+00   0.40732E+01   0.80401E+03
  195     4.3625  12.4238  -0.17547E+01  -0.30839E+00  -0.25531E+00   0.40716E+01   0.78862E+03
  196     4.4091  12.4423  -0.17709E+01  -0.31196E+00  -0.25888E+00   0.40700E+01   0.77332E+03
  197     4.4561  12.4605  -0.17873E+01  -0.31555E+00  -0.26248E+00   0.40684E+01   0.75817E+03
  198     4.5036  12.4785  -0.18037E+01  -0.31918E+00  -0.26610E+00   0.40669E+01   0.74313E+03
  199     4.5514  12.4962  -0.18202E+01  -0.32282E+00  -0.26975E+00   0.40654E+01   0.72826E+03
  200     4.5997  12.5138  -0.18367E+01  -0.32650E+00  -0.27343E+00   0.40640E+01   0.71350E+03
  201     4.6484  12.5311  -0.18534E+01  -0.33020E+00  -0.27713E+00   0.40626E+01   0.69894E+03
  202     4.6975  12.5482  -0.18701E+01  -0.33392E+00  -0.28085E+00   0.40612E+01   0.68453E+03
  203     4.7470  12.5650  -0.18869E+01  -0.33768E+00  -0.28461E+00   0.40598E+01   0.67036E+03
  204     4.7970  12.5817  -0.19038E+01  -0.34146E+00  -0.28839E+00   0.40585E+01   0.65637E+03
  205     4.8474  12.5981  -0.19208E+01  -0.34527E+00  -0.29219E+00   0.40572E+01   0.64256E+03
  206     4.8982  12.6144  -0.19378E+01  -0.34910E+00  -0.29603E+00   0.40560E+01   0.62888E+03
  207     4.9495  12.6304  -0.19550E+01  -0.35297E+00  -0.29990E+00   0.40548E+01   0.61536E+03
  208     5.0012  12.6462  -0.19722E+01  -0.35686E+00  -0.30379E+00   0.40536E+01   0.60196E+03
  209     5.0534  12.6619  -0.19896E+01  -0.36078E+00  -0.30771E+00   0.40524E+01   0.58876E+03
  210     5.1060  12.6773  -0.20070E+01  -0.36473E+00  -0.31166E+00   0.40513E+01   0.57575E+03
  211     5.1591  12.6925  -0.20245E+01  -0.36870E+00  -0.31563E+00   0.40502E+01   0.56282E+03
  212     5.2126  12.7076  -0.20420E+01  -0.37270E+00  -0.31963E+00   0.40491E+01   0.55009E+03
  213     5.2667  12.7224  -0.20597E+01  -0.37673E+00  -0.32366E+00   0.40480E+01   0.53761E+03
  214     5.3211  12.7371  -0.20774E+01  -0.38079E+00  -0.32772E+00   0.40470E+01   0.52534E+03
  215     5.3761  12.7515  -0.20953E+01  -0.38487E+00  -0.33180E+00   0.40460E+01   0.51317E+03
  216     5.4315  12.7658  -0.21132E+01  -0.38899E+00  -0.33591E+00   0.40450E+01   0.50126E+03
  217     5.4874  12.7799  -0.21312E+01  -0.39313E+00  -0.34006E+00   0.40441E+01   0.48952E+03
  218     5.5438  12.7938  -0.21493E+01  -0.39730E+00  -0.34423E+00   0.40432E+01   0.47796E+03
  219     5.6007  12.8076  -0.21674E+01  -0.40150E+00  -0.34843E+00   0.40423E+01   0.46659E+03
  220     5.6581  12.8211  -0.21857E+01  -0.40573E+00  -0.35266E+00   0.40414E+01   0.45533E+03
  221     5.7160  12.8345  -0.22041E+01  -0.40999E+00  -0.35692E+00   0.40405E+01   0.44427E+03
  222     5.7744  12.8477  -0.22225E+01  -0.41428E+00  -0.36120E+00   0.40397E+01   0.43334E+03
  223     5.8333  12.8608  -0.22411E+01  -0.41860E+00  -0.36552E+00   0.40388E+01   0.42255E+03
  224     5.8927  12.8737  -0.22597E+01  -0.42294E+00  -0.36987E+00   0.40380E+01   0.41204E+03
  225     5.9526  12.8864  -0.22784E+01  -0.42731E+00  -0.37424E+00   0.40372E+01   0.40166E+03
  226     6.0131  12.8990  -0.22972E+01  -0.43171E+00  -0.37864E+00   0.40365E+01   0.39148E+03
  227     6.0740  12.9114  -0.23160E+01  -0.43614E+00  -0.38307E+00   0.40357E+01   0.38151E+03
  228     6.1355  12.9236  -0.23350E+01  -0.44060E+00  -0.38753E+00   0.40350E+01   0.37170E+03
  229     6.1976  12.9357  -0.23541E+01  -0.44510E+00  -0.39202E+00   0.40343E+01   0.36206E+03
  230     6.2602  12.9476  -0.23733E+01  -0.44962E+00  -0.39654E+00   0.40336E+01   0.35270E+03
  231     6.3233  12.9594  -0.23925E+01  -0.45417E+00  -0.40110E+00   0.40329E+01   0.34338E+03
  232     6.3869  12.9710  -0.24119E+01  -0.45875E+00  -0.40568E+00   0.40322E+01   0.33428E+03
  233     6.4512  12.9825  -0.24313E+01  -0.46336E+00  -0.41029E+00   0.40316E+01   0.32527E+03
  234     6.5159  12.9938  -0.24508E+01  -0.46801E+00  -0.41494E+00   0.40309E+01   0.31651E+03
  235     6.5813  13.0050  -0.24704E+01  -0.47269E+00  -0.41961E+00   0.40303E+01   0.30790E+03
  236     6.6472  13.0160  -0.24901E+01  -0.47738E+00  -0.42431E+00   0.40297E+01   0.29946E+03
  237     6.7137  13.0269  -0.25099E+01  -0.48212E+00  -0.42904E+00   0.40291E+01   0.29119E+03
  238     6.7807  13.0377  -0.25298E+01  -0.48688E+00  -0.43381E+00   0.40285E+01   0.28308E+03
  239     6.8484  13.0483  -0.25498E+01  -0.49168E+00  -0.43860E+00   0.40280E+01   0.27519E+03
  240     6.9166  13.0588  -0.25699E+01  -0.49650E+00  -0.44343E+00   0.40274E+01   0.26742E+03
  241     6.9854  13.0691  -0.25901E+01  -0.50136E+00  -0.44829E+00   0.40269E+01   0.25977E+03
  242     7.0549  13.0794  -0.26104E+01  -0.50625E+00  -0.45318E+00   0.40264E+01   0.25232E+03
  243     7.1249  13.0894  -0.26307E+01  -0.51117E+00  -0.45810E+00   0.40258E+01   0.24505E+03
  244     7.1955  13.0994  -0.26512E+01  -0.51612E+00  -0.46305E+00   0.40253E+01   0.23795E+03
  245     7.2668  13.1092  -0.26717E+01  -0.52110E+00  -0.46803E+00   0.40248E+01   0.23096E+03
  246     7.3387  13.1189  -0.26924E+01  -0.52612E+00  -0.47305E+00   0.40244E+01   0.22414E+03
  247     7.4112  13.1285  -0.27131E+01  -0.53117E+00  -0.47809E+00   0.40239E+01   0.21750E+03
  248     7.4843  13.1380  -0.27340E+01  -0.53625E+00  -0.48318E+00   0.40234E+01   0.21097E+03
  249     7.5580  13.1473  -0.27549E+01  -0.54136E+00  -0.48829E+00   0.40230E+01   0.20459E+03
  250     7.6324  13.1565  -0.27760E+01  -0.54651E+00  -0.49343E+00   0.40225E+01   0.19836E+03
  251     7.7075  13.1656  -0.27971E+01  -0.55169E+00  -0.49861E+00   0.40221E+01   0.19230E+03
  252     7.7832  13.1746  -0.28184E+01  -0.55689E+00  -0.50382E+00   0.40217E+01   0.18637E+03
  253     7.8596  13.1834  -0.28397E+01  -0.56213E+00  -0.50906E+00   0.40213E+01   0.18061E+03
  254     7.9366  13.1922  -0.28612E+01  -0.56741E+00  -0.51434E+00   0.40209E+01   0.17500E+03
  255     8.0143  13.2008  -0.28827E+01  -0.57272E+00  -0.51965E+00   0.40205E+01   0.16902E+03
  256     8.0926  13.2093  -0.29044E+01  -0.57807E+00  -0.52499E+00   0.40201E+01   0.16405E+03
  257     8.1717  13.2178  -0.29261E+01  -0.58344E+00  -0.53037E+00   0.40197E+01   0.15880E+03
  258     8.2514  13.2261  -0.29476E+01  -0.58872E+00  -0.53565E+00   0.40193E+01   0.15379E+03
  259     8.3319  13.2343  -0.29699E+01  -0.59430E+00  -0.54123E+00   0.40190E+01   0.14868E+03
  260     8.4130  13.2424  -0.29919E+01  -0.59977E+00  -0.54670E+00   0.40186E+01   0.14379E+03
  261     8.4948  13.2503  -0.30141E+01  -0.60527E+00  -0.55220E+00   0.40183E+01   0.13946E+03
  262     8.5774  13.2582  -0.30363E+01  -0.61082E+00  -0.55775E+00   0.40179E+01   0.13452E+03
  263     8.6606  13.2660  -0.30587E+01  -0.61639E+00  -0.56332E+00   0.40176E+01   0.13003E+03
  264     8.7446  13.2737  -0.30811E+01  -0.62201E+00  -0.56894E+00   0.40173E+01   0.12568E+03
  265     8.8293  13.2813  -0.31037E+01  -0.62766E+00  -0.57458E+00   0.40170E+01   0.12142E+03
  266     8.9148  13.2888  -0.31263E+01  -0.63334E+00  -0.58027E+00   0.40167E+01   0.11730E+03
  267     9.0010  13.2962  -0.31491E+01  -0.63906E+00  -0.58599E+00   0.40164E+01   0.11328E+03
  268     9.0879  13.3035  -0.31720E+01  -0.64481E+00  -0.59174E+00   0.40161E+01   0.10937E+03
  269     9.1756  13.3107  -0.31950E+01  -0.65060E+00  -0.59752E+00   0.40158E+01   0.10555E+03
  270     9.2641  13.3178  -0.32181E+01  -0.65642E+00  -0.60335E+00   0.40155E+01   0.10187E+03
  271     9.3534  13.3248  -0.32413E+01  -0.66228E+00  -0.60920E+00   0.40152E+01   0.98270E+02
  272     9.4434  13.3317  -0.32646E+01  -0.66817E+00  -0.61510E+00   0.40149E+01   0.94803E+02
  273     9.5342  13.3386  -0.32880E+01  -0.67410E+00  -0.62103E+00   0.40147E+01   0.91418E+02
  274     9.6257  13.3453  -0.33115E+01  -0.68006E+00  -0.62699E+00   0.40144E+01   0.88137E+02
  275     9.7181  13.3520  -0.33351E+01  -0.68607E+00  -0.63299E+00   0.40142E+01   0.84937E+02
  276     9.8113  13.3586  -0.33589E+01  -0.69211E+00  -0.63903E+00   0.40139E+01   0.81857E+02
  277     9.9053  13.3651  -0.33827E+01  -0.69818E+00  -0.64511E+00   0.40137E+01   0.78855E+02
  278    10.0001  13.3715  -0.34067E+01  -0.70429E+00  -0.65122E+00   0.40134E+01   0.75936E+02
  279    10.0957  13.3778  -0.34308E+01  -0.71044E+00  -0.65737E+00   0.40132E+01   0.73124E+02
  280    10.1922  13.3841  -0.34549E+01  -0.71663E+00  -0.66355E+00   0.40129E+01   0.70400E+02
  281    10.2895  13.3902  -0.34792E+01  -0.72285E+00  -0.66977E+00   0.40127E+01   0.67718E+02
  282    10.3877  13.3963  -0.35036E+01  -0.72911E+00  -0.67604E+00   0.40125E+01   0.65185E+02
  283    10.4867  13.4023  -0.35282E+01  -0.73541E+00  -0.68233E+00   0.40123E+01   0.62692E+02
  284    10.5865  13.4083  -0.35528E+01  -0.74174E+00  -0.68867E+00   0.40121E+01   0.60286E+02
  285    10.6873  13.4141  -0.35775E+01  -0.74812E+00  -0.69504E+00   0.40119E+01   0.57958E+02
  286    10.7889  13.4199  -0.36024E+01  -0.75453E+00  -0.70145E+00   0.40117E+01   0.55702E+02
  287    10.8914  13.4256  -0.36274E+01  -0.76098E+00  -0.70790E+00   0.40115E+01   0.53519E+02
  288    10.9947  13.4312  -0.36525E+01  -0.76747E+00  -0.71440E+00   0.40113E+01   0.51416E+02
  289    11.0990  13.4368  -0.36777E+01  -0.77399E+00  -0.72092E+00   0.40111E+01   0.49372E+02
  290    11.2042  13.4423  -0.37030E+01  -0.78056E+00  -0.72749E+00   0.40109E+01   0.47395E+02
  291    11.3103  13.4477  -0.37285E+01  -0.78717E+00  -0.73409E+00   0.40107E+01   0.45491E+02
  292    11.4173  13.4530  -0.37540E+01  -0.79381E+00  -0.74073E+00   0.40105E+01   0.43659E+02
  293    11.5253  13.4583  -0.37797E+01  -0.80049E+00  -0.74742E+00   0.40103E+01   0.41879E+02
  294    11.6342  13.4635  -0.38055E+01  -0.80722E+00  -0.75414E+00   0.40102E+01   0.40169E+02
  295    11.7440  13.4687  -0.38314E+01  -0.81398E+00  -0.76090E+00   0.40100E+01   0.38516E+02
  296    11.8548  13.4738  -0.38574E+01  -0.82078E+00  -0.76771E+00   0.40098E+01   0.36916E+02
  297    11.9666  13.4788  -0.38836E+01  -0.82762E+00  -0.77455E+00   0.40097E+01   0.35372E+02
  298    12.0793  13.4837  -0.39099E+01  -0.83451E+00  -0.78144E+00   0.40095E+01   0.33884E+02
  299    12.1930  13.4886  -0.39363E+01  -0.84143E+00  -0.78836E+00   0.40094E+01   0.32455E+02
  300    12.3077  13.4934  -0.39628E+01  -0.84840E+00  -0.79532E+00   0.40092E+01   0.31069E+02
  301    12.4234  13.4982  -0.39894E+01  -0.85540E+00  -0.80233E+00   0.40091E+01   0.29741E+02
  302    12.5401  13.5029  -0.40162E+01  -0.86245E+00  -0.80937E+00   0.40089E+01   0.28463E+02
  303    12.6578  13.5075  -0.40431E+01  -0.86954E+00  -0.81647E+00   0.40088E+01   0.27228E+02
  304    12.7766  13.5121  -0.40702E+01  -0.87667E+00  -0.82360E+00   0.40086E+01   0.26040E+02
  305    12.8963  13.5166  -0.40973E+01  -0.88385E+00  -0.83077E+00   0.40085E+01   0.24891E+02
  306    13.0172  13.5211  -0.41246E+01  -0.89106E+00  -0.83799E+00   0.40083E+01   0.23799E+02
  307    13.1390  13.5255  -0.41520E+01  -0.89832E+00  -0.84524E+00   0.40082E+01   0.22734E+02
  308    13.2619  13.5298  -0.41795E+01  -0.90561E+00  -0.85254E+00   0.40081E+01   0.21718E+02
  309    13.3859  13.5341  -0.42072E+01  -0.91296E+00  -0.85988E+00   0.40079E+01   0.20742E+02
  310    13.5110  13.5383  -0.42350E+01  -0.92034E+00  -0.86727E+00   0.40078E+01   0.19803E+02
  311    13.6372  13.5425  -0.42629E+01  -0.92777E+00  -0.87470E+00   0.40077E+01   0.18898E+02
  312    13.7644  13.5466  -0.42909E+01  -0.93524E+00  -0.88216E+00   0.40076E+01   0.18034E+02
  313    13.8928  13.5507  -0.43191E+01  -0.94275E+00  -0.88968E+00   0.40075E+01   0.17199E+02
  314    14.0223  13.5547  -0.43474E+01  -0.95031E+00  -0.89724E+00   0.40073E+01   0.16403E+02
  315    14.1529  13.5587  -0.43758E+01  -0.95791E+00  -0.90484E+00   0.40072E+01   0.15635E+02
  316    14.2846  13.5626  -0.44044E+01  -0.96556E+00  -0.91249E+00   0.40071E+01   0.14903E+02
  317    14.4175  13.5665  -0.44331E+01  -0.97326E+00  -0.92018E+00   0.40070E+01   0.14194E+02
  318    14.5515  13.5703  -0.44620E+01  -0.98099E+00  -0.92792E+00   0.40069E+01   0.13520E+02
  319    14.6867  13.5741  -0.44909E+01  -0.98877E+00  -0.93570E+00   0.40068E+01   0.12875E+02
  320    14.8231  13.5778  -0.45201E+01  -0.99660E+00  -0.94353E+00   0.40067E+01   0.12254E+02
  321    14.9607  13.5815  -0.45493E+01  -0.10045E+01  -0.95139E+00   0.40066E+01   0.11659E+02
  322    15.0994  13.5851  -0.45787E+01  -0.10124E+01  -0.95932E+00   0.40065E+01   0.11088E+02
  323    15.2394  13.5887  -0.46082E+01  -0.10204E+01  -0.96728E+00   0.40064E+01   0.10546E+02
  324    15.3806  13.5922  -0.46379E+01  -0.10284E+01  -0.97529E+00   0.40063E+01   0.10022E+02
  325    15.5230  13.5957  -0.46677E+01  -0.10364E+01  -0.98335E+00   0.40062E+01   0.95264E+01
  326    15.6666  13.5991  -0.46976E+01  -0.10445E+01  -0.99145E+00   0.40061E+01   0.90494E+01
  327    15.8115  13.6025  -0.47277E+01  -0.10527E+01  -0.99960E+00   0.40060E+01   0.85946E+01
  328    15.9577  13.6059  -0.47579E+01  -0.10609E+01  -0.10078E+01   0.40059E+01   0.81614E+01
  329    16.1051  13.6092  -0.47883E+01  -0.10691E+01  -0.10160E+01   0.40058E+01   0.77441E+01
  330    16.2538  13.6124  -0.48188E+01  -0.10774E+01  -0.10243E+01   0.40057E+01   0.73460E+01
  331    16.4038  13.6157  -0.48495E+01  -0.10857E+01  -0.10327E+01   0.40056E+01   0.69704E+01
  332    16.5551  13.6188  -0.48803E+01  -0.10941E+01  -0.10411E+01   0.40056E+01   0.66089E+01
  333    16.7078  13.6220  -0.49112E+01  -0.11026E+01  -0.10495E+01   0.40055E+01   0.62636E+01
  334    16.8617  13.6251  -0.49423E+01  -0.11111E+01  -0.10580E+01   0.40054E+01   0.59350E+01
  335    17.0170  13.6281  -0.49736E+01  -0.11196E+01  -0.10665E+01   0.40053E+01   0.56199E+01
  336    17.1736  13.6312  -0.50050E+01  -0.11282E+01  -0.10751E+01   0.40052E+01   0.53222E+01
  337    17.3316  13.6342  -0.50365E+01  -0.11368E+01  -0.10837E+01   0.40052E+01   0.50368E+01
  338    17.4910  13.6371  -0.50682E+01  -0.11455E+01  -0.10924E+01   0.40051E+01   0.47673E+01
  339    17.6518  13.6400  -0.51000E+01  -0.11542E+01  -0.11012E+01   0.40050E+01   0.45110E+01
  340    17.8139  13.6429  -0.51320E+01  -0.11630E+01  -0.11099E+01   0.40049E+01   0.42617E+01
  341    17.9775  13.6457  -0.51641E+01  -0.11719E+01  -0.11188E+01   0.40049E+01   0.40311E+01
  342    18.1425  13.6485  -0.51964E+01  -0.11807E+01  -0.11276E+01   0.40048E+01   0.38092E+01
  343    18.3089  13.6513  -0.52288E+01  -0.11897E+01  -0.11366E+01   0.40047E+01   0.35983E+01
  344    18.4768  13.6540  -0.52614E+01  -0.11987E+01  -0.11456E+01   0.40047E+01   0.33989E+01
  345    18.6461  13.6567  -0.52942E+01  -0.12077E+01  -0.11546E+01   0.40046E+01   0.32062E+01
  346    18.8169  13.6593  -0.53271E+01  -0.12168E+01  -0.11637E+01   0.40045E+01   0.30273E+01
  347    18.9892  13.6619  -0.53602E+01  -0.12259E+01  -0.11729E+01   0.40045E+01   0.28539E+01
  348    19.1630  13.6645  -0.53934E+01  -0.12351E+01  -0.11821E+01   0.40044E+01   0.26929E+01
  349    19.3383  13.6671  -0.54268E+01  -0.12444E+01  -0.11913E+01   0.40043E+01   0.25375E+01
  350    19.5151  13.6696  -0.54603E+01  -0.12537E+01  -0.12006E+01   0.40043E+01   0.23912E+01
  351    19.6934  13.6721  -0.54940E+01  -0.12630E+01  -0.12100E+01   0.40042E+01   0.22522E+01
  352    19.8734  13.6745  -0.55279E+01  -0.12724E+01  -0.12194E+01   0.40042E+01   0.21199E+01
  353    20.0548  13.6770  -0.55619E+01  -0.12819E+01  -0.12288E+01   0.40041E+01   0.19959E+01
  354    20.2379  13.6794  -0.55961E+01  -0.12914E+01  -0.12384E+01   0.40041E+01   0.18773E+01
  355    20.4225  13.6817  -0.56305E+01  -0.13010E+01  -0.12479E+01   0.40040E+01   0.17658E+01
  356    20.6088  13.6840  -0.56650E+01  -0.13106E+01  -0.12575E+01   0.40039E+01   0.16614E+01
  357    20.7966  13.6863  -0.56997E+01  -0.13203E+01  -0.12672E+01   0.40039E+01   0.15597E+01
  358    20.9861  13.6886  -0.57346E+01  -0.13301E+01  -0.12770E+01   0.40038E+01   0.14657E+01
  359    21.1773  13.6909  -0.57695E+01  -0.13398E+01  -0.12868E+01   0.40038E+01   0.13762E+01
  360    21.3701  13.6931  -0.58048E+01  -0.13497E+01  -0.12966E+01   0.40037E+01   0.12927E+01
  361    21.5646  13.6953  -0.58401E+01  -0.13596E+01  -0.13065E+01   0.40037E+01   0.12124E+01
  362    21.7607  13.6974  -0.58757E+01  -0.13696E+01  -0.13165E+01   0.40036E+01   0.11368E+01
  363    21.9586  13.6995  -0.59113E+01  -0.13796E+01  -0.13265E+01   0.40036E+01   0.10650E+01
  364    22.1582  13.7016  -0.59472E+01  -0.13897E+01  -0.13366E+01   0.40035E+01   0.99985E+00
  365    22.3596  13.7037  -0.59832E+01  -0.13998E+01  -0.13467E+01   0.40000E+01   0.93639E+00
  366    22.5626  13.7058  -0.60195E+01  -0.14100E+01  -0.13570E+01   0.40000E+01   0.87710E+00
  367    22.7675  13.7078  -0.60558E+01  -0.14203E+01  -0.13672E+01   0.40000E+01   0.81992E+00
  368    22.9741  13.7098  -0.60924E+01  -0.14306E+01  -0.13775E+01   0.40000E+01   0.76835E+00
  369    23.1825  13.7117  -0.61291E+01  -0.14409E+01  -0.13879E+01   0.40000E+01   0.71857E+00
  370    23.3928  13.7137  -0.61660E+01  -0.14514E+01  -0.13983E+01   0.40000E+01   0.67246E+00
  371    23.6049  13.7156  -0.62031E+01  -0.14619E+01  -0.14088E+01   0.40000E+01   0.62801E+00
  372    23.8188  13.7175  -0.62407E+01  -0.14725E+01  -0.14194E+01   0.40000E+01   0.58626E+00
  373    24.0345  13.7194  -0.62779E+01  -0.14830E+01  -0.14299E+01   0.40000E+01   0.54741E+00
  374    24.2522  13.7212  -0.63155E+01  -0.14937E+01  -0.14406E+01   0.40000E+01   0.51136E+00
  375    24.4717  13.7230  -0.63533E+01  -0.15044E+01  -0.14513E+01   0.40000E+01   0.47714E+00
  376    24.6932  13.7248  -0.63913E+01  -0.15152E+01  -0.14621E+01   0.40000E+01   0.44495E+00
  377    24.9166  13.7266  -0.64295E+01  -0.15260E+01  -0.14730E+01   0.40000E+01   0.41463E+00
  378    25.1419  13.7284  -0.64679E+01  -0.15369E+01  -0.14839E+01   0.40000E+01   0.38659E+00
  379    25.3691  13.7301  -0.65064E+01  -0.15479E+01  -0.14948E+01   0.40000E+01   0.36027E+00
  380    25.5984  13.7318  -0.65452E+01  -0.15590E+01  -0.15059E+01   0.40000E+01   0.33529E+00
  381    25.8296  13.7335  -0.65841E+01  -0.15701E+01  -0.15170E+01   0.40000E+01   0.31209E+00
  382    26.0629  13.7351  -0.66232E+01  -0.15812E+01  -0.15281E+01   0.40000E+01   0.29018E+00
  383    26.2982  13.7368  -0.66625E+01  -0.15924E+01  -0.15393E+01   0.40000E+01   0.26990E+00
  384    26.5355  13.7384  -0.67020E+01  -0.16037E+01  -0.15506E+01   0.40000E+01   0.25074E+00
  385    26.7749  13.7400  -0.67417E+01  -0.16151E+01  -0.15620E+01   0.40000E+01   0.23293E+00
  386    27.0164  13.7416  -0.67816E+01  -0.16265E+01  -0.15734E+01   0.40000E+01   0.21647E+00
  387    27.2599  13.7431  -0.68216E+01  -0.16379E+01  -0.15849E+01   0.40000E+01   0.20090E+00
  388    27.5056  13.7447  -0.68619E+01  -0.16495E+01  -0.15964E+01   0.40000E+01   0.18636E+00
  389    27.7534  13.7462  -0.69024E+01  -0.16611E+01  -0.16080E+01   0.40000E+01   0.17285E+00
  390    28.0034  13.7477  -0.69430E+01  -0.16728E+01  -0.16197E+01   0.40000E+01   0.16016E+00
  391    28.2556  13.7492  -0.69838E+01  -0.16845E+01  -0.16314E+01   0.40000E+01   0.14839E+00
  392    28.5099  13.7506  -0.70248E+01  -0.16963E+01  -0.16432E+01   0.40000E+01   0.13747E+00
  393    28.7665  13.7521  -0.70661E+01  -0.17082E+01  -0.16551E+01   0.40000E+01   0.12726E+00
  394    29.0253  13.7535  -0.71075E+01  -0.17201E+01  -0.16670E+01   0.40000E+01   0.11775E+00
  395    29.2863  13.7549  -0.71491E+01  -0.17321E+01  -0.16790E+01   0.40000E+01   0.10895E+00
  396    29.5496  13.7563  -0.71910E+01  -0.17441E+01  -0.16911E+01   0.40000E+01   0.10065E+00
  397    29.8152  13.7577  -0.72330E+01  -0.17563E+01  -0.17032E+01   0.40000E+01   0.93000E-01
  398    30.0831  13.7590  -0.72751E+01  -0.17684E+01  -0.17154E+01   0.40000E+01   0.85937E-01
  399    30.3534  13.7604  -0.73176E+01  -0.17807E+01  -0.17276E+01   0.40000E+01   0.79293E-01
  400    30.6259  13.7617  -0.73602E+01  -0.17930E+01  -0.17400E+01   0.40000E+01   0.73177E-01
