    1     0.0001   0.0014  -0.15259E-04   0.12943E-05   0.52084E-01   0.72195E+01   0.64242E+03
    2     0.0088   0.1221  -0.23276E-02  -0.15923E-03   0.51924E-01   0.71808E+01   0.11511E+04
    3     0.0176   0.2423  -0.48659E-02  -0.37313E-03   0.51710E-01   0.71432E+01   0.12141E+04
    4     0.0264   0.3621  -0.75231E-02  -0.61085E-03   0.51472E-01   0.71062E+01   0.12577E+04
    5     0.0353   0.4814  -0.10272E-01  -0.86465E-03   0.51219E-01   0.70695E+01   0.12962E+04
    6     0.0443   0.6003  -0.13108E-01  -0.11338E-02   0.50949E-01   0.70333E+01   0.13298E+04
    7     0.0534   0.7188  -0.16018E-01  -0.14146E-02   0.50669E-01   0.69973E+01   0.13595E+04
    8     0.0626   0.8368  -0.18997E-01  -0.17061E-02   0.50377E-01   0.69616E+01   0.13875E+04
    9     0.0718   0.9543  -0.22045E-01  -0.20079E-02   0.50075E-01   0.69261E+01   0.14147E+04
   10     0.0811   1.0713  -0.25157E-01  -0.23189E-02   0.49764E-01   0.68910E+01   0.14404E+04
   11     0.0905   1.1879  -0.28334E-01  -0.26393E-02   0.49444E-01   0.68560E+01   0.14655E+04
   12     0.1000   1.3039  -0.31574E-01  -0.29688E-02   0.49114E-01   0.68213E+01   0.14893E+04
   13     0.1096   1.4195  -0.34884E-01  -0.33098E-02   0.48773E-01   0.67869E+01   0.15133E+04
   14     0.1192   1.5346  -0.38245E-01  -0.36564E-02   0.48427E-01   0.67526E+01   0.15366E+04
   15     0.1290   1.6491  -0.41669E-01  -0.40119E-02   0.48071E-01   0.67186E+01   0.15589E+04
   16     0.1388   1.7632  -0.45153E-01  -0.43765E-02   0.47707E-01   0.66848E+01   0.15815E+04
   17     0.1487   1.8767  -0.48699E-01  -0.47502E-02   0.47333E-01   0.66511E+01   0.16032E+04
   18     0.1587   1.9897  -0.52304E-01  -0.51325E-02   0.46951E-01   0.66177E+01   0.16250E+04
   19     0.1687   2.1021  -0.55972E-01  -0.55239E-02   0.46559E-01   0.65846E+01   0.16465E+04
   20     0.1789   2.2140  -0.59699E-01  -0.59244E-02   0.46159E-01   0.65516E+01   0.16674E+04
   21     0.1891   2.3254  -0.63489E-01  -0.63344E-02   0.45749E-01   0.65188E+01   0.16885E+04
   22     0.1995   2.4362  -0.67338E-01  -0.67535E-02   0.45330E-01   0.64863E+01   0.17090E+04
   23     0.2099   2.5465  -0.71247E-01  -0.71814E-02   0.44902E-01   0.64539E+01   0.17294E+04
   24     0.2204   2.6562  -0.75218E-01  -0.76192E-02   0.44464E-01   0.64218E+01   0.17496E+04
   25     0.2310   2.7653  -0.79250E-01  -0.80665E-02   0.44017E-01   0.63898E+01   0.17697E+04
   26     0.2417   2.8738  -0.83343E-01  -0.85234E-02   0.43560E-01   0.63581E+01   0.17896E+04
   27     0.2525   2.9818  -0.87496E-01  -0.89899E-02   0.43093E-01   0.63266E+01   0.18090E+04
   28     0.2634   3.0892  -0.91712E-01  -0.94666E-02   0.42617E-01   0.62953E+01   0.18285E+04
   29     0.2744   3.1959  -0.95988E-01  -0.99533E-02   0.42130E-01   0.62642E+01   0.18478E+04
   30     0.2855   3.3021  -0.10033E+00  -0.10450E-01   0.41633E-01   0.62333E+01   0.18668E+04
   31     0.2967   3.4077  -0.10473E+00  -0.10957E-01   0.41127E-01   0.62026E+01   0.18855E+04
   32     0.3079   3.5127  -0.10919E+00  -0.11474E-01   0.40609E-01   0.61721E+01   0.19041E+04
   33     0.3193   3.6170  -0.11369E+00  -0.11995E-01   0.40088E-01   0.61418E+01   0.19226E+04
   34     0.3308   3.7207  -0.11828E+00  -0.12533E-01   0.39550E-01   0.61118E+01   0.19408E+04
   35     0.3423   3.8238  -0.12293E+00  -0.13082E-01   0.39001E-01   0.60819E+01   0.19583E+04
   36     0.3540   3.9263  -0.12764E+00  -0.13642E-01   0.38441E-01   0.60523E+01   0.19761E+04
   37     0.3658   4.0281  -0.13242E+00  -0.14213E-01   0.37870E-01   0.60229E+01   0.19935E+04
   38     0.3777   4.1293  -0.13726E+00  -0.14796E-01   0.37288E-01   0.59938E+01   0.20106E+04
   39     0.3896   4.2299  -0.14216E+00  -0.15389E-01   0.36694E-01   0.59648E+01   0.20276E+04
   40     0.4017   4.3298  -0.14713E+00  -0.15994E-01   0.36089E-01   0.59361E+01   0.20443E+04
   41     0.4139   4.4291  -0.15216E+00  -0.16610E-01   0.35473E-01   0.59076E+01   0.20609E+04
   42     0.4262   4.5276  -0.15725E+00  -0.17238E-01   0.34845E-01   0.58792E+01   0.20773E+04
   43     0.4386   4.6256  -0.16241E+00  -0.17879E-01   0.34204E-01   0.58512E+01   0.20932E+04
   44     0.4511   4.7229  -0.16764E+00  -0.18532E-01   0.33552E-01   0.58234E+01   0.21089E+04
   45     0.4637   4.8195  -0.17293E+00  -0.19196E-01   0.32887E-01   0.57957E+01   0.21246E+04
   46     0.4764   4.9154  -0.17829E+00  -0.19872E-01   0.32211E-01   0.57683E+01   0.21399E+04
   47     0.4893   5.0106  -0.18371E+00  -0.20561E-01   0.31522E-01   0.57412E+01   0.21550E+04
   48     0.5022   5.1052  -0.18920E+00  -0.21262E-01   0.30821E-01   0.57142E+01   0.21697E+04
   49     0.5153   5.1991  -0.19475E+00  -0.21976E-01   0.30107E-01   0.56875E+01   0.21841E+04
   50     0.5285   5.2923  -0.20037E+00  -0.22703E-01   0.29380E-01   0.56610E+01   0.21985E+04
   51     0.5417   5.3849  -0.20606E+00  -0.23443E-01   0.28640E-01   0.56348E+01   0.22122E+04
   52     0.5552   5.4767  -0.21181E+00  -0.24196E-01   0.27887E-01   0.56088E+01   0.22259E+04
   53     0.5687   5.5679  -0.21763E+00  -0.24963E-01   0.27120E-01   0.55830E+01   0.22394E+04
   54     0.5823   5.6583  -0.22352E+00  -0.25743E-01   0.26340E-01   0.55575E+01   0.22522E+04
   55     0.5961   5.7481  -0.22948E+00  -0.26538E-01   0.25545E-01   0.55321E+01   0.22649E+04
   56     0.6099   5.8371  -0.23551E+00  -0.27346E-01   0.24737E-01   0.55071E+01   0.22774E+04
   57     0.6239   5.9255  -0.24161E+00  -0.28168E-01   0.23915E-01   0.54822E+01   0.22894E+04
   58     0.6381   6.0132  -0.24777E+00  -0.29004E-01   0.23079E-01   0.54576E+01   0.23012E+04
   59     0.6523   6.1001  -0.25401E+00  -0.29855E-01   0.22228E-01   0.54333E+01   0.23127E+04
   60     0.6667   6.1864  -0.26031E+00  -0.30720E-01   0.21363E-01   0.54091E+01   0.23237E+04
   61     0.6812   6.2719  -0.26669E+00  -0.31599E-01   0.20484E-01   0.53853E+01   0.23344E+04
   62     0.6958   6.3568  -0.27313E+00  -0.32493E-01   0.19590E-01   0.53616E+01   0.23446E+04
   63     0.7105   6.4409  -0.27965E+00  -0.33401E-01   0.18682E-01   0.53382E+01   0.23547E+04
   64     0.7254   6.5244  -0.28623E+00  -0.34324E-01   0.17759E-01   0.53151E+01   0.23640E+04
   65     0.7404   6.6071  -0.29288E+00  -0.35261E-01   0.16822E-01   0.52922E+01   0.23732E+04
   66     0.7555   6.6891  -0.29960E+00  -0.36213E-01   0.15870E-01   0.52696E+01   0.23818E+04
   67     0.7708   6.7704  -0.30639E+00  -0.37180E-01   0.14903E-01   0.52471E+01   0.23901E+04
   68     0.7862   6.8511  -0.31325E+00  -0.38161E-01   0.13922E-01   0.52250E+01   0.23980E+04
   69     0.8017   6.9310  -0.32019E+00  -0.39158E-01   0.12925E-01   0.52031E+01   0.24054E+04
   70     0.8174   7.0102  -0.32719E+00  -0.40169E-01   0.11914E-01   0.51814E+01   0.24124E+04
   71     0.8332   7.0886  -0.33426E+00  -0.41196E-01   0.10887E-01   0.51600E+01   0.24191E+04
   72     0.8491   7.1664  -0.34140E+00  -0.42238E-01   0.98451E-02   0.51388E+01   0.24252E+04
   73     0.8652   7.2435  -0.34861E+00  -0.43295E-01   0.87879E-02   0.51179E+01   0.24310E+04
   74     0.8814   7.3199  -0.35589E+00  -0.44368E-01   0.77154E-02   0.50972E+01   0.24364E+04
   75     0.8977   7.3956  -0.36325E+00  -0.45456E-01   0.66274E-02   0.50768E+01   0.24414E+04
   76     0.9142   7.4705  -0.37067E+00  -0.46559E-01   0.55243E-02   0.50566E+01   0.24460E+04
   77     0.9309   7.5448  -0.37816E+00  -0.47678E-01   0.44056E-02   0.50367E+01   0.24501E+04
   78     0.9477   7.6184  -0.38572E+00  -0.48811E-01   0.32718E-02   0.50170E+01   0.24538E+04
   79     0.9646   7.6913  -0.39335E+00  -0.49961E-01   0.21220E-02   0.49976E+01   0.24572E+04
   80     0.9817   7.7635  -0.40105E+00  -0.51127E-01   0.95653E-03   0.49784E+01   0.24597E+04
   81     0.9989   7.8350  -0.40883E+00  -0.52308E-01  -0.22516E-03   0.49595E+01   0.24618E+04
   82     1.0163   7.9058  -0.41667E+00  -0.53506E-01  -0.14224E-02   0.49408E+01   0.24638E+04
   83     1.0338   7.9759  -0.42459E+00  -0.54720E-01  -0.26373E-02   0.49224E+01   0.24655E+04
   84     1.0515   8.0453  -0.43258E+00  -0.55952E-01  -0.38688E-02   0.49042E+01   0.24666E+04
   85     1.0693   8.1141  -0.44065E+00  -0.57200E-01  -0.51169E-02   0.48863E+01   0.24676E+04
   86     1.0873   8.1821  -0.44878E+00  -0.58464E-01  -0.63806E-02   0.48686E+01   0.24681E+04
   87     1.1055   8.2495  -0.45698E+00  -0.59745E-01  -0.76614E-02   0.48512E+01   0.24683E+04
   88     1.1238   8.3162  -0.46526E+00  -0.61042E-01  -0.89587E-02   0.48340E+01   0.24678E+04
   89     1.1423   8.3823  -0.47359E+00  -0.62348E-01  -0.10265E-01   0.48171E+01   0.24671E+04
   90     1.1609   8.4477  -0.48198E+00  -0.63672E-01  -0.11589E-01   0.48004E+01   0.24660E+04
   91     1.1797   8.5124  -0.49048E+00  -0.65021E-01  -0.12937E-01   0.47840E+01   0.24641E+04
   92     1.1986   8.5764  -0.49905E+00  -0.66386E-01  -0.14303E-01   0.47678E+01   0.24618E+04
   93     1.2177   8.6398  -0.50769E+00  -0.67769E-01  -0.15686E-01   0.47519E+01   0.24590E+04
   94     1.2370   8.7025  -0.51641E+00  -0.69170E-01  -0.17087E-01   0.47363E+01   0.24559E+04
   95     1.2565   8.7646  -0.52520E+00  -0.70589E-01  -0.18506E-01   0.47209E+01   0.24522E+04
   96     1.2761   8.8260  -0.53406E+00  -0.72025E-01  -0.19941E-01   0.47057E+01   0.24486E+04
   97     1.2959   8.8868  -0.54298E+00  -0.73476E-01  -0.21393E-01   0.46908E+01   0.24445E+04
   98     1.3158   8.9469  -0.55198E+00  -0.74945E-01  -0.22861E-01   0.46761E+01   0.24395E+04
   99     1.3360   9.0065  -0.56105E+00  -0.76431E-01  -0.24348E-01   0.46617E+01   0.24340E+04
  100     1.3563   9.0653  -0.57019E+00  -0.77934E-01  -0.25851E-01   0.46475E+01   0.24281E+04
  101     1.3767   9.1236  -0.57941E+00  -0.79455E-01  -0.27372E-01   0.46335E+01   0.24218E+04
  102     1.3974   9.1812  -0.58869E+00  -0.80994E-01  -0.28910E-01   0.46198E+01   0.24150E+04
  103     1.4183   9.2382  -0.59805E+00  -0.82550E-01  -0.30466E-01   0.46063E+01   0.24079E+04
  104     1.4393   9.2945  -0.60748E+00  -0.84123E-01  -0.32040E-01   0.45931E+01   0.24005E+04
  105     1.4605   9.3503  -0.61697E+00  -0.85715E-01  -0.33632E-01   0.45800E+01   0.23927E+04
  106     1.4819   9.4054  -0.62655E+00  -0.87325E-01  -0.35241E-01   0.45673E+01   0.23845E+04
  107     1.5035   9.4600  -0.63619E+00  -0.88954E-01  -0.36870E-01   0.45547E+01   0.23759E+04
  108     1.5252   9.5139  -0.64591E+00  -0.90600E-01  -0.38517E-01   0.45424E+01   0.23670E+04
  109     1.5472   9.5673  -0.65570E+00  -0.92264E-01  -0.40181E-01   0.45303E+01   0.23576E+04
  110     1.5693   9.6200  -0.66556E+00  -0.93948E-01  -0.41865E-01   0.45184E+01   0.23479E+04
  111     1.5917   9.6722  -0.67550E+00  -0.95650E-01  -0.43567E-01   0.45067E+01   0.23378E+04
  112     1.6142   9.7238  -0.68551E+00  -0.97372E-01  -0.45288E-01   0.44953E+01   0.23274E+04
  113     1.6369   9.7748  -0.69559E+00  -0.99111E-01  -0.47028E-01   0.44841E+01   0.23165E+04
  114     1.6598   9.8252  -0.70574E+00  -0.10087E+00  -0.48787E-01   0.44731E+01   0.23053E+04
  115     1.6830   9.8751  -0.71597E+00  -0.10265E+00  -0.50565E-01   0.44624E+01   0.22937E+04
  116     1.7063   9.9244  -0.72627E+00  -0.10444E+00  -0.52361E-01   0.44518E+01   0.22818E+04
  117     1.7298   9.9731  -0.73664E+00  -0.10626E+00  -0.54176E-01   0.44414E+01   0.22694E+04
  118     1.7536  10.0213  -0.74708E+00  -0.10809E+00  -0.56011E-01   0.44313E+01   0.22567E+04
  119     1.7775  10.0689  -0.75760E+00  -0.10995E+00  -0.57864E-01   0.44214E+01   0.22437E+04
  120     1.8016  10.1160  -0.76819E+00  -0.11182E+00  -0.59737E-01   0.44116E+01   0.22303E+04
  121     1.8260  10.1626  -0.77885E+00  -0.11371E+00  -0.61629E-01   0.44021E+01   0.22167E+04
  122     1.8506  10.2086  -0.78958E+00  -0.11562E+00  -0.63541E-01   0.43927E+01   0.22028E+04
  123     1.8753  10.2541  -0.80039E+00  -0.11755E+00  -0.65472E-01   0.43836E+01   0.21887E+04
  124     1.9003  10.2990  -0.81127E+00  -0.11951E+00  -0.67422E-01   0.43746E+01   0.21742E+04
  125     1.9256  10.3434  -0.82222E+00  -0.12147E+00  -0.69392E-01   0.43659E+01   0.21596E+04
  126     1.9510  10.3873  -0.83324E+00  -0.12346E+00  -0.71381E-01   0.43573E+01   0.21445E+04
  127     1.9766  10.4307  -0.84433E+00  -0.12547E+00  -0.73391E-01   0.43489E+01   0.21293E+04
  128     2.0025  10.4736  -0.85551E+00  -0.12751E+00  -0.75422E-01   0.43407E+01   0.21137E+04
  129     2.0286  10.5160  -0.86676E+00  -0.12956E+00  -0.77474E-01   0.43326E+01   0.20977E+04
  130     2.0550  10.5579  -0.87808E+00  -0.13163E+00  -0.79547E-01   0.43248E+01   0.20816E+04
  131     2.0815  10.5993  -0.88948E+00  -0.13372E+00  -0.81640E-01   0.43171E+01   0.20651E+04
  132     2.1083  10.6402  -0.90094E+00  -0.13584E+00  -0.83754E-01   0.43096E+01   0.20484E+04
  133     2.1353  10.6806  -0.91249E+00  -0.13797E+00  -0.85888E-01   0.43023E+01   0.20315E+04
  134     2.1626  10.7205  -0.92410E+00  -0.14012E+00  -0.88041E-01   0.42951E+01   0.20143E+04
  135     2.1901  10.7600  -0.93578E+00  -0.14230E+00  -0.90214E-01   0.42881E+01   0.19969E+04
  136     2.2178  10.7990  -0.94753E+00  -0.14449E+00  -0.92407E-01   0.42813E+01   0.19793E+04
  137     2.2458  10.8375  -0.95936E+00  -0.14670E+00  -0.94621E-01   0.42746E+01   0.19616E+04
  138     2.2740  10.8756  -0.97126E+00  -0.14894E+00  -0.96855E-01   0.42680E+01   0.19437E+04
  139     2.3025  10.9132  -0.98323E+00  -0.15119E+00  -0.99111E-01   0.42616E+01   0.19256E+04
  140     2.3312  10.9504  -0.99528E+00  -0.15347E+00  -0.10139E+00   0.42554E+01   0.19075E+04
  141     2.3602  10.9871  -0.10074E+01  -0.15577E+00  -0.10369E+00   0.42493E+01   0.18892E+04
  142     2.3894  11.0234  -0.10196E+01  -0.15809E+00  -0.10601E+00   0.42433E+01   0.18707E+04
  143     2.4188  11.0592  -0.10319E+01  -0.16044E+00  -0.10835E+00   0.42375E+01   0.18521E+04
  144     2.4486  11.0946  -0.10442E+01  -0.16280E+00  -0.11072E+00   0.42318E+01   0.18332E+04
  145     2.4785  11.1296  -0.10567E+01  -0.16519E+00  -0.11311E+00   0.42263E+01   0.18142E+04
  146     2.5088  11.1641  -0.10692E+01  -0.16760E+00  -0.11551E+00   0.42209E+01   0.17950E+04
  147     2.5393  11.1982  -0.10817E+01  -0.17003E+00  -0.11795E+00   0.42156E+01   0.17756E+04
  148     2.5701  11.2320  -0.10944E+01  -0.17248E+00  -0.12040E+00   0.42104E+01   0.17561E+04
  149     2.6011  11.2653  -0.11071E+01  -0.17496E+00  -0.12287E+00   0.42054E+01   0.17365E+04
  150     2.6324  11.2982  -0.11199E+01  -0.17745E+00  -0.12537E+00   0.42005E+01   0.17169E+04
  151     2.6640  11.3306  -0.11328E+01  -0.17997E+00  -0.12788E+00   0.41957E+01   0.16971E+04
  152     2.6958  11.3627  -0.11457E+01  -0.18251E+00  -0.13042E+00   0.41911E+01   0.16774E+04
  153     2.7280  11.3944  -0.11587E+01  -0.18507E+00  -0.13298E+00   0.41865E+01   0.16575E+04
  154     2.7604  11.4258  -0.11718E+01  -0.18765E+00  -0.13557E+00   0.41820E+01   0.16376E+04
  155     2.7931  11.4567  -0.11850E+01  -0.19025E+00  -0.13817E+00   0.41777E+01   0.16177E+04
  156     2.8260  11.4872  -0.11982E+01  -0.19288E+00  -0.14080E+00   0.41735E+01   0.15979E+04
  157     2.8593  11.5174  -0.12115E+01  -0.19554E+00  -0.14345E+00   0.41693E+01   0.15779E+04
  158     2.8929  11.5472  -0.12249E+01  -0.19821E+00  -0.14613E+00   0.41653E+01   0.15580E+04
  159     2.9267  11.5766  -0.12384E+01  -0.20091E+00  -0.14882E+00   0.41614E+01   0.15381E+04
  160     2.9608  11.6057  -0.12519E+01  -0.20363E+00  -0.15155E+00   0.41575E+01   0.15179E+04
  161     2.9953  11.6344  -0.12655E+01  -0.20637E+00  -0.15429E+00   0.41538E+01   0.14979E+04
  162     3.0300  11.6628  -0.12792E+01  -0.20914E+00  -0.15706E+00   0.41502E+01   0.14777E+04
  163     3.0651  11.6908  -0.12930E+01  -0.21194E+00  -0.15985E+00   0.41466E+01   0.14577E+04
  164     3.1004  11.7184  -0.13069E+01  -0.21475E+00  -0.16267E+00   0.41432E+01   0.14374E+04
  165     3.1360  11.7458  -0.13208E+01  -0.21759E+00  -0.16550E+00   0.41398E+01   0.14172E+04
  166     3.1720  11.7727  -0.13348E+01  -0.22045E+00  -0.16837E+00   0.41365E+01   0.13970E+04
  167     3.2083  11.7994  -0.13489E+01  -0.22333E+00  -0.17125E+00   0.41333E+01   0.13767E+04
  168     3.2449  11.8257  -0.13630E+01  -0.22624E+00  -0.17416E+00   0.41301E+01   0.13566E+04
  169     3.2818  11.8517  -0.13772E+01  -0.22917E+00  -0.17709E+00   0.41271E+01   0.13365E+04
  170     3.3190  11.8773  -0.13915E+01  -0.23213E+00  -0.18004E+00   0.41241E+01   0.13166E+04
  171     3.3565  11.9026  -0.14059E+01  -0.23510E+00  -0.18302E+00   0.41212E+01   0.12968E+04
  172     3.3944  11.9277  -0.14203E+01  -0.23810E+00  -0.18602E+00   0.41183E+01   0.12772E+04
  173     3.4326  11.9524  -0.14349E+01  -0.24112E+00  -0.18904E+00   0.41156E+01   0.12577E+04
  174     3.4712  11.9768  -0.14495E+01  -0.24418E+00  -0.19209E+00   0.41129E+01   0.12382E+04
  175     3.5100  12.0009  -0.14642E+01  -0.24725E+00  -0.19517E+00   0.41103E+01   0.12188E+04
  176     3.5492  12.0246  -0.14789E+01  -0.25036E+00  -0.19827E+00   0.41077E+01   0.11995E+04
  177     3.5888  12.0481  -0.14938E+01  -0.25349E+00  -0.20140E+00   0.41052E+01   0.11801E+04
  178     3.6287  12.0713  -0.15087E+01  -0.25664E+00  -0.20456E+00   0.41028E+01   0.11608E+04
  179     3.6689  12.0942  -0.15238E+01  -0.25982E+00  -0.20774E+00   0.41004E+01   0.11415E+04
  180     3.7095  12.1169  -0.15388E+01  -0.26302E+00  -0.21094E+00   0.40981E+01   0.11221E+04
  181     3.7505  12.1392  -0.15540E+01  -0.26624E+00  -0.21416E+00   0.40959E+01   0.11030E+04
  182     3.7918  12.1612  -0.15692E+01  -0.26949E+00  -0.21741E+00   0.40937E+01   0.10840E+04
  183     3.8334  12.1830  -0.15846E+01  -0.27277E+00  -0.22068E+00   0.40916E+01   0.10652E+04
  184     3.8754  12.2045  -0.15999E+01  -0.27606E+00  -0.22398E+00   0.40895E+01   0.10466E+04
  185     3.9178  12.2257  -0.16154E+01  -0.27938E+00  -0.22730E+00   0.40874E+01   0.10281E+04
  186     3.9606  12.2467  -0.16309E+01  -0.28273E+00  -0.23065E+00   0.40854E+01   0.10098E+04
  187     4.0037  12.2674  -0.16466E+01  -0.28610E+00  -0.23402E+00   0.40835E+01   0.99163E+03
  188     4.0472  12.2878  -0.16623E+01  -0.28950E+00  -0.23742E+00   0.40816E+01   0.97370E+03
  189     4.0911  12.3080  -0.16781E+01  -0.29293E+00  -0.24085E+00   0.40797E+01   0.95579E+03
  190     4.1353  12.3279  -0.16940E+01  -0.29638E+00  -0.24430E+00   0.40779E+01   0.93805E+03
  191     4.1800  12.3476  -0.17099E+01  -0.29986E+00  -0.24778E+00   0.40762E+01   0.92037E+03
  192     4.2250  12.3670  -0.17259E+01  -0.30336E+00  -0.25128E+00   0.40745E+01   0.90287E+03
  193     4.2705  12.3862  -0.17421E+01  -0.30689E+00  -0.25481E+00   0.40728E+01   0.88559E+03
  194     4.3163  12.4051  -0.17583E+01  -0.31045E+00  -0.25836E+00   0.40712E+01   0.86845E+03
  195     4.3625  12.4238  -0.17745E+01  -0.31403E+00  -0.26194E+00   0.40696E+01   0.85154E+03
  196     4.4091  12.4423  -0.17909E+01  -0.31763E+00  -0.26555E+00   0.40681E+01   0.83482E+03
  197     4.4561  12.4605  -0.18073E+01  -0.32127E+00  -0.26918E+00   0.40665E+01   0.81823E+03
  198     4.5036  12.4785  -0.18238E+01  -0.32493E+00  -0.27284E+00   0.40651E+01   0.80174E+03
  199     4.5514  12.4962  -0.18404E+01  -0.32862E+00  -0.27653E+00   0.40636E+01   0.78548E+03
  200     4.5997  12.5138  -0.18571E+01  -0.33233E+00  -0.28025E+00   0.40623E+01   0.76934E+03
  201     4.6484  12.5311  -0.18739E+01  -0.33607E+00  -0.28399E+00   0.40609E+01   0.75340E+03
  202     4.6975  12.5482  -0.18908E+01  -0.33984E+00  -0.28776E+00   0.40596E+01   0.73762E+03
  203     4.7470  12.5650  -0.19077E+01  -0.34363E+00  -0.29155E+00   0.40583E+01   0.72208E+03
  204     4.7970  12.5817  -0.19247E+01  -0.34745E+00  -0.29537E+00   0.40570E+01   0.70669E+03
  205     4.8474  12.5981  -0.19418E+01  -0.35130E+00  -0.29921E+00   0.40558E+01   0.69158E+03
  206     4.8982  12.6144  -0.19590E+01  -0.35517E+00  -0.30309E+00   0.40545E+01   0.67667E+03
  207     4.9495  12.6304  -0.19762E+01  -0.35907E+00  -0.30699E+00   0.40534E+01   0.66196E+03
  208     5.0012  12.6462  -0.19936E+01  -0.36300E+00  -0.31092E+00   0.40522E+01   0.64735E+03
  209     5.0534  12.6619  -0.20110E+01  -0.36696E+00  -0.31488E+00   0.40511E+01   0.63300E+03
  210     5.1060  12.6773  -0.20286E+01  -0.37095E+00  -0.31886E+00   0.40500E+01   0.61884E+03
  211     5.1591  12.6925  -0.20462E+01  -0.37496E+00  -0.32288E+00   0.40489E+01   0.60477E+03
  212     5.2126  12.7076  -0.20639E+01  -0.37900E+00  -0.32692E+00   0.40479E+01   0.59090E+03
  213     5.2667  12.7224  -0.20816E+01  -0.38307E+00  -0.33099E+00   0.40469E+01   0.57732E+03
  214     5.3211  12.7371  -0.20995E+01  -0.38717E+00  -0.33508E+00   0.40459E+01   0.56391E+03
  215     5.3761  12.7515  -0.21174E+01  -0.39129E+00  -0.33921E+00   0.40449E+01   0.55068E+03
  216     5.4315  12.7658  -0.21355E+01  -0.39544E+00  -0.34336E+00   0.40440E+01   0.53769E+03
  217     5.4874  12.7799  -0.21536E+01  -0.39962E+00  -0.34754E+00   0.40431E+01   0.52491E+03
  218     5.5438  12.7938  -0.21718E+01  -0.40383E+00  -0.35174E+00   0.40422E+01   0.51235E+03
  219     5.6007  12.8076  -0.21901E+01  -0.40807E+00  -0.35598E+00   0.40413E+01   0.50002E+03
  220     5.6581  12.8211  -0.22085E+01  -0.41233E+00  -0.36025E+00   0.40404E+01   0.48782E+03
  221     5.7160  12.8345  -0.22269E+01  -0.41663E+00  -0.36454E+00   0.40396E+01   0.47591E+03
  222     5.7744  12.8477  -0.22455E+01  -0.42095E+00  -0.36887E+00   0.40388E+01   0.46408E+03
  223     5.8333  12.8608  -0.22641E+01  -0.42531E+00  -0.37323E+00   0.40380E+01   0.45241E+03
  224     5.8927  12.8737  -0.22829E+01  -0.42969E+00  -0.37761E+00   0.40372E+01   0.44097E+03
  225     5.9526  12.8864  -0.23017E+01  -0.43411E+00  -0.38203E+00   0.40364E+01   0.42973E+03
  226     6.0131  12.8990  -0.23206E+01  -0.43855E+00  -0.38646E+00   0.40357E+01   0.41870E+03
  227     6.0740  12.9114  -0.23396E+01  -0.44301E+00  -0.39093E+00   0.40349E+01   0.40790E+03
  228     6.1355  12.9236  -0.23587E+01  -0.44751E+00  -0.39543E+00   0.40342E+01   0.39728E+03
  229     6.1976  12.9357  -0.23779E+01  -0.45204E+00  -0.39996E+00   0.40335E+01   0.38682E+03
  230     6.2602  12.9476  -0.23971E+01  -0.45660E+00  -0.40451E+00   0.40329E+01   0.37668E+03
  231     6.3233  12.9594  -0.24165E+01  -0.46119E+00  -0.40910E+00   0.40322E+01   0.36668E+03
  232     6.3869  12.9710  -0.24360E+01  -0.46581E+00  -0.41373E+00   0.40316E+01   0.35691E+03
  233     6.4512  12.9825  -0.24555E+01  -0.47046E+00  -0.41838E+00   0.40309E+01   0.34722E+03
  234     6.5159  12.9938  -0.24751E+01  -0.47514E+00  -0.42305E+00   0.40303E+01   0.33770E+03
  235     6.5813  13.0050  -0.24949E+01  -0.47985E+00  -0.42777E+00   0.40297E+01   0.32844E+03
  236     6.6472  13.0160  -0.25147E+01  -0.48459E+00  -0.43251E+00   0.40291E+01   0.31931E+03
  237     6.7137  13.0269  -0.25346E+01  -0.48936E+00  -0.43728E+00   0.40285E+01   0.31044E+03
  238     6.7807  13.0377  -0.25546E+01  -0.49416E+00  -0.44208E+00   0.40280E+01   0.30167E+03
  239     6.8484  13.0483  -0.25747E+01  -0.49899E+00  -0.44691E+00   0.40274E+01   0.29313E+03
  240     6.9166  13.0588  -0.25949E+01  -0.50386E+00  -0.45177E+00   0.40269E+01   0.28481E+03
  241     6.9854  13.0691  -0.26152E+01  -0.50875E+00  -0.45667E+00   0.40264E+01   0.27663E+03
  242     7.0549  13.0794  -0.26356E+01  -0.51368E+00  -0.46159E+00   0.40258E+01   0.26859E+03
  243     7.1249  13.0894  -0.26561E+01  -0.51864E+00  -0.46655E+00   0.40253E+01   0.26076E+03
  244     7.1955  13.0994  -0.26766E+01  -0.52362E+00  -0.47154E+00   0.40249E+01   0.25314E+03
  245     7.2668  13.1092  -0.26973E+01  -0.52864E+00  -0.47656E+00   0.40244E+01   0.24561E+03
  246     7.3387  13.1189  -0.27181E+01  -0.53369E+00  -0.48161E+00   0.40239E+01   0.23831E+03
  247     7.4112  13.1285  -0.27389E+01  -0.53878E+00  -0.48669E+00   0.40234E+01   0.23118E+03
  248     7.4843  13.1380  -0.27599E+01  -0.54389E+00  -0.49181E+00   0.40230E+01   0.22417E+03
  249     7.5580  13.1473  -0.27810E+01  -0.54905E+00  -0.49696E+00   0.40226E+01   0.21736E+03
  250     7.6324  13.1565  -0.28021E+01  -0.55423E+00  -0.50214E+00   0.40221E+01   0.21067E+03
  251     7.7075  13.1656  -0.28234E+01  -0.55944E+00  -0.50736E+00   0.40217E+01   0.20418E+03
  252     7.7832  13.1746  -0.28447E+01  -0.56469E+00  -0.51260E+00   0.40213E+01   0.19780E+03
  253     7.8596  13.1834  -0.28662E+01  -0.56996E+00  -0.51788E+00   0.40209E+01   0.19162E+03
  254     7.9366  13.1922  -0.28877E+01  -0.57527E+00  -0.52319E+00   0.40205E+01   0.18559E+03
  255     8.0143  13.2008  -0.29093E+01  -0.58062E+00  -0.52853E+00   0.40201E+01   0.17973E+03
  256     8.0926  13.2093  -0.29311E+01  -0.58600E+00  -0.53391E+00   0.40197E+01   0.17346E+03
  257     8.1717  13.2178  -0.29530E+01  -0.59141E+00  -0.53933E+00   0.40194E+01   0.16831E+03
  258     8.2514  13.2261  -0.29749E+01  -0.59685E+00  -0.54477E+00   0.40190E+01   0.16286E+03
  259     8.3319  13.2343  -0.29966E+01  -0.60222E+00  -0.55013E+00   0.40186E+01   0.15765E+03
  260     8.4130  13.2424  -0.30192E+01  -0.60786E+00  -0.55578E+00   0.40183E+01   0.15231E+03
  261     8.4948  13.2503  -0.30414E+01  -0.61339E+00  -0.56131E+00   0.40180E+01   0.14723E+03
  262     8.5774  13.2582  -0.30637E+01  -0.61897E+00  -0.56688E+00   0.40177E+01   0.14274E+03
  263     8.6606  13.2660  -0.30862E+01  -0.62458E+00  -0.57250E+00   0.40173E+01   0.13760E+03
  264     8.7446  13.2737  -0.31087E+01  -0.63023E+00  -0.57814E+00   0.40170E+01   0.13293E+03
  265     8.8293  13.2813  -0.31314E+01  -0.63591E+00  -0.58383E+00   0.40167E+01   0.12842E+03
  266     8.9148  13.2888  -0.31542E+01  -0.64163E+00  -0.58955E+00   0.40164E+01   0.12402E+03
  267     9.0010  13.2962  -0.31771E+01  -0.64738E+00  -0.59530E+00   0.40161E+01   0.11974E+03
  268     9.0879  13.3035  -0.32001E+01  -0.65317E+00  -0.60109E+00   0.40158E+01   0.11557E+03
  269     9.1756  13.3107  -0.32231E+01  -0.65899E+00  -0.60691E+00   0.40155E+01   0.11151E+03
  270     9.2641  13.3178  -0.32463E+01  -0.66485E+00  -0.61277E+00   0.40152E+01   0.10759E+03
  271     9.3534  13.3248  -0.32696E+01  -0.67075E+00  -0.61866E+00   0.40150E+01   0.10376E+03
  272     9.4434  13.3317  -0.32930E+01  -0.67667E+00  -0.62459E+00   0.40147E+01   0.10006E+03
  273     9.5342  13.3386  -0.33166E+01  -0.68264E+00  -0.63055E+00   0.40145E+01   0.96468E+02
  274     9.6257  13.3453  -0.33402E+01  -0.68864E+00  -0.63655E+00   0.40142E+01   0.92982E+02
  275     9.7181  13.3520  -0.33639E+01  -0.69467E+00  -0.64259E+00   0.40139E+01   0.89592E+02
  276     9.8113  13.3586  -0.33878E+01  -0.70075E+00  -0.64867E+00   0.40137E+01   0.86301E+02
  277     9.9053  13.3651  -0.34117E+01  -0.70686E+00  -0.65478E+00   0.40135E+01   0.83126E+02
  278    10.0001  13.3715  -0.34358E+01  -0.71301E+00  -0.66092E+00   0.40132E+01   0.80023E+02
  279    10.0957  13.3778  -0.34600E+01  -0.71919E+00  -0.66710E+00   0.40130E+01   0.77040E+02
  280    10.1922  13.3841  -0.34842E+01  -0.72541E+00  -0.67332E+00   0.40128E+01   0.74153E+02
  281    10.2895  13.3902  -0.35086E+01  -0.73167E+00  -0.67958E+00   0.40125E+01   0.71336E+02
  282    10.3877  13.3963  -0.35331E+01  -0.73796E+00  -0.68588E+00   0.40123E+01   0.68595E+02
  283    10.4867  13.4023  -0.35578E+01  -0.74429E+00  -0.69221E+00   0.40121E+01   0.65983E+02
  284    10.5865  13.4083  -0.35825E+01  -0.75066E+00  -0.69858E+00   0.40119E+01   0.63432E+02
  285    10.6873  13.4141  -0.36074E+01  -0.75707E+00  -0.70498E+00   0.40117E+01   0.60965E+02
  286    10.7889  13.4199  -0.36323E+01  -0.76351E+00  -0.71143E+00   0.40115E+01   0.58580E+02
  287    10.8914  13.4256  -0.36574E+01  -0.77000E+00  -0.71792E+00   0.40113E+01   0.56268E+02
  288    10.9947  13.4312  -0.36826E+01  -0.77652E+00  -0.72444E+00   0.40111E+01   0.54039E+02
  289    11.0990  13.4368  -0.37079E+01  -0.78309E+00  -0.73101E+00   0.40109E+01   0.51886E+02
  290    11.2042  13.4423  -0.37333E+01  -0.78968E+00  -0.73760E+00   0.40107E+01   0.49799E+02
  291    11.3103  13.4477  -0.37589E+01  -0.79633E+00  -0.74424E+00   0.40106E+01   0.47773E+02
  292    11.4173  13.4530  -0.37846E+01  -0.80300E+00  -0.75092E+00   0.40104E+01   0.45841E+02
  293    11.5253  13.4583  -0.38103E+01  -0.80972E+00  -0.75764E+00   0.40102E+01   0.43960E+02
  294    11.6342  13.4635  -0.38362E+01  -0.81648E+00  -0.76439E+00   0.40100E+01   0.42148E+02
  295    11.7440  13.4687  -0.38623E+01  -0.82328E+00  -0.77119E+00   0.40099E+01   0.40406E+02
  296    11.8548  13.4738  -0.38884E+01  -0.83011E+00  -0.77803E+00   0.40097E+01   0.38726E+02
  297    11.9666  13.4788  -0.39147E+01  -0.83699E+00  -0.78491E+00   0.40096E+01   0.37093E+02
  298    12.0793  13.4837  -0.39410E+01  -0.84391E+00  -0.79183E+00   0.40094E+01   0.35524E+02
  299    12.1930  13.4886  -0.39676E+01  -0.85087E+00  -0.79878E+00   0.40092E+01   0.34020E+02
  300    12.3077  13.4934  -0.39942E+01  -0.85787E+00  -0.80578E+00   0.40091E+01   0.32550E+02
  301    12.4234  13.4982  -0.40209E+01  -0.86490E+00  -0.81282E+00   0.40089E+01   0.31157E+02
  302    12.5401  13.5029  -0.40478E+01  -0.87198E+00  -0.81990E+00   0.40088E+01   0.29808E+02
  303    12.6578  13.5075  -0.40748E+01  -0.87911E+00  -0.82703E+00   0.40087E+01   0.28510E+02
  304    12.7766  13.5121  -0.41019E+01  -0.88627E+00  -0.83419E+00   0.40085E+01   0.27258E+02
  305    12.8963  13.5166  -0.41292E+01  -0.89348E+00  -0.84139E+00   0.40084E+01   0.26056E+02
  306    13.0172  13.5211  -0.41566E+01  -0.90073E+00  -0.84865E+00   0.40082E+01   0.24897E+02
  307    13.1390  13.5255  -0.41841E+01  -0.90802E+00  -0.85593E+00   0.40081E+01   0.23783E+02
  308    13.2619  13.5298  -0.42117E+01  -0.91535E+00  -0.86327E+00   0.40080E+01   0.22710E+02
  309    13.3859  13.5341  -0.42394E+01  -0.92273E+00  -0.87064E+00   0.40079E+01   0.21689E+02
  310    13.5110  13.5383  -0.42673E+01  -0.93014E+00  -0.87806E+00   0.40077E+01   0.20696E+02
  311    13.6372  13.5425  -0.42954E+01  -0.93761E+00  -0.88552E+00   0.40076E+01   0.19749E+02
  312    13.7644  13.5466  -0.43235E+01  -0.94511E+00  -0.89303E+00   0.40075E+01   0.18838E+02
  313    13.8928  13.5507  -0.43518E+01  -0.95266E+00  -0.90057E+00   0.40074E+01   0.17962E+02
  314    14.0223  13.5547  -0.43802E+01  -0.96025E+00  -0.90817E+00   0.40073E+01   0.17122E+02
  315    14.1529  13.5587  -0.44087E+01  -0.96789E+00  -0.91580E+00   0.40071E+01   0.16321E+02
  316    14.2846  13.5626  -0.44374E+01  -0.97557E+00  -0.92349E+00   0.40070E+01   0.15553E+02
  317    14.4175  13.5665  -0.44662E+01  -0.98330E+00  -0.93121E+00   0.40069E+01   0.14812E+02
  318    14.5515  13.5703  -0.44952E+01  -0.99107E+00  -0.93898E+00   0.40068E+01   0.14102E+02
  319    14.6867  13.5741  -0.45242E+01  -0.99888E+00  -0.94680E+00   0.40067E+01   0.13427E+02
  320    14.8231  13.5778  -0.45534E+01  -0.10067E+01  -0.95465E+00   0.40066E+01   0.12777E+02
  321    14.9607  13.5815  -0.45828E+01  -0.10146E+01  -0.96256E+00   0.40065E+01   0.12153E+02
  322    15.0994  13.5851  -0.46123E+01  -0.10226E+01  -0.97051E+00   0.40064E+01   0.11558E+02
  323    15.2394  13.5887  -0.46419E+01  -0.10306E+01  -0.97851E+00   0.40063E+01   0.10986E+02
  324    15.3806  13.5922  -0.46717E+01  -0.10386E+01  -0.98656E+00   0.40062E+01   0.10441E+02
  325    15.5230  13.5957  -0.47016E+01  -0.10467E+01  -0.99464E+00   0.40061E+01   0.99185E+01
  326    15.6666  13.5991  -0.47316E+01  -0.10549E+01  -0.10028E+01   0.40060E+01   0.94200E+01
  327    15.8115  13.6025  -0.47618E+01  -0.10630E+01  -0.10110E+01   0.40059E+01   0.89472E+01
  328    15.9577  13.6059  -0.47921E+01  -0.10713E+01  -0.10192E+01   0.40059E+01   0.84912E+01
  329    16.1051  13.6092  -0.48226E+01  -0.10796E+01  -0.10275E+01   0.40058E+01   0.80579E+01
  330    16.2538  13.6124  -0.48532E+01  -0.10879E+01  -0.10358E+01   0.40057E+01   0.76406E+01
  331    16.4038  13.6157  -0.48840E+01  -0.10963E+01  -0.10442E+01   0.40056E+01   0.72451E+01
  332    16.5551  13.6188  -0.49149E+01  -0.11047E+01  -0.10526E+01   0.40055E+01   0.68691E+01
  333    16.7078  13.6220  -0.49459E+01  -0.11131E+01  -0.10611E+01   0.40054E+01   0.65100E+01
  334    16.8617  13.6251  -0.49771E+01  -0.11217E+01  -0.10696E+01   0.40054E+01   0.61661E+01
  335    17.0170  13.6281  -0.50085E+01  -0.11302E+01  -0.10782E+01   0.40053E+01   0.58420E+01
  336    17.1736  13.6312  -0.50399E+01  -0.11389E+01  -0.10868E+01   0.40052E+01   0.55271E+01
  337    17.3316  13.6342  -0.50716E+01  -0.11475E+01  -0.10954E+01   0.40051E+01   0.52303E+01
  338    17.4910  13.6371  -0.51033E+01  -0.11562E+01  -0.11041E+01   0.40050E+01   0.49499E+01
  339    17.6518  13.6400  -0.51353E+01  -0.11650E+01  -0.11129E+01   0.40050E+01   0.46794E+01
  340    17.8139  13.6429  -0.51674E+01  -0.11738E+01  -0.11217E+01   0.40049E+01   0.44253E+01
  341    17.9775  13.6457  -0.51996E+01  -0.11827E+01  -0.11306E+01   0.40048E+01   0.41809E+01
  342    18.1425  13.6485  -0.52320E+01  -0.11916E+01  -0.11395E+01   0.40048E+01   0.39496E+01
  343    18.3089  13.6513  -0.52645E+01  -0.12006E+01  -0.11485E+01   0.40047E+01   0.37302E+01
  344    18.4768  13.6540  -0.52973E+01  -0.12096E+01  -0.11575E+01   0.40046E+01   0.35209E+01
  345    18.6461  13.6567  -0.53301E+01  -0.12187E+01  -0.11666E+01   0.40046E+01   0.33229E+01
  346    18.8169  13.6593  -0.53631E+01  -0.12278E+01  -0.11757E+01   0.40045E+01   0.31354E+01
  347    18.9892  13.6619  -0.53963E+01  -0.12370E+01  -0.11849E+01   0.40044E+01   0.29562E+01
  348    19.1630  13.6645  -0.54296E+01  -0.12462E+01  -0.11941E+01   0.40044E+01   0.27870E+01
  349    19.3383  13.6671  -0.54631E+01  -0.12555E+01  -0.12034E+01   0.40043E+01   0.26259E+01
  350    19.5151  13.6696  -0.54967E+01  -0.12648E+01  -0.12127E+01   0.40043E+01   0.24756E+01
  351    19.6934  13.6721  -0.55305E+01  -0.12742E+01  -0.12221E+01   0.40042E+01   0.23299E+01
  352    19.8734  13.6745  -0.55646E+01  -0.12837E+01  -0.12316E+01   0.40041E+01   0.21931E+01
  353    20.0548  13.6770  -0.55986E+01  -0.12931E+01  -0.12411E+01   0.40041E+01   0.20645E+01
  354    20.2379  13.6794  -0.56329E+01  -0.13027E+01  -0.12506E+01   0.40040E+01   0.19403E+01
  355    20.4225  13.6817  -0.56674E+01  -0.13123E+01  -0.12602E+01   0.40040E+01   0.18259E+01
  356    20.6088  13.6840  -0.57020E+01  -0.13220E+01  -0.12699E+01   0.40039E+01   0.17159E+01
  357    20.7966  13.6863  -0.57368E+01  -0.13317E+01  -0.12796E+01   0.40039E+01   0.16114E+01
  358    20.9861  13.6886  -0.57717E+01  -0.13415E+01  -0.12894E+01   0.40038E+01   0.15140E+01
  359    21.1773  13.6909  -0.58068E+01  -0.13513E+01  -0.12992E+01   0.40038E+01   0.14211E+01
  360    21.3701  13.6931  -0.58421E+01  -0.13612E+01  -0.13091E+01   0.40037E+01   0.13333E+01
  361    21.5646  13.6953  -0.58776E+01  -0.13711E+01  -0.13190E+01   0.40037E+01   0.12516E+01
  362    21.7607  13.6974  -0.59132E+01  -0.13811E+01  -0.13290E+01   0.40036E+01   0.11729E+01
  363    21.9586  13.6995  -0.59490E+01  -0.13912E+01  -0.13391E+01   0.40036E+01   0.11000E+01
  364    22.1582  13.7016  -0.59850E+01  -0.14013E+01  -0.13492E+01   0.40035E+01   0.10312E+01
  365    22.3596  13.7037  -0.60211E+01  -0.14115E+01  -0.13594E+01   0.40000E+01   0.96533E+00
  366    22.5626  13.7058  -0.60577E+01  -0.14218E+01  -0.13697E+01   0.40000E+01   0.90444E+00
  367    22.7675  13.7078  -0.60940E+01  -0.14320E+01  -0.13799E+01   0.40000E+01   0.84613E+00
  368    22.9741  13.7098  -0.61307E+01  -0.14424E+01  -0.13903E+01   0.40000E+01   0.79114E+00
  369    23.1825  13.7117  -0.61675E+01  -0.14527E+01  -0.14006E+01   0.40000E+01   0.74019E+00
  370    23.3928  13.7137  -0.62045E+01  -0.14632E+01  -0.14111E+01   0.40000E+01   0.69176E+00
  371    23.6049  13.7156  -0.62417E+01  -0.14737E+01  -0.14216E+01   0.40000E+01   0.64671E+00
  372    23.8188  13.7175  -0.62791E+01  -0.14843E+01  -0.14322E+01   0.40000E+01   0.60386E+00
  373    24.0345  13.7194  -0.63166E+01  -0.14949E+01  -0.14429E+01   0.40000E+01   0.56324E+00
  374    24.2522  13.7212  -0.63543E+01  -0.15056E+01  -0.14535E+01   0.40000E+01   0.52536E+00
  375    24.4717  13.7230  -0.63922E+01  -0.15164E+01  -0.14643E+01   0.40000E+01   0.49085E+00
  376    24.6932  13.7248  -0.64304E+01  -0.15272E+01  -0.14752E+01   0.40000E+01   0.45734E+00
  377    24.9166  13.7266  -0.64687E+01  -0.15381E+01  -0.14860E+01   0.40000E+01   0.42633E+00
  378    25.1419  13.7284  -0.65072E+01  -0.15490E+01  -0.14970E+01   0.40000E+01   0.39727E+00
  379    25.3691  13.7301  -0.65458E+01  -0.15600E+01  -0.15080E+01   0.40000E+01   0.37013E+00
  380    25.5984  13.7318  -0.65847E+01  -0.15711E+01  -0.15190E+01   0.40000E+01   0.34448E+00
  381    25.8296  13.7335  -0.66237E+01  -0.15823E+01  -0.15302E+01   0.40000E+01   0.32055E+00
  382    26.0629  13.7351  -0.66629E+01  -0.15934E+01  -0.15414E+01   0.40000E+01   0.29795E+00
  383    26.2982  13.7368  -0.67023E+01  -0.16047E+01  -0.15526E+01   0.40000E+01   0.27698E+00
  384    26.5355  13.7384  -0.67419E+01  -0.16160E+01  -0.15639E+01   0.40000E+01   0.25745E+00
  385    26.7749  13.7400  -0.67817E+01  -0.16274E+01  -0.15753E+01   0.40000E+01   0.23904E+00
  386    27.0164  13.7416  -0.68217E+01  -0.16388E+01  -0.15868E+01   0.40000E+01   0.22193E+00
  387    27.2599  13.7431  -0.68619E+01  -0.16504E+01  -0.15983E+01   0.40000E+01   0.20602E+00
  388    27.5056  13.7447  -0.69023E+01  -0.16620E+01  -0.16099E+01   0.40000E+01   0.19107E+00
  389    27.7534  13.7462  -0.69428E+01  -0.16736E+01  -0.16215E+01   0.40000E+01   0.17717E+00
  390    28.0034  13.7477  -0.69835E+01  -0.16853E+01  -0.16332E+01   0.40000E+01   0.16414E+00
  391    28.2556  13.7492  -0.70245E+01  -0.16971E+01  -0.16450E+01   0.40000E+01   0.15207E+00
  392    28.5099  13.7506  -0.70656E+01  -0.17089E+01  -0.16568E+01   0.40000E+01   0.14081E+00
  393    28.7665  13.7521  -0.71069E+01  -0.17208E+01  -0.16687E+01   0.40000E+01   0.13031E+00
  394    29.0253  13.7535  -0.71485E+01  -0.17328E+01  -0.16807E+01   0.40000E+01   0.12049E+00
  395    29.2863  13.7549  -0.71902E+01  -0.17448E+01  -0.16927E+01   0.40000E+01   0.11145E+00
  396    29.5496  13.7563  -0.72321E+01  -0.17569E+01  -0.17048E+01   0.40000E+01   0.10297E+00
  397    29.8152  13.7577  -0.72743E+01  -0.17691E+01  -0.17170E+01   0.40000E+01   0.95151E-01
  398    30.0831  13.7590  -0.73166E+01  -0.17813E+01  -0.17292E+01   0.40000E+01   0.87883E-01
  399    30.3534  13.7604  -0.73591E+01  -0.17936E+01  -0.17415E+01   0.40000E+01   0.80995E-01
  400    30.6259  13.7617  -0.74019E+01  -0.18059E+01  -0.17538E+01   0.40000E+01   0.74770E-01
