    1     0.0001   0.0014  -0.15259E-04   0.13978E-05   0.49133E-01   0.69573E+01   0.90349E+03
    2     0.0088   0.1221  -0.24542E-02  -0.18370E-03   0.48948E-01   0.69207E+01   0.17134E+04
    3     0.0176   0.2423  -0.51305E-02  -0.42518E-03   0.48707E-01   0.68851E+01   0.18060E+04
    4     0.0264   0.3621  -0.79320E-02  -0.69259E-03   0.48439E-01   0.68501E+01   0.18703E+04
    5     0.0353   0.4814  -0.10830E-01  -0.97791E-03   0.48154E-01   0.68155E+01   0.19265E+04
    6     0.0443   0.6003  -0.13820E-01  -0.12799E-02   0.47852E-01   0.67813E+01   0.19756E+04
    7     0.0534   0.7188  -0.16887E-01  -0.15948E-02   0.47537E-01   0.67473E+01   0.20190E+04
    8     0.0626   0.8368  -0.20027E-01  -0.19209E-02   0.47211E-01   0.67137E+01   0.20597E+04
    9     0.0718   0.9543  -0.23238E-01  -0.22582E-02   0.46874E-01   0.66803E+01   0.20991E+04
   10     0.0811   1.0713  -0.26518E-01  -0.26060E-02   0.46526E-01   0.66471E+01   0.21362E+04
   11     0.0905   1.1879  -0.29864E-01  -0.29643E-02   0.46168E-01   0.66142E+01   0.21723E+04
   12     0.1000   1.3039  -0.33277E-01  -0.33320E-02   0.45800E-01   0.65816E+01   0.22066E+04
   13     0.1096   1.4195  -0.36761E-01  -0.37116E-02   0.45420E-01   0.65491E+01   0.22410E+04
   14     0.1192   1.5346  -0.40301E-01  -0.40982E-02   0.45034E-01   0.65169E+01   0.22742E+04
   15     0.1290   1.6491  -0.43905E-01  -0.44946E-02   0.44637E-01   0.64849E+01   0.23061E+04
   16     0.1388   1.7632  -0.47572E-01  -0.49004E-02   0.44232E-01   0.64531E+01   0.23381E+04
   17     0.1487   1.8767  -0.51304E-01  -0.53161E-02   0.43816E-01   0.64215E+01   0.23689E+04
   18     0.1587   1.9897  -0.55098E-01  -0.57413E-02   0.43391E-01   0.63902E+01   0.23999E+04
   19     0.1687   2.1021  -0.58956E-01  -0.61767E-02   0.42955E-01   0.63590E+01   0.24301E+04
   20     0.1789   2.2140  -0.62877E-01  -0.66215E-02   0.42510E-01   0.63281E+01   0.24595E+04
   21     0.1891   2.3254  -0.66862E-01  -0.70763E-02   0.42056E-01   0.62973E+01   0.24891E+04
   22     0.1995   2.4362  -0.70910E-01  -0.75412E-02   0.41591E-01   0.62668E+01   0.25178E+04
   23     0.2099   2.5465  -0.75022E-01  -0.80164E-02   0.41116E-01   0.62365E+01   0.25463E+04
   24     0.2204   2.6562  -0.79196E-01  -0.85013E-02   0.40631E-01   0.62064E+01   0.25744E+04
   25     0.2310   2.7653  -0.83435E-01  -0.89965E-02   0.40135E-01   0.61765E+01   0.26022E+04
   26     0.2417   2.8738  -0.87737E-01  -0.95026E-02   0.39629E-01   0.61468E+01   0.26299E+04
   27     0.2525   2.9818  -0.92102E-01  -0.10019E-01   0.39113E-01   0.61173E+01   0.26567E+04
   28     0.2634   3.0892  -0.96532E-01  -0.10546E-01   0.38586E-01   0.60880E+01   0.26835E+04
   29     0.2744   3.1959  -0.10103E+00  -0.11084E-01   0.38048E-01   0.60589E+01   0.27101E+04
   30     0.2855   3.3021  -0.10558E+00  -0.11632E-01   0.37500E-01   0.60300E+01   0.27362E+04
   31     0.2967   3.4077  -0.11020E+00  -0.12191E-01   0.36941E-01   0.60014E+01   0.27618E+04
   32     0.3079   3.5127  -0.11489E+00  -0.12761E-01   0.36371E-01   0.59730E+01   0.27872E+04
   33     0.3193   3.6170  -0.11961E+00  -0.13335E-01   0.35796E-01   0.59446E+01   0.28126E+04
   34     0.3308   3.7207  -0.12443E+00  -0.13928E-01   0.35204E-01   0.59166E+01   0.28373E+04
   35     0.3423   3.8238  -0.12931E+00  -0.14532E-01   0.34600E-01   0.58888E+01   0.28611E+04
   36     0.3540   3.9263  -0.13425E+00  -0.15147E-01   0.33985E-01   0.58612E+01   0.28853E+04
   37     0.3658   4.0281  -0.13926E+00  -0.15774E-01   0.33358E-01   0.58338E+01   0.29089E+04
   38     0.3777   4.1293  -0.14434E+00  -0.16413E-01   0.32718E-01   0.58066E+01   0.29320E+04
   39     0.3896   4.2299  -0.14948E+00  -0.17065E-01   0.32067E-01   0.57796E+01   0.29549E+04
   40     0.4017   4.3298  -0.15469E+00  -0.17728E-01   0.31404E-01   0.57529E+01   0.29774E+04
   41     0.4139   4.4291  -0.15996E+00  -0.18404E-01   0.30728E-01   0.57264E+01   0.29995E+04
   42     0.4262   4.5276  -0.16530E+00  -0.19093E-01   0.30039E-01   0.57000E+01   0.30214E+04
   43     0.4386   4.6256  -0.17071E+00  -0.19794E-01   0.29337E-01   0.56740E+01   0.30425E+04
   44     0.4511   4.7229  -0.17619E+00  -0.20509E-01   0.28623E-01   0.56481E+01   0.30633E+04
   45     0.4637   4.8195  -0.18174E+00  -0.21237E-01   0.27895E-01   0.56225E+01   0.30839E+04
   46     0.4764   4.9154  -0.18736E+00  -0.21977E-01   0.27155E-01   0.55971E+01   0.31040E+04
   47     0.4893   5.0106  -0.19304E+00  -0.22732E-01   0.26400E-01   0.55719E+01   0.31237E+04
   48     0.5022   5.1052  -0.19880E+00  -0.23500E-01   0.25632E-01   0.55469E+01   0.31428E+04
   49     0.5153   5.1991  -0.20462E+00  -0.24283E-01   0.24849E-01   0.55221E+01   0.31613E+04
   50     0.5285   5.2923  -0.21052E+00  -0.25079E-01   0.24053E-01   0.54976E+01   0.31797E+04
   51     0.5417   5.3849  -0.21648E+00  -0.25890E-01   0.23242E-01   0.54733E+01   0.31971E+04
   52     0.5552   5.4767  -0.22252E+00  -0.26714E-01   0.22418E-01   0.54493E+01   0.32143E+04
   53     0.5687   5.5679  -0.22862E+00  -0.27553E-01   0.21579E-01   0.54254E+01   0.32312E+04
   54     0.5823   5.6583  -0.23480E+00  -0.28406E-01   0.20726E-01   0.54018E+01   0.32470E+04
   55     0.5961   5.7481  -0.24104E+00  -0.29273E-01   0.19858E-01   0.53784E+01   0.32626E+04
   56     0.6099   5.8371  -0.24736E+00  -0.30155E-01   0.18977E-01   0.53553E+01   0.32779E+04
   57     0.6239   5.9255  -0.25374E+00  -0.31051E-01   0.18081E-01   0.53324E+01   0.32924E+04
   58     0.6381   6.0132  -0.26020E+00  -0.31962E-01   0.17170E-01   0.53097E+01   0.33064E+04
   59     0.6523   6.1001  -0.26673E+00  -0.32887E-01   0.16245E-01   0.52872E+01   0.33197E+04
   60     0.6667   6.1864  -0.27332E+00  -0.33827E-01   0.15305E-01   0.52650E+01   0.33323E+04
   61     0.6812   6.2719  -0.27999E+00  -0.34782E-01   0.14350E-01   0.52430E+01   0.33445E+04
   62     0.6958   6.3568  -0.28673E+00  -0.35751E-01   0.13381E-01   0.52213E+01   0.33559E+04
   63     0.7105   6.4409  -0.29354E+00  -0.36735E-01   0.12397E-01   0.51998E+01   0.33671E+04
   64     0.7254   6.5244  -0.30041E+00  -0.37733E-01   0.11399E-01   0.51785E+01   0.33773E+04
   65     0.7404   6.6071  -0.30736E+00  -0.38748E-01   0.10384E-01   0.51575E+01   0.33873E+04
   66     0.7555   6.6891  -0.31438E+00  -0.39777E-01   0.93549E-02   0.51367E+01   0.33966E+04
   67     0.7708   6.7704  -0.32147E+00  -0.40822E-01   0.83098E-02   0.51162E+01   0.34053E+04
   68     0.7862   6.8511  -0.32864E+00  -0.41882E-01   0.72503E-02   0.50959E+01   0.34136E+04
   69     0.8017   6.9310  -0.33587E+00  -0.42957E-01   0.61753E-02   0.50758E+01   0.34213E+04
   70     0.8174   7.0102  -0.34317E+00  -0.44047E-01   0.50850E-02   0.50560E+01   0.34284E+04
   71     0.8332   7.0886  -0.35055E+00  -0.45153E-01   0.39791E-02   0.50364E+01   0.34352E+04
   72     0.8491   7.1664  -0.35800E+00  -0.46275E-01   0.28567E-02   0.50171E+01   0.34411E+04
   73     0.8652   7.2435  -0.36552E+00  -0.47414E-01   0.17184E-02   0.49980E+01   0.34467E+04
   74     0.8814   7.3199  -0.37311E+00  -0.48569E-01   0.56309E-03   0.49791E+01   0.34514E+04
   75     0.8977   7.3956  -0.38078E+00  -0.49741E-01  -0.60863E-03   0.49605E+01   0.34555E+04
   76     0.9142   7.4705  -0.38853E+00  -0.50929E-01  -0.17973E-02   0.49422E+01   0.34592E+04
   77     0.9309   7.5448  -0.39634E+00  -0.52134E-01  -0.30019E-02   0.49241E+01   0.34621E+04
   78     0.9477   7.6184  -0.40423E+00  -0.53356E-01  -0.42241E-02   0.49062E+01   0.34645E+04
   79     0.9646   7.6913  -0.41220E+00  -0.54595E-01  -0.54628E-02   0.48886E+01   0.34662E+04
   80     0.9817   7.7635  -0.42023E+00  -0.55851E-01  -0.67187E-02   0.48712E+01   0.34673E+04
   81     0.9989   7.8350  -0.42835E+00  -0.57123E-01  -0.79911E-02   0.48540E+01   0.34680E+04
   82     1.0163   7.9058  -0.43653E+00  -0.58413E-01  -0.92806E-02   0.48371E+01   0.34678E+04
   83     1.0338   7.9759  -0.44479E+00  -0.59719E-01  -0.10587E-01   0.48205E+01   0.34667E+04
   84     1.0515   8.0453  -0.45312E+00  -0.61042E-01  -0.11910E-01   0.48040E+01   0.34650E+04
   85     1.0693   8.1141  -0.46152E+00  -0.62381E-01  -0.13250E-01   0.47879E+01   0.34628E+04
   86     1.0873   8.1821  -0.46999E+00  -0.63739E-01  -0.14607E-01   0.47719E+01   0.34596E+04
   87     1.1055   8.2495  -0.47854E+00  -0.65112E-01  -0.15980E-01   0.47562E+01   0.34561E+04
   88     1.1238   8.3162  -0.48716E+00  -0.66504E-01  -0.17372E-01   0.47408E+01   0.34516E+04
   89     1.1423   8.3823  -0.49586E+00  -0.67912E-01  -0.18780E-01   0.47256E+01   0.34466E+04
   90     1.1609   8.4477  -0.50462E+00  -0.69338E-01  -0.20206E-01   0.47106E+01   0.34412E+04
   91     1.1797   8.5124  -0.51346E+00  -0.70780E-01  -0.21648E-01   0.46959E+01   0.34352E+04
   92     1.1986   8.5764  -0.52237E+00  -0.72240E-01  -0.23108E-01   0.46813E+01   0.34285E+04
   93     1.2177   8.6398  -0.53135E+00  -0.73717E-01  -0.24585E-01   0.46671E+01   0.34211E+04
   94     1.2370   8.7025  -0.54041E+00  -0.75211E-01  -0.26080E-01   0.46530E+01   0.34135E+04
   95     1.2565   8.7646  -0.54954E+00  -0.76723E-01  -0.27591E-01   0.46392E+01   0.34048E+04
   96     1.2761   8.8260  -0.55873E+00  -0.78253E-01  -0.29121E-01   0.46256E+01   0.33948E+04
   97     1.2959   8.8868  -0.56801E+00  -0.79800E-01  -0.30668E-01   0.46122E+01   0.33853E+04
   98     1.3158   8.9469  -0.57735E+00  -0.81367E-01  -0.32235E-01   0.45991E+01   0.33752E+04
   99     1.3360   9.0065  -0.58678E+00  -0.82952E-01  -0.33820E-01   0.45862E+01   0.33646E+04
  100     1.3563   9.0653  -0.59627E+00  -0.84555E-01  -0.35423E-01   0.45735E+01   0.33536E+04
  101     1.3767   9.1236  -0.60584E+00  -0.86176E-01  -0.37044E-01   0.45611E+01   0.33421E+04
  102     1.3974   9.1812  -0.61549E+00  -0.87816E-01  -0.38684E-01   0.45488E+01   0.33300E+04
  103     1.4183   9.2382  -0.62517E+00  -0.89464E-01  -0.40332E-01   0.45368E+01   0.33174E+04
  104     1.4393   9.2945  -0.63494E+00  -0.91135E-01  -0.42003E-01   0.45250E+01   0.33041E+04
  105     1.4605   9.3503  -0.64481E+00  -0.92832E-01  -0.43700E-01   0.45134E+01   0.32901E+04
  106     1.4819   9.4054  -0.65475E+00  -0.94547E-01  -0.45415E-01   0.45021E+01   0.32755E+04
  107     1.5035   9.4600  -0.66477E+00  -0.96282E-01  -0.47150E-01   0.44909E+01   0.32604E+04
  108     1.5252   9.5139  -0.67486E+00  -0.98036E-01  -0.48904E-01   0.44800E+01   0.32446E+04
  109     1.5472   9.5673  -0.68503E+00  -0.99809E-01  -0.50677E-01   0.44693E+01   0.32291E+04
  110     1.5693   9.6200  -0.69526E+00  -0.10160E+00  -0.52467E-01   0.44588E+01   0.32128E+04
  111     1.5917   9.6722  -0.70556E+00  -0.10341E+00  -0.54276E-01   0.44485E+01   0.31954E+04
  112     1.6142   9.7238  -0.71594E+00  -0.10524E+00  -0.56104E-01   0.44384E+01   0.31777E+04
  113     1.6369   9.7748  -0.72639E+00  -0.10708E+00  -0.57950E-01   0.44285E+01   0.31594E+04
  114     1.6598   9.8252  -0.73691E+00  -0.10895E+00  -0.59816E-01   0.44188E+01   0.31405E+04
  115     1.6830   9.8751  -0.74750E+00  -0.11083E+00  -0.61700E-01   0.44093E+01   0.31213E+04
  116     1.7063   9.9244  -0.75817E+00  -0.11274E+00  -0.63604E-01   0.43999E+01   0.31018E+04
  117     1.7298   9.9731  -0.76891E+00  -0.11466E+00  -0.65527E-01   0.43908E+01   0.30819E+04
  118     1.7536  10.0213  -0.77972E+00  -0.11660E+00  -0.67470E-01   0.43819E+01   0.30615E+04
  119     1.7775  10.0689  -0.79061E+00  -0.11857E+00  -0.69434E-01   0.43731E+01   0.30408E+04
  120     1.8016  10.1160  -0.80156E+00  -0.12055E+00  -0.71415E-01   0.43645E+01   0.30197E+04
  121     1.8260  10.1626  -0.81260E+00  -0.12255E+00  -0.73418E-01   0.43561E+01   0.29983E+04
  122     1.8506  10.2086  -0.82371E+00  -0.12457E+00  -0.75441E-01   0.43479E+01   0.29764E+04
  123     1.8753  10.2541  -0.83489E+00  -0.12662E+00  -0.77484E-01   0.43399E+01   0.29543E+04
  124     1.9003  10.2990  -0.84614E+00  -0.12868E+00  -0.79547E-01   0.43320E+01   0.29315E+04
  125     1.9256  10.3434  -0.85747E+00  -0.13076E+00  -0.81631E-01   0.43243E+01   0.29086E+04
  126     1.9510  10.3873  -0.86887E+00  -0.13287E+00  -0.83734E-01   0.43168E+01   0.28852E+04
  127     1.9766  10.4307  -0.88035E+00  -0.13499E+00  -0.85858E-01   0.43094E+01   0.28616E+04
  128     2.0025  10.4736  -0.89190E+00  -0.13713E+00  -0.88002E-01   0.43022E+01   0.28375E+04
  129     2.0286  10.5160  -0.90352E+00  -0.13930E+00  -0.90166E-01   0.42952E+01   0.28130E+04
  130     2.0550  10.5579  -0.91521E+00  -0.14148E+00  -0.92351E-01   0.42883E+01   0.27884E+04
  131     2.0815  10.5993  -0.92698E+00  -0.14369E+00  -0.94557E-01   0.42816E+01   0.27634E+04
  132     2.1083  10.6402  -0.93882E+00  -0.14592E+00  -0.96783E-01   0.42750E+01   0.27383E+04
  133     2.1353  10.6806  -0.95073E+00  -0.14816E+00  -0.99030E-01   0.42686E+01   0.27131E+04
  134     2.1626  10.7205  -0.96272E+00  -0.15043E+00  -0.10130E+00   0.42623E+01   0.26875E+04
  135     2.1901  10.7600  -0.97477E+00  -0.15272E+00  -0.10358E+00   0.42561E+01   0.26618E+04
  136     2.2178  10.7990  -0.98691E+00  -0.15503E+00  -0.10589E+00   0.42501E+01   0.26358E+04
  137     2.2458  10.8375  -0.99911E+00  -0.15736E+00  -0.10823E+00   0.42442E+01   0.26094E+04
  138     2.2740  10.8756  -0.10114E+01  -0.15971E+00  -0.11058E+00   0.42385E+01   0.25830E+04
  139     2.3025  10.9132  -0.10238E+01  -0.16209E+00  -0.11295E+00   0.42329E+01   0.25562E+04
  140     2.3312  10.9504  -0.10362E+01  -0.16448E+00  -0.11535E+00   0.42274E+01   0.25293E+04
  141     2.3602  10.9871  -0.10487E+01  -0.16690E+00  -0.11777E+00   0.42221E+01   0.25021E+04
  142     2.3894  11.0234  -0.10613E+01  -0.16934E+00  -0.12021E+00   0.42169E+01   0.24748E+04
  143     2.4188  11.0592  -0.10739E+01  -0.17180E+00  -0.12267E+00   0.42118E+01   0.24473E+04
  144     2.4486  11.0946  -0.10867E+01  -0.17428E+00  -0.12515E+00   0.42068E+01   0.24196E+04
  145     2.4785  11.1296  -0.10995E+01  -0.17679E+00  -0.12765E+00   0.42020E+01   0.23920E+04
  146     2.5088  11.1641  -0.11123E+01  -0.17931E+00  -0.13018E+00   0.41973E+01   0.23643E+04
  147     2.5393  11.1982  -0.11253E+01  -0.18186E+00  -0.13272E+00   0.41926E+01   0.23365E+04
  148     2.5701  11.2320  -0.11383E+01  -0.18442E+00  -0.13529E+00   0.41881E+01   0.23086E+04
  149     2.6011  11.2653  -0.11514E+01  -0.18702E+00  -0.13788E+00   0.41837E+01   0.22808E+04
  150     2.6324  11.2982  -0.11646E+01  -0.18963E+00  -0.14050E+00   0.41794E+01   0.22529E+04
  151     2.6640  11.3306  -0.11778E+01  -0.19227E+00  -0.14314E+00   0.41752E+01   0.22249E+04
  152     2.6958  11.3627  -0.11911E+01  -0.19493E+00  -0.14580E+00   0.41711E+01   0.21969E+04
  153     2.7280  11.3944  -0.12045E+01  -0.19761E+00  -0.14848E+00   0.41671E+01   0.21687E+04
  154     2.7604  11.4258  -0.12180E+01  -0.20031E+00  -0.15118E+00   0.41632E+01   0.21404E+04
  155     2.7931  11.4567  -0.12315E+01  -0.20304E+00  -0.15391E+00   0.41594E+01   0.21120E+04
  156     2.8260  11.4872  -0.12452E+01  -0.20579E+00  -0.15666E+00   0.41557E+01   0.20835E+04
  157     2.8593  11.5174  -0.12589E+01  -0.20857E+00  -0.15944E+00   0.41521E+01   0.20551E+04
  158     2.8929  11.5472  -0.12726E+01  -0.21136E+00  -0.16223E+00   0.41486E+01   0.20268E+04
  159     2.9267  11.5766  -0.12865E+01  -0.21418E+00  -0.16505E+00   0.41451E+01   0.19986E+04
  160     2.9608  11.6057  -0.13004E+01  -0.21702E+00  -0.16789E+00   0.41417E+01   0.19703E+04
  161     2.9953  11.6344  -0.13144E+01  -0.21988E+00  -0.17075E+00   0.41385E+01   0.19421E+04
  162     3.0300  11.6628  -0.13284E+01  -0.22277E+00  -0.17363E+00   0.41353E+01   0.19141E+04
  163     3.0651  11.6908  -0.13426E+01  -0.22568E+00  -0.17654E+00   0.41321E+01   0.18862E+04
  164     3.1004  11.7184  -0.13568E+01  -0.22861E+00  -0.17948E+00   0.41291E+01   0.18583E+04
  165     3.1360  11.7458  -0.13711E+01  -0.23157E+00  -0.18244E+00   0.41261E+01   0.18306E+04
  166     3.1720  11.7727  -0.13855E+01  -0.23455E+00  -0.18542E+00   0.41232E+01   0.18031E+04
  167     3.2083  11.7994  -0.13999E+01  -0.23755E+00  -0.18842E+00   0.41204E+01   0.17754E+04
  168     3.2449  11.8257  -0.14145E+01  -0.24058E+00  -0.19145E+00   0.41176E+01   0.17479E+04
  169     3.2818  11.8517  -0.14291E+01  -0.24364E+00  -0.19451E+00   0.41149E+01   0.17203E+04
  170     3.3190  11.8773  -0.14437E+01  -0.24671E+00  -0.19758E+00   0.41123E+01   0.16930E+04
  171     3.3565  11.9026  -0.14585E+01  -0.24982E+00  -0.20068E+00   0.41098E+01   0.16657E+04
  172     3.3944  11.9277  -0.14733E+01  -0.25294E+00  -0.20381E+00   0.41073E+01   0.16385E+04
  173     3.4326  11.9524  -0.14882E+01  -0.25609E+00  -0.20696E+00   0.41048E+01   0.16113E+04
  174     3.4712  11.9768  -0.15032E+01  -0.25926E+00  -0.21013E+00   0.41025E+01   0.15842E+04
  175     3.5100  12.0009  -0.15183E+01  -0.26246E+00  -0.21333E+00   0.41001E+01   0.15574E+04
  176     3.5492  12.0246  -0.15334E+01  -0.26568E+00  -0.21655E+00   0.40979E+01   0.15310E+04
  177     3.5888  12.0481  -0.15486E+01  -0.26892E+00  -0.21979E+00   0.40957E+01   0.15047E+04
  178     3.6287  12.0713  -0.15639E+01  -0.27219E+00  -0.22305E+00   0.40935E+01   0.14787E+04
  179     3.6689  12.0942  -0.15793E+01  -0.27548E+00  -0.22634E+00   0.40914E+01   0.14530E+04
  180     3.7095  12.1169  -0.15947E+01  -0.27879E+00  -0.22966E+00   0.40894E+01   0.14276E+04
  181     3.7505  12.1392  -0.16102E+01  -0.28214E+00  -0.23300E+00   0.40874E+01   0.14022E+04
  182     3.7918  12.1612  -0.16259E+01  -0.28551E+00  -0.23638E+00   0.40854E+01   0.13770E+04
  183     3.8334  12.1830  -0.16416E+01  -0.28891E+00  -0.23977E+00   0.40835E+01   0.13520E+04
  184     3.8754  12.2045  -0.16573E+01  -0.29233E+00  -0.24320E+00   0.40817E+01   0.13271E+04
  185     3.9178  12.2257  -0.16732E+01  -0.29578E+00  -0.24665E+00   0.40799E+01   0.13022E+04
  186     3.9606  12.2467  -0.16891E+01  -0.29925E+00  -0.25012E+00   0.40781E+01   0.12773E+04
  187     4.0037  12.2674  -0.17051E+01  -0.30275E+00  -0.25361E+00   0.40764E+01   0.12529E+04
  188     4.0472  12.2878  -0.17212E+01  -0.30627E+00  -0.25713E+00   0.40747E+01   0.12287E+04
  189     4.0911  12.3080  -0.17373E+01  -0.30981E+00  -0.26068E+00   0.40731E+01   0.12048E+04
  190     4.1353  12.3279  -0.17536E+01  -0.31337E+00  -0.26424E+00   0.40715E+01   0.11813E+04
  191     4.1800  12.3476  -0.17699E+01  -0.31697E+00  -0.26784E+00   0.40699E+01   0.11580E+04
  192     4.2250  12.3670  -0.17863E+01  -0.32059E+00  -0.27146E+00   0.40684E+01   0.11349E+04
  193     4.2705  12.3862  -0.18027E+01  -0.32424E+00  -0.27511E+00   0.40669E+01   0.11122E+04
  194     4.3163  12.4051  -0.18193E+01  -0.32791E+00  -0.27878E+00   0.40654E+01   0.10897E+04
  195     4.3625  12.4238  -0.18359E+01  -0.33161E+00  -0.28248E+00   0.40640E+01   0.10674E+04
  196     4.4091  12.4423  -0.18527E+01  -0.33534E+00  -0.28621E+00   0.40626E+01   0.10453E+04
  197     4.4561  12.4605  -0.18695E+01  -0.33909E+00  -0.28996E+00   0.40613E+01   0.10235E+04
  198     4.5036  12.4785  -0.18863E+01  -0.34287E+00  -0.29374E+00   0.40600E+01   0.10019E+04
  199     4.5514  12.4962  -0.19033E+01  -0.34668E+00  -0.29754E+00   0.40587E+01   0.98062E+03
  200     4.5997  12.5138  -0.19203E+01  -0.35051E+00  -0.30137E+00   0.40574E+01   0.95960E+03
  201     4.6484  12.5311  -0.19375E+01  -0.35436E+00  -0.30523E+00   0.40562E+01   0.93890E+03
  202     4.6975  12.5482  -0.19547E+01  -0.35825E+00  -0.30911E+00   0.40550E+01   0.91846E+03
  203     4.7470  12.5650  -0.19720E+01  -0.36216E+00  -0.31303E+00   0.40538E+01   0.89826E+03
  204     4.7970  12.5817  -0.19893E+01  -0.36610E+00  -0.31697E+00   0.40527E+01   0.87832E+03
  205     4.8474  12.5981  -0.20068E+01  -0.37007E+00  -0.32093E+00   0.40516E+01   0.85865E+03
  206     4.8982  12.6144  -0.20243E+01  -0.37406E+00  -0.32493E+00   0.40505E+01   0.83923E+03
  207     4.9495  12.6304  -0.20420E+01  -0.37808E+00  -0.32894E+00   0.40495E+01   0.82009E+03
  208     5.0012  12.6462  -0.20597E+01  -0.38212E+00  -0.33299E+00   0.40484E+01   0.80118E+03
  209     5.0534  12.6619  -0.20775E+01  -0.38619E+00  -0.33706E+00   0.40474E+01   0.78266E+03
  210     5.1060  12.6773  -0.20953E+01  -0.39029E+00  -0.34116E+00   0.40464E+01   0.76446E+03
  211     5.1591  12.6925  -0.21133E+01  -0.39442E+00  -0.34529E+00   0.40455E+01   0.74648E+03
  212     5.2126  12.7076  -0.21313E+01  -0.39858E+00  -0.34945E+00   0.40445E+01   0.72879E+03
  213     5.2667  12.7224  -0.21494E+01  -0.40276E+00  -0.35363E+00   0.40436E+01   0.71141E+03
  214     5.3211  12.7371  -0.21677E+01  -0.40698E+00  -0.35784E+00   0.40427E+01   0.69429E+03
  215     5.3761  12.7515  -0.21860E+01  -0.41122E+00  -0.36209E+00   0.40418E+01   0.67735E+03
  216     5.4315  12.7658  -0.22044E+01  -0.41549E+00  -0.36636E+00   0.40410E+01   0.66074E+03
  217     5.4874  12.7799  -0.22228E+01  -0.41978E+00  -0.37065E+00   0.40401E+01   0.64437E+03
  218     5.5438  12.7938  -0.22414E+01  -0.42411E+00  -0.37497E+00   0.40393E+01   0.62828E+03
  219     5.6007  12.8076  -0.22600E+01  -0.42846E+00  -0.37933E+00   0.40385E+01   0.61248E+03
  220     5.6581  12.8211  -0.22787E+01  -0.43284E+00  -0.38371E+00   0.40377E+01   0.59699E+03
  221     5.7160  12.8345  -0.22975E+01  -0.43725E+00  -0.38811E+00   0.40370E+01   0.58179E+03
  222     5.7744  12.8477  -0.23164E+01  -0.44168E+00  -0.39255E+00   0.40362E+01   0.56689E+03
  223     5.8333  12.8608  -0.23354E+01  -0.44615E+00  -0.39702E+00   0.40355E+01   0.55225E+03
  224     5.8927  12.8737  -0.23545E+01  -0.45065E+00  -0.40151E+00   0.40348E+01   0.53788E+03
  225     5.9526  12.8864  -0.23737E+01  -0.45517E+00  -0.40604E+00   0.40341E+01   0.52381E+03
  226     6.0131  12.8990  -0.23929E+01  -0.45973E+00  -0.41060E+00   0.40334E+01   0.50992E+03
  227     6.0740  12.9114  -0.24123E+01  -0.46431E+00  -0.41518E+00   0.40328E+01   0.49624E+03
  228     6.1355  12.9236  -0.24317E+01  -0.46893E+00  -0.41980E+00   0.40321E+01   0.48286E+03
  229     6.1976  12.9357  -0.24513E+01  -0.47357E+00  -0.42444E+00   0.40315E+01   0.46967E+03
  230     6.2602  12.9476  -0.24709E+01  -0.47824E+00  -0.42911E+00   0.40309E+01   0.45686E+03
  231     6.3233  12.9594  -0.24906E+01  -0.48294E+00  -0.43381E+00   0.40302E+01   0.44428E+03
  232     6.3869  12.9710  -0.25103E+01  -0.48767E+00  -0.43854E+00   0.40297E+01   0.43201E+03
  233     6.4512  12.9825  -0.25302E+01  -0.49243E+00  -0.44330E+00   0.40291E+01   0.41992E+03
  234     6.5159  12.9938  -0.25502E+01  -0.49722E+00  -0.44809E+00   0.40285E+01   0.40820E+03
  235     6.5813  13.0050  -0.25703E+01  -0.50205E+00  -0.45291E+00   0.40280E+01   0.39673E+03
  236     6.6472  13.0160  -0.25904E+01  -0.50690E+00  -0.45777E+00   0.40274E+01   0.38536E+03
  237     6.7137  13.0269  -0.26107E+01  -0.51178E+00  -0.46265E+00   0.40269E+01   0.37430E+03
  238     6.7807  13.0377  -0.26310E+01  -0.51669E+00  -0.46756E+00   0.40264E+01   0.36339E+03
  239     6.8484  13.0483  -0.26515E+01  -0.52164E+00  -0.47251E+00   0.40259E+01   0.35279E+03
  240     6.9166  13.0588  -0.26720E+01  -0.52662E+00  -0.47749E+00   0.40254E+01   0.34242E+03
  241     6.9854  13.0691  -0.26926E+01  -0.53161E+00  -0.48248E+00   0.40249E+01   0.33231E+03
  242     7.0549  13.0794  -0.27133E+01  -0.53665E+00  -0.48752E+00   0.40244E+01   0.32235E+03
  243     7.1249  13.0894  -0.27341E+01  -0.54172E+00  -0.49259E+00   0.40239E+01   0.31271E+03
  244     7.1955  13.0994  -0.27550E+01  -0.54682E+00  -0.49769E+00   0.40235E+01   0.30333E+03
  245     7.2668  13.1092  -0.27760E+01  -0.55195E+00  -0.50282E+00   0.40231E+01   0.29405E+03
  246     7.3387  13.1189  -0.27971E+01  -0.55711E+00  -0.50798E+00   0.40226E+01   0.28500E+03
  247     7.4112  13.1285  -0.28183E+01  -0.56230E+00  -0.51317E+00   0.40222E+01   0.27625E+03
  248     7.4843  13.1380  -0.28396E+01  -0.56753E+00  -0.51840E+00   0.40218E+01   0.26764E+03
  249     7.5580  13.1473  -0.28610E+01  -0.57278E+00  -0.52365E+00   0.40214E+01   0.25928E+03
  250     7.6324  13.1565  -0.28825E+01  -0.57807E+00  -0.52894E+00   0.40210E+01   0.25112E+03
  251     7.7075  13.1656  -0.29040E+01  -0.58340E+00  -0.53426E+00   0.40206E+01   0.24318E+03
  252     7.7832  13.1746  -0.29257E+01  -0.58875E+00  -0.53962E+00   0.40202E+01   0.23542E+03
  253     7.8596  13.1834  -0.29475E+01  -0.59414E+00  -0.54501E+00   0.40198E+01   0.22784E+03
  254     7.9366  13.1922  -0.29694E+01  -0.59956E+00  -0.55043E+00   0.40195E+01   0.22046E+03
  255     8.0143  13.2008  -0.29914E+01  -0.60501E+00  -0.55588E+00   0.40191E+01   0.21326E+03
  256     8.0926  13.2093  -0.30134E+01  -0.61050E+00  -0.56136E+00   0.40188E+01   0.20628E+03
  257     8.1717  13.2178  -0.30356E+01  -0.61601E+00  -0.56688E+00   0.40184E+01   0.19946E+03
  258     8.2514  13.2261  -0.30579E+01  -0.62156E+00  -0.57243E+00   0.40181E+01   0.19284E+03
  259     8.3319  13.2343  -0.30802E+01  -0.62715E+00  -0.57802E+00   0.40178E+01   0.18583E+03
  260     8.4130  13.2424  -0.31027E+01  -0.63277E+00  -0.58364E+00   0.40174E+01   0.18010E+03
  261     8.4948  13.2503  -0.31253E+01  -0.63842E+00  -0.58929E+00   0.40171E+01   0.17399E+03
  262     8.5774  13.2582  -0.31476E+01  -0.64399E+00  -0.59485E+00   0.40168E+01   0.16815E+03
  263     8.6606  13.2660  -0.31708E+01  -0.64984E+00  -0.60071E+00   0.40165E+01   0.16221E+03
  264     8.7446  13.2737  -0.31937E+01  -0.65559E+00  -0.60646E+00   0.40162E+01   0.15653E+03
  265     8.8293  13.2813  -0.32166E+01  -0.66137E+00  -0.61224E+00   0.40159E+01   0.15140E+03
  266     8.9148  13.2888  -0.32397E+01  -0.66720E+00  -0.61807E+00   0.40157E+01   0.14586E+03
  267     9.0010  13.2962  -0.32629E+01  -0.67305E+00  -0.62392E+00   0.40154E+01   0.14071E+03
  268     9.0879  13.3035  -0.32862E+01  -0.67895E+00  -0.62982E+00   0.40151E+01   0.13571E+03
  269     9.1756  13.3107  -0.33096E+01  -0.68488E+00  -0.63575E+00   0.40148E+01   0.13085E+03
  270     9.2641  13.3178  -0.33331E+01  -0.69084E+00  -0.64171E+00   0.40146E+01   0.12615E+03
  271     9.3534  13.3248  -0.33568E+01  -0.69684E+00  -0.64771E+00   0.40143E+01   0.12156E+03
  272     9.4434  13.3317  -0.33805E+01  -0.70287E+00  -0.65374E+00   0.40141E+01   0.11713E+03
  273     9.5342  13.3386  -0.34043E+01  -0.70894E+00  -0.65981E+00   0.40138E+01   0.11281E+03
  274     9.6257  13.3453  -0.34282E+01  -0.71505E+00  -0.66592E+00   0.40136E+01   0.10865E+03
  275     9.7181  13.3520  -0.34523E+01  -0.72119E+00  -0.67206E+00   0.40134E+01   0.10460E+03
  276     9.8113  13.3586  -0.34764E+01  -0.72736E+00  -0.67823E+00   0.40131E+01   0.10068E+03
  277     9.9053  13.3651  -0.35007E+01  -0.73358E+00  -0.68445E+00   0.40129E+01   0.96904E+02
  278    10.0001  13.3715  -0.35251E+01  -0.73983E+00  -0.69070E+00   0.40127E+01   0.93216E+02
  279    10.0957  13.3778  -0.35496E+01  -0.74612E+00  -0.69699E+00   0.40125E+01   0.89694E+02
  280    10.1922  13.3841  -0.35742E+01  -0.75244E+00  -0.70331E+00   0.40122E+01   0.86236E+02
  281    10.2895  13.3902  -0.35989E+01  -0.75880E+00  -0.70967E+00   0.40120E+01   0.82892E+02
  282    10.3877  13.3963  -0.36237E+01  -0.76521E+00  -0.71608E+00   0.40118E+01   0.79671E+02
  283    10.4867  13.4023  -0.36486E+01  -0.77163E+00  -0.72250E+00   0.40116E+01   0.76557E+02
  284    10.5865  13.4083  -0.36737E+01  -0.77811E+00  -0.72898E+00   0.40114E+01   0.73535E+02
  285    10.6873  13.4141  -0.36988E+01  -0.78462E+00  -0.73549E+00   0.40112E+01   0.70633E+02
  286    10.7889  13.4199  -0.37241E+01  -0.79117E+00  -0.74204E+00   0.40111E+01   0.67803E+02
  287    10.8914  13.4256  -0.37495E+01  -0.79775E+00  -0.74862E+00   0.40109E+01   0.65078E+02
  288    10.9947  13.4312  -0.37750E+01  -0.80438E+00  -0.75525E+00   0.40107E+01   0.62454E+02
  289    11.0990  13.4368  -0.38006E+01  -0.81104E+00  -0.76191E+00   0.40105E+01   0.59918E+02
  290    11.2042  13.4423  -0.38264E+01  -0.81775E+00  -0.76861E+00   0.40103E+01   0.57468E+02
  291    11.3103  13.4477  -0.38522E+01  -0.82449E+00  -0.77536E+00   0.40102E+01   0.55100E+02
  292    11.4173  13.4530  -0.38782E+01  -0.83127E+00  -0.78214E+00   0.40100E+01   0.52815E+02
  293    11.5253  13.4583  -0.39043E+01  -0.83809E+00  -0.78896E+00   0.40098E+01   0.50606E+02
  294    11.6342  13.4635  -0.39305E+01  -0.84495E+00  -0.79582E+00   0.40097E+01   0.48487E+02
  295    11.7440  13.4687  -0.39568E+01  -0.85185E+00  -0.80271E+00   0.40095E+01   0.46442E+02
  296    11.8548  13.4738  -0.39833E+01  -0.85878E+00  -0.80965E+00   0.40094E+01   0.44472E+02
  297    11.9666  13.4788  -0.40098E+01  -0.86577E+00  -0.81663E+00   0.40092E+01   0.42575E+02
  298    12.0793  13.4837  -0.40365E+01  -0.87278E+00  -0.82365E+00   0.40091E+01   0.40749E+02
  299    12.1930  13.4886  -0.40633E+01  -0.87985E+00  -0.83071E+00   0.40089E+01   0.38988E+02
  300    12.3077  13.4934  -0.40903E+01  -0.88695E+00  -0.83781E+00   0.40088E+01   0.37274E+02
  301    12.4234  13.4982  -0.41173E+01  -0.89409E+00  -0.84495E+00   0.40086E+01   0.35647E+02
  302    12.5401  13.5029  -0.41445E+01  -0.90127E+00  -0.85214E+00   0.40085E+01   0.34077E+02
  303    12.6578  13.5075  -0.41718E+01  -0.90849E+00  -0.85936E+00   0.40084E+01   0.32570E+02
  304    12.7766  13.5121  -0.41992E+01  -0.91575E+00  -0.86662E+00   0.40082E+01   0.31115E+02
  305    12.8963  13.5166  -0.42268E+01  -0.92307E+00  -0.87394E+00   0.40081E+01   0.29722E+02
  306    13.0172  13.5211  -0.42545E+01  -0.93041E+00  -0.88128E+00   0.40080E+01   0.28386E+02
  307    13.1390  13.5255  -0.42823E+01  -0.93780E+00  -0.88867E+00   0.40078E+01   0.27091E+02
  308    13.2619  13.5298  -0.43102E+01  -0.94524E+00  -0.89611E+00   0.40077E+01   0.25847E+02
  309    13.3859  13.5341  -0.43383E+01  -0.95271E+00  -0.90358E+00   0.40076E+01   0.24666E+02
  310    13.5110  13.5383  -0.43664E+01  -0.96023E+00  -0.91110E+00   0.40075E+01   0.23524E+02
  311    13.6372  13.5425  -0.43948E+01  -0.96780E+00  -0.91867E+00   0.40074E+01   0.22430E+02
  312    13.7644  13.5466  -0.44232E+01  -0.97540E+00  -0.92627E+00   0.40073E+01   0.21376E+02
  313    13.8928  13.5507  -0.44518E+01  -0.98305E+00  -0.93392E+00   0.40071E+01   0.20369E+02
  314    14.0223  13.5547  -0.44805E+01  -0.99074E+00  -0.94161E+00   0.40070E+01   0.19403E+02
  315    14.1529  13.5587  -0.45093E+01  -0.99848E+00  -0.94935E+00   0.40069E+01   0.18477E+02
  316    14.2846  13.5626  -0.45383E+01  -0.10063E+01  -0.95713E+00   0.40068E+01   0.17596E+02
  317    14.4175  13.5665  -0.45674E+01  -0.10141E+01  -0.96495E+00   0.40067E+01   0.16746E+02
  318    14.5515  13.5703  -0.45967E+01  -0.10220E+01  -0.97282E+00   0.40066E+01   0.15931E+02
  319    14.6867  13.5741  -0.46261E+01  -0.10299E+01  -0.98074E+00   0.40065E+01   0.15157E+02
  320    14.8231  13.5778  -0.46556E+01  -0.10378E+01  -0.98870E+00   0.40064E+01   0.14411E+02
  321    14.9607  13.5815  -0.46852E+01  -0.10458E+01  -0.99671E+00   0.40063E+01   0.13695E+02
  322    15.0994  13.5851  -0.47150E+01  -0.10539E+01  -0.10048E+01   0.40062E+01   0.13016E+02
  323    15.2394  13.5887  -0.47449E+01  -0.10620E+01  -0.10129E+01   0.40061E+01   0.12365E+02
  324    15.3806  13.5922  -0.47750E+01  -0.10701E+01  -0.10210E+01   0.40060E+01   0.11742E+02
  325    15.5230  13.5957  -0.48052E+01  -0.10783E+01  -0.10292E+01   0.40059E+01   0.11149E+02
  326    15.6666  13.5991  -0.48356E+01  -0.10866E+01  -0.10374E+01   0.40059E+01   0.10576E+02
  327    15.8115  13.6025  -0.48660E+01  -0.10948E+01  -0.10457E+01   0.40058E+01   0.10038E+02
  328    15.9577  13.6059  -0.48966E+01  -0.11032E+01  -0.10540E+01   0.40057E+01   0.95226E+01
  329    16.1051  13.6092  -0.49274E+01  -0.11115E+01  -0.10624E+01   0.40056E+01   0.90277E+01
  330    16.2538  13.6124  -0.49583E+01  -0.11200E+01  -0.10708E+01   0.40055E+01   0.85570E+01
  331    16.4038  13.6157  -0.49894E+01  -0.11284E+01  -0.10793E+01   0.40054E+01   0.81074E+01
  332    16.5551  13.6188  -0.50206E+01  -0.11370E+01  -0.10878E+01   0.40054E+01   0.76788E+01
  333    16.7078  13.6220  -0.50519E+01  -0.11455E+01  -0.10964E+01   0.40053E+01   0.72714E+01
  334    16.8617  13.6251  -0.50834E+01  -0.11542E+01  -0.11050E+01   0.40052E+01   0.68830E+01
  335    17.0170  13.6281  -0.51151E+01  -0.11628E+01  -0.11137E+01   0.40051E+01   0.65150E+01
  336    17.1736  13.6312  -0.51469E+01  -0.11715E+01  -0.11224E+01   0.40051E+01   0.61624E+01
  337    17.3316  13.6342  -0.51788E+01  -0.11803E+01  -0.11312E+01   0.40050E+01   0.58249E+01
  338    17.4910  13.6371  -0.52109E+01  -0.11891E+01  -0.11400E+01   0.40049E+01   0.55091E+01
  339    17.6518  13.6400  -0.52431E+01  -0.11980E+01  -0.11489E+01   0.40048E+01   0.52049E+01
  340    17.8139  13.6429  -0.52755E+01  -0.12069E+01  -0.11578E+01   0.40048E+01   0.49169E+01
  341    17.9775  13.6457  -0.53080E+01  -0.12159E+01  -0.11667E+01   0.40047E+01   0.46467E+01
  342    18.1425  13.6485  -0.53407E+01  -0.12249E+01  -0.11758E+01   0.40046E+01   0.43815E+01
  343    18.3089  13.6513  -0.53736E+01  -0.12340E+01  -0.11849E+01   0.40046E+01   0.41366E+01
  344    18.4768  13.6540  -0.54065E+01  -0.12431E+01  -0.11939E+01   0.40045E+01   0.39031E+01
  345    18.6461  13.6567  -0.54397E+01  -0.12523E+01  -0.12031E+01   0.40045E+01   0.36786E+01
  346    18.8169  13.6593  -0.54730E+01  -0.12615E+01  -0.12124E+01   0.40044E+01   0.34717E+01
  347    18.9892  13.6619  -0.55065E+01  -0.12708E+01  -0.12216E+01   0.40043E+01   0.32694E+01
  348    19.1630  13.6645  -0.55401E+01  -0.12801E+01  -0.12310E+01   0.40043E+01   0.30798E+01
  349    19.3383  13.6671  -0.55739E+01  -0.12895E+01  -0.12404E+01   0.40042E+01   0.29000E+01
  350    19.5151  13.6696  -0.56079E+01  -0.12989E+01  -0.12498E+01   0.40042E+01   0.27301E+01
  351    19.6934  13.6721  -0.56420E+01  -0.13084E+01  -0.12593E+01   0.40041E+01   0.25696E+01
  352    19.8734  13.6745  -0.56763E+01  -0.13180E+01  -0.12688E+01   0.40040E+01   0.24166E+01
  353    20.0548  13.6770  -0.57107E+01  -0.13276E+01  -0.12784E+01   0.40040E+01   0.22725E+01
  354    20.2379  13.6794  -0.57453E+01  -0.13372E+01  -0.12881E+01   0.40039E+01   0.21362E+01
  355    20.4225  13.6817  -0.57801E+01  -0.13469E+01  -0.12978E+01   0.40039E+01   0.20056E+01
  356    20.6088  13.6840  -0.58150E+01  -0.13567E+01  -0.13075E+01   0.40038E+01   0.18856E+01
  357    20.7966  13.6863  -0.58500E+01  -0.13665E+01  -0.13174E+01   0.40038E+01   0.17695E+01
  358    20.9861  13.6886  -0.58853E+01  -0.13764E+01  -0.13272E+01   0.40037E+01   0.16602E+01
  359    21.1773  13.6909  -0.59207E+01  -0.13863E+01  -0.13372E+01   0.40037E+01   0.15580E+01
  360    21.3701  13.6931  -0.59563E+01  -0.13963E+01  -0.13471E+01   0.40036E+01   0.14609E+01
  361    21.5646  13.6953  -0.59921E+01  -0.14063E+01  -0.13572E+01   0.40036E+01   0.13690E+01
  362    21.7607  13.6974  -0.60280E+01  -0.14164E+01  -0.13673E+01   0.40035E+01   0.12835E+01
  363    21.9586  13.6995  -0.60641E+01  -0.14266E+01  -0.13775E+01   0.40035E+01   0.12020E+01
  364    22.1582  13.7016  -0.61004E+01  -0.14368E+01  -0.13877E+01   0.40034E+01   0.11256E+01
  365    22.3596  13.7037  -0.61369E+01  -0.14471E+01  -0.13980E+01   0.40000E+01   0.10542E+01
  366    22.5626  13.7058  -0.61735E+01  -0.14574E+01  -0.14083E+01   0.40000E+01   0.98588E+00
  367    22.7675  13.7078  -0.62104E+01  -0.14679E+01  -0.14187E+01   0.40000E+01   0.92239E+00
  368    22.9741  13.7098  -0.62473E+01  -0.14783E+01  -0.14291E+01   0.40000E+01   0.86208E+00
  369    23.1825  13.7117  -0.62845E+01  -0.14888E+01  -0.14397E+01   0.40000E+01   0.80520E+00
  370    23.3928  13.7137  -0.63217E+01  -0.14993E+01  -0.14502E+01   0.40000E+01   0.75212E+00
  371    23.6049  13.7156  -0.63592E+01  -0.15100E+01  -0.14608E+01   0.40000E+01   0.70279E+00
  372    23.8188  13.7175  -0.63969E+01  -0.15206E+01  -0.14715E+01   0.40000E+01   0.65576E+00
  373    24.0345  13.7194  -0.64349E+01  -0.15314E+01  -0.14823E+01   0.40000E+01   0.61112E+00
  374    24.2522  13.7212  -0.64729E+01  -0.15422E+01  -0.14931E+01   0.40000E+01   0.56984E+00
  375    24.4717  13.7230  -0.65111E+01  -0.15530E+01  -0.15039E+01   0.40000E+01   0.53155E+00
  376    24.6932  13.7248  -0.65495E+01  -0.15640E+01  -0.15148E+01   0.40000E+01   0.49525E+00
  377    24.9166  13.7266  -0.65881E+01  -0.15750E+01  -0.15258E+01   0.40000E+01   0.46127E+00
  378    25.1419  13.7284  -0.66269E+01  -0.15860E+01  -0.15369E+01   0.40000E+01   0.42925E+00
  379    25.3691  13.7301  -0.66659E+01  -0.15971E+01  -0.15480E+01   0.40000E+01   0.39974E+00
  380    25.5984  13.7318  -0.67050E+01  -0.16083E+01  -0.15592E+01   0.40000E+01   0.37180E+00
  381    25.8296  13.7335  -0.67444E+01  -0.16195E+01  -0.15704E+01   0.40000E+01   0.34558E+00
  382    26.0629  13.7351  -0.67840E+01  -0.16308E+01  -0.15817E+01   0.40000E+01   0.32126E+00
  383    26.2982  13.7368  -0.68236E+01  -0.16422E+01  -0.15931E+01   0.40000E+01   0.29822E+00
  384    26.5355  13.7384  -0.68635E+01  -0.16536E+01  -0.16045E+01   0.40000E+01   0.27703E+00
  385    26.7749  13.7400  -0.69037E+01  -0.16651E+01  -0.16160E+01   0.40000E+01   0.25693E+00
  386    27.0164  13.7416  -0.69440E+01  -0.16767E+01  -0.16275E+01   0.40000E+01   0.23840E+00
  387    27.2599  13.7431  -0.69845E+01  -0.16883E+01  -0.16392E+01   0.40000E+01   0.22130E+00
  388    27.5056  13.7447  -0.70251E+01  -0.17000E+01  -0.16508E+01   0.40000E+01   0.20495E+00
  389    27.7534  13.7462  -0.70660E+01  -0.17117E+01  -0.16626E+01   0.40000E+01   0.18990E+00
  390    28.0034  13.7477  -0.71071E+01  -0.17235E+01  -0.16744E+01   0.40000E+01   0.17575E+00
  391    28.2556  13.7492  -0.71484E+01  -0.17354E+01  -0.16863E+01   0.40000E+01   0.16277E+00
  392    28.5099  13.7506  -0.71898E+01  -0.17473E+01  -0.16982E+01   0.40000E+01   0.15054E+00
  393    28.7665  13.7521  -0.72315E+01  -0.17594E+01  -0.17102E+01   0.40000E+01   0.13925E+00
  394    29.0253  13.7535  -0.72733E+01  -0.17714E+01  -0.17223E+01   0.40000E+01   0.12876E+00
  395    29.2863  13.7549  -0.73154E+01  -0.17836E+01  -0.17344E+01   0.40000E+01   0.11895E+00
  396    29.5496  13.7563  -0.73577E+01  -0.17958E+01  -0.17466E+01   0.40000E+01   0.10985E+00
  397    29.8152  13.7577  -0.74001E+01  -0.18080E+01  -0.17589E+01   0.40000E+01   0.10133E+00
  398    30.0831  13.7590  -0.74428E+01  -0.18204E+01  -0.17713E+01   0.40000E+01   0.93560E-01
  399    30.3534  13.7604  -0.74857E+01  -0.18328E+01  -0.17837E+01   0.40000E+01   0.86224E-01
  400    30.6259  13.7617  -0.75287E+01  -0.18453E+01  -0.17961E+01   0.40000E+01   0.79511E-01
