    1     0.0001   0.0014  -0.15259E-04   0.13461E-05   0.50113E-01   0.70441E+01   0.80390E+03
    2     0.0088   0.1221  -0.24122E-02  -0.17539E-03   0.49937E-01   0.70067E+01   0.15006E+04
    3     0.0176   0.2423  -0.50421E-02  -0.40769E-03   0.49704E-01   0.69705E+01   0.15821E+04
    4     0.0264   0.3621  -0.77959E-02  -0.66542E-03   0.49447E-01   0.69348E+01   0.16388E+04
    5     0.0353   0.4814  -0.10644E-01  -0.94039E-03   0.49172E-01   0.68995E+01   0.16882E+04
    6     0.0443   0.6003  -0.13583E-01  -0.12318E-02   0.48880E-01   0.68646E+01   0.17314E+04
    7     0.0534   0.7188  -0.16598E-01  -0.15350E-02   0.48577E-01   0.68300E+01   0.17696E+04
    8     0.0626   0.8368  -0.19686E-01  -0.18500E-02   0.48262E-01   0.67957E+01   0.18055E+04
    9     0.0718   0.9543  -0.22843E-01  -0.21756E-02   0.47936E-01   0.67616E+01   0.18402E+04
   10     0.0811   1.0713  -0.26068E-01  -0.25117E-02   0.47600E-01   0.67278E+01   0.18730E+04
   11     0.0905   1.1879  -0.29359E-01  -0.28575E-02   0.47255E-01   0.66942E+01   0.19049E+04
   12     0.1000   1.3039  -0.32715E-01  -0.32127E-02   0.46899E-01   0.66609E+01   0.19352E+04
   13     0.1096   1.4195  -0.36143E-01  -0.35798E-02   0.46532E-01   0.66278E+01   0.19656E+04
   14     0.1192   1.5346  -0.39624E-01  -0.39535E-02   0.46158E-01   0.65949E+01   0.19950E+04
   15     0.1290   1.6491  -0.43168E-01  -0.43368E-02   0.45775E-01   0.65622E+01   0.20233E+04
   16     0.1388   1.7632  -0.46775E-01  -0.47288E-02   0.45383E-01   0.65298E+01   0.20517E+04
   17     0.1487   1.8767  -0.50445E-01  -0.51305E-02   0.44981E-01   0.64975E+01   0.20790E+04
   18     0.1587   1.9897  -0.54176E-01  -0.55413E-02   0.44571E-01   0.64655E+01   0.21066E+04
   19     0.1687   2.1021  -0.57969E-01  -0.59617E-02   0.44150E-01   0.64336E+01   0.21335E+04
   20     0.1789   2.2140  -0.61823E-01  -0.63910E-02   0.43721E-01   0.64020E+01   0.21597E+04
   21     0.1891   2.3254  -0.65739E-01  -0.68298E-02   0.43282E-01   0.63706E+01   0.21862E+04
   22     0.1995   2.4362  -0.69717E-01  -0.72783E-02   0.42834E-01   0.63394E+01   0.22118E+04
   23     0.2099   2.5465  -0.73756E-01  -0.77361E-02   0.42376E-01   0.63084E+01   0.22373E+04
   24     0.2204   2.6562  -0.77857E-01  -0.82035E-02   0.41909E-01   0.62776E+01   0.22625E+04
   25     0.2310   2.7653  -0.82020E-01  -0.86808E-02   0.41431E-01   0.62470E+01   0.22875E+04
   26     0.2417   2.8738  -0.86245E-01  -0.91684E-02   0.40944E-01   0.62166E+01   0.23123E+04
   27     0.2525   2.9818  -0.90533E-01  -0.96657E-02   0.40446E-01   0.61865E+01   0.23364E+04
   28     0.2634   3.0892  -0.94884E-01  -0.10173E-01   0.39939E-01   0.61565E+01   0.23606E+04
   29     0.2744   3.1959  -0.99297E-01  -0.10692E-01   0.39420E-01   0.61268E+01   0.23845E+04
   30     0.2855   3.3021  -0.10377E+00  -0.11220E-01   0.38892E-01   0.60972E+01   0.24081E+04
   31     0.2967   3.4077  -0.10831E+00  -0.11760E-01   0.38352E-01   0.60679E+01   0.24313E+04
   32     0.3079   3.5127  -0.11292E+00  -0.12310E-01   0.37802E-01   0.60388E+01   0.24543E+04
   33     0.3193   3.6170  -0.11756E+00  -0.12865E-01   0.37247E-01   0.60097E+01   0.24772E+04
   34     0.3308   3.7207  -0.12230E+00  -0.13437E-01   0.36675E-01   0.59811E+01   0.24997E+04
   35     0.3423   3.8238  -0.12709E+00  -0.14022E-01   0.36091E-01   0.59526E+01   0.25213E+04
   36     0.3540   3.9263  -0.13196E+00  -0.14618E-01   0.35494E-01   0.59243E+01   0.25433E+04
   37     0.3658   4.0281  -0.13689E+00  -0.15225E-01   0.34887E-01   0.58963E+01   0.25648E+04
   38     0.3777   4.1293  -0.14188E+00  -0.15845E-01   0.34267E-01   0.58684E+01   0.25859E+04
   39     0.3896   4.2299  -0.14695E+00  -0.16477E-01   0.33635E-01   0.58408E+01   0.26068E+04
   40     0.4017   4.3298  -0.15207E+00  -0.17121E-01   0.32991E-01   0.58134E+01   0.26273E+04
   41     0.4139   4.4291  -0.15727E+00  -0.17778E-01   0.32334E-01   0.57862E+01   0.26476E+04
   42     0.4262   4.5276  -0.16253E+00  -0.18448E-01   0.31664E-01   0.57592E+01   0.26677E+04
   43     0.4386   4.6256  -0.16786E+00  -0.19130E-01   0.30982E-01   0.57325E+01   0.26869E+04
   44     0.4511   4.7229  -0.17326E+00  -0.19825E-01   0.30287E-01   0.57060E+01   0.27060E+04
   45     0.4637   4.8195  -0.17873E+00  -0.20533E-01   0.29579E-01   0.56796E+01   0.27248E+04
   46     0.4764   4.9154  -0.18426E+00  -0.21254E-01   0.28858E-01   0.56536E+01   0.27431E+04
   47     0.4893   5.0106  -0.18986E+00  -0.21988E-01   0.28124E-01   0.56277E+01   0.27612E+04
   48     0.5022   5.1052  -0.19553E+00  -0.22735E-01   0.27377E-01   0.56021E+01   0.27787E+04
   49     0.5153   5.1991  -0.20127E+00  -0.23496E-01   0.26616E-01   0.55767E+01   0.27956E+04
   50     0.5285   5.2923  -0.20707E+00  -0.24270E-01   0.25842E-01   0.55515E+01   0.28125E+04
   51     0.5417   5.3849  -0.21294E+00  -0.25057E-01   0.25055E-01   0.55265E+01   0.28284E+04
   52     0.5552   5.4767  -0.21889E+00  -0.25858E-01   0.24254E-01   0.55018E+01   0.28441E+04
   53     0.5687   5.5679  -0.22489E+00  -0.26672E-01   0.23440E-01   0.54773E+01   0.28596E+04
   54     0.5823   5.6583  -0.23097E+00  -0.27500E-01   0.22612E-01   0.54530E+01   0.28741E+04
   55     0.5961   5.7481  -0.23712E+00  -0.28342E-01   0.21770E-01   0.54290E+01   0.28886E+04
   56     0.6099   5.8371  -0.24334E+00  -0.29198E-01   0.20914E-01   0.54052E+01   0.29027E+04
   57     0.6239   5.9255  -0.24962E+00  -0.30068E-01   0.20044E-01   0.53816E+01   0.29162E+04
   58     0.6381   6.0132  -0.25597E+00  -0.30952E-01   0.19160E-01   0.53583E+01   0.29294E+04
   59     0.6523   6.1001  -0.26240E+00  -0.31850E-01   0.18262E-01   0.53352E+01   0.29420E+04
   60     0.6667   6.1864  -0.26889E+00  -0.32763E-01   0.17349E-01   0.53124E+01   0.29541E+04
   61     0.6812   6.2719  -0.27545E+00  -0.33690E-01   0.16422E-01   0.52898E+01   0.29659E+04
   62     0.6958   6.3568  -0.28208E+00  -0.34632E-01   0.15480E-01   0.52674E+01   0.29771E+04
   63     0.7105   6.4409  -0.28878E+00  -0.35588E-01   0.14524E-01   0.52452E+01   0.29882E+04
   64     0.7254   6.5244  -0.29555E+00  -0.36558E-01   0.13554E-01   0.52234E+01   0.29983E+04
   65     0.7404   6.6071  -0.30240E+00  -0.37544E-01   0.12568E-01   0.52017E+01   0.30083E+04
   66     0.7555   6.6891  -0.30931E+00  -0.38545E-01   0.11567E-01   0.51803E+01   0.30177E+04
   67     0.7708   6.7704  -0.31630E+00  -0.39562E-01   0.10550E-01   0.51591E+01   0.30266E+04
   68     0.7862   6.8511  -0.32335E+00  -0.40594E-01   0.95179E-02   0.51382E+01   0.30351E+04
   69     0.8017   6.9310  -0.33048E+00  -0.41642E-01   0.84696E-02   0.51175E+01   0.30429E+04
   70     0.8174   7.0102  -0.33769E+00  -0.42707E-01   0.74052E-02   0.50971E+01   0.30503E+04
   71     0.8332   7.0886  -0.34496E+00  -0.43786E-01   0.63257E-02   0.50769E+01   0.30573E+04
   72     0.8491   7.1664  -0.35231E+00  -0.44882E-01   0.52296E-02   0.50569E+01   0.30636E+04
   73     0.8652   7.2435  -0.35973E+00  -0.45995E-01   0.41172E-02   0.50373E+01   0.30695E+04
   74     0.8814   7.3199  -0.36722E+00  -0.47123E-01   0.29887E-02   0.50178E+01   0.30747E+04
   75     0.8977   7.3956  -0.37479E+00  -0.48268E-01   0.18443E-02   0.49986E+01   0.30794E+04
   76     0.9142   7.4705  -0.38243E+00  -0.49429E-01   0.68346E-03   0.49796E+01   0.30835E+04
   77     0.9309   7.5448  -0.39014E+00  -0.50605E-01  -0.49327E-03   0.49609E+01   0.30869E+04
   78     0.9477   7.6184  -0.39792E+00  -0.51798E-01  -0.16862E-02   0.49424E+01   0.30899E+04
   79     0.9646   7.6913  -0.40577E+00  -0.53007E-01  -0.28953E-02   0.49242E+01   0.30922E+04
   80     0.9817   7.7635  -0.41370E+00  -0.54233E-01  -0.41209E-02   0.49062E+01   0.30938E+04
   81     0.9989   7.8350  -0.42170E+00  -0.55475E-01  -0.53627E-02   0.48885E+01   0.30951E+04
   82     1.0163   7.9058  -0.42977E+00  -0.56733E-01  -0.66211E-02   0.48710E+01   0.30956E+04
   83     1.0338   7.9759  -0.43791E+00  -0.58008E-01  -0.78963E-02   0.48538E+01   0.30954E+04
   84     1.0515   8.0453  -0.44612E+00  -0.59300E-01  -0.91878E-02   0.48368E+01   0.30947E+04
   85     1.0693   8.1141  -0.45441E+00  -0.60608E-01  -0.10496E-01   0.48200E+01   0.30936E+04
   86     1.0873   8.1821  -0.46277E+00  -0.61933E-01  -0.11821E-01   0.48035E+01   0.30919E+04
   87     1.1055   8.2495  -0.47120E+00  -0.63275E-01  -0.13163E-01   0.47873E+01   0.30899E+04
   88     1.1238   8.3162  -0.47970E+00  -0.64632E-01  -0.14520E-01   0.47712E+01   0.30870E+04
   89     1.1423   8.3823  -0.48827E+00  -0.66007E-01  -0.15895E-01   0.47555E+01   0.30837E+04
   90     1.1609   8.4477  -0.49692E+00  -0.67399E-01  -0.17287E-01   0.47399E+01   0.30800E+04
   91     1.1797   8.5124  -0.50563E+00  -0.68808E-01  -0.18696E-01   0.47246E+01   0.30749E+04
   92     1.1986   8.5764  -0.51442E+00  -0.70234E-01  -0.20122E-01   0.47095E+01   0.30697E+04
   93     1.2177   8.6398  -0.52328E+00  -0.71678E-01  -0.21566E-01   0.46947E+01   0.30643E+04
   94     1.2370   8.7025  -0.53222E+00  -0.73140E-01  -0.23028E-01   0.46801E+01   0.30585E+04
   95     1.2565   8.7646  -0.54123E+00  -0.74621E-01  -0.24509E-01   0.46658E+01   0.30524E+04
   96     1.2761   8.8260  -0.55032E+00  -0.76118E-01  -0.26006E-01   0.46516E+01   0.30455E+04
   97     1.2959   8.8868  -0.55948E+00  -0.77633E-01  -0.27521E-01   0.46378E+01   0.30384E+04
   98     1.3158   8.9469  -0.56870E+00  -0.79164E-01  -0.29052E-01   0.46241E+01   0.30306E+04
   99     1.3360   9.0065  -0.57797E+00  -0.80704E-01  -0.30592E-01   0.46106E+01   0.30223E+04
  100     1.3563   9.0653  -0.58734E+00  -0.82272E-01  -0.32160E-01   0.45974E+01   0.30132E+04
  101     1.3767   9.1236  -0.59679E+00  -0.83860E-01  -0.33748E-01   0.45845E+01   0.30036E+04
  102     1.3974   9.1812  -0.60631E+00  -0.85466E-01  -0.35354E-01   0.45718E+01   0.29934E+04
  103     1.4183   9.2382  -0.61592E+00  -0.87092E-01  -0.36980E-01   0.45593E+01   0.29828E+04
  104     1.4393   9.2945  -0.62560E+00  -0.88738E-01  -0.38626E-01   0.45471E+01   0.29715E+04
  105     1.4605   9.3503  -0.63534E+00  -0.90400E-01  -0.40288E-01   0.45351E+01   0.29605E+04
  106     1.4819   9.4054  -0.64516E+00  -0.92079E-01  -0.41967E-01   0.45232E+01   0.29487E+04
  107     1.5035   9.4600  -0.65505E+00  -0.93777E-01  -0.43665E-01   0.45116E+01   0.29360E+04
  108     1.5252   9.5139  -0.66501E+00  -0.95494E-01  -0.45382E-01   0.45003E+01   0.29228E+04
  109     1.5472   9.5673  -0.67504E+00  -0.97228E-01  -0.47116E-01   0.44891E+01   0.29090E+04
  110     1.5693   9.6200  -0.68515E+00  -0.98981E-01  -0.48869E-01   0.44781E+01   0.28947E+04
  111     1.5917   9.6722  -0.69532E+00  -0.10075E+00  -0.50641E-01   0.44674E+01   0.28801E+04
  112     1.6142   9.7238  -0.70557E+00  -0.10254E+00  -0.52431E-01   0.44568E+01   0.28651E+04
  113     1.6369   9.7748  -0.71589E+00  -0.10435E+00  -0.54240E-01   0.44465E+01   0.28499E+04
  114     1.6598   9.8252  -0.72629E+00  -0.10618E+00  -0.56069E-01   0.44363E+01   0.28341E+04
  115     1.6830   9.8751  -0.73676E+00  -0.10803E+00  -0.57917E-01   0.44264E+01   0.28179E+04
  116     1.7063   9.9244  -0.74730E+00  -0.10990E+00  -0.59784E-01   0.44167E+01   0.28014E+04
  117     1.7298   9.9731  -0.75791E+00  -0.11178E+00  -0.61670E-01   0.44072E+01   0.27845E+04
  118     1.7536  10.0213  -0.76860E+00  -0.11369E+00  -0.63577E-01   0.43978E+01   0.27670E+04
  119     1.7775  10.0689  -0.77936E+00  -0.11562E+00  -0.65503E-01   0.43887E+01   0.27494E+04
  120     1.8016  10.1160  -0.79020E+00  -0.11756E+00  -0.67449E-01   0.43797E+01   0.27312E+04
  121     1.8260  10.1626  -0.80111E+00  -0.11953E+00  -0.69415E-01   0.43710E+01   0.27127E+04
  122     1.8506  10.2086  -0.81209E+00  -0.12151E+00  -0.71400E-01   0.43624E+01   0.26938E+04
  123     1.8753  10.2541  -0.82315E+00  -0.12352E+00  -0.73405E-01   0.43540E+01   0.26747E+04
  124     1.9003  10.2990  -0.83428E+00  -0.12554E+00  -0.75430E-01   0.43458E+01   0.26550E+04
  125     1.9256  10.3434  -0.84548E+00  -0.12759E+00  -0.77475E-01   0.43377E+01   0.26350E+04
  126     1.9510  10.3873  -0.85675E+00  -0.12965E+00  -0.79540E-01   0.43299E+01   0.26146E+04
  127     1.9766  10.4307  -0.86810E+00  -0.13174E+00  -0.81625E-01   0.43222E+01   0.25941E+04
  128     2.0025  10.4736  -0.87952E+00  -0.13384E+00  -0.83731E-01   0.43146E+01   0.25733E+04
  129     2.0286  10.5160  -0.89101E+00  -0.13597E+00  -0.85856E-01   0.43073E+01   0.25521E+04
  130     2.0550  10.5579  -0.90258E+00  -0.13811E+00  -0.88002E-01   0.43001E+01   0.25308E+04
  131     2.0815  10.5993  -0.91421E+00  -0.14028E+00  -0.90168E-01   0.42930E+01   0.25092E+04
  132     2.1083  10.6402  -0.92592E+00  -0.14247E+00  -0.92354E-01   0.42861E+01   0.24874E+04
  133     2.1353  10.6806  -0.93771E+00  -0.14467E+00  -0.94562E-01   0.42794E+01   0.24654E+04
  134     2.1626  10.7205  -0.94957E+00  -0.14690E+00  -0.96791E-01   0.42728E+01   0.24430E+04
  135     2.1901  10.7600  -0.96150E+00  -0.14915E+00  -0.99041E-01   0.42664E+01   0.24204E+04
  136     2.2178  10.7990  -0.97351E+00  -0.15143E+00  -0.10131E+00   0.42601E+01   0.23974E+04
  137     2.2458  10.8375  -0.98560E+00  -0.15372E+00  -0.10361E+00   0.42540E+01   0.23742E+04
  138     2.2740  10.8756  -0.99776E+00  -0.15604E+00  -0.10592E+00   0.42480E+01   0.23508E+04
  139     2.3025  10.9132  -0.10100E+01  -0.15837E+00  -0.10826E+00   0.42421E+01   0.23272E+04
  140     2.3312  10.9504  -0.10223E+01  -0.16073E+00  -0.11062E+00   0.42364E+01   0.23035E+04
  141     2.3602  10.9871  -0.10347E+01  -0.16310E+00  -0.11299E+00   0.42309E+01   0.22796E+04
  142     2.3894  11.0234  -0.10471E+01  -0.16550E+00  -0.11539E+00   0.42254E+01   0.22555E+04
  143     2.4188  11.0592  -0.10596E+01  -0.16792E+00  -0.11781E+00   0.42201E+01   0.22313E+04
  144     2.4486  11.0946  -0.10722E+01  -0.17036E+00  -0.12025E+00   0.42149E+01   0.22069E+04
  145     2.4785  11.1296  -0.10849E+01  -0.17282E+00  -0.12271E+00   0.42098E+01   0.21826E+04
  146     2.5088  11.1641  -0.10976E+01  -0.17531E+00  -0.12520E+00   0.42049E+01   0.21582E+04
  147     2.5393  11.1982  -0.11105E+01  -0.17782E+00  -0.12770E+00   0.42000E+01   0.21337E+04
  148     2.5701  11.2320  -0.11234E+01  -0.18035E+00  -0.13023E+00   0.41953E+01   0.21091E+04
  149     2.6011  11.2653  -0.11363E+01  -0.18290E+00  -0.13279E+00   0.41907E+01   0.20844E+04
  150     2.6324  11.2982  -0.11494E+01  -0.18547E+00  -0.13536E+00   0.41862E+01   0.20596E+04
  151     2.6640  11.3306  -0.11625E+01  -0.18807E+00  -0.13796E+00   0.41818E+01   0.20345E+04
  152     2.6958  11.3627  -0.11757E+01  -0.19069E+00  -0.14058E+00   0.41775E+01   0.20094E+04
  153     2.7280  11.3944  -0.11890E+01  -0.19333E+00  -0.14322E+00   0.41734E+01   0.19841E+04
  154     2.7604  11.4258  -0.12023E+01  -0.19600E+00  -0.14589E+00   0.41693E+01   0.19588E+04
  155     2.7931  11.4567  -0.12157E+01  -0.19869E+00  -0.14857E+00   0.41653E+01   0.19335E+04
  156     2.8260  11.4872  -0.12292E+01  -0.20139E+00  -0.15128E+00   0.41614E+01   0.19082E+04
  157     2.8593  11.5174  -0.12428E+01  -0.20412E+00  -0.15401E+00   0.41576E+01   0.18830E+04
  158     2.8929  11.5472  -0.12564E+01  -0.20688E+00  -0.15676E+00   0.41539E+01   0.18576E+04
  159     2.9267  11.5766  -0.12701E+01  -0.20965E+00  -0.15954E+00   0.41503E+01   0.18325E+04
  160     2.9608  11.6057  -0.12839E+01  -0.21245E+00  -0.16234E+00   0.41468E+01   0.18072E+04
  161     2.9953  11.6344  -0.12978E+01  -0.21527E+00  -0.16516E+00   0.41434E+01   0.17822E+04
  162     3.0300  11.6628  -0.13117E+01  -0.21812E+00  -0.16801E+00   0.41400E+01   0.17572E+04
  163     3.0651  11.6908  -0.13258E+01  -0.22099E+00  -0.17088E+00   0.41368E+01   0.17323E+04
  164     3.1004  11.7184  -0.13398E+01  -0.22388E+00  -0.17377E+00   0.41336E+01   0.17073E+04
  165     3.1360  11.7458  -0.13540E+01  -0.22680E+00  -0.17669E+00   0.41305E+01   0.16824E+04
  166     3.1720  11.7727  -0.13683E+01  -0.22974E+00  -0.17963E+00   0.41275E+01   0.16574E+04
  167     3.2083  11.7994  -0.13826E+01  -0.23271E+00  -0.18260E+00   0.41245E+01   0.16325E+04
  168     3.2449  11.8257  -0.13970E+01  -0.23570E+00  -0.18559E+00   0.41217E+01   0.16077E+04
  169     3.2818  11.8517  -0.14115E+01  -0.23871E+00  -0.18860E+00   0.41189E+01   0.15829E+04
  170     3.3190  11.8773  -0.14260E+01  -0.24175E+00  -0.19164E+00   0.41161E+01   0.15580E+04
  171     3.3565  11.9026  -0.14407E+01  -0.24481E+00  -0.19470E+00   0.41134E+01   0.15333E+04
  172     3.3944  11.9277  -0.14554E+01  -0.24789E+00  -0.19778E+00   0.41108E+01   0.15087E+04
  173     3.4326  11.9524  -0.14702E+01  -0.25100E+00  -0.20089E+00   0.41083E+01   0.14842E+04
  174     3.4712  11.9768  -0.14850E+01  -0.25413E+00  -0.20402E+00   0.41058E+01   0.14600E+04
  175     3.5100  12.0009  -0.14999E+01  -0.25728E+00  -0.20717E+00   0.41034E+01   0.14360E+04
  176     3.5492  12.0246  -0.15149E+01  -0.26046E+00  -0.21035E+00   0.41010E+01   0.14122E+04
  177     3.5888  12.0481  -0.15300E+01  -0.26366E+00  -0.21355E+00   0.40987E+01   0.13887E+04
  178     3.6287  12.0713  -0.15452E+01  -0.26689E+00  -0.21678E+00   0.40965E+01   0.13653E+04
  179     3.6689  12.0942  -0.15604E+01  -0.27014E+00  -0.22003E+00   0.40943E+01   0.13420E+04
  180     3.7095  12.1169  -0.15758E+01  -0.27342E+00  -0.22331E+00   0.40922E+01   0.13188E+04
  181     3.7505  12.1392  -0.15912E+01  -0.27673E+00  -0.22662E+00   0.40901E+01   0.12957E+04
  182     3.7918  12.1612  -0.16067E+01  -0.28007E+00  -0.22995E+00   0.40881E+01   0.12727E+04
  183     3.8334  12.1830  -0.16223E+01  -0.28342E+00  -0.23331E+00   0.40861E+01   0.12498E+04
  184     3.8754  12.2045  -0.16379E+01  -0.28680E+00  -0.23669E+00   0.40842E+01   0.12269E+04
  185     3.9178  12.2257  -0.16536E+01  -0.29021E+00  -0.24010E+00   0.40823E+01   0.12042E+04
  186     3.9606  12.2467  -0.16694E+01  -0.29364E+00  -0.24353E+00   0.40805E+01   0.11818E+04
  187     4.0037  12.2674  -0.16853E+01  -0.29709E+00  -0.24698E+00   0.40787E+01   0.11596E+04
  188     4.0472  12.2878  -0.17012E+01  -0.30056E+00  -0.25045E+00   0.40770E+01   0.11378E+04
  189     4.0911  12.3080  -0.17172E+01  -0.30407E+00  -0.25395E+00   0.40752E+01   0.11161E+04
  190     4.1353  12.3279  -0.17334E+01  -0.30760E+00  -0.25748E+00   0.40735E+01   0.10947E+04
  191     4.1800  12.3476  -0.17496E+01  -0.31115E+00  -0.26104E+00   0.40719E+01   0.10735E+04
  192     4.2250  12.3670  -0.17658E+01  -0.31474E+00  -0.26462E+00   0.40703E+01   0.10526E+04
  193     4.2705  12.3862  -0.17822E+01  -0.31835E+00  -0.26823E+00   0.40688E+01   0.10318E+04
  194     4.3163  12.4051  -0.17986E+01  -0.32198E+00  -0.27187E+00   0.40673E+01   0.10111E+04
  195     4.3625  12.4238  -0.18151E+01  -0.32564E+00  -0.27553E+00   0.40658E+01   0.99068E+03
  196     4.4091  12.4423  -0.18317E+01  -0.32933E+00  -0.27922E+00   0.40644E+01   0.97051E+03
  197     4.4561  12.4605  -0.18484E+01  -0.33304E+00  -0.28293E+00   0.40630E+01   0.95058E+03
  198     4.5036  12.4785  -0.18652E+01  -0.33678E+00  -0.28666E+00   0.40616E+01   0.93087E+03
  199     4.5514  12.4962  -0.18820E+01  -0.34054E+00  -0.29043E+00   0.40603E+01   0.91144E+03
  200     4.5997  12.5138  -0.18989E+01  -0.34433E+00  -0.29422E+00   0.40590E+01   0.89221E+03
  201     4.6484  12.5311  -0.19159E+01  -0.34815E+00  -0.29804E+00   0.40577E+01   0.87321E+03
  202     4.6975  12.5482  -0.19330E+01  -0.35200E+00  -0.30188E+00   0.40565E+01   0.85443E+03
  203     4.7470  12.5650  -0.19502E+01  -0.35587E+00  -0.30576E+00   0.40553E+01   0.83590E+03
  204     4.7970  12.5817  -0.19675E+01  -0.35977E+00  -0.30966E+00   0.40541E+01   0.81758E+03
  205     4.8474  12.5981  -0.19848E+01  -0.36370E+00  -0.31359E+00   0.40529E+01   0.79950E+03
  206     4.8982  12.6144  -0.20022E+01  -0.36765E+00  -0.31754E+00   0.40518E+01   0.78166E+03
  207     4.9495  12.6304  -0.20197E+01  -0.37163E+00  -0.32151E+00   0.40507E+01   0.76409E+03
  208     5.0012  12.6462  -0.20373E+01  -0.37563E+00  -0.32552E+00   0.40496E+01   0.74676E+03
  209     5.0534  12.6619  -0.20550E+01  -0.37967E+00  -0.32955E+00   0.40486E+01   0.72980E+03
  210     5.1060  12.6773  -0.20727E+01  -0.38373E+00  -0.33362E+00   0.40476E+01   0.71308E+03
  211     5.1591  12.6925  -0.20906E+01  -0.38782E+00  -0.33771E+00   0.40466E+01   0.69650E+03
  212     5.2126  12.7076  -0.21085E+01  -0.39194E+00  -0.34183E+00   0.40456E+01   0.68015E+03
  213     5.2667  12.7224  -0.21265E+01  -0.39608E+00  -0.34597E+00   0.40447E+01   0.66414E+03
  214     5.3211  12.7371  -0.21446E+01  -0.40026E+00  -0.35015E+00   0.40437E+01   0.64832E+03
  215     5.3761  12.7515  -0.21628E+01  -0.40446E+00  -0.35435E+00   0.40428E+01   0.63269E+03
  216     5.4315  12.7658  -0.21811E+01  -0.40869E+00  -0.35858E+00   0.40419E+01   0.61734E+03
  217     5.4874  12.7799  -0.21994E+01  -0.41295E+00  -0.36283E+00   0.40411E+01   0.60224E+03
  218     5.5438  12.7938  -0.22178E+01  -0.41723E+00  -0.36712E+00   0.40402E+01   0.58741E+03
  219     5.6007  12.8076  -0.22364E+01  -0.42154E+00  -0.37143E+00   0.40394E+01   0.57286E+03
  220     5.6581  12.8211  -0.22550E+01  -0.42589E+00  -0.37577E+00   0.40386E+01   0.55853E+03
  221     5.7160  12.8345  -0.22737E+01  -0.43026E+00  -0.38014E+00   0.40378E+01   0.54455E+03
  222     5.7744  12.8477  -0.22925E+01  -0.43466E+00  -0.38455E+00   0.40370E+01   0.53077E+03
  223     5.8333  12.8608  -0.23113E+01  -0.43908E+00  -0.38897E+00   0.40363E+01   0.51720E+03
  224     5.8927  12.8737  -0.23303E+01  -0.44354E+00  -0.39343E+00   0.40356E+01   0.50390E+03
  225     5.9526  12.8864  -0.23493E+01  -0.44803E+00  -0.39792E+00   0.40348E+01   0.49079E+03
  226     6.0131  12.8990  -0.23685E+01  -0.45255E+00  -0.40244E+00   0.40341E+01   0.47787E+03
  227     6.0740  12.9114  -0.23877E+01  -0.45710E+00  -0.40699E+00   0.40335E+01   0.46519E+03
  228     6.1355  12.9236  -0.24071E+01  -0.46168E+00  -0.41157E+00   0.40328E+01   0.45282E+03
  229     6.1976  12.9357  -0.24265E+01  -0.46628E+00  -0.41617E+00   0.40321E+01   0.44059E+03
  230     6.2602  12.9476  -0.24459E+01  -0.47091E+00  -0.42080E+00   0.40315E+01   0.42871E+03
  231     6.3233  12.9594  -0.24655E+01  -0.47557E+00  -0.42546E+00   0.40309E+01   0.41705E+03
  232     6.3869  12.9710  -0.24852E+01  -0.48027E+00  -0.43015E+00   0.40303E+01   0.40567E+03
  233     6.4512  12.9825  -0.25050E+01  -0.48499E+00  -0.43488E+00   0.40297E+01   0.39447E+03
  234     6.5159  12.9938  -0.25248E+01  -0.48974E+00  -0.43963E+00   0.40291E+01   0.38361E+03
  235     6.5813  13.0050  -0.25448E+01  -0.49453E+00  -0.44442E+00   0.40285E+01   0.37284E+03
  236     6.6472  13.0160  -0.25648E+01  -0.49935E+00  -0.44923E+00   0.40280E+01   0.36222E+03
  237     6.7137  13.0269  -0.25850E+01  -0.50419E+00  -0.45408E+00   0.40274E+01   0.35193E+03
  238     6.7807  13.0377  -0.26052E+01  -0.50907E+00  -0.45896E+00   0.40269E+01   0.34181E+03
  239     6.8484  13.0483  -0.26256E+01  -0.51398E+00  -0.46387E+00   0.40264E+01   0.33192E+03
  240     6.9166  13.0588  -0.26459E+01  -0.51891E+00  -0.46880E+00   0.40259E+01   0.32230E+03
  241     6.9854  13.0691  -0.26665E+01  -0.52388E+00  -0.47377E+00   0.40254E+01   0.31281E+03
  242     7.0549  13.0794  -0.26871E+01  -0.52888E+00  -0.47876E+00   0.40249E+01   0.30358E+03
  243     7.1249  13.0894  -0.27078E+01  -0.53391E+00  -0.48379E+00   0.40244E+01   0.29461E+03
  244     7.1955  13.0994  -0.27286E+01  -0.53897E+00  -0.48886E+00   0.40239E+01   0.28580E+03
  245     7.2668  13.1092  -0.27495E+01  -0.54407E+00  -0.49395E+00   0.40235E+01   0.27712E+03
  246     7.3387  13.1189  -0.27704E+01  -0.54919E+00  -0.49908E+00   0.40230E+01   0.26872E+03
  247     7.4112  13.1285  -0.27915E+01  -0.55435E+00  -0.50423E+00   0.40226E+01   0.26052E+03
  248     7.4843  13.1380  -0.28127E+01  -0.55953E+00  -0.50942E+00   0.40222E+01   0.25249E+03
  249     7.5580  13.1473  -0.28340E+01  -0.56475E+00  -0.51464E+00   0.40218E+01   0.24468E+03
  250     7.6324  13.1565  -0.28553E+01  -0.57001E+00  -0.51989E+00   0.40213E+01   0.23704E+03
  251     7.7075  13.1656  -0.28768E+01  -0.57529E+00  -0.52518E+00   0.40210E+01   0.22962E+03
  252     7.7832  13.1746  -0.28984E+01  -0.58061E+00  -0.53050E+00   0.40206E+01   0.22232E+03
  253     7.8596  13.1834  -0.29200E+01  -0.58596E+00  -0.53585E+00   0.40202E+01   0.21524E+03
  254     7.9366  13.1922  -0.29418E+01  -0.59135E+00  -0.54124E+00   0.40198E+01   0.20830E+03
  255     8.0143  13.2008  -0.29637E+01  -0.59676E+00  -0.54665E+00   0.40194E+01   0.20159E+03
  256     8.0926  13.2093  -0.29856E+01  -0.60221E+00  -0.55210E+00   0.40191E+01   0.19506E+03
  257     8.1717  13.2178  -0.30077E+01  -0.60769E+00  -0.55758E+00   0.40187E+01   0.18865E+03
  258     8.2514  13.2261  -0.30299E+01  -0.61321E+00  -0.56310E+00   0.40184E+01   0.18187E+03
  259     8.3319  13.2343  -0.30521E+01  -0.61876E+00  -0.56865E+00   0.40181E+01   0.17638E+03
  260     8.4130  13.2424  -0.30745E+01  -0.62435E+00  -0.57423E+00   0.40177E+01   0.17048E+03
  261     8.4948  13.2503  -0.30966E+01  -0.62985E+00  -0.57973E+00   0.40174E+01   0.16483E+03
  262     8.5774  13.2582  -0.31196E+01  -0.63563E+00  -0.58552E+00   0.40171E+01   0.15909E+03
  263     8.6606  13.2660  -0.31422E+01  -0.64130E+00  -0.59119E+00   0.40168E+01   0.15362E+03
  264     8.7446  13.2737  -0.31650E+01  -0.64702E+00  -0.59690E+00   0.40165E+01   0.14873E+03
  265     8.8293  13.2813  -0.31879E+01  -0.65277E+00  -0.60266E+00   0.40162E+01   0.14328E+03
  266     8.9148  13.2888  -0.32109E+01  -0.65856E+00  -0.60844E+00   0.40159E+01   0.13828E+03
  267     9.0010  13.2962  -0.32340E+01  -0.66438E+00  -0.61427E+00   0.40156E+01   0.13345E+03
  268     9.0879  13.3035  -0.32572E+01  -0.67024E+00  -0.62013E+00   0.40153E+01   0.12875E+03
  269     9.1756  13.3107  -0.32805E+01  -0.67613E+00  -0.62602E+00   0.40151E+01   0.12416E+03
  270     9.2641  13.3178  -0.33039E+01  -0.68206E+00  -0.63195E+00   0.40148E+01   0.11973E+03
  271     9.3534  13.3248  -0.33274E+01  -0.68803E+00  -0.63791E+00   0.40145E+01   0.11540E+03
  272     9.4434  13.3317  -0.33510E+01  -0.69402E+00  -0.64391E+00   0.40143E+01   0.11122E+03
  273     9.5342  13.3386  -0.33747E+01  -0.70006E+00  -0.64995E+00   0.40140E+01   0.10717E+03
  274     9.6257  13.3453  -0.33986E+01  -0.70613E+00  -0.65602E+00   0.40138E+01   0.10323E+03
  275     9.7181  13.3520  -0.34225E+01  -0.71223E+00  -0.66212E+00   0.40135E+01   0.99412E+02
  276     9.8113  13.3586  -0.34465E+01  -0.71838E+00  -0.66826E+00   0.40133E+01   0.95724E+02
  277     9.9053  13.3651  -0.34707E+01  -0.72456E+00  -0.67444E+00   0.40131E+01   0.92149E+02
  278    10.0001  13.3715  -0.34950E+01  -0.73077E+00  -0.68066E+00   0.40129E+01   0.88679E+02
  279    10.0957  13.3778  -0.35194E+01  -0.73702E+00  -0.68691E+00   0.40126E+01   0.85312E+02
  280    10.1922  13.3841  -0.35439E+01  -0.74331E+00  -0.69320E+00   0.40124E+01   0.82066E+02
  281    10.2895  13.3902  -0.35685E+01  -0.74965E+00  -0.69954E+00   0.40122E+01   0.78899E+02
  282    10.3877  13.3963  -0.35932E+01  -0.75600E+00  -0.70589E+00   0.40120E+01   0.75870E+02
  283    10.4867  13.4023  -0.36180E+01  -0.76240E+00  -0.71229E+00   0.40118E+01   0.72923E+02
  284    10.5865  13.4083  -0.36430E+01  -0.76884E+00  -0.71873E+00   0.40116E+01   0.70060E+02
  285    10.6873  13.4141  -0.36680E+01  -0.77532E+00  -0.72521E+00   0.40114E+01   0.67296E+02
  286    10.7889  13.4199  -0.36932E+01  -0.78183E+00  -0.73172E+00   0.40112E+01   0.64629E+02
  287    10.8914  13.4256  -0.37185E+01  -0.78839E+00  -0.73828E+00   0.40110E+01   0.62045E+02
  288    10.9947  13.4312  -0.37439E+01  -0.79498E+00  -0.74487E+00   0.40108E+01   0.59560E+02
  289    11.0990  13.4368  -0.37694E+01  -0.80161E+00  -0.75150E+00   0.40107E+01   0.57157E+02
  290    11.2042  13.4423  -0.37950E+01  -0.80828E+00  -0.75817E+00   0.40105E+01   0.54836E+02
  291    11.3103  13.4477  -0.38208E+01  -0.81499E+00  -0.76488E+00   0.40103E+01   0.52579E+02
  292    11.4173  13.4530  -0.38467E+01  -0.82173E+00  -0.77162E+00   0.40101E+01   0.50417E+02
  293    11.5253  13.4583  -0.38726E+01  -0.82852E+00  -0.77841E+00   0.40100E+01   0.48326E+02
  294    11.6342  13.4635  -0.38987E+01  -0.83534E+00  -0.78523E+00   0.40098E+01   0.46319E+02
  295    11.7440  13.4687  -0.39250E+01  -0.84220E+00  -0.79209E+00   0.40096E+01   0.44371E+02
  296    11.8548  13.4738  -0.39513E+01  -0.84911E+00  -0.79900E+00   0.40095E+01   0.42507E+02
  297    11.9666  13.4788  -0.39778E+01  -0.85606E+00  -0.80595E+00   0.40093E+01   0.40698E+02
  298    12.0793  13.4837  -0.40044E+01  -0.86304E+00  -0.81293E+00   0.40092E+01   0.38956E+02
  299    12.1930  13.4886  -0.40311E+01  -0.87007E+00  -0.81996E+00   0.40090E+01   0.37285E+02
  300    12.3077  13.4934  -0.40579E+01  -0.87714E+00  -0.82703E+00   0.40089E+01   0.35655E+02
  301    12.4234  13.4982  -0.40849E+01  -0.88424E+00  -0.83413E+00   0.40087E+01   0.34105E+02
  302    12.5401  13.5029  -0.41119E+01  -0.89139E+00  -0.84128E+00   0.40086E+01   0.32620E+02
  303    12.6578  13.5075  -0.41391E+01  -0.89858E+00  -0.84847E+00   0.40085E+01   0.31179E+02
  304    12.7766  13.5121  -0.41664E+01  -0.90581E+00  -0.85570E+00   0.40083E+01   0.29796E+02
  305    12.8963  13.5166  -0.41939E+01  -0.91309E+00  -0.86298E+00   0.40082E+01   0.28467E+02
  306    13.0172  13.5211  -0.42215E+01  -0.92040E+00  -0.87029E+00   0.40081E+01   0.27195E+02
  307    13.1390  13.5255  -0.42492E+01  -0.92776E+00  -0.87765E+00   0.40079E+01   0.25956E+02
  308    13.2619  13.5298  -0.42770E+01  -0.93516E+00  -0.88505E+00   0.40078E+01   0.24778E+02
  309    13.3859  13.5341  -0.43050E+01  -0.94261E+00  -0.89249E+00   0.40077E+01   0.23644E+02
  310    13.5110  13.5383  -0.43331E+01  -0.95009E+00  -0.89998E+00   0.40076E+01   0.22559E+02
  311    13.6372  13.5425  -0.43613E+01  -0.95762E+00  -0.90751E+00   0.40074E+01   0.21510E+02
  312    13.7644  13.5466  -0.43897E+01  -0.96519E+00  -0.91508E+00   0.40073E+01   0.20511E+02
  313    13.8928  13.5507  -0.44181E+01  -0.97281E+00  -0.92270E+00   0.40072E+01   0.19548E+02
  314    14.0223  13.5547  -0.44467E+01  -0.98046E+00  -0.93035E+00   0.40071E+01   0.18625E+02
  315    14.1529  13.5587  -0.44755E+01  -0.98817E+00  -0.93806E+00   0.40070E+01   0.17739E+02
  316    14.2846  13.5626  -0.45043E+01  -0.99591E+00  -0.94580E+00   0.40069E+01   0.16902E+02
  317    14.4175  13.5665  -0.45334E+01  -0.10037E+01  -0.95360E+00   0.40068E+01   0.16086E+02
  318    14.5515  13.5703  -0.45625E+01  -0.10115E+01  -0.96143E+00   0.40067E+01   0.15309E+02
  319    14.6867  13.5741  -0.45918E+01  -0.10194E+01  -0.96932E+00   0.40066E+01   0.14568E+02
  320    14.8231  13.5778  -0.46212E+01  -0.10274E+01  -0.97724E+00   0.40065E+01   0.13854E+02
  321    14.9607  13.5815  -0.46507E+01  -0.10353E+01  -0.98521E+00   0.40064E+01   0.13172E+02
  322    15.0994  13.5851  -0.46804E+01  -0.10433E+01  -0.99323E+00   0.40063E+01   0.12521E+02
  323    15.2394  13.5887  -0.47103E+01  -0.10514E+01  -0.10013E+01   0.40062E+01   0.11898E+02
  324    15.3806  13.5922  -0.47402E+01  -0.10595E+01  -0.10094E+01   0.40061E+01   0.11300E+02
  325    15.5230  13.5957  -0.47703E+01  -0.10677E+01  -0.10176E+01   0.40060E+01   0.10731E+02
  326    15.6666  13.5991  -0.48006E+01  -0.10759E+01  -0.10258E+01   0.40059E+01   0.10184E+02
  327    15.8115  13.6025  -0.48310E+01  -0.10841E+01  -0.10340E+01   0.40058E+01   0.96675E+01
  328    15.9577  13.6059  -0.48615E+01  -0.10924E+01  -0.10423E+01   0.40057E+01   0.91744E+01
  329    16.1051  13.6092  -0.48922E+01  -0.11008E+01  -0.10507E+01   0.40057E+01   0.86984E+01
  330    16.2538  13.6124  -0.49230E+01  -0.11092E+01  -0.10591E+01   0.40056E+01   0.82473E+01
  331    16.4038  13.6157  -0.49539E+01  -0.11176E+01  -0.10675E+01   0.40055E+01   0.78155E+01
  332    16.5551  13.6188  -0.49850E+01  -0.11261E+01  -0.10760E+01   0.40054E+01   0.74048E+01
  333    16.7078  13.6220  -0.50163E+01  -0.11346E+01  -0.10845E+01   0.40053E+01   0.70119E+01
  334    16.8617  13.6251  -0.50476E+01  -0.11432E+01  -0.10931E+01   0.40053E+01   0.66420E+01
  335    17.0170  13.6281  -0.50792E+01  -0.11518E+01  -0.11017E+01   0.40052E+01   0.62872E+01
  336    17.1736  13.6312  -0.51109E+01  -0.11605E+01  -0.11104E+01   0.40051E+01   0.59487E+01
  337    17.3316  13.6342  -0.51427E+01  -0.11693E+01  -0.11192E+01   0.40050E+01   0.56258E+01
  338    17.4910  13.6371  -0.51747E+01  -0.11781E+01  -0.11279E+01   0.40050E+01   0.53187E+01
  339    17.6518  13.6400  -0.52068E+01  -0.11869E+01  -0.11368E+01   0.40049E+01   0.50284E+01
  340    17.8139  13.6429  -0.52391E+01  -0.11958E+01  -0.11457E+01   0.40048E+01   0.47503E+01
  341    17.9775  13.6457  -0.52716E+01  -0.12047E+01  -0.11546E+01   0.40047E+01   0.44888E+01
  342    18.1425  13.6485  -0.53042E+01  -0.12137E+01  -0.11636E+01   0.40047E+01   0.42373E+01
  343    18.3089  13.6513  -0.53369E+01  -0.12227E+01  -0.11726E+01   0.40046E+01   0.39987E+01
  344    18.4768  13.6540  -0.53698E+01  -0.12318E+01  -0.11817E+01   0.40046E+01   0.37747E+01
  345    18.6461  13.6567  -0.54029E+01  -0.12410E+01  -0.11908E+01   0.40045E+01   0.35589E+01
  346    18.8169  13.6593  -0.54361E+01  -0.12501E+01  -0.12000E+01   0.40044E+01   0.33573E+01
  347    18.9892  13.6619  -0.54695E+01  -0.12594E+01  -0.12093E+01   0.40044E+01   0.31641E+01
  348    19.1630  13.6645  -0.55030E+01  -0.12687E+01  -0.12186E+01   0.40043E+01   0.29810E+01
  349    19.3383  13.6671  -0.55367E+01  -0.12780E+01  -0.12279E+01   0.40042E+01   0.28082E+01
  350    19.5151  13.6696  -0.55705E+01  -0.12874E+01  -0.12373E+01   0.40042E+01   0.26444E+01
  351    19.6934  13.6721  -0.56045E+01  -0.12969E+01  -0.12468E+01   0.40041E+01   0.24891E+01
  352    19.8734  13.6745  -0.56387E+01  -0.13064E+01  -0.12563E+01   0.40041E+01   0.23413E+01
  353    20.0548  13.6770  -0.56730E+01  -0.13160E+01  -0.12659E+01   0.40040E+01   0.22023E+01
  354    20.2379  13.6794  -0.57075E+01  -0.13256E+01  -0.12755E+01   0.40040E+01   0.20704E+01
  355    20.4225  13.6817  -0.57422E+01  -0.13353E+01  -0.12852E+01   0.40039E+01   0.19454E+01
  356    20.6088  13.6840  -0.57770E+01  -0.13450E+01  -0.12949E+01   0.40039E+01   0.18284E+01
  357    20.7966  13.6863  -0.58120E+01  -0.13548E+01  -0.13047E+01   0.40038E+01   0.17175E+01
  358    20.9861  13.6886  -0.58472E+01  -0.13646E+01  -0.13145E+01   0.40038E+01   0.16109E+01
  359    21.1773  13.6909  -0.58825E+01  -0.13745E+01  -0.13244E+01   0.40037E+01   0.15121E+01
  360    21.3701  13.6931  -0.59179E+01  -0.13845E+01  -0.13343E+01   0.40037E+01   0.14182E+01
  361    21.5646  13.6953  -0.59536E+01  -0.13945E+01  -0.13444E+01   0.40036E+01   0.13307E+01
  362    21.7607  13.6974  -0.59894E+01  -0.14045E+01  -0.13544E+01   0.40036E+01   0.12465E+01
  363    21.9586  13.6995  -0.60255E+01  -0.14147E+01  -0.13646E+01   0.40035E+01   0.11679E+01
  364    22.1582  13.7016  -0.60616E+01  -0.14248E+01  -0.13747E+01   0.40035E+01   0.10925E+01
  365    22.3596  13.7037  -0.60980E+01  -0.14351E+01  -0.13850E+01   0.40000E+01   0.10246E+01
  366    22.5626  13.7058  -0.61345E+01  -0.14454E+01  -0.13953E+01   0.40000E+01   0.95866E+00
  367    22.7675  13.7078  -0.61712E+01  -0.14558E+01  -0.14057E+01   0.40000E+01   0.89654E+00
  368    22.9741  13.7098  -0.62080E+01  -0.14662E+01  -0.14161E+01   0.40000E+01   0.83735E+00
  369    23.1825  13.7117  -0.62451E+01  -0.14766E+01  -0.14265E+01   0.40000E+01   0.78365E+00
  370    23.3928  13.7137  -0.62823E+01  -0.14872E+01  -0.14371E+01   0.40000E+01   0.73179E+00
  371    23.6049  13.7156  -0.63197E+01  -0.14978E+01  -0.14476E+01   0.40000E+01   0.68503E+00
  372    23.8188  13.7175  -0.63573E+01  -0.15084E+01  -0.14583E+01   0.40000E+01   0.63850E+00
  373    24.0345  13.7194  -0.63953E+01  -0.15192E+01  -0.14691E+01   0.40000E+01   0.59521E+00
  374    24.2522  13.7212  -0.64330E+01  -0.15299E+01  -0.14798E+01   0.40000E+01   0.55541E+00
  375    24.4717  13.7230  -0.64712E+01  -0.15407E+01  -0.14906E+01   0.40000E+01   0.51808E+00
  376    24.6932  13.7248  -0.65095E+01  -0.15516E+01  -0.15015E+01   0.40000E+01   0.48271E+00
  377    24.9166  13.7266  -0.65480E+01  -0.15626E+01  -0.15125E+01   0.40000E+01   0.44997E+00
  378    25.1419  13.7284  -0.65867E+01  -0.15736E+01  -0.15235E+01   0.40000E+01   0.41859E+00
  379    25.3691  13.7301  -0.66255E+01  -0.15847E+01  -0.15345E+01   0.40000E+01   0.38996E+00
  380    25.5984  13.7318  -0.66646E+01  -0.15958E+01  -0.15457E+01   0.40000E+01   0.36280E+00
  381    25.8296  13.7335  -0.67039E+01  -0.16070E+01  -0.15569E+01   0.40000E+01   0.33728E+00
  382    26.0629  13.7351  -0.67433E+01  -0.16183E+01  -0.15682E+01   0.40000E+01   0.31345E+00
  383    26.2982  13.7368  -0.67829E+01  -0.16296E+01  -0.15795E+01   0.40000E+01   0.29121E+00
  384    26.5355  13.7384  -0.68227E+01  -0.16410E+01  -0.15909E+01   0.40000E+01   0.27054E+00
  385    26.7749  13.7400  -0.68627E+01  -0.16524E+01  -0.16023E+01   0.40000E+01   0.25106E+00
  386    27.0164  13.7416  -0.69029E+01  -0.16640E+01  -0.16138E+01   0.40000E+01   0.23305E+00
  387    27.2599  13.7431  -0.69433E+01  -0.16755E+01  -0.16254E+01   0.40000E+01   0.21617E+00
  388    27.5056  13.7447  -0.69838E+01  -0.16872E+01  -0.16371E+01   0.40000E+01   0.20043E+00
  389    27.7534  13.7462  -0.70246E+01  -0.16989E+01  -0.16488E+01   0.40000E+01   0.18567E+00
  390    28.0034  13.7477  -0.70656E+01  -0.17107E+01  -0.16606E+01   0.40000E+01   0.17182E+00
  391    28.2556  13.7492  -0.71067E+01  -0.17225E+01  -0.16724E+01   0.40000E+01   0.15927E+00
  392    28.5099  13.7506  -0.71481E+01  -0.17344E+01  -0.16843E+01   0.40000E+01   0.14735E+00
  393    28.7665  13.7521  -0.71897E+01  -0.17464E+01  -0.16963E+01   0.40000E+01   0.13631E+00
  394    29.0253  13.7535  -0.72314E+01  -0.17584E+01  -0.17083E+01   0.40000E+01   0.12609E+00
  395    29.2863  13.7549  -0.72734E+01  -0.17705E+01  -0.17204E+01   0.40000E+01   0.11648E+00
  396    29.5496  13.7563  -0.73155E+01  -0.17827E+01  -0.17326E+01   0.40000E+01   0.10759E+00
  397    29.8152  13.7577  -0.73578E+01  -0.17949E+01  -0.17448E+01   0.40000E+01   0.99266E-01
  398    30.0831  13.7590  -0.74004E+01  -0.18072E+01  -0.17571E+01   0.40000E+01   0.91697E-01
  399    30.3534  13.7604  -0.74432E+01  -0.18196E+01  -0.17695E+01   0.40000E+01   0.84523E-01
  400    30.6259  13.7617  -0.74861E+01  -0.18320E+01  -0.17819E+01   0.40000E+01   0.77993E-01
