    1     0.0001   0.0014  -0.15259E-04   0.15532E-05   0.47180E-01   0.67855E+01   0.11452E+04
    2     0.0088   0.1221  -0.25451E-02  -0.20126E-03   0.46977E-01   0.67502E+01   0.22349E+04
    3     0.0176   0.2423  -0.53196E-02  -0.46319E-03   0.46715E-01   0.67160E+01   0.23557E+04
    4     0.0264   0.3621  -0.82241E-02  -0.75248E-03   0.46426E-01   0.66824E+01   0.24391E+04
    5     0.0353   0.4814  -0.11228E-01  -0.10599E-02   0.46118E-01   0.66492E+01   0.25118E+04
    6     0.0443   0.6003  -0.14327E-01  -0.13850E-02   0.45793E-01   0.66163E+01   0.25747E+04
    7     0.0534   0.7188  -0.17504E-01  -0.17235E-02   0.45455E-01   0.65838E+01   0.26301E+04
    8     0.0626   0.8368  -0.20759E-01  -0.20749E-02   0.45103E-01   0.65515E+01   0.26821E+04
    9     0.0718   0.9543  -0.24087E-01  -0.24379E-02   0.44740E-01   0.65195E+01   0.27325E+04
   10     0.0811   1.0713  -0.27485E-01  -0.28116E-02   0.44367E-01   0.64877E+01   0.27798E+04
   11     0.0905   1.1879  -0.30951E-01  -0.31962E-02   0.43982E-01   0.64562E+01   0.28257E+04
   12     0.1000   1.3039  -0.34486E-01  -0.35915E-02   0.43587E-01   0.64249E+01   0.28692E+04
   13     0.1096   1.4195  -0.38095E-01  -0.39993E-02   0.43179E-01   0.63938E+01   0.29127E+04
   14     0.1192   1.5346  -0.41760E-01  -0.44139E-02   0.42764E-01   0.63630E+01   0.29547E+04
   15     0.1290   1.6491  -0.45492E-01  -0.48392E-02   0.42339E-01   0.63323E+01   0.29949E+04
   16     0.1388   1.7632  -0.49289E-01  -0.52749E-02   0.41903E-01   0.63019E+01   0.30355E+04
   17     0.1487   1.8767  -0.53152E-01  -0.57208E-02   0.41457E-01   0.62717E+01   0.30741E+04
   18     0.1587   1.9897  -0.57080E-01  -0.61767E-02   0.41002E-01   0.62417E+01   0.31132E+04
   19     0.1687   2.1021  -0.61073E-01  -0.66430E-02   0.40535E-01   0.62119E+01   0.31512E+04
   20     0.1789   2.2140  -0.65130E-01  -0.71198E-02   0.40058E-01   0.61822E+01   0.31880E+04
   21     0.1891   2.3254  -0.69252E-01  -0.76067E-02   0.39572E-01   0.61529E+01   0.32251E+04
   22     0.1995   2.4362  -0.73439E-01  -0.81036E-02   0.39075E-01   0.61237E+01   0.32611E+04
   23     0.2099   2.5465  -0.77692E-01  -0.86114E-02   0.38567E-01   0.60947E+01   0.32967E+04
   24     0.2204   2.6562  -0.82009E-01  -0.91301E-02   0.38048E-01   0.60660E+01   0.33318E+04
   25     0.2310   2.7653  -0.86391E-01  -0.96591E-02   0.37519E-01   0.60374E+01   0.33665E+04
   26     0.2417   2.8738  -0.90839E-01  -0.10200E-01   0.36979E-01   0.60091E+01   0.34009E+04
   27     0.2525   2.9818  -0.95353E-01  -0.10751E-01   0.36427E-01   0.59809E+01   0.34343E+04
   28     0.2634   3.0892  -0.99933E-01  -0.11314E-01   0.35864E-01   0.59530E+01   0.34676E+04
   29     0.2744   3.1959  -0.10458E+00  -0.11888E-01   0.35290E-01   0.59253E+01   0.35005E+04
   30     0.2855   3.3021  -0.10929E+00  -0.12473E-01   0.34705E-01   0.58977E+01   0.35329E+04
   31     0.2967   3.4077  -0.11407E+00  -0.13071E-01   0.34108E-01   0.58704E+01   0.35645E+04
   32     0.3079   3.5127  -0.11891E+00  -0.13680E-01   0.33499E-01   0.58433E+01   0.35958E+04
   33     0.3193   3.6170  -0.12380E+00  -0.14293E-01   0.32885E-01   0.58163E+01   0.36271E+04
   34     0.3308   3.7207  -0.12878E+00  -0.14926E-01   0.32253E-01   0.57896E+01   0.36574E+04
   35     0.3423   3.8238  -0.13382E+00  -0.15570E-01   0.31608E-01   0.57631E+01   0.36864E+04
   36     0.3540   3.9263  -0.13894E+00  -0.16228E-01   0.30950E-01   0.57368E+01   0.37159E+04
   37     0.3658   4.0281  -0.14412E+00  -0.16898E-01   0.30281E-01   0.57108E+01   0.37445E+04
   38     0.3777   4.1293  -0.14937E+00  -0.17580E-01   0.29598E-01   0.56849E+01   0.37725E+04
   39     0.3896   4.2299  -0.15469E+00  -0.18275E-01   0.28903E-01   0.56593E+01   0.38000E+04
   40     0.4017   4.3298  -0.16008E+00  -0.18984E-01   0.28194E-01   0.56339E+01   0.38269E+04
   41     0.4139   4.4291  -0.16553E+00  -0.19705E-01   0.27473E-01   0.56087E+01   0.38533E+04
   42     0.4262   4.5276  -0.17106E+00  -0.20440E-01   0.26738E-01   0.55837E+01   0.38793E+04
   43     0.4386   4.6256  -0.17666E+00  -0.21189E-01   0.25990E-01   0.55590E+01   0.39041E+04
   44     0.4511   4.7229  -0.18232E+00  -0.21950E-01   0.25228E-01   0.55345E+01   0.39284E+04
   45     0.4637   4.8195  -0.18806E+00  -0.22726E-01   0.24452E-01   0.55101E+01   0.39525E+04
   46     0.4764   4.9154  -0.19386E+00  -0.23515E-01   0.23663E-01   0.54861E+01   0.39759E+04
   47     0.4893   5.0106  -0.19974E+00  -0.24318E-01   0.22860E-01   0.54622E+01   0.39986E+04
   48     0.5022   5.1052  -0.20568E+00  -0.25135E-01   0.22044E-01   0.54385E+01   0.40206E+04
   49     0.5153   5.1991  -0.21170E+00  -0.25965E-01   0.21213E-01   0.54151E+01   0.40418E+04
   50     0.5285   5.2923  -0.21778E+00  -0.26809E-01   0.20369E-01   0.53919E+01   0.40629E+04
   51     0.5417   5.3849  -0.22394E+00  -0.27667E-01   0.19511E-01   0.53689E+01   0.40826E+04
   52     0.5552   5.4767  -0.23016E+00  -0.28539E-01   0.18639E-01   0.53462E+01   0.41020E+04
   53     0.5687   5.5679  -0.23645E+00  -0.29425E-01   0.17753E-01   0.53236E+01   0.41213E+04
   54     0.5823   5.6583  -0.24282E+00  -0.30326E-01   0.16852E-01   0.53013E+01   0.41390E+04
   55     0.5961   5.7481  -0.24925E+00  -0.31241E-01   0.15937E-01   0.52793E+01   0.41566E+04
   56     0.6099   5.8371  -0.25576E+00  -0.32171E-01   0.15007E-01   0.52574E+01   0.41736E+04
   57     0.6239   5.9255  -0.26234E+00  -0.33116E-01   0.14062E-01   0.52358E+01   0.41898E+04
   58     0.6381   6.0132  -0.26899E+00  -0.34076E-01   0.13102E-01   0.52144E+01   0.42054E+04
   59     0.6523   6.1001  -0.27571E+00  -0.35051E-01   0.12127E-01   0.51933E+01   0.42203E+04
   60     0.6667   6.1864  -0.28251E+00  -0.36043E-01   0.11136E-01   0.51723E+01   0.42343E+04
   61     0.6812   6.2719  -0.28937E+00  -0.37049E-01   0.10129E-01   0.51517E+01   0.42477E+04
   62     0.6958   6.3568  -0.29632E+00  -0.38072E-01   0.91064E-02   0.51312E+01   0.42603E+04
   63     0.7105   6.4409  -0.30334E+00  -0.39111E-01   0.80675E-02   0.51110E+01   0.42725E+04
   64     0.7254   6.5244  -0.31043E+00  -0.40166E-01   0.70125E-02   0.50910E+01   0.42832E+04
   65     0.7404   6.6071  -0.31760E+00  -0.41237E-01   0.59410E-02   0.50713E+01   0.42937E+04
   66     0.7555   6.6891  -0.32484E+00  -0.42325E-01   0.48537E-02   0.50518E+01   0.43031E+04
   67     0.7708   6.7704  -0.33215E+00  -0.43428E-01   0.37499E-02   0.50325E+01   0.43118E+04
   68     0.7862   6.8511  -0.33954E+00  -0.44548E-01   0.26303E-02   0.50134E+01   0.43198E+04
   69     0.8017   6.9310  -0.34700E+00  -0.45684E-01   0.14942E-02   0.49946E+01   0.43268E+04
   70     0.8174   7.0102  -0.35453E+00  -0.46836E-01   0.34218E-03   0.49760E+01   0.43330E+04
   71     0.8332   7.0886  -0.36214E+00  -0.48004E-01  -0.82600E-03   0.49577E+01   0.43385E+04
   72     0.8491   7.1664  -0.36982E+00  -0.49189E-01  -0.20102E-02   0.49396E+01   0.43427E+04
   73     0.8652   7.2435  -0.37757E+00  -0.50389E-01  -0.32108E-02   0.49217E+01   0.43464E+04
   74     0.8814   7.3199  -0.38539E+00  -0.51606E-01  -0.44276E-02   0.49041E+01   0.43490E+04
   75     0.8977   7.3956  -0.39329E+00  -0.52839E-01  -0.56607E-02   0.48867E+01   0.43509E+04
   76     0.9142   7.4705  -0.40126E+00  -0.54088E-01  -0.69096E-02   0.48695E+01   0.43521E+04
   77     0.9309   7.5448  -0.40930E+00  -0.55354E-01  -0.81754E-02   0.48526E+01   0.43525E+04
   78     0.9477   7.6184  -0.41742E+00  -0.56637E-01  -0.94587E-02   0.48359E+01   0.43522E+04
   79     0.9646   7.6913  -0.42561E+00  -0.57936E-01  -0.10758E-01   0.48195E+01   0.43510E+04
   80     0.9817   7.7635  -0.43386E+00  -0.59251E-01  -0.12073E-01   0.48032E+01   0.43492E+04
   81     0.9989   7.8350  -0.44220E+00  -0.60584E-01  -0.13406E-01   0.47873E+01   0.43471E+04
   82     1.0163   7.9058  -0.45060E+00  -0.61933E-01  -0.14755E-01   0.47715E+01   0.43440E+04
   83     1.0338   7.9759  -0.45908E+00  -0.63299E-01  -0.16121E-01   0.47560E+01   0.43400E+04
   84     1.0515   8.0453  -0.46764E+00  -0.64684E-01  -0.17505E-01   0.47408E+01   0.43353E+04
   85     1.0693   8.1141  -0.47627E+00  -0.66086E-01  -0.18908E-01   0.47257E+01   0.43298E+04
   86     1.0873   8.1821  -0.48498E+00  -0.67507E-01  -0.20329E-01   0.47109E+01   0.43235E+04
   87     1.1055   8.2495  -0.49376E+00  -0.68945E-01  -0.21767E-01   0.46963E+01   0.43167E+04
   88     1.1238   8.3162  -0.50262E+00  -0.70401E-01  -0.23223E-01   0.46820E+01   0.43088E+04
   89     1.1423   8.3823  -0.51155E+00  -0.71877E-01  -0.24698E-01   0.46679E+01   0.43003E+04
   90     1.1609   8.4477  -0.52056E+00  -0.73369E-01  -0.26191E-01   0.46540E+01   0.42911E+04
   91     1.1797   8.5124  -0.52964E+00  -0.74881E-01  -0.27702E-01   0.46403E+01   0.42810E+04
   92     1.1986   8.5764  -0.53880E+00  -0.76410E-01  -0.29231E-01   0.46269E+01   0.42700E+04
   93     1.2177   8.6398  -0.54803E+00  -0.77956E-01  -0.30778E-01   0.46137E+01   0.42580E+04
   94     1.2370   8.7025  -0.55734E+00  -0.79521E-01  -0.32343E-01   0.46007E+01   0.42455E+04
   95     1.2565   8.7646  -0.56671E+00  -0.81104E-01  -0.33926E-01   0.45879E+01   0.42322E+04
   96     1.2761   8.8260  -0.57617E+00  -0.82705E-01  -0.35527E-01   0.45754E+01   0.42176E+04
   97     1.2959   8.8868  -0.58569E+00  -0.84324E-01  -0.37146E-01   0.45631E+01   0.42027E+04
   98     1.3158   8.9469  -0.59529E+00  -0.85962E-01  -0.38784E-01   0.45510E+01   0.41868E+04
   99     1.3360   9.0065  -0.60496E+00  -0.87618E-01  -0.40440E-01   0.45391E+01   0.41703E+04
  100     1.3563   9.0653  -0.61471E+00  -0.89292E-01  -0.42114E-01   0.45274E+01   0.41532E+04
  101     1.3767   9.1236  -0.62453E+00  -0.90984E-01  -0.43806E-01   0.45160E+01   0.41355E+04
  102     1.3974   9.1812  -0.63442E+00  -0.92694E-01  -0.45516E-01   0.45047E+01   0.41170E+04
  103     1.4183   9.2382  -0.64438E+00  -0.94423E-01  -0.47244E-01   0.44936E+01   0.40981E+04
  104     1.4393   9.2945  -0.65441E+00  -0.96170E-01  -0.48991E-01   0.44828E+01   0.40775E+04
  105     1.4605   9.3503  -0.66452E+00  -0.97935E-01  -0.50757E-01   0.44721E+01   0.40567E+04
  106     1.4819   9.4054  -0.67470E+00  -0.99721E-01  -0.52543E-01   0.44617E+01   0.40360E+04
  107     1.5035   9.4600  -0.68497E+00  -0.10153E+00  -0.54349E-01   0.44515E+01   0.40147E+04
  108     1.5252   9.5139  -0.69530E+00  -0.10335E+00  -0.56173E-01   0.44414E+01   0.39930E+04
  109     1.5472   9.5673  -0.70571E+00  -0.10519E+00  -0.58016E-01   0.44316E+01   0.39708E+04
  110     1.5693   9.6200  -0.71619E+00  -0.10706E+00  -0.59879E-01   0.44219E+01   0.39479E+04
  111     1.5917   9.6722  -0.72671E+00  -0.10893E+00  -0.61750E-01   0.44124E+01   0.39245E+04
  112     1.6142   9.7238  -0.73733E+00  -0.11083E+00  -0.63649E-01   0.44031E+01   0.39003E+04
  113     1.6369   9.7748  -0.74804E+00  -0.11275E+00  -0.65572E-01   0.43941E+01   0.38754E+04
  114     1.6598   9.8252  -0.75882E+00  -0.11469E+00  -0.67514E-01   0.43852E+01   0.38499E+04
  115     1.6830   9.8751  -0.76968E+00  -0.11666E+00  -0.69478E-01   0.43765E+01   0.38236E+04
  116     1.7063   9.9244  -0.78062E+00  -0.11864E+00  -0.71462E-01   0.43680E+01   0.37973E+04
  117     1.7298   9.9731  -0.79162E+00  -0.12064E+00  -0.73464E-01   0.43596E+01   0.37712E+04
  118     1.7536  10.0213  -0.80269E+00  -0.12266E+00  -0.75485E-01   0.43514E+01   0.37433E+04
  119     1.7775  10.0689  -0.81384E+00  -0.12470E+00  -0.77525E-01   0.43434E+01   0.37153E+04
  120     1.8016  10.1160  -0.82506E+00  -0.12676E+00  -0.79586E-01   0.43356E+01   0.36864E+04
  121     1.8260  10.1626  -0.83635E+00  -0.12884E+00  -0.81666E-01   0.43279E+01   0.36570E+04
  122     1.8506  10.2086  -0.84771E+00  -0.13094E+00  -0.83765E-01   0.43204E+01   0.36275E+04
  123     1.8753  10.2541  -0.85915E+00  -0.13306E+00  -0.85885E-01   0.43130E+01   0.35978E+04
  124     1.9003  10.2990  -0.87066E+00  -0.13520E+00  -0.88025E-01   0.43058E+01   0.35676E+04
  125     1.9256  10.3434  -0.88224E+00  -0.13736E+00  -0.90186E-01   0.42988E+01   0.35370E+04
  126     1.9510  10.3873  -0.89390E+00  -0.13955E+00  -0.92367E-01   0.42919E+01   0.35061E+04
  127     1.9766  10.4307  -0.90563E+00  -0.14175E+00  -0.94568E-01   0.42852E+01   0.34750E+04
  128     2.0025  10.4736  -0.91744E+00  -0.14397E+00  -0.96791E-01   0.42786E+01   0.34435E+04
  129     2.0286  10.5160  -0.92932E+00  -0.14621E+00  -0.99035E-01   0.42722E+01   0.34115E+04
  130     2.0550  10.5579  -0.94127E+00  -0.14848E+00  -0.10130E+00   0.42659E+01   0.33794E+04
  131     2.0815  10.5993  -0.95330E+00  -0.15076E+00  -0.10359E+00   0.42598E+01   0.33467E+04
  132     2.1083  10.6402  -0.96540E+00  -0.15307E+00  -0.10589E+00   0.42538E+01   0.33140E+04
  133     2.1353  10.6806  -0.97758E+00  -0.15540E+00  -0.10822E+00   0.42479E+01   0.32810E+04
  134     2.1626  10.7205  -0.98983E+00  -0.15775E+00  -0.11057E+00   0.42422E+01   0.32474E+04
  135     2.1901  10.7600  -0.10021E+01  -0.16012E+00  -0.11294E+00   0.42366E+01   0.32137E+04
  136     2.2178  10.7990  -0.10145E+01  -0.16251E+00  -0.11533E+00   0.42311E+01   0.31797E+04
  137     2.2458  10.8375  -0.10270E+01  -0.16492E+00  -0.11774E+00   0.42257E+01   0.31454E+04
  138     2.2740  10.8756  -0.10396E+01  -0.16735E+00  -0.12017E+00   0.42205E+01   0.31113E+04
  139     2.3025  10.9132  -0.10522E+01  -0.16981E+00  -0.12263E+00   0.42154E+01   0.30769E+04
  140     2.3312  10.9504  -0.10649E+01  -0.17228E+00  -0.12510E+00   0.42104E+01   0.30427E+04
  141     2.3602  10.9871  -0.10776E+01  -0.17478E+00  -0.12760E+00   0.42055E+01   0.30081E+04
  142     2.3894  11.0234  -0.10904E+01  -0.17730E+00  -0.13012E+00   0.42008E+01   0.29734E+04
  143     2.4188  11.0592  -0.11034E+01  -0.17984E+00  -0.13266E+00   0.41961E+01   0.29384E+04
  144     2.4486  11.0946  -0.11163E+01  -0.18240E+00  -0.13522E+00   0.41916E+01   0.29032E+04
  145     2.4785  11.1296  -0.11294E+01  -0.18499E+00  -0.13781E+00   0.41872E+01   0.28680E+04
  146     2.5088  11.1641  -0.11425E+01  -0.18760E+00  -0.14042E+00   0.41828E+01   0.28327E+04
  147     2.5393  11.1982  -0.11558E+01  -0.19023E+00  -0.14305E+00   0.41786E+01   0.27971E+04
  148     2.5701  11.2320  -0.11690E+01  -0.19288E+00  -0.14570E+00   0.41745E+01   0.27616E+04
  149     2.6011  11.2653  -0.11824E+01  -0.19556E+00  -0.14838E+00   0.41705E+01   0.27261E+04
  150     2.6324  11.2982  -0.11958E+01  -0.19825E+00  -0.15107E+00   0.41666E+01   0.26905E+04
  151     2.6640  11.3306  -0.12093E+01  -0.20097E+00  -0.15379E+00   0.41627E+01   0.26550E+04
  152     2.6958  11.3627  -0.12229E+01  -0.20370E+00  -0.15653E+00   0.41590E+01   0.26195E+04
  153     2.7280  11.3944  -0.12365E+01  -0.20647E+00  -0.15929E+00   0.41553E+01   0.25841E+04
  154     2.7604  11.4258  -0.12503E+01  -0.20925E+00  -0.16207E+00   0.41518E+01   0.25488E+04
  155     2.7931  11.4567  -0.12641E+01  -0.21206E+00  -0.16488E+00   0.41483E+01   0.25135E+04
  156     2.8260  11.4872  -0.12780E+01  -0.21489E+00  -0.16772E+00   0.41449E+01   0.24783E+04
  157     2.8593  11.5174  -0.12919E+01  -0.21775E+00  -0.17057E+00   0.41416E+01   0.24431E+04
  158     2.8929  11.5472  -0.13059E+01  -0.22063E+00  -0.17345E+00   0.41383E+01   0.24079E+04
  159     2.9267  11.5766  -0.13200E+01  -0.22353E+00  -0.17635E+00   0.41352E+01   0.23727E+04
  160     2.9608  11.6057  -0.13342E+01  -0.22645E+00  -0.17928E+00   0.41321E+01   0.23373E+04
  161     2.9953  11.6344  -0.13485E+01  -0.22940E+00  -0.18222E+00   0.41291E+01   0.23021E+04
  162     3.0300  11.6628  -0.13628E+01  -0.23237E+00  -0.18519E+00   0.41262E+01   0.22671E+04
  163     3.0651  11.6908  -0.13772E+01  -0.23536E+00  -0.18819E+00   0.41233E+01   0.22323E+04
  164     3.1004  11.7184  -0.13917E+01  -0.23838E+00  -0.19120E+00   0.41205E+01   0.21976E+04
  165     3.1360  11.7458  -0.14062E+01  -0.24142E+00  -0.19424E+00   0.41178E+01   0.21630E+04
  166     3.1720  11.7727  -0.14208E+01  -0.24448E+00  -0.19730E+00   0.41151E+01   0.21287E+04
  167     3.2083  11.7994  -0.14355E+01  -0.24756E+00  -0.20039E+00   0.41125E+01   0.20946E+04
  168     3.2449  11.8257  -0.14503E+01  -0.25067E+00  -0.20349E+00   0.41100E+01   0.20608E+04
  169     3.2818  11.8517  -0.14652E+01  -0.25381E+00  -0.20663E+00   0.41076E+01   0.20272E+04
  170     3.3190  11.8773  -0.14801E+01  -0.25696E+00  -0.20979E+00   0.41051E+01   0.19937E+04
  171     3.3565  11.9026  -0.14951E+01  -0.26015E+00  -0.21297E+00   0.41028E+01   0.19604E+04
  172     3.3944  11.9277  -0.15102E+01  -0.26336E+00  -0.21618E+00   0.41005E+01   0.19273E+04
  173     3.4326  11.9524  -0.15254E+01  -0.26659E+00  -0.21941E+00   0.40983E+01   0.18942E+04
  174     3.4712  11.9768  -0.15406E+01  -0.26984E+00  -0.22267E+00   0.40961E+01   0.18615E+04
  175     3.5100  12.0009  -0.15559E+01  -0.27312E+00  -0.22595E+00   0.40939E+01   0.18288E+04
  176     3.5492  12.0246  -0.15713E+01  -0.27643E+00  -0.22925E+00   0.40919E+01   0.17964E+04
  177     3.5888  12.0481  -0.15868E+01  -0.27976E+00  -0.23258E+00   0.40898E+01   0.17641E+04
  178     3.6287  12.0713  -0.16023E+01  -0.28311E+00  -0.23593E+00   0.40879E+01   0.17320E+04
  179     3.6689  12.0942  -0.16180E+01  -0.28648E+00  -0.23931E+00   0.40859E+01   0.17003E+04
  180     3.7095  12.1169  -0.16337E+01  -0.28988E+00  -0.24270E+00   0.40840E+01   0.16689E+04
  181     3.7505  12.1392  -0.16494E+01  -0.29330E+00  -0.24613E+00   0.40822E+01   0.16380E+04
  182     3.7918  12.1612  -0.16653E+01  -0.29675E+00  -0.24957E+00   0.40804E+01   0.16075E+04
  183     3.8334  12.1830  -0.16812E+01  -0.30022E+00  -0.25304E+00   0.40786E+01   0.15773E+04
  184     3.8754  12.2045  -0.16972E+01  -0.30372E+00  -0.25654E+00   0.40769E+01   0.15475E+04
  185     3.9178  12.2257  -0.17133E+01  -0.30724E+00  -0.26007E+00   0.40752E+01   0.15178E+04
  186     3.9606  12.2467  -0.17295E+01  -0.31080E+00  -0.26362E+00   0.40736E+01   0.14884E+04
  187     4.0037  12.2674  -0.17457E+01  -0.31438E+00  -0.26720E+00   0.40720E+01   0.14593E+04
  188     4.0472  12.2878  -0.17621E+01  -0.31799E+00  -0.27081E+00   0.40705E+01   0.14303E+04
  189     4.0911  12.3080  -0.17785E+01  -0.32162E+00  -0.27444E+00   0.40690E+01   0.14014E+04
  190     4.1353  12.3279  -0.17950E+01  -0.32527E+00  -0.27809E+00   0.40675E+01   0.13728E+04
  191     4.1800  12.3476  -0.18115E+01  -0.32895E+00  -0.28177E+00   0.40660E+01   0.13446E+04
  192     4.2250  12.3670  -0.18282E+01  -0.33265E+00  -0.28547E+00   0.40646E+01   0.13167E+04
  193     4.2705  12.3862  -0.18449E+01  -0.33637E+00  -0.28920E+00   0.40633E+01   0.12894E+04
  194     4.3163  12.4051  -0.18617E+01  -0.34012E+00  -0.29294E+00   0.40619E+01   0.12624E+04
  195     4.3625  12.4238  -0.18785E+01  -0.34390E+00  -0.29672E+00   0.40606E+01   0.12358E+04
  196     4.4091  12.4423  -0.18955E+01  -0.34771E+00  -0.30053E+00   0.40593E+01   0.12095E+04
  197     4.4561  12.4605  -0.19126E+01  -0.35154E+00  -0.30436E+00   0.40580E+01   0.11836E+04
  198     4.5036  12.4785  -0.19297E+01  -0.35540E+00  -0.30822E+00   0.40568E+01   0.11580E+04
  199     4.5514  12.4962  -0.19469E+01  -0.35928E+00  -0.31211E+00   0.40556E+01   0.11326E+04
  200     4.5997  12.5138  -0.19642E+01  -0.36320E+00  -0.31602E+00   0.40545E+01   0.11075E+04
  201     4.6484  12.5311  -0.19815E+01  -0.36713E+00  -0.31995E+00   0.40533E+01   0.10828E+04
  202     4.6975  12.5482  -0.19990E+01  -0.37109E+00  -0.32392E+00   0.40522E+01   0.10586E+04
  203     4.7470  12.5650  -0.20165E+01  -0.37508E+00  -0.32791E+00   0.40511E+01   0.10346E+04
  204     4.7970  12.5817  -0.20341E+01  -0.37910E+00  -0.33192E+00   0.40501E+01   0.10111E+04
  205     4.8474  12.5981  -0.20518E+01  -0.38314E+00  -0.33596E+00   0.40490E+01   0.98788E+03
  206     4.8982  12.6144  -0.20696E+01  -0.38721E+00  -0.34004E+00   0.40480E+01   0.96495E+03
  207     4.9495  12.6304  -0.20875E+01  -0.39131E+00  -0.34414E+00   0.40470E+01   0.94241E+03
  208     5.0012  12.6462  -0.21054E+01  -0.39544E+00  -0.34826E+00   0.40461E+01   0.92010E+03
  209     5.0534  12.6619  -0.21234E+01  -0.39960E+00  -0.35242E+00   0.40451E+01   0.89824E+03
  210     5.1060  12.6773  -0.21415E+01  -0.40377E+00  -0.35659E+00   0.40442E+01   0.87669E+03
  211     5.1591  12.6925  -0.21597E+01  -0.40798E+00  -0.36080E+00   0.40433E+01   0.85542E+03
  212     5.2126  12.7076  -0.21780E+01  -0.41221E+00  -0.36503E+00   0.40424E+01   0.83454E+03
  213     5.2667  12.7224  -0.21964E+01  -0.41647E+00  -0.36929E+00   0.40416E+01   0.81416E+03
  214     5.3211  12.7371  -0.22148E+01  -0.42076E+00  -0.37358E+00   0.40407E+01   0.79414E+03
  215     5.3761  12.7515  -0.22333E+01  -0.42508E+00  -0.37790E+00   0.40399E+01   0.77438E+03
  216     5.4315  12.7658  -0.22520E+01  -0.42942E+00  -0.38225E+00   0.40391E+01   0.75493E+03
  217     5.4874  12.7799  -0.22707E+01  -0.43380E+00  -0.38662E+00   0.40383E+01   0.73585E+03
  218     5.5438  12.7938  -0.22895E+01  -0.43820E+00  -0.39102E+00   0.40376E+01   0.71703E+03
  219     5.6007  12.8076  -0.23083E+01  -0.44263E+00  -0.39545E+00   0.40368E+01   0.69859E+03
  220     5.6581  12.8211  -0.23273E+01  -0.44709E+00  -0.39991E+00   0.40361E+01   0.68042E+03
  221     5.7160  12.8345  -0.23463E+01  -0.45158E+00  -0.40440E+00   0.40354E+01   0.66266E+03
  222     5.7744  12.8477  -0.23655E+01  -0.45609E+00  -0.40891E+00   0.40347E+01   0.64520E+03
  223     5.8333  12.8608  -0.23847E+01  -0.46063E+00  -0.41345E+00   0.40340E+01   0.62811E+03
  224     5.8927  12.8737  -0.24040E+01  -0.46520E+00  -0.41802E+00   0.40333E+01   0.61136E+03
  225     5.9526  12.8864  -0.24234E+01  -0.46980E+00  -0.42262E+00   0.40327E+01   0.59500E+03
  226     6.0131  12.8990  -0.24429E+01  -0.47443E+00  -0.42726E+00   0.40320E+01   0.57894E+03
  227     6.0740  12.9114  -0.24624E+01  -0.47909E+00  -0.43191E+00   0.40314E+01   0.56318E+03
  228     6.1355  12.9236  -0.24821E+01  -0.48378E+00  -0.43660E+00   0.40308E+01   0.54775E+03
  229     6.1976  12.9357  -0.25019E+01  -0.48850E+00  -0.44132E+00   0.40302E+01   0.53249E+03
  230     6.2602  12.9476  -0.25217E+01  -0.49325E+00  -0.44607E+00   0.40296E+01   0.51763E+03
  231     6.3233  12.9594  -0.25416E+01  -0.49803E+00  -0.45085E+00   0.40290E+01   0.50299E+03
  232     6.3869  12.9710  -0.25617E+01  -0.50284E+00  -0.45566E+00   0.40285E+01   0.48883E+03
  233     6.4512  12.9825  -0.25818E+01  -0.50767E+00  -0.46049E+00   0.40279E+01   0.47482E+03
  234     6.5159  12.9938  -0.26019E+01  -0.51253E+00  -0.46535E+00   0.40274E+01   0.46121E+03
  235     6.5813  13.0050  -0.26222E+01  -0.51743E+00  -0.47025E+00   0.40269E+01   0.44792E+03
  236     6.6472  13.0160  -0.26426E+01  -0.52235E+00  -0.47518E+00   0.40264E+01   0.43488E+03
  237     6.7137  13.0269  -0.26631E+01  -0.52731E+00  -0.48013E+00   0.40259E+01   0.42221E+03
  238     6.7807  13.0377  -0.26837E+01  -0.53230E+00  -0.48512E+00   0.40254E+01   0.40979E+03
  239     6.8484  13.0483  -0.27043E+01  -0.53732E+00  -0.49014E+00   0.40249E+01   0.39759E+03
  240     6.9166  13.0588  -0.27251E+01  -0.54237E+00  -0.49519E+00   0.40244E+01   0.38562E+03
  241     6.9854  13.0691  -0.27459E+01  -0.54745E+00  -0.50027E+00   0.40240E+01   0.37398E+03
  242     7.0549  13.0794  -0.27669E+01  -0.55256E+00  -0.50538E+00   0.40235E+01   0.36260E+03
  243     7.1249  13.0894  -0.27879E+01  -0.55769E+00  -0.51052E+00   0.40231E+01   0.35156E+03
  244     7.1955  13.0994  -0.28090E+01  -0.56287E+00  -0.51569E+00   0.40226E+01   0.34072E+03
  245     7.2668  13.1092  -0.28302E+01  -0.56807E+00  -0.52089E+00   0.40222E+01   0.33014E+03
  246     7.3387  13.1189  -0.28515E+01  -0.57330E+00  -0.52613E+00   0.40218E+01   0.31988E+03
  247     7.4112  13.1285  -0.28730E+01  -0.57857E+00  -0.53139E+00   0.40214E+01   0.30985E+03
  248     7.4843  13.1380  -0.28945E+01  -0.58387E+00  -0.53669E+00   0.40210E+01   0.29999E+03
  249     7.5580  13.1473  -0.29161E+01  -0.58920E+00  -0.54202E+00   0.40206E+01   0.29046E+03
  250     7.6324  13.1565  -0.29378E+01  -0.59456E+00  -0.54738E+00   0.40203E+01   0.28114E+03
  251     7.7075  13.1656  -0.29596E+01  -0.59995E+00  -0.55278E+00   0.40199E+01   0.27210E+03
  252     7.7832  13.1746  -0.29814E+01  -0.60538E+00  -0.55820E+00   0.40195E+01   0.26327E+03
  253     7.8596  13.1834  -0.30034E+01  -0.61084E+00  -0.56366E+00   0.40192E+01   0.25467E+03
  254     7.9366  13.1922  -0.30255E+01  -0.61633E+00  -0.56915E+00   0.40188E+01   0.24630E+03
  255     8.0143  13.2008  -0.30477E+01  -0.62186E+00  -0.57468E+00   0.40185E+01   0.23813E+03
  256     8.0926  13.2093  -0.30700E+01  -0.62741E+00  -0.58024E+00   0.40181E+01   0.23019E+03
  257     8.1717  13.2178  -0.30924E+01  -0.63301E+00  -0.58583E+00   0.40178E+01   0.22241E+03
  258     8.2514  13.2261  -0.31149E+01  -0.63863E+00  -0.59145E+00   0.40175E+01   0.21491E+03
  259     8.3319  13.2343  -0.31375E+01  -0.64428E+00  -0.59710E+00   0.40172E+01   0.20765E+03
  260     8.4130  13.2424  -0.31602E+01  -0.64997E+00  -0.60279E+00   0.40169E+01   0.20058E+03
  261     8.4948  13.2503  -0.31830E+01  -0.65570E+00  -0.60852E+00   0.40166E+01   0.19314E+03
  262     8.5774  13.2582  -0.32059E+01  -0.66146E+00  -0.61428E+00   0.40163E+01   0.18687E+03
  263     8.6606  13.2660  -0.32289E+01  -0.66726E+00  -0.62008E+00   0.40160E+01   0.18035E+03
  264     8.7446  13.2737  -0.32516E+01  -0.67295E+00  -0.62577E+00   0.40157E+01   0.17413E+03
  265     8.8293  13.2813  -0.32751E+01  -0.67893E+00  -0.63175E+00   0.40154E+01   0.16781E+03
  266     8.9148  13.2888  -0.32985E+01  -0.68483E+00  -0.63765E+00   0.40152E+01   0.16183E+03
  267     9.0010  13.2962  -0.33218E+01  -0.69075E+00  -0.64357E+00   0.40149E+01   0.15605E+03
  268     9.0879  13.3035  -0.33454E+01  -0.69671E+00  -0.64954E+00   0.40147E+01   0.15042E+03
  269     9.1756  13.3107  -0.33690E+01  -0.70271E+00  -0.65553E+00   0.40144E+01   0.14498E+03
  270     9.2641  13.3178  -0.33927E+01  -0.70875E+00  -0.66157E+00   0.40142E+01   0.13968E+03
  271     9.3534  13.3248  -0.34165E+01  -0.71482E+00  -0.66764E+00   0.40139E+01   0.13455E+03
  272     9.4434  13.3317  -0.34405E+01  -0.72092E+00  -0.67374E+00   0.40137E+01   0.12958E+03
  273     9.5342  13.3386  -0.34645E+01  -0.72706E+00  -0.67988E+00   0.40134E+01   0.12474E+03
  274     9.6257  13.3453  -0.34887E+01  -0.73324E+00  -0.68606E+00   0.40132E+01   0.12006E+03
  275     9.7181  13.3520  -0.35129E+01  -0.73945E+00  -0.69227E+00   0.40130E+01   0.11552E+03
  276     9.8113  13.3586  -0.35373E+01  -0.74569E+00  -0.69851E+00   0.40128E+01   0.11114E+03
  277     9.9053  13.3651  -0.35617E+01  -0.75197E+00  -0.70480E+00   0.40125E+01   0.10691E+03
  278    10.0001  13.3715  -0.35863E+01  -0.75829E+00  -0.71111E+00   0.40123E+01   0.10279E+03
  279    10.0957  13.3778  -0.36110E+01  -0.76465E+00  -0.71747E+00   0.40121E+01   0.98826E+02
  280    10.1922  13.3841  -0.36358E+01  -0.77104E+00  -0.72386E+00   0.40119E+01   0.94983E+02
  281    10.2895  13.3902  -0.36607E+01  -0.77747E+00  -0.73029E+00   0.40117E+01   0.91258E+02
  282    10.3877  13.3963  -0.36858E+01  -0.78394E+00  -0.73676E+00   0.40115E+01   0.87668E+02
  283    10.4867  13.4023  -0.37109E+01  -0.79044E+00  -0.74326E+00   0.40113E+01   0.84190E+02
  284    10.5865  13.4083  -0.37362E+01  -0.79698E+00  -0.74980E+00   0.40111E+01   0.80838E+02
  285    10.6873  13.4141  -0.37615E+01  -0.80356E+00  -0.75638E+00   0.40110E+01   0.77599E+02
  286    10.7889  13.4199  -0.37870E+01  -0.81018E+00  -0.76300E+00   0.40108E+01   0.74433E+02
  287    10.8914  13.4256  -0.38126E+01  -0.81684E+00  -0.76966E+00   0.40106E+01   0.71417E+02
  288    10.9947  13.4312  -0.38383E+01  -0.82353E+00  -0.77635E+00   0.40104E+01   0.68504E+02
  289    11.0990  13.4368  -0.38641E+01  -0.83026E+00  -0.78308E+00   0.40103E+01   0.65688E+02
  290    11.2042  13.4423  -0.38901E+01  -0.83703E+00  -0.78985E+00   0.40101E+01   0.62970E+02
  291    11.3103  13.4477  -0.39161E+01  -0.84384E+00  -0.79666E+00   0.40099E+01   0.60341E+02
  292    11.4173  13.4530  -0.39423E+01  -0.85069E+00  -0.80351E+00   0.40098E+01   0.57820E+02
  293    11.5253  13.4583  -0.39686E+01  -0.85758E+00  -0.81040E+00   0.40096E+01   0.55374E+02
  294    11.6342  13.4635  -0.39950E+01  -0.86451E+00  -0.81733E+00   0.40094E+01   0.53022E+02
  295    11.7440  13.4687  -0.40216E+01  -0.87147E+00  -0.82430E+00   0.40093E+01   0.50756E+02
  296    11.8548  13.4738  -0.40482E+01  -0.87848E+00  -0.83130E+00   0.40091E+01   0.48590E+02
  297    11.9666  13.4788  -0.40749E+01  -0.88552E+00  -0.83834E+00   0.40090E+01   0.46482E+02
  298    12.0793  13.4837  -0.41019E+01  -0.89261E+00  -0.84543E+00   0.40089E+01   0.44468E+02
  299    12.1930  13.4886  -0.41289E+01  -0.89974E+00  -0.85256E+00   0.40087E+01   0.42531E+02
  300    12.3077  13.4934  -0.41560E+01  -0.90690E+00  -0.85973E+00   0.40086E+01   0.40640E+02
  301    12.4234  13.4982  -0.41833E+01  -0.91411E+00  -0.86694E+00   0.40084E+01   0.38844E+02
  302    12.5401  13.5029  -0.42106E+01  -0.92136E+00  -0.87419E+00   0.40083E+01   0.37114E+02
  303    12.6578  13.5075  -0.42381E+01  -0.92865E+00  -0.88148E+00   0.40082E+01   0.35447E+02
  304    12.7766  13.5121  -0.42658E+01  -0.93598E+00  -0.88881E+00   0.40080E+01   0.33855E+02
  305    12.8963  13.5166  -0.42935E+01  -0.94336E+00  -0.89618E+00   0.40079E+01   0.32318E+02
  306    13.0172  13.5211  -0.43214E+01  -0.95077E+00  -0.90360E+00   0.40078E+01   0.30853E+02
  307    13.1390  13.5255  -0.43494E+01  -0.95823E+00  -0.91106E+00   0.40077E+01   0.29431E+02
  308    13.2619  13.5298  -0.43775E+01  -0.96573E+00  -0.91855E+00   0.40076E+01   0.28073E+02
  309    13.3859  13.5341  -0.44058E+01  -0.97328E+00  -0.92610E+00   0.40074E+01   0.26766E+02
  310    13.5110  13.5383  -0.44342E+01  -0.98086E+00  -0.93369E+00   0.40073E+01   0.25518E+02
  311    13.6372  13.5425  -0.44627E+01  -0.98849E+00  -0.94132E+00   0.40072E+01   0.24314E+02
  312    13.7644  13.5466  -0.44914E+01  -0.99617E+00  -0.94899E+00   0.40071E+01   0.23169E+02
  313    13.8928  13.5507  -0.45201E+01  -0.10039E+01  -0.95670E+00   0.40070E+01   0.22061E+02
  314    14.0223  13.5547  -0.45490E+01  -0.10116E+01  -0.96446E+00   0.40069E+01   0.21005E+02
  315    14.1529  13.5587  -0.45781E+01  -0.10194E+01  -0.97226E+00   0.40068E+01   0.19992E+02
  316    14.2846  13.5626  -0.46073E+01  -0.10273E+01  -0.98011E+00   0.40067E+01   0.19029E+02
  317    14.4175  13.5665  -0.46366E+01  -0.10352E+01  -0.98800E+00   0.40066E+01   0.18100E+02
  318    14.5515  13.5703  -0.46660E+01  -0.10431E+01  -0.99594E+00   0.40065E+01   0.17214E+02
  319    14.6867  13.5741  -0.46956E+01  -0.10511E+01  -0.10039E+01   0.40064E+01   0.16369E+02
  320    14.8231  13.5778  -0.47253E+01  -0.10591E+01  -0.10120E+01   0.40063E+01   0.15553E+02
  321    14.9607  13.5815  -0.47552E+01  -0.10672E+01  -0.10200E+01   0.40062E+01   0.14777E+02
  322    15.0994  13.5851  -0.47852E+01  -0.10753E+01  -0.10281E+01   0.40061E+01   0.14033E+02
  323    15.2394  13.5887  -0.48153E+01  -0.10835E+01  -0.10363E+01   0.40060E+01   0.13327E+02
  324    15.3806  13.5922  -0.48455E+01  -0.10917E+01  -0.10445E+01   0.40059E+01   0.12650E+02
  325    15.5230  13.5957  -0.48760E+01  -0.11000E+01  -0.10528E+01   0.40058E+01   0.12002E+02
  326    15.6666  13.5991  -0.49065E+01  -0.11083E+01  -0.10611E+01   0.40057E+01   0.11386E+02
  327    15.8115  13.6025  -0.49372E+01  -0.11166E+01  -0.10694E+01   0.40057E+01   0.10795E+02
  328    15.9577  13.6059  -0.49680E+01  -0.11250E+01  -0.10778E+01   0.40056E+01   0.10238E+02
  329    16.1051  13.6092  -0.49990E+01  -0.11334E+01  -0.10863E+01   0.40055E+01   0.97030E+01
  330    16.2538  13.6124  -0.50301E+01  -0.11419E+01  -0.10948E+01   0.40054E+01   0.91904E+01
  331    16.4038  13.6157  -0.50613E+01  -0.11505E+01  -0.11033E+01   0.40053E+01   0.87063E+01
  332    16.5551  13.6188  -0.50927E+01  -0.11591E+01  -0.11119E+01   0.40053E+01   0.82409E+01
  333    16.7078  13.6220  -0.51243E+01  -0.11677E+01  -0.11205E+01   0.40052E+01   0.77956E+01
  334    16.8617  13.6251  -0.51560E+01  -0.11764E+01  -0.11292E+01   0.40051E+01   0.73781E+01
  335    17.0170  13.6281  -0.51878E+01  -0.11851E+01  -0.11379E+01   0.40050E+01   0.69810E+01
  336    17.1736  13.6312  -0.52198E+01  -0.11939E+01  -0.11467E+01   0.40050E+01   0.65986E+01
  337    17.3316  13.6342  -0.52519E+01  -0.12027E+01  -0.11556E+01   0.40049E+01   0.62396E+01
  338    17.4910  13.6371  -0.52842E+01  -0.12116E+01  -0.11644E+01   0.40048E+01   0.58933E+01
  339    17.6518  13.6400  -0.53167E+01  -0.12206E+01  -0.11734E+01   0.40048E+01   0.55666E+01
  340    17.8139  13.6429  -0.53492E+01  -0.12295E+01  -0.11824E+01   0.40047E+01   0.52569E+01
  341    17.9775  13.6457  -0.53820E+01  -0.12386E+01  -0.11914E+01   0.40046E+01   0.49619E+01
  342    18.1425  13.6485  -0.54149E+01  -0.12477E+01  -0.12005E+01   0.40046E+01   0.46834E+01
  343    18.3089  13.6513  -0.54479E+01  -0.12568E+01  -0.12096E+01   0.40045E+01   0.44144E+01
  344    18.4768  13.6540  -0.54812E+01  -0.12660E+01  -0.12188E+01   0.40044E+01   0.41628E+01
  345    18.6461  13.6567  -0.55144E+01  -0.12752E+01  -0.12280E+01   0.40044E+01   0.39237E+01
  346    18.8169  13.6593  -0.55480E+01  -0.12845E+01  -0.12373E+01   0.40043E+01   0.36976E+01
  347    18.9892  13.6619  -0.55817E+01  -0.12939E+01  -0.12467E+01   0.40043E+01   0.34832E+01
  348    19.1630  13.6645  -0.56155E+01  -0.13033E+01  -0.12561E+01   0.40042E+01   0.32793E+01
  349    19.3383  13.6671  -0.56495E+01  -0.13127E+01  -0.12655E+01   0.40041E+01   0.30861E+01
  350    19.5151  13.6696  -0.56836E+01  -0.13222E+01  -0.12750E+01   0.40041E+01   0.29042E+01
  351    19.6934  13.6721  -0.57179E+01  -0.13318E+01  -0.12846E+01   0.40040E+01   0.27310E+01
  352    19.8734  13.6745  -0.57524E+01  -0.13414E+01  -0.12942E+01   0.40040E+01   0.25686E+01
  353    20.0548  13.6770  -0.57870E+01  -0.13510E+01  -0.13039E+01   0.40039E+01   0.24136E+01
  354    20.2379  13.6794  -0.58219E+01  -0.13608E+01  -0.13136E+01   0.40039E+01   0.22672E+01
  355    20.4225  13.6817  -0.58568E+01  -0.13705E+01  -0.13234E+01   0.40038E+01   0.21293E+01
  356    20.6088  13.6840  -0.58919E+01  -0.13804E+01  -0.13332E+01   0.40038E+01   0.19988E+01
  357    20.7966  13.6863  -0.59272E+01  -0.13903E+01  -0.13431E+01   0.40037E+01   0.18760E+01
  358    20.9861  13.6886  -0.59627E+01  -0.14002E+01  -0.13530E+01   0.40037E+01   0.17605E+01
  359    21.1773  13.6909  -0.59983E+01  -0.14102E+01  -0.13630E+01   0.40036E+01   0.16492E+01
  360    21.3701  13.6931  -0.60342E+01  -0.14203E+01  -0.13731E+01   0.40036E+01   0.15465E+01
  361    21.5646  13.6953  -0.60700E+01  -0.14303E+01  -0.13832E+01   0.40035E+01   0.14490E+01
  362    21.7607  13.6974  -0.61062E+01  -0.14405E+01  -0.13934E+01   0.40035E+01   0.13577E+01
  363    21.9586  13.6995  -0.61425E+01  -0.14508E+01  -0.14036E+01   0.40034E+01   0.12706E+01
  364    22.1582  13.7016  -0.61791E+01  -0.14611E+01  -0.14139E+01   0.40034E+01   0.11891E+01
  365    22.3596  13.7037  -0.62156E+01  -0.14714E+01  -0.14242E+01   0.40033E+01   0.11114E+01
  366    22.5626  13.7058  -0.62525E+01  -0.14818E+01  -0.14346E+01   0.40000E+01   0.10406E+01
  367    22.7675  13.7078  -0.62895E+01  -0.14923E+01  -0.14451E+01   0.40000E+01   0.97237E+00
  368    22.9741  13.7098  -0.63266E+01  -0.15028E+01  -0.14556E+01   0.40000E+01   0.90885E+00
  369    23.1825  13.7117  -0.63640E+01  -0.15133E+01  -0.14662E+01   0.40000E+01   0.84740E+00
  370    23.3928  13.7137  -0.64016E+01  -0.15240E+01  -0.14768E+01   0.40000E+01   0.79212E+00
  371    23.6049  13.7156  -0.64393E+01  -0.15347E+01  -0.14875E+01   0.40000E+01   0.73907E+00
  372    23.8188  13.7175  -0.64772E+01  -0.15454E+01  -0.14983E+01   0.40000E+01   0.69080E+00
  373    24.0345  13.7194  -0.65153E+01  -0.15563E+01  -0.15091E+01   0.40000E+01   0.64321E+00
  374    24.2522  13.7212  -0.65535E+01  -0.15671E+01  -0.15199E+01   0.40000E+01   0.59961E+00
  375    24.4717  13.7230  -0.65920E+01  -0.15781E+01  -0.15309E+01   0.40000E+01   0.55851E+00
  376    24.6932  13.7248  -0.66305E+01  -0.15890E+01  -0.15419E+01   0.40000E+01   0.52011E+00
  377    24.9166  13.7266  -0.66694E+01  -0.16001E+01  -0.15529E+01   0.40000E+01   0.48435E+00
  378    25.1419  13.7284  -0.67084E+01  -0.16112E+01  -0.15640E+01   0.40000E+01   0.45069E+00
  379    25.3691  13.7301  -0.67476E+01  -0.16224E+01  -0.15752E+01   0.40000E+01   0.41898E+00
  380    25.5984  13.7318  -0.67869E+01  -0.16336E+01  -0.15865E+01   0.40000E+01   0.38969E+00
  381    25.8296  13.7335  -0.68265E+01  -0.16449E+01  -0.15978E+01   0.40000E+01   0.36216E+00
  382    26.0629  13.7351  -0.68662E+01  -0.16563E+01  -0.16091E+01   0.40000E+01   0.33633E+00
  383    26.2982  13.7368  -0.69062E+01  -0.16678E+01  -0.16206E+01   0.40000E+01   0.31217E+00
  384    26.5355  13.7384  -0.69463E+01  -0.16793E+01  -0.16321E+01   0.40000E+01   0.28963E+00
  385    26.7749  13.7400  -0.69866E+01  -0.16908E+01  -0.16436E+01   0.40000E+01   0.26877E+00
  386    27.0164  13.7416  -0.70272E+01  -0.17025E+01  -0.16553E+01   0.40000E+01   0.24921E+00
  387    27.2599  13.7431  -0.70678E+01  -0.17141E+01  -0.16669E+01   0.40000E+01   0.23100E+00
  388    27.5056  13.7447  -0.71088E+01  -0.17259E+01  -0.16787E+01   0.40000E+01   0.21394E+00
  389    27.7534  13.7462  -0.71499E+01  -0.17377E+01  -0.16906E+01   0.40000E+01   0.19817E+00
  390    28.0034  13.7477  -0.71911E+01  -0.17496E+01  -0.17024E+01   0.40000E+01   0.18338E+00
  391    28.2556  13.7492  -0.72326E+01  -0.17615E+01  -0.17144E+01   0.40000E+01   0.16971E+00
  392    28.5099  13.7506  -0.72743E+01  -0.17736E+01  -0.17264E+01   0.40000E+01   0.15686E+00
  393    28.7665  13.7521  -0.73162E+01  -0.17856E+01  -0.17384E+01   0.40000E+01   0.14502E+00
  394    29.0253  13.7535  -0.73582E+01  -0.17978E+01  -0.17506E+01   0.40000E+01   0.13399E+00
  395    29.2863  13.7549  -0.74006E+01  -0.18100E+01  -0.17628E+01   0.40000E+01   0.12365E+00
  396    29.5496  13.7563  -0.74430E+01  -0.18223E+01  -0.17751E+01   0.40000E+01   0.11421E+00
  397    29.8152  13.7577  -0.74857E+01  -0.18346E+01  -0.17874E+01   0.40000E+01   0.10527E+00
  398    30.0831  13.7590  -0.75286E+01  -0.18470E+01  -0.17999E+01   0.40000E+01   0.97158E-01
  399    30.3534  13.7604  -0.75716E+01  -0.18595E+01  -0.18123E+01   0.40000E+01   0.89535E-01
  400    30.6259  13.7617  -0.76149E+01  -0.18721E+01  -0.18249E+01   0.40000E+01   0.82471E-01
