    1     0.0001   0.0014  -0.15259E-04   0.15532E-05   0.46208E-01   0.67005E+01   0.12813E+04
    2     0.0088   0.1221  -0.25951E-02  -0.21141E-03   0.45995E-01   0.66659E+01   0.25544E+04
    3     0.0176   0.2423  -0.54283E-02  -0.48610E-03   0.45720E-01   0.66324E+01   0.26914E+04
    4     0.0264   0.3621  -0.83929E-02  -0.78848E-03   0.45418E-01   0.65995E+01   0.27857E+04
    5     0.0353   0.4814  -0.11454E-01  -0.11090E-02   0.45097E-01   0.65670E+01   0.28682E+04
    6     0.0443   0.6003  -0.14609E-01  -0.14462E-02   0.44760E-01   0.65348E+01   0.29396E+04
    7     0.0534   0.7188  -0.17844E-01  -0.17972E-02   0.44409E-01   0.65029E+01   0.30026E+04
    8     0.0626   0.8368  -0.21157E-01  -0.21615E-02   0.44045E-01   0.64713E+01   0.30617E+04
    9     0.0718   0.9543  -0.24546E-01  -0.25382E-02   0.43668E-01   0.64400E+01   0.31187E+04
   10     0.0811   1.0713  -0.28008E-01  -0.29268E-02   0.43279E-01   0.64089E+01   0.31724E+04
   11     0.0905   1.1879  -0.31540E-01  -0.33260E-02   0.42880E-01   0.63781E+01   0.32241E+04
   12     0.1000   1.3039  -0.35140E-01  -0.37362E-02   0.42470E-01   0.63474E+01   0.32725E+04
   13     0.1096   1.4195  -0.38816E-01  -0.41593E-02   0.42047E-01   0.63171E+01   0.33204E+04
   14     0.1192   1.5346  -0.42549E-01  -0.45898E-02   0.41616E-01   0.62869E+01   0.33666E+04
   15     0.1290   1.6491  -0.46350E-01  -0.50310E-02   0.41175E-01   0.62570E+01   0.34116E+04
   16     0.1388   1.7632  -0.50217E-01  -0.54827E-02   0.40724E-01   0.62272E+01   0.34580E+04
   17     0.1487   1.8767  -0.54150E-01  -0.59451E-02   0.40261E-01   0.61977E+01   0.35027E+04
   18     0.1587   1.9897  -0.58149E-01  -0.64176E-02   0.39789E-01   0.61684E+01   0.35473E+04
   19     0.1687   2.1021  -0.62215E-01  -0.69006E-02   0.39306E-01   0.61393E+01   0.35900E+04
   20     0.1789   2.2140  -0.66345E-01  -0.73943E-02   0.38812E-01   0.61104E+01   0.36309E+04
   21     0.1891   2.3254  -0.70541E-01  -0.78987E-02   0.38308E-01   0.60817E+01   0.36722E+04
   22     0.1995   2.4362  -0.74804E-01  -0.84136E-02   0.37793E-01   0.60532E+01   0.37122E+04
   23     0.2099   2.5465  -0.79131E-01  -0.89391E-02   0.37267E-01   0.60249E+01   0.37520E+04
   24     0.2204   2.6562  -0.83525E-01  -0.94760E-02   0.36730E-01   0.59968E+01   0.37911E+04
   25     0.2310   2.7653  -0.87984E-01  -0.10024E-01   0.36183E-01   0.59690E+01   0.38296E+04
   26     0.2417   2.8738  -0.92510E-01  -0.10582E-01   0.35624E-01   0.59413E+01   0.38678E+04
   27     0.2525   2.9818  -0.97102E-01  -0.11153E-01   0.35054E-01   0.59139E+01   0.39047E+04
   28     0.2634   3.0892  -0.10176E+00  -0.11735E-01   0.34472E-01   0.58866E+01   0.39416E+04
   29     0.2744   3.1959  -0.10649E+00  -0.12328E-01   0.33878E-01   0.58595E+01   0.39779E+04
   30     0.2855   3.3021  -0.11128E+00  -0.12933E-01   0.33273E-01   0.58327E+01   0.40136E+04
   31     0.2967   3.4077  -0.11614E+00  -0.13550E-01   0.32656E-01   0.58060E+01   0.40484E+04
   32     0.3079   3.5127  -0.12107E+00  -0.14179E-01   0.32028E-01   0.57796E+01   0.40828E+04
   33     0.3193   3.6170  -0.12603E+00  -0.14812E-01   0.31394E-01   0.57533E+01   0.41172E+04
   34     0.3308   3.7207  -0.13110E+00  -0.15465E-01   0.30741E-01   0.57273E+01   0.41505E+04
   35     0.3423   3.8238  -0.13623E+00  -0.16131E-01   0.30075E-01   0.57015E+01   0.41824E+04
   36     0.3540   3.9263  -0.14143E+00  -0.16810E-01   0.29397E-01   0.56759E+01   0.42148E+04
   37     0.3658   4.0281  -0.14670E+00  -0.17501E-01   0.28705E-01   0.56505E+01   0.42462E+04
   38     0.3777   4.1293  -0.15204E+00  -0.18205E-01   0.28001E-01   0.56253E+01   0.42769E+04
   39     0.3896   4.2299  -0.15744E+00  -0.18923E-01   0.27284E-01   0.56004E+01   0.43071E+04
   40     0.4017   4.3298  -0.16292E+00  -0.19653E-01   0.26553E-01   0.55756E+01   0.43367E+04
   41     0.4139   4.4291  -0.16847E+00  -0.20397E-01   0.25809E-01   0.55511E+01   0.43657E+04
   42     0.4262   4.5276  -0.17408E+00  -0.21154E-01   0.25052E-01   0.55268E+01   0.43943E+04
   43     0.4386   4.6256  -0.17977E+00  -0.21925E-01   0.24281E-01   0.55027E+01   0.44215E+04
   44     0.4511   4.7229  -0.18552E+00  -0.22709E-01   0.23497E-01   0.54788E+01   0.44482E+04
   45     0.4637   4.8195  -0.19135E+00  -0.23508E-01   0.22699E-01   0.54551E+01   0.44745E+04
   46     0.4764   4.9154  -0.19725E+00  -0.24320E-01   0.21886E-01   0.54317E+01   0.44999E+04
   47     0.4893   5.0106  -0.20322E+00  -0.25146E-01   0.21060E-01   0.54085E+01   0.45245E+04
   48     0.5022   5.1052  -0.20926E+00  -0.25987E-01   0.20219E-01   0.53855E+01   0.45482E+04
   49     0.5153   5.1991  -0.21537E+00  -0.26843E-01   0.19363E-01   0.53627E+01   0.45709E+04
   50     0.5285   5.2923  -0.22156E+00  -0.27713E-01   0.18493E-01   0.53402E+01   0.45934E+04
   51     0.5417   5.3849  -0.22781E+00  -0.28598E-01   0.17608E-01   0.53179E+01   0.46143E+04
   52     0.5552   5.4767  -0.23414E+00  -0.29498E-01   0.16709E-01   0.52958E+01   0.46348E+04
   53     0.5687   5.5679  -0.24055E+00  -0.30412E-01   0.15794E-01   0.52739E+01   0.46550E+04
   54     0.5823   5.6583  -0.24702E+00  -0.31342E-01   0.14864E-01   0.52523E+01   0.46735E+04
   55     0.5961   5.7481  -0.25357E+00  -0.32286E-01   0.13920E-01   0.52308E+01   0.46918E+04
   56     0.6099   5.8371  -0.26018E+00  -0.33245E-01   0.12961E-01   0.52097E+01   0.47095E+04
   57     0.6239   5.9255  -0.26687E+00  -0.34219E-01   0.11987E-01   0.51887E+01   0.47260E+04
   58     0.6381   6.0132  -0.27363E+00  -0.35208E-01   0.10999E-01   0.51680E+01   0.47420E+04
   59     0.6523   6.1001  -0.28046E+00  -0.36211E-01   0.99954E-02   0.51475E+01   0.47571E+04
   60     0.6667   6.1864  -0.28736E+00  -0.37230E-01   0.89764E-02   0.51272E+01   0.47711E+04
   61     0.6812   6.2719  -0.29434E+00  -0.38264E-01   0.79425E-02   0.51071E+01   0.47846E+04
   62     0.6958   6.3568  -0.30138E+00  -0.39313E-01   0.68928E-02   0.50873E+01   0.47970E+04
   63     0.7105   6.4409  -0.30850E+00  -0.40379E-01   0.58273E-02   0.50677E+01   0.48090E+04
   64     0.7254   6.5244  -0.31570E+00  -0.41460E-01   0.47462E-02   0.50484E+01   0.48195E+04
   65     0.7404   6.6071  -0.32297E+00  -0.42558E-01   0.36486E-02   0.50293E+01   0.48297E+04
   66     0.7555   6.6891  -0.33031E+00  -0.43671E-01   0.25350E-02   0.50104E+01   0.48389E+04
   67     0.7708   6.7704  -0.33773E+00  -0.44802E-01   0.14043E-02   0.49918E+01   0.48473E+04
   68     0.7862   6.8511  -0.34522E+00  -0.45949E-01   0.25725E-03   0.49734E+01   0.48549E+04
   69     0.8017   6.9310  -0.35279E+00  -0.47113E-01  -0.90716E-03   0.49552E+01   0.48615E+04
   70     0.8174   7.0102  -0.36043E+00  -0.48295E-01  -0.20884E-02   0.49372E+01   0.48672E+04
   71     0.8332   7.0886  -0.36815E+00  -0.49493E-01  -0.32869E-02   0.49195E+01   0.48722E+04
   72     0.8491   7.1664  -0.37595E+00  -0.50708E-01  -0.45022E-02   0.49020E+01   0.48759E+04
   73     0.8652   7.2435  -0.38381E+00  -0.51941E-01  -0.57346E-02   0.48848E+01   0.48789E+04
   74     0.8814   7.3199  -0.39176E+00  -0.53190E-01  -0.69835E-02   0.48677E+01   0.48808E+04
   75     0.8977   7.3956  -0.39978E+00  -0.54456E-01  -0.82497E-02   0.48509E+01   0.48816E+04
   76     0.9142   7.4705  -0.40787E+00  -0.55739E-01  -0.95325E-02   0.48344E+01   0.48816E+04
   77     0.9309   7.5448  -0.41603E+00  -0.57039E-01  -0.10832E-01   0.48181E+01   0.48803E+04
   78     0.9477   7.6184  -0.42427E+00  -0.58355E-01  -0.12148E-01   0.48020E+01   0.48782E+04
   79     0.9646   7.6913  -0.43258E+00  -0.59688E-01  -0.13482E-01   0.47861E+01   0.48750E+04
   80     0.9817   7.7635  -0.44097E+00  -0.61038E-01  -0.14832E-01   0.47705E+01   0.48709E+04
   81     0.9989   7.8350  -0.44943E+00  -0.62405E-01  -0.16199E-01   0.47551E+01   0.48664E+04
   82     1.0163   7.9058  -0.45796E+00  -0.63788E-01  -0.17582E-01   0.47399E+01   0.48608E+04
   83     1.0338   7.9759  -0.46656E+00  -0.65190E-01  -0.18984E-01   0.47250E+01   0.48541E+04
   84     1.0515   8.0453  -0.47524E+00  -0.66609E-01  -0.20402E-01   0.47103E+01   0.48466E+04
   85     1.0693   8.1141  -0.48399E+00  -0.68044E-01  -0.21838E-01   0.46958E+01   0.48387E+04
   86     1.0873   8.1821  -0.49282E+00  -0.69497E-01  -0.23290E-01   0.46816E+01   0.48298E+04
   87     1.1055   8.2495  -0.50171E+00  -0.70967E-01  -0.24760E-01   0.46675E+01   0.48204E+04
   88     1.1238   8.3162  -0.51069E+00  -0.72455E-01  -0.26248E-01   0.46537E+01   0.48098E+04
   89     1.1423   8.3823  -0.51973E+00  -0.73961E-01  -0.27755E-01   0.46402E+01   0.47986E+04
   90     1.1609   8.4477  -0.52886E+00  -0.75486E-01  -0.29280E-01   0.46268E+01   0.47866E+04
   91     1.1797   8.5124  -0.53806E+00  -0.77031E-01  -0.30824E-01   0.46137E+01   0.47737E+04
   92     1.1986   8.5764  -0.54734E+00  -0.78593E-01  -0.32387E-01   0.46008E+01   0.47600E+04
   93     1.2177   8.6398  -0.55669E+00  -0.80174E-01  -0.33968E-01   0.45881E+01   0.47452E+04
   94     1.2370   8.7025  -0.56612E+00  -0.81775E-01  -0.35568E-01   0.45756E+01   0.47301E+04
   95     1.2565   8.7646  -0.57562E+00  -0.83393E-01  -0.37187E-01   0.45634E+01   0.47140E+04
   96     1.2761   8.8260  -0.58520E+00  -0.85030E-01  -0.38824E-01   0.45514E+01   0.46967E+04
   97     1.2959   8.8868  -0.59486E+00  -0.86686E-01  -0.40480E-01   0.45395E+01   0.46788E+04
   98     1.3158   8.9469  -0.60458E+00  -0.88361E-01  -0.42154E-01   0.45279E+01   0.46597E+04
   99     1.3360   9.0065  -0.61438E+00  -0.90053E-01  -0.43847E-01   0.45165E+01   0.46398E+04
  100     1.3563   9.0653  -0.62426E+00  -0.91764E-01  -0.45558E-01   0.45053E+01   0.46189E+04
  101     1.3767   9.1236  -0.63421E+00  -0.93494E-01  -0.47288E-01   0.44944E+01   0.45975E+04
  102     1.3974   9.1812  -0.64423E+00  -0.95243E-01  -0.49037E-01   0.44836E+01   0.45750E+04
  103     1.4183   9.2382  -0.65433E+00  -0.97011E-01  -0.50805E-01   0.44730E+01   0.45521E+04
  104     1.4393   9.2945  -0.66450E+00  -0.98797E-01  -0.52591E-01   0.44626E+01   0.45286E+04
  105     1.4605   9.3503  -0.67474E+00  -0.10060E+00  -0.54395E-01   0.44524E+01   0.45043E+04
  106     1.4819   9.4054  -0.68505E+00  -0.10242E+00  -0.56218E-01   0.44424E+01   0.44794E+04
  107     1.5035   9.4600  -0.69543E+00  -0.10427E+00  -0.58060E-01   0.44326E+01   0.44539E+04
  108     1.5252   9.5139  -0.70589E+00  -0.10613E+00  -0.59920E-01   0.44230E+01   0.44265E+04
  109     1.5472   9.5673  -0.71642E+00  -0.10801E+00  -0.61800E-01   0.44136E+01   0.43994E+04
  110     1.5693   9.6200  -0.72703E+00  -0.10991E+00  -0.63701E-01   0.44044E+01   0.43721E+04
  111     1.5917   9.6722  -0.73772E+00  -0.11183E+00  -0.65623E-01   0.43953E+01   0.43443E+04
  112     1.6142   9.7238  -0.74848E+00  -0.11377E+00  -0.67562E-01   0.43864E+01   0.43161E+04
  113     1.6369   9.7748  -0.75931E+00  -0.11573E+00  -0.69522E-01   0.43778E+01   0.42876E+04
  114     1.6598   9.8252  -0.77021E+00  -0.11770E+00  -0.71498E-01   0.43692E+01   0.42582E+04
  115     1.6830   9.8751  -0.78115E+00  -0.11969E+00  -0.73486E-01   0.43609E+01   0.42284E+04
  116     1.7063   9.9244  -0.79221E+00  -0.12171E+00  -0.75506E-01   0.43527E+01   0.41975E+04
  117     1.7298   9.9731  -0.80334E+00  -0.12375E+00  -0.77547E-01   0.43447E+01   0.41661E+04
  118     1.7536  10.0213  -0.81455E+00  -0.12581E+00  -0.79609E-01   0.43369E+01   0.41340E+04
  119     1.7775  10.0689  -0.82584E+00  -0.12790E+00  -0.81692E-01   0.43293E+01   0.41014E+04
  120     1.8016  10.1160  -0.83720E+00  -0.13000E+00  -0.83794E-01   0.43218E+01   0.40694E+04
  121     1.8260  10.1626  -0.84863E+00  -0.13212E+00  -0.85915E-01   0.43145E+01   0.40362E+04
  122     1.8506  10.2086  -0.86013E+00  -0.13426E+00  -0.88056E-01   0.43073E+01   0.40021E+04
  123     1.8753  10.2541  -0.87170E+00  -0.13642E+00  -0.90217E-01   0.43003E+01   0.39677E+04
  124     1.9003  10.2990  -0.88334E+00  -0.13860E+00  -0.92397E-01   0.42935E+01   0.39324E+04
  125     1.9256  10.3434  -0.89506E+00  -0.14080E+00  -0.94598E-01   0.42867E+01   0.38970E+04
  126     1.9510  10.3873  -0.90685E+00  -0.14303E+00  -0.96819E-01   0.42802E+01   0.38614E+04
  127     1.9766  10.4307  -0.91871E+00  -0.14527E+00  -0.99061E-01   0.42738E+01   0.38257E+04
  128     2.0025  10.4736  -0.93064E+00  -0.14753E+00  -0.10132E+00   0.42675E+01   0.37895E+04
  129     2.0286  10.5160  -0.94266E+00  -0.14981E+00  -0.10361E+00   0.42613E+01   0.37528E+04
  130     2.0550  10.5579  -0.95474E+00  -0.15212E+00  -0.10591E+00   0.42553E+01   0.37162E+04
  131     2.0815  10.5993  -0.96690E+00  -0.15444E+00  -0.10824E+00   0.42495E+01   0.36791E+04
  132     2.1083  10.6402  -0.97913E+00  -0.15679E+00  -0.11058E+00   0.42437E+01   0.36417E+04
  133     2.1353  10.6806  -0.99144E+00  -0.15916E+00  -0.11295E+00   0.42381E+01   0.36042E+04
  134     2.1626  10.7205  -0.10038E+01  -0.16155E+00  -0.11534E+00   0.42327E+01   0.35660E+04
  135     2.1901  10.7600  -0.10163E+01  -0.16396E+00  -0.11775E+00   0.42273E+01   0.35280E+04
  136     2.2178  10.7990  -0.10288E+01  -0.16639E+00  -0.12019E+00   0.42221E+01   0.34894E+04
  137     2.2458  10.8375  -0.10414E+01  -0.16884E+00  -0.12264E+00   0.42170E+01   0.34506E+04
  138     2.2740  10.8756  -0.10541E+01  -0.17132E+00  -0.12511E+00   0.42120E+01   0.34117E+04
  139     2.3025  10.9132  -0.10668E+01  -0.17381E+00  -0.12761E+00   0.42071E+01   0.33726E+04
  140     2.3312  10.9504  -0.10796E+01  -0.17633E+00  -0.13013E+00   0.42024E+01   0.33335E+04
  141     2.3602  10.9871  -0.10925E+01  -0.17887E+00  -0.13267E+00   0.41977E+01   0.32943E+04
  142     2.3894  11.0234  -0.11055E+01  -0.18143E+00  -0.13523E+00   0.41932E+01   0.32550E+04
  143     2.4188  11.0592  -0.11185E+01  -0.18401E+00  -0.13781E+00   0.41887E+01   0.32157E+04
  144     2.4486  11.0946  -0.11317E+01  -0.18662E+00  -0.14041E+00   0.41844E+01   0.31762E+04
  145     2.4785  11.1296  -0.11448E+01  -0.18924E+00  -0.14304E+00   0.41802E+01   0.31367E+04
  146     2.5088  11.1641  -0.11581E+01  -0.19189E+00  -0.14569E+00   0.41760E+01   0.30971E+04
  147     2.5393  11.1982  -0.11715E+01  -0.19456E+00  -0.14836E+00   0.41720E+01   0.30573E+04
  148     2.5701  11.2320  -0.11849E+01  -0.19726E+00  -0.15105E+00   0.41681E+01   0.30174E+04
  149     2.6011  11.2653  -0.11984E+01  -0.19998E+00  -0.15377E+00   0.41642E+01   0.29775E+04
  150     2.6324  11.2982  -0.12119E+01  -0.20272E+00  -0.15651E+00   0.41605E+01   0.29376E+04
  151     2.6640  11.3306  -0.12256E+01  -0.20548E+00  -0.15927E+00   0.41568E+01   0.28976E+04
  152     2.6958  11.3627  -0.12393E+01  -0.20826E+00  -0.16205E+00   0.41533E+01   0.28577E+04
  153     2.7280  11.3944  -0.12531E+01  -0.21106E+00  -0.16485E+00   0.41498E+01   0.28179E+04
  154     2.7604  11.4258  -0.12669E+01  -0.21389E+00  -0.16768E+00   0.41464E+01   0.27782E+04
  155     2.7931  11.4567  -0.12808E+01  -0.21673E+00  -0.17053E+00   0.41430E+01   0.27386E+04
  156     2.8260  11.4872  -0.12948E+01  -0.21961E+00  -0.17340E+00   0.41398E+01   0.26992E+04
  157     2.8593  11.5174  -0.13089E+01  -0.22250E+00  -0.17630E+00   0.41366E+01   0.26601E+04
  158     2.8929  11.5472  -0.13231E+01  -0.22542E+00  -0.17922E+00   0.41335E+01   0.26208E+04
  159     2.9267  11.5766  -0.13373E+01  -0.22837E+00  -0.18216E+00   0.41305E+01   0.25819E+04
  160     2.9608  11.6057  -0.13516E+01  -0.23133E+00  -0.18513E+00   0.41276E+01   0.25428E+04
  161     2.9953  11.6344  -0.13660E+01  -0.23432E+00  -0.18811E+00   0.41247E+01   0.25038E+04
  162     3.0300  11.6628  -0.13805E+01  -0.23734E+00  -0.19113E+00   0.41219E+01   0.24649E+04
  163     3.0651  11.6908  -0.13950E+01  -0.24037E+00  -0.19416E+00   0.41191E+01   0.24259E+04
  164     3.1004  11.7184  -0.14096E+01  -0.24343E+00  -0.19722E+00   0.41165E+01   0.23873E+04
  165     3.1360  11.7458  -0.14243E+01  -0.24651E+00  -0.20030E+00   0.41139E+01   0.23489E+04
  166     3.1720  11.7727  -0.14390E+01  -0.24961E+00  -0.20341E+00   0.41113E+01   0.23108E+04
  167     3.2083  11.7994  -0.14539E+01  -0.25274E+00  -0.20653E+00   0.41088E+01   0.22728E+04
  168     3.2449  11.8257  -0.14688E+01  -0.25589E+00  -0.20969E+00   0.41064E+01   0.22351E+04
  169     3.2818  11.8517  -0.14837E+01  -0.25907E+00  -0.21286E+00   0.41040E+01   0.21977E+04
  170     3.3190  11.8773  -0.14988E+01  -0.26226E+00  -0.21606E+00   0.41017E+01   0.21606E+04
  171     3.3565  11.9026  -0.15139E+01  -0.26549E+00  -0.21928E+00   0.40995E+01   0.21238E+04
  172     3.3944  11.9277  -0.15292E+01  -0.26873E+00  -0.22253E+00   0.40973E+01   0.20874E+04
  173     3.4326  11.9524  -0.15444E+01  -0.27201E+00  -0.22580E+00   0.40951E+01   0.20510E+04
  174     3.4712  11.9768  -0.15598E+01  -0.27530E+00  -0.22910E+00   0.40930E+01   0.20149E+04
  175     3.5100  12.0009  -0.15753E+01  -0.27863E+00  -0.23242E+00   0.40910E+01   0.19789E+04
  176     3.5492  12.0246  -0.15908E+01  -0.28197E+00  -0.23577E+00   0.40890E+01   0.19435E+04
  177     3.5888  12.0481  -0.16064E+01  -0.28534E+00  -0.23914E+00   0.40871E+01   0.19080E+04
  178     3.6287  12.0713  -0.16221E+01  -0.28874E+00  -0.24253E+00   0.40852E+01   0.18727E+04
  179     3.6689  12.0942  -0.16378E+01  -0.29215E+00  -0.24595E+00   0.40833E+01   0.18377E+04
  180     3.7095  12.1169  -0.16536E+01  -0.29560E+00  -0.24939E+00   0.40815E+01   0.18030E+04
  181     3.7505  12.1392  -0.16695E+01  -0.29906E+00  -0.25286E+00   0.40797E+01   0.17687E+04
  182     3.7918  12.1612  -0.16855E+01  -0.30255E+00  -0.25635E+00   0.40780E+01   0.17349E+04
  183     3.8334  12.1830  -0.17016E+01  -0.30606E+00  -0.25986E+00   0.40763E+01   0.17016E+04
  184     3.8754  12.2045  -0.17177E+01  -0.30960E+00  -0.26339E+00   0.40747E+01   0.16687E+04
  185     3.9178  12.2257  -0.17339E+01  -0.31316E+00  -0.26696E+00   0.40731E+01   0.16362E+04
  186     3.9606  12.2467  -0.17502E+01  -0.31675E+00  -0.27054E+00   0.40715E+01   0.16041E+04
  187     4.0037  12.2674  -0.17665E+01  -0.32037E+00  -0.27416E+00   0.40700E+01   0.15723E+04
  188     4.0472  12.2878  -0.17830E+01  -0.32401E+00  -0.27781E+00   0.40685E+01   0.15408E+04
  189     4.0911  12.3080  -0.17995E+01  -0.32769E+00  -0.28148E+00   0.40670E+01   0.15094E+04
  190     4.1353  12.3279  -0.18162E+01  -0.33138E+00  -0.28518E+00   0.40656E+01   0.14784E+04
  191     4.1800  12.3476  -0.18329E+01  -0.33510E+00  -0.28890E+00   0.40642E+01   0.14474E+04
  192     4.2250  12.3670  -0.18496E+01  -0.33885E+00  -0.29264E+00   0.40628E+01   0.14169E+04
  193     4.2705  12.3862  -0.18665E+01  -0.34262E+00  -0.29641E+00   0.40615E+01   0.13868E+04
  194     4.3163  12.4051  -0.18834E+01  -0.34641E+00  -0.30021E+00   0.40602E+01   0.13572E+04
  195     4.3625  12.4238  -0.19004E+01  -0.35023E+00  -0.30402E+00   0.40590E+01   0.13281E+04
  196     4.4091  12.4423  -0.19175E+01  -0.35407E+00  -0.30786E+00   0.40577E+01   0.12994E+04
  197     4.4561  12.4605  -0.19346E+01  -0.35794E+00  -0.31173E+00   0.40565E+01   0.12711E+04
  198     4.5036  12.4785  -0.19519E+01  -0.36184E+00  -0.31563E+00   0.40553E+01   0.12431E+04
  199     4.5514  12.4962  -0.19692E+01  -0.36576E+00  -0.31956E+00   0.40542E+01   0.12157E+04
  200     4.5997  12.5138  -0.19866E+01  -0.36972E+00  -0.32351E+00   0.40531E+01   0.11884E+04
  201     4.6484  12.5311  -0.20041E+01  -0.37369E+00  -0.32749E+00   0.40520E+01   0.11616E+04
  202     4.6975  12.5482  -0.20217E+01  -0.37770E+00  -0.33149E+00   0.40509E+01   0.11351E+04
  203     4.7470  12.5650  -0.20393E+01  -0.38173E+00  -0.33552E+00   0.40498E+01   0.11090E+04
  204     4.7970  12.5817  -0.20570E+01  -0.38578E+00  -0.33958E+00   0.40488E+01   0.10834E+04
  205     4.8474  12.5981  -0.20749E+01  -0.38986E+00  -0.34366E+00   0.40478E+01   0.10582E+04
  206     4.8982  12.6144  -0.20927E+01  -0.39397E+00  -0.34777E+00   0.40468E+01   0.10333E+04
  207     4.9495  12.6304  -0.21107E+01  -0.39811E+00  -0.35191E+00   0.40459E+01   0.10089E+04
  208     5.0012  12.6462  -0.21288E+01  -0.40228E+00  -0.35607E+00   0.40449E+01   0.98472E+03
  209     5.0534  12.6619  -0.21469E+01  -0.40647E+00  -0.36026E+00   0.40440E+01   0.96106E+03
  210     5.1060  12.6773  -0.21652E+01  -0.41069E+00  -0.36448E+00   0.40431E+01   0.93774E+03
  211     5.1591  12.6925  -0.21835E+01  -0.41494E+00  -0.36873E+00   0.40423E+01   0.91467E+03
  212     5.2126  12.7076  -0.22019E+01  -0.41921E+00  -0.37300E+00   0.40414E+01   0.89205E+03
  213     5.2667  12.7224  -0.22204E+01  -0.42351E+00  -0.37730E+00   0.40406E+01   0.86990E+03
  214     5.3211  12.7371  -0.22389E+01  -0.42784E+00  -0.38163E+00   0.40398E+01   0.84818E+03
  215     5.3761  12.7515  -0.22576E+01  -0.43219E+00  -0.38598E+00   0.40390E+01   0.82684E+03
  216     5.4315  12.7658  -0.22763E+01  -0.43657E+00  -0.39037E+00   0.40382E+01   0.80589E+03
  217     5.4874  12.7799  -0.22951E+01  -0.44099E+00  -0.39478E+00   0.40375E+01   0.78527E+03
  218     5.5438  12.7938  -0.23140E+01  -0.44543E+00  -0.39922E+00   0.40367E+01   0.76501E+03
  219     5.6007  12.8076  -0.23330E+01  -0.44990E+00  -0.40369E+00   0.40360E+01   0.74511E+03
  220     5.6581  12.8211  -0.23521E+01  -0.45440E+00  -0.40819E+00   0.40353E+01   0.72553E+03
  221     5.7160  12.8345  -0.23713E+01  -0.45892E+00  -0.41271E+00   0.40346E+01   0.70637E+03
  222     5.7744  12.8477  -0.23905E+01  -0.46347E+00  -0.41727E+00   0.40339E+01   0.68753E+03
  223     5.8333  12.8608  -0.24098E+01  -0.46805E+00  -0.42185E+00   0.40332E+01   0.66906E+03
  224     5.8927  12.8737  -0.24293E+01  -0.47266E+00  -0.42646E+00   0.40326E+01   0.65103E+03
  225     5.9526  12.8864  -0.24488E+01  -0.47730E+00  -0.43109E+00   0.40320E+01   0.63333E+03
  226     6.0131  12.8990  -0.24684E+01  -0.48197E+00  -0.43576E+00   0.40313E+01   0.61604E+03
  227     6.0740  12.9114  -0.24880E+01  -0.48666E+00  -0.44046E+00   0.40307E+01   0.59913E+03
  228     6.1355  12.9236  -0.25078E+01  -0.49139E+00  -0.44518E+00   0.40301E+01   0.58252E+03
  229     6.1976  12.9357  -0.25277E+01  -0.49615E+00  -0.44994E+00   0.40296E+01   0.56623E+03
  230     6.2602  12.9476  -0.25476E+01  -0.50093E+00  -0.45473E+00   0.40290E+01   0.55030E+03
  231     6.3233  12.9594  -0.25677E+01  -0.50575E+00  -0.45954E+00   0.40284E+01   0.53460E+03
  232     6.3869  12.9710  -0.25878E+01  -0.51060E+00  -0.46439E+00   0.40279E+01   0.51930E+03
  233     6.4512  12.9825  -0.26081E+01  -0.51547E+00  -0.46927E+00   0.40274E+01   0.50432E+03
  234     6.5159  12.9938  -0.26284E+01  -0.52037E+00  -0.47417E+00   0.40269E+01   0.48968E+03
  235     6.5813  13.0050  -0.26488E+01  -0.52530E+00  -0.47910E+00   0.40263E+01   0.47540E+03
  236     6.6472  13.0160  -0.26692E+01  -0.53026E+00  -0.48405E+00   0.40258E+01   0.46140E+03
  237     6.7137  13.0269  -0.26898E+01  -0.53526E+00  -0.48905E+00   0.40254E+01   0.44782E+03
  238     6.7807  13.0377  -0.27105E+01  -0.54028E+00  -0.49408E+00   0.40249E+01   0.43448E+03
  239     6.8484  13.0483  -0.27313E+01  -0.54534E+00  -0.49913E+00   0.40244E+01   0.42154E+03
  240     6.9166  13.0588  -0.27521E+01  -0.55042E+00  -0.50422E+00   0.40240E+01   0.40879E+03
  241     6.9854  13.0691  -0.27731E+01  -0.55554E+00  -0.50933E+00   0.40235E+01   0.39625E+03
  242     7.0549  13.0794  -0.27942E+01  -0.56069E+00  -0.51448E+00   0.40231E+01   0.38409E+03
  243     7.1249  13.0894  -0.28153E+01  -0.56587E+00  -0.51966E+00   0.40227E+01   0.37226E+03
  244     7.1955  13.0994  -0.28365E+01  -0.57107E+00  -0.52486E+00   0.40222E+01   0.36074E+03
  245     7.2668  13.1092  -0.28579E+01  -0.57631E+00  -0.53010E+00   0.40218E+01   0.34938E+03
  246     7.3387  13.1189  -0.28793E+01  -0.58158E+00  -0.53538E+00   0.40214E+01   0.33838E+03
  247     7.4112  13.1285  -0.29008E+01  -0.58688E+00  -0.54068E+00   0.40210E+01   0.32774E+03
  248     7.4843  13.1380  -0.29224E+01  -0.59222E+00  -0.54601E+00   0.40207E+01   0.31724E+03
  249     7.5580  13.1473  -0.29441E+01  -0.59759E+00  -0.55138E+00   0.40203E+01   0.30703E+03
  250     7.6324  13.1565  -0.29659E+01  -0.60298E+00  -0.55678E+00   0.40199E+01   0.29711E+03
  251     7.7075  13.1656  -0.29878E+01  -0.60841E+00  -0.56221E+00   0.40195E+01   0.28746E+03
  252     7.7832  13.1746  -0.30098E+01  -0.61387E+00  -0.56767E+00   0.40192E+01   0.27805E+03
  253     7.8596  13.1834  -0.30319E+01  -0.61937E+00  -0.57316E+00   0.40188E+01   0.26891E+03
  254     7.9366  13.1922  -0.30541E+01  -0.62490E+00  -0.57869E+00   0.40185E+01   0.25998E+03
  255     8.0143  13.2008  -0.30764E+01  -0.63046E+00  -0.58425E+00   0.40182E+01   0.25132E+03
  256     8.0926  13.2093  -0.30988E+01  -0.63605E+00  -0.58985E+00   0.40179E+01   0.24286E+03
  257     8.1717  13.2178  -0.31213E+01  -0.64168E+00  -0.59547E+00   0.40175E+01   0.23461E+03
  258     8.2514  13.2261  -0.31439E+01  -0.64734E+00  -0.60113E+00   0.40172E+01   0.22660E+03
  259     8.3319  13.2343  -0.31666E+01  -0.65303E+00  -0.60682E+00   0.40169E+01   0.21887E+03
  260     8.4130  13.2424  -0.31894E+01  -0.65875E+00  -0.61255E+00   0.40166E+01   0.21133E+03
  261     8.4948  13.2503  -0.32123E+01  -0.66451E+00  -0.61830E+00   0.40163E+01   0.20406E+03
  262     8.5774  13.2582  -0.32353E+01  -0.67031E+00  -0.62410E+00   0.40160E+01   0.19653E+03
  263     8.6606  13.2660  -0.32584E+01  -0.67614E+00  -0.62993E+00   0.40158E+01   0.18991E+03
  264     8.7446  13.2737  -0.32817E+01  -0.68201E+00  -0.63580E+00   0.40155E+01   0.18315E+03
  265     8.8293  13.2813  -0.33046E+01  -0.68780E+00  -0.64159E+00   0.40152E+01   0.17674E+03
  266     8.9148  13.2888  -0.33283E+01  -0.69382E+00  -0.64761E+00   0.40150E+01   0.17029E+03
  267     9.0010  13.2962  -0.33518E+01  -0.69978E+00  -0.65358E+00   0.40147E+01   0.16429E+03
  268     9.0879  13.3035  -0.33755E+01  -0.70578E+00  -0.65957E+00   0.40144E+01   0.15812E+03
  269     9.1756  13.3107  -0.33992E+01  -0.71181E+00  -0.66560E+00   0.40142E+01   0.15238E+03
  270     9.2641  13.3178  -0.34230E+01  -0.71788E+00  -0.67167E+00   0.40139E+01   0.14683E+03
  271     9.3534  13.3248  -0.34469E+01  -0.72398E+00  -0.67777E+00   0.40137E+01   0.14136E+03
  272     9.4434  13.3317  -0.34710E+01  -0.73012E+00  -0.68391E+00   0.40135E+01   0.13612E+03
  273     9.5342  13.3386  -0.34951E+01  -0.73630E+00  -0.69009E+00   0.40132E+01   0.13101E+03
  274     9.6257  13.3453  -0.35194E+01  -0.74250E+00  -0.69630E+00   0.40130E+01   0.12606E+03
  275     9.7181  13.3520  -0.35437E+01  -0.74875E+00  -0.70254E+00   0.40128E+01   0.12126E+03
  276     9.8113  13.3586  -0.35682E+01  -0.75503E+00  -0.70883E+00   0.40126E+01   0.11662E+03
  277     9.9053  13.3651  -0.35928E+01  -0.76135E+00  -0.71514E+00   0.40124E+01   0.11214E+03
  278    10.0001  13.3715  -0.36175E+01  -0.76770E+00  -0.72149E+00   0.40122E+01   0.10780E+03
  279    10.0957  13.3778  -0.36423E+01  -0.77409E+00  -0.72788E+00   0.40120E+01   0.10362E+03
  280    10.1922  13.3841  -0.36672E+01  -0.78052E+00  -0.73431E+00   0.40118E+01   0.99571E+02
  281    10.2895  13.3902  -0.36922E+01  -0.78698E+00  -0.74077E+00   0.40116E+01   0.95636E+02
  282    10.3877  13.3963  -0.37173E+01  -0.79348E+00  -0.74728E+00   0.40114E+01   0.91846E+02
  283    10.4867  13.4023  -0.37426E+01  -0.80002E+00  -0.75381E+00   0.40112E+01   0.88182E+02
  284    10.5865  13.4083  -0.37679E+01  -0.80660E+00  -0.76040E+00   0.40110E+01   0.84636E+02
  285    10.6873  13.4141  -0.37934E+01  -0.81321E+00  -0.76700E+00   0.40108E+01   0.81228E+02
  286    10.7889  13.4199  -0.38190E+01  -0.81986E+00  -0.77365E+00   0.40106E+01   0.77929E+02
  287    10.8914  13.4256  -0.38447E+01  -0.82655E+00  -0.78034E+00   0.40105E+01   0.74733E+02
  288    10.9947  13.4312  -0.38705E+01  -0.83328E+00  -0.78707E+00   0.40103E+01   0.71658E+02
  289    11.0990  13.4368  -0.38964E+01  -0.84004E+00  -0.79383E+00   0.40101E+01   0.68697E+02
  290    11.2042  13.4423  -0.39224E+01  -0.84685E+00  -0.80064E+00   0.40100E+01   0.65834E+02
  291    11.3103  13.4477  -0.39486E+01  -0.85369E+00  -0.80748E+00   0.40098E+01   0.63072E+02
  292    11.4173  13.4530  -0.39749E+01  -0.86057E+00  -0.81437E+00   0.40096E+01   0.60421E+02
  293    11.5253  13.4583  -0.40013E+01  -0.86750E+00  -0.82129E+00   0.40095E+01   0.57860E+02
  294    11.6342  13.4635  -0.40278E+01  -0.87446E+00  -0.82825E+00   0.40093E+01   0.55381E+02
  295    11.7440  13.4687  -0.40544E+01  -0.88146E+00  -0.83525E+00   0.40092E+01   0.52997E+02
  296    11.8548  13.4738  -0.40812E+01  -0.88850E+00  -0.84229E+00   0.40090E+01   0.50716E+02
  297    11.9666  13.4788  -0.41080E+01  -0.89557E+00  -0.84937E+00   0.40089E+01   0.48509E+02
  298    12.0793  13.4837  -0.41350E+01  -0.90269E+00  -0.85649E+00   0.40088E+01   0.46389E+02
  299    12.1930  13.4886  -0.41621E+01  -0.90986E+00  -0.86365E+00   0.40086E+01   0.44362E+02
  300    12.3077  13.4934  -0.41894E+01  -0.91706E+00  -0.87085E+00   0.40085E+01   0.42387E+02
  301    12.4234  13.4982  -0.42167E+01  -0.92430E+00  -0.87810E+00   0.40083E+01   0.40499E+02
  302    12.5401  13.5029  -0.42442E+01  -0.93158E+00  -0.88538E+00   0.40082E+01   0.38687E+02
  303    12.6578  13.5075  -0.42718E+01  -0.93891E+00  -0.89270E+00   0.40081E+01   0.36941E+02
  304    12.7766  13.5121  -0.42995E+01  -0.94627E+00  -0.90007E+00   0.40080E+01   0.35266E+02
  305    12.8963  13.5166  -0.43274E+01  -0.95368E+00  -0.90747E+00   0.40078E+01   0.33662E+02
  306    13.0172  13.5211  -0.43554E+01  -0.96113E+00  -0.91492E+00   0.40077E+01   0.32123E+02
  307    13.1390  13.5255  -0.43835E+01  -0.96863E+00  -0.92242E+00   0.40076E+01   0.30638E+02
  308    13.2619  13.5298  -0.44117E+01  -0.97616E+00  -0.92995E+00   0.40075E+01   0.29215E+02
  309    13.3859  13.5341  -0.44401E+01  -0.98373E+00  -0.93753E+00   0.40074E+01   0.27851E+02
  310    13.5110  13.5383  -0.44686E+01  -0.99135E+00  -0.94515E+00   0.40072E+01   0.26544E+02
  311    13.6372  13.5425  -0.44972E+01  -0.99902E+00  -0.95281E+00   0.40071E+01   0.25287E+02
  312    13.7644  13.5466  -0.45259E+01  -0.10067E+01  -0.96051E+00   0.40070E+01   0.24087E+02
  313    13.8928  13.5507  -0.45548E+01  -0.10145E+01  -0.96826E+00   0.40069E+01   0.22934E+02
  314    14.0223  13.5547  -0.45838E+01  -0.10223E+01  -0.97605E+00   0.40068E+01   0.21829E+02
  315    14.1529  13.5587  -0.46130E+01  -0.10301E+01  -0.98390E+00   0.40067E+01   0.20771E+02
  316    14.2846  13.5626  -0.46422E+01  -0.10380E+01  -0.99177E+00   0.40066E+01   0.19767E+02
  317    14.4175  13.5665  -0.46716E+01  -0.10459E+01  -0.99970E+00   0.40065E+01   0.18794E+02
  318    14.5515  13.5703  -0.47012E+01  -0.10539E+01  -0.10077E+01   0.40064E+01   0.17873E+02
  319    14.6867  13.5741  -0.47309E+01  -0.10619E+01  -0.10157E+01   0.40063E+01   0.16991E+02
  320    14.8231  13.5778  -0.47607E+01  -0.10699E+01  -0.10237E+01   0.40062E+01   0.16143E+02
  321    14.9607  13.5815  -0.47906E+01  -0.10781E+01  -0.10318E+01   0.40061E+01   0.15330E+02
  322    15.0994  13.5851  -0.48207E+01  -0.10862E+01  -0.10400E+01   0.40060E+01   0.14557E+02
  323    15.2394  13.5887  -0.48509E+01  -0.10944E+01  -0.10482E+01   0.40060E+01   0.13820E+02
  324    15.3806  13.5922  -0.48813E+01  -0.11026E+01  -0.10564E+01   0.40059E+01   0.13115E+02
  325    15.5230  13.5957  -0.49118E+01  -0.11109E+01  -0.10647E+01   0.40058E+01   0.12443E+02
  326    15.6666  13.5991  -0.49425E+01  -0.11193E+01  -0.10731E+01   0.40057E+01   0.11797E+02
  327    15.8115  13.6025  -0.49732E+01  -0.11277E+01  -0.10814E+01   0.40056E+01   0.11186E+02
  328    15.9577  13.6059  -0.50042E+01  -0.11361E+01  -0.10899E+01   0.40055E+01   0.10602E+02
  329    16.1051  13.6092  -0.50352E+01  -0.11446E+01  -0.10984E+01   0.40055E+01   0.10045E+02
  330    16.2538  13.6124  -0.50664E+01  -0.11531E+01  -0.11069E+01   0.40054E+01   0.95151E+01
  331    16.4038  13.6157  -0.50978E+01  -0.11617E+01  -0.11155E+01   0.40053E+01   0.90088E+01
  332    16.5551  13.6188  -0.51293E+01  -0.11703E+01  -0.11241E+01   0.40052E+01   0.85284E+01
  333    16.7078  13.6220  -0.51609E+01  -0.11790E+01  -0.11327E+01   0.40051E+01   0.80667E+01
  334    16.8617  13.6251  -0.51927E+01  -0.11877E+01  -0.11415E+01   0.40051E+01   0.76308E+01
  335    17.0170  13.6281  -0.52247E+01  -0.11964E+01  -0.11502E+01   0.40050E+01   0.72167E+01
  336    17.1736  13.6312  -0.52568E+01  -0.12053E+01  -0.11590E+01   0.40049E+01   0.68226E+01
  337    17.3316  13.6342  -0.52890E+01  -0.12141E+01  -0.11679E+01   0.40049E+01   0.64473E+01
  338    17.4910  13.6371  -0.53214E+01  -0.12231E+01  -0.11768E+01   0.40048E+01   0.60881E+01
  339    17.6518  13.6400  -0.53539E+01  -0.12320E+01  -0.11858E+01   0.40047E+01   0.57500E+01
  340    17.8139  13.6429  -0.53866E+01  -0.12410E+01  -0.11948E+01   0.40047E+01   0.54263E+01
  341    17.9775  13.6457  -0.54194E+01  -0.12501E+01  -0.12039E+01   0.40046E+01   0.51222E+01
  342    18.1425  13.6485  -0.54524E+01  -0.12592E+01  -0.12130E+01   0.40045E+01   0.48344E+01
  343    18.3089  13.6513  -0.54856E+01  -0.12684E+01  -0.12222E+01   0.40045E+01   0.45528E+01
  344    18.4768  13.6540  -0.55189E+01  -0.12776E+01  -0.12314E+01   0.40044E+01   0.42950E+01
  345    18.6461  13.6567  -0.55523E+01  -0.12868E+01  -0.12406E+01   0.40043E+01   0.40471E+01
  346    18.8169  13.6593  -0.55859E+01  -0.12962E+01  -0.12500E+01   0.40043E+01   0.38127E+01
  347    18.9892  13.6619  -0.56197E+01  -0.13056E+01  -0.12594E+01   0.40042E+01   0.35930E+01
  348    19.1630  13.6645  -0.56537E+01  -0.13150E+01  -0.12688E+01   0.40042E+01   0.33799E+01
  349    19.3383  13.6671  -0.56877E+01  -0.13245E+01  -0.12783E+01   0.40041E+01   0.31804E+01
  350    19.5151  13.6696  -0.57220E+01  -0.13340E+01  -0.12878E+01   0.40041E+01   0.29918E+01
  351    19.6934  13.6721  -0.57564E+01  -0.13436E+01  -0.12974E+01   0.40040E+01   0.28128E+01
  352    19.8734  13.6745  -0.57910E+01  -0.13533E+01  -0.13071E+01   0.40039E+01   0.26447E+01
  353    20.0548  13.6770  -0.58257E+01  -0.13630E+01  -0.13168E+01   0.40039E+01   0.24850E+01
  354    20.2379  13.6794  -0.58606E+01  -0.13727E+01  -0.13265E+01   0.40038E+01   0.23335E+01
  355    20.4225  13.6817  -0.58957E+01  -0.13825E+01  -0.13363E+01   0.40038E+01   0.21915E+01
  356    20.6088  13.6840  -0.59309E+01  -0.13924E+01  -0.13462E+01   0.40037E+01   0.20555E+01
  357    20.7966  13.6863  -0.59663E+01  -0.14023E+01  -0.13561E+01   0.40037E+01   0.19298E+01
  358    20.9861  13.6886  -0.60018E+01  -0.14123E+01  -0.13661E+01   0.40036E+01   0.18092E+01
  359    21.1773  13.6909  -0.60376E+01  -0.14223E+01  -0.13761E+01   0.40036E+01   0.16953E+01
  360    21.3701  13.6931  -0.60735E+01  -0.14324E+01  -0.13862E+01   0.40035E+01   0.15894E+01
  361    21.5646  13.6953  -0.61095E+01  -0.14425E+01  -0.13963E+01   0.40035E+01   0.14886E+01
  362    21.7607  13.6974  -0.61458E+01  -0.14527E+01  -0.14065E+01   0.40035E+01   0.13934E+01
  363    21.9586  13.6995  -0.61822E+01  -0.14630E+01  -0.14168E+01   0.40034E+01   0.13054E+01
  364    22.1582  13.7016  -0.62188E+01  -0.14733E+01  -0.14271E+01   0.40034E+01   0.12205E+01
  365    22.3596  13.7037  -0.62555E+01  -0.14837E+01  -0.14375E+01   0.40033E+01   0.11412E+01
  366    22.5626  13.7058  -0.62925E+01  -0.14942E+01  -0.14480E+01   0.40000E+01   0.10686E+01
  367    22.7675  13.7078  -0.63296E+01  -0.15046E+01  -0.14584E+01   0.40000E+01   0.99780E+00
  368    22.9741  13.7098  -0.63669E+01  -0.15152E+01  -0.14690E+01   0.40000E+01   0.93250E+00
  369    23.1825  13.7117  -0.64043E+01  -0.15258E+01  -0.14796E+01   0.40000E+01   0.86958E+00
  370    23.3928  13.7137  -0.64420E+01  -0.15365E+01  -0.14903E+01   0.40000E+01   0.81219E+00
  371    23.6049  13.7156  -0.64797E+01  -0.15472E+01  -0.15010E+01   0.40000E+01   0.75810E+00
  372    23.8188  13.7175  -0.65178E+01  -0.15580E+01  -0.15118E+01   0.40000E+01   0.70809E+00
  373    24.0345  13.7194  -0.65560E+01  -0.15688E+01  -0.15226E+01   0.40000E+01   0.65885E+00
  374    24.2522  13.7212  -0.65945E+01  -0.15798E+01  -0.15336E+01   0.40000E+01   0.61357E+00
  375    24.4717  13.7230  -0.66329E+01  -0.15907E+01  -0.15445E+01   0.40000E+01   0.57188E+00
  376    24.6932  13.7248  -0.66716E+01  -0.16018E+01  -0.15556E+01   0.40000E+01   0.53243E+00
  377    24.9166  13.7266  -0.67105E+01  -0.16128E+01  -0.15666E+01   0.40000E+01   0.49563E+00
  378    25.1419  13.7284  -0.67496E+01  -0.16240E+01  -0.15778E+01   0.40000E+01   0.46127E+00
  379    25.3691  13.7301  -0.67889E+01  -0.16352E+01  -0.15890E+01   0.40000E+01   0.42856E+00
  380    25.5984  13.7318  -0.68284E+01  -0.16465E+01  -0.16003E+01   0.40000E+01   0.39851E+00
  381    25.8296  13.7335  -0.68680E+01  -0.16578E+01  -0.16116E+01   0.40000E+01   0.37028E+00
  382    26.0629  13.7351  -0.69079E+01  -0.16692E+01  -0.16230E+01   0.40000E+01   0.34377E+00
  383    26.2982  13.7368  -0.69480E+01  -0.16807E+01  -0.16345E+01   0.40000E+01   0.31894E+00
  384    26.5355  13.7384  -0.69882E+01  -0.16922E+01  -0.16460E+01   0.40000E+01   0.29589E+00
  385    26.7749  13.7400  -0.70286E+01  -0.17038E+01  -0.16576E+01   0.40000E+01   0.27448E+00
  386    27.0164  13.7416  -0.70692E+01  -0.17155E+01  -0.16693E+01   0.40000E+01   0.25445E+00
  387    27.2599  13.7431  -0.71100E+01  -0.17272E+01  -0.16810E+01   0.40000E+01   0.23587E+00
  388    27.5056  13.7447  -0.71510E+01  -0.17390E+01  -0.16928E+01   0.40000E+01   0.21835E+00
  389    27.7534  13.7462  -0.71922E+01  -0.17509E+01  -0.17047E+01   0.40000E+01   0.20223E+00
  390    28.0034  13.7477  -0.72336E+01  -0.17628E+01  -0.17166E+01   0.40000E+01   0.18700E+00
  391    28.2556  13.7492  -0.72753E+01  -0.17748E+01  -0.17286E+01   0.40000E+01   0.17305E+00
  392    28.5099  13.7506  -0.73171E+01  -0.17868E+01  -0.17406E+01   0.40000E+01   0.16001E+00
  393    28.7665  13.7521  -0.73590E+01  -0.17989E+01  -0.17527E+01   0.40000E+01   0.14780E+00
  394    29.0253  13.7535  -0.74012E+01  -0.18111E+01  -0.17649E+01   0.40000E+01   0.13654E+00
  395    29.2863  13.7549  -0.74436E+01  -0.18234E+01  -0.17772E+01   0.40000E+01   0.12599E+00
  396    29.5496  13.7563  -0.74862E+01  -0.18357E+01  -0.17895E+01   0.40000E+01   0.11629E+00
  397    29.8152  13.7577  -0.75290E+01  -0.18481E+01  -0.18019E+01   0.40000E+01   0.10723E+00
  398    30.0831  13.7590  -0.75720E+01  -0.18605E+01  -0.18143E+01   0.40000E+01   0.98935E-01
  399    30.3534  13.7604  -0.76151E+01  -0.18730E+01  -0.18268E+01   0.40000E+01   0.91116E-01
  400    30.6259  13.7617  -0.76585E+01  -0.18856E+01  -0.18394E+01   0.40000E+01   0.83857E-01
