    1     0.0001   0.0014  -0.15259E-04   0.16567E-05   0.45242E-01   0.66163E+01   0.14319E+04
    2     0.0088   0.1221  -0.26404E-02  -0.22016E-03   0.45020E-01   0.65824E+01   0.29191E+04
    3     0.0176   0.2423  -0.55185E-02  -0.50359E-03   0.44737E-01   0.65496E+01   0.30750E+04
    4     0.0264   0.3621  -0.85295E-02  -0.81516E-03   0.44425E-01   0.65173E+01   0.31826E+04
    5     0.0353   0.4814  -0.11639E-01  -0.11455E-02   0.44095E-01   0.64854E+01   0.32763E+04
    6     0.0443   0.6003  -0.14843E-01  -0.14932E-02   0.43747E-01   0.64539E+01   0.33574E+04
    7     0.0534   0.7188  -0.18132E-01  -0.18559E-02   0.43384E-01   0.64227E+01   0.34288E+04
    8     0.0626   0.8368  -0.21513E-01  -0.22357E-02   0.43004E-01   0.63918E+01   0.34954E+04
    9     0.0718   0.9543  -0.24993E-01  -0.26343E-02   0.42606E-01   0.63612E+01   0.35596E+04
   10     0.0811   1.0713  -0.28560E-01  -0.30496E-02   0.42191E-01   0.63310E+01   0.36196E+04
   11     0.0905   1.1879  -0.32192E-01  -0.34737E-02   0.41767E-01   0.63010E+01   0.36778E+04
   12     0.1000   1.3039  -0.35864E-01  -0.39004E-02   0.41340E-01   0.62711E+01   0.37334E+04
   13     0.1096   1.4195  -0.39563E-01  -0.43265E-02   0.40914E-01   0.62412E+01   0.37881E+04
   14     0.1192   1.5346  -0.43319E-01  -0.47601E-02   0.40480E-01   0.62115E+01   0.38419E+04
   15     0.1290   1.6491  -0.47158E-01  -0.52088E-02   0.40031E-01   0.61821E+01   0.38933E+04
   16     0.1388   1.7632  -0.51089E-01  -0.56750E-02   0.39565E-01   0.61530E+01   0.39445E+04
   17     0.1487   1.8767  -0.55102E-01  -0.61565E-02   0.39084E-01   0.61242E+01   0.39931E+04
   18     0.1587   1.9897  -0.59181E-01  -0.66484E-02   0.38592E-01   0.60956E+01   0.40420E+04
   19     0.1687   2.1021  -0.63322E-01  -0.71493E-02   0.38091E-01   0.60672E+01   0.40897E+04
   20     0.1789   2.2140  -0.67525E-01  -0.76599E-02   0.37580E-01   0.60390E+01   0.41358E+04
   21     0.1891   2.3254  -0.71796E-01  -0.81821E-02   0.37058E-01   0.60109E+01   0.41823E+04
   22     0.1995   2.4362  -0.76136E-01  -0.87159E-02   0.36524E-01   0.59831E+01   0.42275E+04
   23     0.2099   2.5465  -0.80544E-01  -0.92607E-02   0.35979E-01   0.59556E+01   0.42718E+04
   24     0.2204   2.6562  -0.85018E-01  -0.98169E-02   0.35423E-01   0.59282E+01   0.43144E+04
   25     0.2310   2.7653  -0.89559E-01  -0.10384E-01   0.34856E-01   0.59010E+01   0.43555E+04
   26     0.2417   2.8738  -0.94167E-01  -0.10963E-01   0.34277E-01   0.58740E+01   0.43966E+04
   27     0.2525   2.9818  -0.98842E-01  -0.11553E-01   0.33687E-01   0.58473E+01   0.44382E+04
   28     0.2634   3.0892  -0.10358E+00  -0.12156E-01   0.33084E-01   0.58207E+01   0.44810E+04
   29     0.2744   3.1959  -0.10840E+00  -0.12770E-01   0.32471E-01   0.57943E+01   0.45227E+04
   30     0.2855   3.3021  -0.11327E+00  -0.13395E-01   0.31845E-01   0.57682E+01   0.45622E+04
   31     0.2967   3.4077  -0.11822E+00  -0.14033E-01   0.31207E-01   0.57422E+01   0.46001E+04
   32     0.3079   3.5127  -0.12323E+00  -0.14683E-01   0.30557E-01   0.57165E+01   0.46379E+04
   33     0.3193   3.6170  -0.12829E+00  -0.15338E-01   0.29902E-01   0.56909E+01   0.46758E+04
   34     0.3308   3.7207  -0.13344E+00  -0.16013E-01   0.29227E-01   0.56655E+01   0.47125E+04
   35     0.3423   3.8238  -0.13866E+00  -0.16701E-01   0.28539E-01   0.56404E+01   0.47473E+04
   36     0.3540   3.9263  -0.14395E+00  -0.17401E-01   0.27839E-01   0.56155E+01   0.47826E+04
   37     0.3658   4.0281  -0.14931E+00  -0.18115E-01   0.27125E-01   0.55908E+01   0.48168E+04
   38     0.3777   4.1293  -0.15474E+00  -0.18842E-01   0.26398E-01   0.55663E+01   0.48502E+04
   39     0.3896   4.2299  -0.16023E+00  -0.19582E-01   0.25658E-01   0.55420E+01   0.48830E+04
   40     0.4017   4.3298  -0.16580E+00  -0.20336E-01   0.24904E-01   0.55179E+01   0.49149E+04
   41     0.4139   4.4291  -0.17144E+00  -0.21102E-01   0.24138E-01   0.54941E+01   0.49463E+04
   42     0.4262   4.5276  -0.17715E+00  -0.21883E-01   0.23357E-01   0.54705E+01   0.49771E+04
   43     0.4386   4.6256  -0.18293E+00  -0.22678E-01   0.22563E-01   0.54470E+01   0.50064E+04
   44     0.4511   4.7229  -0.18878E+00  -0.23486E-01   0.21754E-01   0.54238E+01   0.50352E+04
   45     0.4637   4.8195  -0.19471E+00  -0.24309E-01   0.20931E-01   0.54008E+01   0.50636E+04
   46     0.4764   4.9154  -0.20070E+00  -0.25146E-01   0.20094E-01   0.53781E+01   0.50910E+04
   47     0.4893   5.0106  -0.20677E+00  -0.25997E-01   0.19243E-01   0.53555E+01   0.51176E+04
   48     0.5022   5.1052  -0.21291E+00  -0.26864E-01   0.18377E-01   0.53332E+01   0.51432E+04
   49     0.5153   5.1991  -0.21912E+00  -0.27744E-01   0.17496E-01   0.53111E+01   0.51677E+04
   50     0.5285   5.2923  -0.22541E+00  -0.28639E-01   0.16601E-01   0.52892E+01   0.51920E+04
   51     0.5417   5.3849  -0.23176E+00  -0.29550E-01   0.15691E-01   0.52675E+01   0.52145E+04
   52     0.5552   5.4767  -0.23819E+00  -0.30474E-01   0.14766E-01   0.52461E+01   0.52365E+04
   53     0.5687   5.5679  -0.24469E+00  -0.31415E-01   0.13826E-01   0.52248E+01   0.52581E+04
   54     0.5823   5.6583  -0.25127E+00  -0.32370E-01   0.12870E-01   0.52039E+01   0.52776E+04
   55     0.5961   5.7481  -0.25791E+00  -0.33341E-01   0.11899E-01   0.51831E+01   0.52967E+04
   56     0.6099   5.8371  -0.26464E+00  -0.34328E-01   0.10912E-01   0.51626E+01   0.53151E+04
   57     0.6239   5.9255  -0.27144E+00  -0.35330E-01   0.99098E-02   0.51422E+01   0.53322E+04
   58     0.6381   6.0132  -0.27831E+00  -0.36349E-01   0.88914E-02   0.51222E+01   0.53484E+04
   59     0.6523   6.1001  -0.28525E+00  -0.37383E-01   0.78575E-02   0.51023E+01   0.53636E+04
   60     0.6667   6.1864  -0.29227E+00  -0.38433E-01   0.68070E-02   0.50827E+01   0.53775E+04
   61     0.6812   6.2719  -0.29937E+00  -0.39499E-01   0.57415E-02   0.50633E+01   0.53908E+04
   62     0.6958   6.3568  -0.30653E+00  -0.40580E-01   0.46600E-02   0.50441E+01   0.54028E+04
   63     0.7105   6.4409  -0.31377E+00  -0.41677E-01   0.35631E-02   0.50252E+01   0.54144E+04
   64     0.7254   6.5244  -0.32108E+00  -0.42790E-01   0.24505E-02   0.50065E+01   0.54242E+04
   65     0.7404   6.6071  -0.32846E+00  -0.43918E-01   0.13222E-02   0.49880E+01   0.54336E+04
   66     0.7555   6.6891  -0.33592E+00  -0.45062E-01   0.17815E-03   0.49698E+01   0.54419E+04
   67     0.7708   6.7704  -0.34345E+00  -0.46222E-01  -0.98224E-03   0.49517E+01   0.54492E+04
   68     0.7862   6.8511  -0.35105E+00  -0.47399E-01  -0.21586E-02   0.49340E+01   0.54557E+04
   69     0.8017   6.9310  -0.35873E+00  -0.48592E-01  -0.33519E-02   0.49164E+01   0.54611E+04
   70     0.8174   7.0102  -0.36648E+00  -0.49802E-01  -0.45614E-02   0.48991E+01   0.54655E+04
   71     0.8332   7.0886  -0.37431E+00  -0.51028E-01  -0.57883E-02   0.48820E+01   0.54693E+04
   72     0.8491   7.1664  -0.38221E+00  -0.52272E-01  -0.70319E-02   0.48651E+01   0.54717E+04
   73     0.8652   7.2435  -0.39019E+00  -0.53534E-01  -0.82934E-02   0.48485E+01   0.54734E+04
   74     0.8814   7.3199  -0.39825E+00  -0.54813E-01  -0.95723E-02   0.48321E+01   0.54740E+04
   75     0.8977   7.3956  -0.40638E+00  -0.56109E-01  -0.10869E-01   0.48159E+01   0.54734E+04
   76     0.9142   7.4705  -0.41459E+00  -0.57424E-01  -0.12184E-01   0.48000E+01   0.54719E+04
   77     0.9309   7.5448  -0.42287E+00  -0.58757E-01  -0.13517E-01   0.47842E+01   0.54692E+04
   78     0.9477   7.6184  -0.43124E+00  -0.60107E-01  -0.14866E-01   0.47687E+01   0.54655E+04
   79     0.9646   7.6913  -0.43967E+00  -0.61474E-01  -0.16234E-01   0.47535E+01   0.54606E+04
   80     0.9817   7.7635  -0.44818E+00  -0.62859E-01  -0.17619E-01   0.47384E+01   0.54547E+04
   81     0.9989   7.8350  -0.45677E+00  -0.64262E-01  -0.19022E-01   0.47236E+01   0.54480E+04
   82     1.0163   7.9058  -0.46543E+00  -0.65682E-01  -0.20441E-01   0.47090E+01   0.54398E+04
   83     1.0338   7.9759  -0.47416E+00  -0.67119E-01  -0.21879E-01   0.46946E+01   0.54302E+04
   84     1.0515   8.0453  -0.48297E+00  -0.68573E-01  -0.23333E-01   0.46805E+01   0.54196E+04
   85     1.0693   8.1141  -0.49185E+00  -0.70045E-01  -0.24805E-01   0.46666E+01   0.54084E+04
   86     1.0873   8.1821  -0.50080E+00  -0.71534E-01  -0.26294E-01   0.46529E+01   0.53959E+04
   87     1.1055   8.2495  -0.50983E+00  -0.73041E-01  -0.27801E-01   0.46394E+01   0.53830E+04
   88     1.1238   8.3162  -0.51894E+00  -0.74567E-01  -0.29326E-01   0.46262E+01   0.53687E+04
   89     1.1423   8.3823  -0.52811E+00  -0.76109E-01  -0.30868E-01   0.46131E+01   0.53537E+04
   90     1.1609   8.4477  -0.53736E+00  -0.77668E-01  -0.32428E-01   0.46003E+01   0.53383E+04
   91     1.1797   8.5124  -0.54668E+00  -0.79246E-01  -0.34006E-01   0.45877E+01   0.53218E+04
   92     1.1986   8.5764  -0.55608E+00  -0.80842E-01  -0.35602E-01   0.45754E+01   0.53044E+04
   93     1.2177   8.6398  -0.56555E+00  -0.82456E-01  -0.37216E-01   0.45632E+01   0.52861E+04
   94     1.2370   8.7025  -0.57510E+00  -0.84090E-01  -0.38850E-01   0.45512E+01   0.52671E+04
   95     1.2565   8.7646  -0.58472E+00  -0.85743E-01  -0.40503E-01   0.45395E+01   0.52473E+04
   96     1.2761   8.8260  -0.59442E+00  -0.87416E-01  -0.42175E-01   0.45279E+01   0.52263E+04
   97     1.2959   8.8868  -0.60420E+00  -0.89107E-01  -0.43867E-01   0.45166E+01   0.52048E+04
   98     1.3158   8.9469  -0.61406E+00  -0.90818E-01  -0.45578E-01   0.45055E+01   0.51822E+04
   99     1.3360   9.0065  -0.62399E+00  -0.92548E-01  -0.47308E-01   0.44946E+01   0.51587E+04
  100     1.3563   9.0653  -0.63400E+00  -0.94298E-01  -0.49057E-01   0.44839E+01   0.51342E+04
  101     1.3767   9.1236  -0.64408E+00  -0.96066E-01  -0.50825E-01   0.44734E+01   0.51089E+04
  102     1.3974   9.1812  -0.65423E+00  -0.97852E-01  -0.52612E-01   0.44630E+01   0.50826E+04
  103     1.4183   9.2382  -0.66446E+00  -0.99658E-01  -0.54418E-01   0.44529E+01   0.50553E+04
  104     1.4393   9.2945  -0.67476E+00  -0.10148E+00  -0.56243E-01   0.44430E+01   0.50271E+04
  105     1.4605   9.3503  -0.68513E+00  -0.10333E+00  -0.58087E-01   0.44333E+01   0.49981E+04
  106     1.4819   9.4054  -0.69558E+00  -0.10519E+00  -0.59950E-01   0.44237E+01   0.49684E+04
  107     1.5035   9.4600  -0.70611E+00  -0.10707E+00  -0.61833E-01   0.44144E+01   0.49381E+04
  108     1.5252   9.5139  -0.71670E+00  -0.10897E+00  -0.63735E-01   0.44052E+01   0.49072E+04
  109     1.5472   9.5673  -0.72737E+00  -0.11089E+00  -0.65654E-01   0.43962E+01   0.48755E+04
  110     1.5693   9.6200  -0.73811E+00  -0.11283E+00  -0.67594E-01   0.43874E+01   0.48432E+04
  111     1.5917   9.6722  -0.74892E+00  -0.11479E+00  -0.69552E-01   0.43787E+01   0.48099E+04
  112     1.6142   9.7238  -0.75981E+00  -0.11677E+00  -0.71530E-01   0.43702E+01   0.47750E+04
  113     1.6369   9.7748  -0.77077E+00  -0.11877E+00  -0.73527E-01   0.43619E+01   0.47412E+04
  114     1.6598   9.8252  -0.78181E+00  -0.12079E+00  -0.75547E-01   0.43538E+01   0.47066E+04
  115     1.6830   9.8751  -0.79292E+00  -0.12283E+00  -0.77586E-01   0.43459E+01   0.46716E+04
  116     1.7063   9.9244  -0.80411E+00  -0.12488E+00  -0.79645E-01   0.43381E+01   0.46363E+04
  117     1.7298   9.9731  -0.81537E+00  -0.12696E+00  -0.81724E-01   0.43304E+01   0.46005E+04
  118     1.7536  10.0213  -0.82667E+00  -0.12905E+00  -0.83811E-01   0.43229E+01   0.45639E+04
  119     1.7775  10.0689  -0.83807E+00  -0.13117E+00  -0.85927E-01   0.43156E+01   0.45268E+04
  120     1.8016  10.1160  -0.84956E+00  -0.13331E+00  -0.88069E-01   0.43085E+01   0.44886E+04
  121     1.8260  10.1626  -0.86112E+00  -0.13547E+00  -0.90231E-01   0.43015E+01   0.44502E+04
  122     1.8506  10.2086  -0.87276E+00  -0.13766E+00  -0.92416E-01   0.42947E+01   0.44109E+04
  123     1.8753  10.2541  -0.88448E+00  -0.13986E+00  -0.94620E-01   0.42880E+01   0.43725E+04
  124     1.9003  10.2990  -0.89626E+00  -0.14208E+00  -0.96843E-01   0.42815E+01   0.43331E+04
  125     1.9256  10.3434  -0.90811E+00  -0.14433E+00  -0.99086E-01   0.42751E+01   0.42925E+04
  126     1.9510  10.3873  -0.92004E+00  -0.14659E+00  -0.10135E+00   0.42688E+01   0.42515E+04
  127     1.9766  10.4307  -0.93204E+00  -0.14887E+00  -0.10363E+00   0.42627E+01   0.42100E+04
  128     2.0025  10.4736  -0.94411E+00  -0.15118E+00  -0.10594E+00   0.42567E+01   0.41683E+04
  129     2.0286  10.5160  -0.95625E+00  -0.15350E+00  -0.10826E+00   0.42508E+01   0.41263E+04
  130     2.0550  10.5579  -0.96847E+00  -0.15585E+00  -0.11061E+00   0.42451E+01   0.40844E+04
  131     2.0815  10.5993  -0.98076E+00  -0.15821E+00  -0.11297E+00   0.42395E+01   0.40420E+04
  132     2.1083  10.6402  -0.99312E+00  -0.16060E+00  -0.11536E+00   0.42340E+01   0.39994E+04
  133     2.1353  10.6806  -0.10056E+01  -0.16301E+00  -0.11777E+00   0.42287E+01   0.39568E+04
  134     2.1626  10.7205  -0.10181E+01  -0.16544E+00  -0.12020E+00   0.42235E+01   0.39136E+04
  135     2.1901  10.7600  -0.10307E+01  -0.16789E+00  -0.12265E+00   0.42184E+01   0.38704E+04
  136     2.2178  10.7990  -0.10433E+01  -0.17037E+00  -0.12513E+00   0.42134E+01   0.38267E+04
  137     2.2458  10.8375  -0.10561E+01  -0.17286E+00  -0.12762E+00   0.42085E+01   0.37829E+04
  138     2.2740  10.8756  -0.10689E+01  -0.17538E+00  -0.13014E+00   0.42038E+01   0.37391E+04
  139     2.3025  10.9132  -0.10818E+01  -0.17792E+00  -0.13268E+00   0.41991E+01   0.36949E+04
  140     2.3312  10.9504  -0.10947E+01  -0.18048E+00  -0.13524E+00   0.41946E+01   0.36506E+04
  141     2.3602  10.9871  -0.11077E+01  -0.18306E+00  -0.13782E+00   0.41902E+01   0.36061E+04
  142     2.3894  11.0234  -0.11208E+01  -0.18566E+00  -0.14042E+00   0.41858E+01   0.35615E+04
  143     2.4188  11.0592  -0.11340E+01  -0.18829E+00  -0.14305E+00   0.41816E+01   0.35170E+04
  144     2.4486  11.0946  -0.11473E+01  -0.19093E+00  -0.14569E+00   0.41775E+01   0.34723E+04
  145     2.4785  11.1296  -0.11606E+01  -0.19360E+00  -0.14836E+00   0.41734E+01   0.34280E+04
  146     2.5088  11.1641  -0.11740E+01  -0.19629E+00  -0.15105E+00   0.41695E+01   0.33836E+04
  147     2.5393  11.1982  -0.11874E+01  -0.19900E+00  -0.15376E+00   0.41656E+01   0.33390E+04
  148     2.5701  11.2320  -0.12010E+01  -0.20174E+00  -0.15650E+00   0.41619E+01   0.32945E+04
  149     2.6011  11.2653  -0.12146E+01  -0.20450E+00  -0.15925E+00   0.41582E+01   0.32498E+04
  150     2.6324  11.2982  -0.12283E+01  -0.20728E+00  -0.16204E+00   0.41546E+01   0.32052E+04
  151     2.6640  11.3306  -0.12421E+01  -0.21008E+00  -0.16484E+00   0.41511E+01   0.31604E+04
  152     2.6958  11.3627  -0.12559E+01  -0.21291E+00  -0.16767E+00   0.41477E+01   0.31158E+04
  153     2.7280  11.3944  -0.12698E+01  -0.21576E+00  -0.17052E+00   0.41444E+01   0.30712E+04
  154     2.7604  11.4258  -0.12838E+01  -0.21863E+00  -0.17339E+00   0.41411E+01   0.30267E+04
  155     2.7931  11.4567  -0.12979E+01  -0.22152E+00  -0.17628E+00   0.41380E+01   0.29823E+04
  156     2.8260  11.4872  -0.13120E+01  -0.22443E+00  -0.17919E+00   0.41349E+01   0.29383E+04
  157     2.8593  11.5174  -0.13262E+01  -0.22737E+00  -0.18213E+00   0.41318E+01   0.28943E+04
  158     2.8929  11.5472  -0.13405E+01  -0.23033E+00  -0.18509E+00   0.41289E+01   0.28504E+04
  159     2.9267  11.5766  -0.13549E+01  -0.23331E+00  -0.18807E+00   0.41260E+01   0.28072E+04
  160     2.9608  11.6057  -0.13693E+01  -0.23632E+00  -0.19108E+00   0.41232E+01   0.27637E+04
  161     2.9953  11.6344  -0.13838E+01  -0.23935E+00  -0.19411E+00   0.41204E+01   0.27206E+04
  162     3.0300  11.6628  -0.13984E+01  -0.24240E+00  -0.19716E+00   0.41177E+01   0.26777E+04
  163     3.0651  11.6908  -0.14131E+01  -0.24548E+00  -0.20024E+00   0.41151E+01   0.26347E+04
  164     3.1004  11.7184  -0.14278E+01  -0.24858E+00  -0.20334E+00   0.41126E+01   0.25918E+04
  165     3.1360  11.7458  -0.14426E+01  -0.25171E+00  -0.20647E+00   0.41101E+01   0.25490E+04
  166     3.1720  11.7727  -0.14575E+01  -0.25486E+00  -0.20962E+00   0.41076E+01   0.25067E+04
  167     3.2083  11.7994  -0.14725E+01  -0.25803E+00  -0.21279E+00   0.41053E+01   0.24645E+04
  168     3.2449  11.8257  -0.14875E+01  -0.26122E+00  -0.21598E+00   0.41029E+01   0.24228E+04
  169     3.2818  11.8517  -0.15026E+01  -0.26444E+00  -0.21920E+00   0.41007E+01   0.23813E+04
  170     3.3190  11.8773  -0.15178E+01  -0.26767E+00  -0.22243E+00   0.40985E+01   0.23400E+04
  171     3.3565  11.9026  -0.15331E+01  -0.27094E+00  -0.22570E+00   0.40963E+01   0.22992E+04
  172     3.3944  11.9277  -0.15484E+01  -0.27423E+00  -0.22899E+00   0.40942E+01   0.22590E+04
  173     3.4326  11.9524  -0.15638E+01  -0.27754E+00  -0.23230E+00   0.40921E+01   0.22188E+04
  174     3.4712  11.9768  -0.15793E+01  -0.28088E+00  -0.23564E+00   0.40901E+01   0.21791E+04
  175     3.5100  12.0009  -0.15949E+01  -0.28424E+00  -0.23900E+00   0.40882E+01   0.21397E+04
  176     3.5492  12.0246  -0.16105E+01  -0.28763E+00  -0.24239E+00   0.40863E+01   0.21006E+04
  177     3.5888  12.0481  -0.16263E+01  -0.29104E+00  -0.24580E+00   0.40844E+01   0.20615E+04
  178     3.6287  12.0713  -0.16421E+01  -0.29447E+00  -0.24923E+00   0.40826E+01   0.20231E+04
  179     3.6689  12.0942  -0.16580E+01  -0.29793E+00  -0.25269E+00   0.40808E+01   0.19848E+04
  180     3.7095  12.1169  -0.16739E+01  -0.30142E+00  -0.25618E+00   0.40791E+01   0.19467E+04
  181     3.7505  12.1392  -0.16899E+01  -0.30493E+00  -0.25969E+00   0.40774E+01   0.19089E+04
  182     3.7918  12.1612  -0.17061E+01  -0.30846E+00  -0.26322E+00   0.40757E+01   0.18716E+04
  183     3.8334  12.1830  -0.17222E+01  -0.31202E+00  -0.26678E+00   0.40741E+01   0.18347E+04
  184     3.8754  12.2045  -0.17385E+01  -0.31560E+00  -0.27036E+00   0.40725E+01   0.17984E+04
  185     3.9178  12.2257  -0.17548E+01  -0.31920E+00  -0.27396E+00   0.40709E+01   0.17626E+04
  186     3.9606  12.2467  -0.17712E+01  -0.32283E+00  -0.27759E+00   0.40694E+01   0.17273E+04
  187     4.0037  12.2674  -0.17877E+01  -0.32648E+00  -0.28124E+00   0.40680E+01   0.16925E+04
  188     4.0472  12.2878  -0.18043E+01  -0.33016E+00  -0.28492E+00   0.40665E+01   0.16581E+04
  189     4.0911  12.3080  -0.18209E+01  -0.33387E+00  -0.28863E+00   0.40651E+01   0.16240E+04
  190     4.1353  12.3279  -0.18377E+01  -0.33761E+00  -0.29237E+00   0.40638E+01   0.15903E+04
  191     4.1800  12.3476  -0.18545E+01  -0.34137E+00  -0.29613E+00   0.40624E+01   0.15569E+04
  192     4.2250  12.3670  -0.18714E+01  -0.34516E+00  -0.29992E+00   0.40611E+01   0.15237E+04
  193     4.2705  12.3862  -0.18884E+01  -0.34898E+00  -0.30373E+00   0.40598E+01   0.14906E+04
  194     4.3163  12.4051  -0.19054E+01  -0.35281E+00  -0.30757E+00   0.40586E+01   0.14582E+04
  195     4.3625  12.4238  -0.19226E+01  -0.35667E+00  -0.31143E+00   0.40574E+01   0.14263E+04
  196     4.4091  12.4423  -0.19398E+01  -0.36056E+00  -0.31532E+00   0.40562E+01   0.13949E+04
  197     4.4561  12.4605  -0.19570E+01  -0.36446E+00  -0.31922E+00   0.40550E+01   0.13640E+04
  198     4.5036  12.4785  -0.19744E+01  -0.36840E+00  -0.32316E+00   0.40539E+01   0.13335E+04
  199     4.5514  12.4962  -0.19918E+01  -0.37236E+00  -0.32712E+00   0.40528E+01   0.13036E+04
  200     4.5997  12.5138  -0.20094E+01  -0.37635E+00  -0.33111E+00   0.40517E+01   0.12741E+04
  201     4.6484  12.5311  -0.20270E+01  -0.38037E+00  -0.33513E+00   0.40506E+01   0.12450E+04
  202     4.6975  12.5482  -0.20447E+01  -0.38442E+00  -0.33918E+00   0.40496E+01   0.12162E+04
  203     4.7470  12.5650  -0.20625E+01  -0.38849E+00  -0.34325E+00   0.40486E+01   0.11879E+04
  204     4.7970  12.5817  -0.20803E+01  -0.39258E+00  -0.34734E+00   0.40476E+01   0.11600E+04
  205     4.8474  12.5981  -0.20982E+01  -0.39671E+00  -0.35147E+00   0.40466E+01   0.11326E+04
  206     4.8982  12.6144  -0.21162E+01  -0.40086E+00  -0.35562E+00   0.40457E+01   0.11056E+04
  207     4.9495  12.6304  -0.21343E+01  -0.40503E+00  -0.35979E+00   0.40448E+01   0.10792E+04
  208     5.0012  12.6462  -0.21525E+01  -0.40923E+00  -0.36399E+00   0.40439E+01   0.10530E+04
  209     5.0534  12.6619  -0.21708E+01  -0.41347E+00  -0.36823E+00   0.40430E+01   0.10274E+04
  210     5.1060  12.6773  -0.21891E+01  -0.41773E+00  -0.37249E+00   0.40421E+01   0.10022E+04
  211     5.1591  12.6925  -0.22076E+01  -0.42201E+00  -0.37677E+00   0.40413E+01   0.97725E+03
  212     5.2126  12.7076  -0.22261E+01  -0.42633E+00  -0.38109E+00   0.40405E+01   0.95277E+03
  213     5.2667  12.7224  -0.22447E+01  -0.43067E+00  -0.38542E+00   0.40397E+01   0.92881E+03
  214     5.3211  12.7371  -0.22634E+01  -0.43503E+00  -0.38979E+00   0.40389E+01   0.90525E+03
  215     5.3761  12.7515  -0.22821E+01  -0.43942E+00  -0.39418E+00   0.40381E+01   0.88212E+03
  216     5.4315  12.7658  -0.23010E+01  -0.44385E+00  -0.39861E+00   0.40373E+01   0.85949E+03
  217     5.4874  12.7799  -0.23199E+01  -0.44830E+00  -0.40306E+00   0.40366E+01   0.83730E+03
  218     5.5438  12.7938  -0.23389E+01  -0.45277E+00  -0.40753E+00   0.40359E+01   0.81548E+03
  219     5.6007  12.8076  -0.23580E+01  -0.45728E+00  -0.41204E+00   0.40352E+01   0.79405E+03
  220     5.6581  12.8211  -0.23772E+01  -0.46182E+00  -0.41658E+00   0.40345E+01   0.77297E+03
  221     5.7160  12.8345  -0.23965E+01  -0.46639E+00  -0.42114E+00   0.40338E+01   0.75235E+03
  222     5.7744  12.8477  -0.24159E+01  -0.47098E+00  -0.42574E+00   0.40332E+01   0.73205E+03
  223     5.8333  12.8608  -0.24353E+01  -0.47560E+00  -0.43036E+00   0.40325E+01   0.71217E+03
  224     5.8927  12.8737  -0.24549E+01  -0.48024E+00  -0.43500E+00   0.40319E+01   0.69268E+03
  225     5.9526  12.8864  -0.24745E+01  -0.48492E+00  -0.43968E+00   0.40313E+01   0.67369E+03
  226     6.0131  12.8990  -0.24942E+01  -0.48962E+00  -0.44438E+00   0.40307E+01   0.65500E+03
  227     6.0740  12.9114  -0.25140E+01  -0.49436E+00  -0.44912E+00   0.40301E+01   0.63682E+03
  228     6.1355  12.9236  -0.25339E+01  -0.49912E+00  -0.45388E+00   0.40295E+01   0.61901E+03
  229     6.1976  12.9357  -0.25539E+01  -0.50392E+00  -0.45867E+00   0.40290E+01   0.60149E+03
  230     6.2602  12.9476  -0.25739E+01  -0.50874E+00  -0.46350E+00   0.40284E+01   0.58448E+03
  231     6.3233  12.9594  -0.25941E+01  -0.51359E+00  -0.46835E+00   0.40279E+01   0.56770E+03
  232     6.3869  12.9710  -0.26144E+01  -0.51848E+00  -0.47324E+00   0.40274E+01   0.55130E+03
  233     6.4512  12.9825  -0.26347E+01  -0.52339E+00  -0.47815E+00   0.40268E+01   0.53517E+03
  234     6.5159  12.9938  -0.26551E+01  -0.52833E+00  -0.48309E+00   0.40263E+01   0.51950E+03
  235     6.5813  13.0050  -0.26756E+01  -0.53330E+00  -0.48806E+00   0.40258E+01   0.50417E+03
  236     6.6472  13.0160  -0.26962E+01  -0.53830E+00  -0.49306E+00   0.40254E+01   0.48916E+03
  237     6.7137  13.0269  -0.27169E+01  -0.54332E+00  -0.49808E+00   0.40249E+01   0.47460E+03
  238     6.7807  13.0377  -0.27377E+01  -0.54839E+00  -0.50315E+00   0.40244E+01   0.46031E+03
  239     6.8484  13.0483  -0.27586E+01  -0.55348E+00  -0.50824E+00   0.40240E+01   0.44641E+03
  240     6.9166  13.0588  -0.27796E+01  -0.55860E+00  -0.51336E+00   0.40235E+01   0.43292E+03
  241     6.9854  13.0691  -0.28006E+01  -0.56375E+00  -0.51851E+00   0.40231E+01   0.41958E+03
  242     7.0549  13.0794  -0.28218E+01  -0.56894E+00  -0.52370E+00   0.40227E+01   0.40650E+03
  243     7.1249  13.0894  -0.28431E+01  -0.57416E+00  -0.52892E+00   0.40222E+01   0.39387E+03
  244     7.1955  13.0994  -0.28644E+01  -0.57941E+00  -0.53416E+00   0.40218E+01   0.38156E+03
  245     7.2668  13.1092  -0.28858E+01  -0.58467E+00  -0.53943E+00   0.40214E+01   0.36948E+03
  246     7.3387  13.1189  -0.29074E+01  -0.58998E+00  -0.54474E+00   0.40210E+01   0.35770E+03
  247     7.4112  13.1285  -0.29290E+01  -0.59532E+00  -0.55008E+00   0.40207E+01   0.34631E+03
  248     7.4843  13.1380  -0.29507E+01  -0.60069E+00  -0.55545E+00   0.40203E+01   0.33519E+03
  249     7.5580  13.1473  -0.29725E+01  -0.60609E+00  -0.56085E+00   0.40199E+01   0.32433E+03
  250     7.6324  13.1565  -0.29945E+01  -0.61153E+00  -0.56629E+00   0.40196E+01   0.31371E+03
  251     7.7075  13.1656  -0.30165E+01  -0.61700E+00  -0.57176E+00   0.40192E+01   0.30346E+03
  252     7.7832  13.1746  -0.30386E+01  -0.62249E+00  -0.57725E+00   0.40189E+01   0.29342E+03
  253     7.8596  13.1834  -0.30608E+01  -0.62802E+00  -0.58278E+00   0.40185E+01   0.28369E+03
  254     7.9366  13.1922  -0.30831E+01  -0.63358E+00  -0.58834E+00   0.40182E+01   0.27421E+03
  255     8.0143  13.2008  -0.31055E+01  -0.63918E+00  -0.59394E+00   0.40179E+01   0.26498E+03
  256     8.0926  13.2093  -0.31280E+01  -0.64481E+00  -0.59957E+00   0.40176E+01   0.25603E+03
  257     8.1717  13.2178  -0.31506E+01  -0.65047E+00  -0.60523E+00   0.40173E+01   0.24725E+03
  258     8.2514  13.2261  -0.31733E+01  -0.65617E+00  -0.61093E+00   0.40170E+01   0.23875E+03
  259     8.3319  13.2343  -0.31961E+01  -0.66190E+00  -0.61666E+00   0.40167E+01   0.23052E+03
  260     8.4130  13.2424  -0.32190E+01  -0.66765E+00  -0.62241E+00   0.40164E+01   0.22251E+03
  261     8.4948  13.2503  -0.32420E+01  -0.67345E+00  -0.62821E+00   0.40161E+01   0.21473E+03
  262     8.5774  13.2582  -0.32651E+01  -0.67928E+00  -0.63404E+00   0.40158E+01   0.20723E+03
  263     8.6606  13.2660  -0.32883E+01  -0.68514E+00  -0.63990E+00   0.40155E+01   0.19971E+03
  264     8.7446  13.2737  -0.33116E+01  -0.69104E+00  -0.64580E+00   0.40153E+01   0.19269E+03
  265     8.8293  13.2813  -0.33351E+01  -0.69698E+00  -0.65174E+00   0.40150E+01   0.18573E+03
  266     8.9148  13.2888  -0.33585E+01  -0.70290E+00  -0.65766E+00   0.40147E+01   0.17907E+03
  267     9.0010  13.2962  -0.33822E+01  -0.70893E+00  -0.66369E+00   0.40145E+01   0.17252E+03
  268     9.0879  13.3035  -0.34059E+01  -0.71496E+00  -0.66972E+00   0.40142E+01   0.16660E+03
  269     9.1756  13.3107  -0.34297E+01  -0.72103E+00  -0.67579E+00   0.40140E+01   0.16003E+03
  270     9.2641  13.3178  -0.34536E+01  -0.72713E+00  -0.68189E+00   0.40137E+01   0.15415E+03
  271     9.3534  13.3248  -0.34777E+01  -0.73327E+00  -0.68803E+00   0.40135E+01   0.14842E+03
  272     9.4434  13.3317  -0.35018E+01  -0.73944E+00  -0.69420E+00   0.40133E+01   0.14286E+03
  273     9.5342  13.3386  -0.35261E+01  -0.74565E+00  -0.70041E+00   0.40131E+01   0.13746E+03
  274     9.6257  13.3453  -0.35504E+01  -0.75190E+00  -0.70666E+00   0.40128E+01   0.13224E+03
  275     9.7181  13.3520  -0.35749E+01  -0.75818E+00  -0.71294E+00   0.40126E+01   0.12717E+03
  276     9.8113  13.3586  -0.35995E+01  -0.76449E+00  -0.71925E+00   0.40124E+01   0.12227E+03
  277     9.9053  13.3651  -0.36242E+01  -0.77084E+00  -0.72560E+00   0.40122E+01   0.11755E+03
  278    10.0001  13.3715  -0.36489E+01  -0.77723E+00  -0.73199E+00   0.40120E+01   0.11296E+03
  279    10.0957  13.3778  -0.36738E+01  -0.78365E+00  -0.73841E+00   0.40118E+01   0.10854E+03
  280    10.1922  13.3841  -0.36989E+01  -0.79011E+00  -0.74487E+00   0.40116E+01   0.10428E+03
  281    10.2895  13.3902  -0.37240E+01  -0.79661E+00  -0.75137E+00   0.40114E+01   0.10013E+03
  282    10.3877  13.3963  -0.37492E+01  -0.80315E+00  -0.75791E+00   0.40112E+01   0.96176E+02
  283    10.4867  13.4023  -0.37746E+01  -0.80972E+00  -0.76448E+00   0.40110E+01   0.92289E+02
  284    10.5865  13.4083  -0.38000E+01  -0.81633E+00  -0.77109E+00   0.40109E+01   0.88561E+02
  285    10.6873  13.4141  -0.38256E+01  -0.82299E+00  -0.77775E+00   0.40107E+01   0.84955E+02
  286    10.7889  13.4199  -0.38513E+01  -0.82966E+00  -0.78442E+00   0.40105E+01   0.81484E+02
  287    10.8914  13.4256  -0.38771E+01  -0.83639E+00  -0.79115E+00   0.40103E+01   0.78109E+02
  288    10.9947  13.4312  -0.39030E+01  -0.84315E+00  -0.79791E+00   0.40102E+01   0.74905E+02
  289    11.0990  13.4368  -0.39290E+01  -0.84995E+00  -0.80471E+00   0.40100E+01   0.71783E+02
  290    11.2042  13.4423  -0.39551E+01  -0.85678E+00  -0.81154E+00   0.40098E+01   0.68775E+02
  291    11.3103  13.4477  -0.39814E+01  -0.86366E+00  -0.81842E+00   0.40097E+01   0.65875E+02
  292    11.4173  13.4530  -0.40078E+01  -0.87058E+00  -0.82534E+00   0.40095E+01   0.63087E+02
  293    11.5253  13.4583  -0.40343E+01  -0.87754E+00  -0.83229E+00   0.40094E+01   0.60393E+02
  294    11.6342  13.4635  -0.40609E+01  -0.88453E+00  -0.83929E+00   0.40092E+01   0.57799E+02
  295    11.7440  13.4687  -0.40876E+01  -0.89156E+00  -0.84632E+00   0.40091E+01   0.55303E+02
  296    11.8548  13.4738  -0.41145E+01  -0.89864E+00  -0.85340E+00   0.40089E+01   0.52895E+02
  297    11.9666  13.4788  -0.41414E+01  -0.90575E+00  -0.86051E+00   0.40088E+01   0.50593E+02
  298    12.0793  13.4837  -0.41685E+01  -0.91290E+00  -0.86766E+00   0.40087E+01   0.48363E+02
  299    12.1930  13.4886  -0.41958E+01  -0.92010E+00  -0.87486E+00   0.40085E+01   0.46240E+02
  300    12.3077  13.4934  -0.42231E+01  -0.92733E+00  -0.88209E+00   0.40084E+01   0.44165E+02
  301    12.4234  13.4982  -0.42505E+01  -0.93461E+00  -0.88937E+00   0.40083E+01   0.42193E+02
  302    12.5401  13.5029  -0.42781E+01  -0.94193E+00  -0.89669E+00   0.40081E+01   0.40293E+02
  303    12.6578  13.5075  -0.43058E+01  -0.94929E+00  -0.90404E+00   0.40080E+01   0.38464E+02
  304    12.7766  13.5121  -0.43337E+01  -0.95668E+00  -0.91144E+00   0.40079E+01   0.36707E+02
  305    12.8963  13.5166  -0.43616E+01  -0.96412E+00  -0.91888E+00   0.40078E+01   0.35034E+02
  306    13.0172  13.5211  -0.43897E+01  -0.97160E+00  -0.92636E+00   0.40076E+01   0.33424E+02
  307    13.1390  13.5255  -0.44179E+01  -0.97913E+00  -0.93389E+00   0.40075E+01   0.31870E+02
  308    13.2619  13.5298  -0.44462E+01  -0.98670E+00  -0.94146E+00   0.40074E+01   0.30383E+02
  309    13.3859  13.5341  -0.44747E+01  -0.99430E+00  -0.94906E+00   0.40073E+01   0.28963E+02
  310    13.5110  13.5383  -0.45033E+01  -0.10020E+01  -0.95672E+00   0.40072E+01   0.27589E+02
  311    13.6372  13.5425  -0.45320E+01  -0.10097E+01  -0.96441E+00   0.40071E+01   0.26279E+02
  312    13.7644  13.5466  -0.45609E+01  -0.10174E+01  -0.97215E+00   0.40070E+01   0.25023E+02
  313    13.8928  13.5507  -0.45898E+01  -0.10252E+01  -0.97994E+00   0.40069E+01   0.23824E+02
  314    14.0223  13.5547  -0.46189E+01  -0.10330E+01  -0.98776E+00   0.40067E+01   0.22666E+02
  315    14.1529  13.5587  -0.46482E+01  -0.10409E+01  -0.99563E+00   0.40066E+01   0.21565E+02
  316    14.2846  13.5626  -0.46776E+01  -0.10488E+01  -0.10035E+01   0.40065E+01   0.20516E+02
  317    14.4175  13.5665  -0.47071E+01  -0.10567E+01  -0.10115E+01   0.40064E+01   0.19503E+02
  318    14.5515  13.5703  -0.47367E+01  -0.10647E+01  -0.10195E+01   0.40064E+01   0.18538E+02
  319    14.6867  13.5741  -0.47665E+01  -0.10728E+01  -0.10276E+01   0.40063E+01   0.17623E+02
  320    14.8231  13.5778  -0.47964E+01  -0.10809E+01  -0.10356E+01   0.40062E+01   0.16736E+02
  321    14.9607  13.5815  -0.48265E+01  -0.10890E+01  -0.10438E+01   0.40061E+01   0.15890E+02
  322    15.0994  13.5851  -0.48566E+01  -0.10972E+01  -0.10520E+01   0.40060E+01   0.15087E+02
  323    15.2394  13.5887  -0.48870E+01  -0.11054E+01  -0.10602E+01   0.40059E+01   0.14316E+02
  324    15.3806  13.5922  -0.49174E+01  -0.11137E+01  -0.10685E+01   0.40058E+01   0.13585E+02
  325    15.5230  13.5957  -0.49480E+01  -0.11220E+01  -0.10768E+01   0.40057E+01   0.12884E+02
  326    15.6666  13.5991  -0.49788E+01  -0.11304E+01  -0.10852E+01   0.40056E+01   0.12212E+02
  327    15.8115  13.6025  -0.50097E+01  -0.11388E+01  -0.10936E+01   0.40056E+01   0.11580E+02
  328    15.9577  13.6059  -0.50407E+01  -0.11473E+01  -0.11020E+01   0.40055E+01   0.10970E+02
  329    16.1051  13.6092  -0.50718E+01  -0.11558E+01  -0.11106E+01   0.40054E+01   0.10393E+02
  330    16.2538  13.6124  -0.51031E+01  -0.11644E+01  -0.11191E+01   0.40053E+01   0.98431E+01
  331    16.4038  13.6157  -0.51346E+01  -0.11730E+01  -0.11277E+01   0.40052E+01   0.93167E+01
  332    16.5551  13.6188  -0.51662E+01  -0.11816E+01  -0.11364E+01   0.40052E+01   0.88186E+01
  333    16.7078  13.6220  -0.51980E+01  -0.11903E+01  -0.11451E+01   0.40051E+01   0.83366E+01
  334    16.8617  13.6251  -0.52298E+01  -0.11991E+01  -0.11538E+01   0.40050E+01   0.78825E+01
  335    17.0170  13.6281  -0.52619E+01  -0.12079E+01  -0.11626E+01   0.40050E+01   0.74547E+01
  336    17.1736  13.6312  -0.52940E+01  -0.12167E+01  -0.11715E+01   0.40049E+01   0.70465E+01
  337    17.3316  13.6342  -0.53264E+01  -0.12256E+01  -0.11804E+01   0.40048E+01   0.66569E+01
  338    17.4910  13.6371  -0.53589E+01  -0.12346E+01  -0.11893E+01   0.40047E+01   0.62893E+01
  339    17.6518  13.6400  -0.53915E+01  -0.12436E+01  -0.11983E+01   0.40047E+01   0.59349E+01
  340    17.8139  13.6429  -0.54243E+01  -0.12526E+01  -0.12074E+01   0.40046E+01   0.55997E+01
  341    17.9775  13.6457  -0.54572E+01  -0.12617E+01  -0.12165E+01   0.40046E+01   0.52856E+01
  342    18.1425  13.6485  -0.54903E+01  -0.12709E+01  -0.12256E+01   0.40045E+01   0.49835E+01
  343    18.3089  13.6513  -0.55236E+01  -0.12801E+01  -0.12348E+01   0.40044E+01   0.46982E+01
  344    18.4768  13.6540  -0.55570E+01  -0.12893E+01  -0.12441E+01   0.40044E+01   0.44272E+01
  345    18.6461  13.6567  -0.55906E+01  -0.12986E+01  -0.12534E+01   0.40043E+01   0.41697E+01
  346    18.8169  13.6593  -0.56242E+01  -0.13080E+01  -0.12628E+01   0.40042E+01   0.39299E+01
  347    18.9892  13.6619  -0.56581E+01  -0.13174E+01  -0.12722E+01   0.40042E+01   0.36992E+01
  348    19.1630  13.6645  -0.56922E+01  -0.13269E+01  -0.12816E+01   0.40041E+01   0.34807E+01
  349    19.3383  13.6671  -0.57263E+01  -0.13364E+01  -0.12912E+01   0.40041E+01   0.32751E+01
  350    19.5151  13.6696  -0.57607E+01  -0.13460E+01  -0.13007E+01   0.40040E+01   0.30789E+01
  351    19.6934  13.6721  -0.57952E+01  -0.13556E+01  -0.13104E+01   0.40040E+01   0.28960E+01
  352    19.8734  13.6745  -0.58299E+01  -0.13653E+01  -0.13200E+01   0.40039E+01   0.27205E+01
  353    20.0548  13.6770  -0.58647E+01  -0.13750E+01  -0.13298E+01   0.40039E+01   0.25559E+01
  354    20.2379  13.6794  -0.58997E+01  -0.13848E+01  -0.13396E+01   0.40038E+01   0.24003E+01
  355    20.4225  13.6817  -0.59349E+01  -0.13946E+01  -0.13494E+01   0.40038E+01   0.22522E+01
  356    20.6088  13.6840  -0.59702E+01  -0.14045E+01  -0.13593E+01   0.40037E+01   0.21135E+01
  357    20.7966  13.6863  -0.60057E+01  -0.14145E+01  -0.13692E+01   0.40037E+01   0.19825E+01
  358    20.9861  13.6886  -0.60414E+01  -0.14245E+01  -0.13793E+01   0.40036E+01   0.18585E+01
  359    21.1773  13.6909  -0.60772E+01  -0.14346E+01  -0.13893E+01   0.40036E+01   0.17419E+01
  360    21.3701  13.6931  -0.61132E+01  -0.14447E+01  -0.13994E+01   0.40035E+01   0.16322E+01
  361    21.5646  13.6953  -0.61494E+01  -0.14549E+01  -0.14096E+01   0.40035E+01   0.15279E+01
  362    21.7607  13.6974  -0.61857E+01  -0.14651E+01  -0.14198E+01   0.40034E+01   0.14312E+01
  363    21.9586  13.6995  -0.62222E+01  -0.14754E+01  -0.14301E+01   0.40034E+01   0.13392E+01
  364    22.1582  13.7016  -0.62589E+01  -0.14857E+01  -0.14405E+01   0.40033E+01   0.12522E+01
  365    22.3596  13.7037  -0.62958E+01  -0.14961E+01  -0.14509E+01   0.40033E+01   0.11712E+01
  366    22.5626  13.7058  -0.63328E+01  -0.15066E+01  -0.14614E+01   0.40000E+01   0.10955E+01
  367    22.7675  13.7078  -0.63700E+01  -0.15172E+01  -0.14719E+01   0.40000E+01   0.10226E+01
  368    22.9741  13.7098  -0.64076E+01  -0.15278E+01  -0.14826E+01   0.40000E+01   0.95579E+00
  369    23.1825  13.7117  -0.64450E+01  -0.15384E+01  -0.14932E+01   0.40000E+01   0.89193E+00
  370    23.3928  13.7137  -0.64828E+01  -0.15491E+01  -0.15039E+01   0.40000E+01   0.83157E+00
  371    23.6049  13.7156  -0.65206E+01  -0.15598E+01  -0.15146E+01   0.40000E+01   0.77639E+00
  372    23.8188  13.7175  -0.65587E+01  -0.15707E+01  -0.15254E+01   0.40000E+01   0.72412E+00
  373    24.0345  13.7194  -0.65970E+01  -0.15816E+01  -0.15363E+01   0.40000E+01   0.67441E+00
  374    24.2522  13.7212  -0.66356E+01  -0.15926E+01  -0.15473E+01   0.40000E+01   0.62788E+00
  375    24.4717  13.7230  -0.66741E+01  -0.16035E+01  -0.15583E+01   0.40000E+01   0.58480E+00
  376    24.6932  13.7248  -0.67130E+01  -0.16146E+01  -0.15693E+01   0.40000E+01   0.54458E+00
  377    24.9166  13.7266  -0.67520E+01  -0.16257E+01  -0.15805E+01   0.40000E+01   0.50678E+00
  378    25.1419  13.7284  -0.67912E+01  -0.16369E+01  -0.15917E+01   0.40000E+01   0.47139E+00
  379    25.3691  13.7301  -0.68306E+01  -0.16481E+01  -0.16029E+01   0.40000E+01   0.43803E+00
  380    25.5984  13.7318  -0.68702E+01  -0.16595E+01  -0.16142E+01   0.40000E+01   0.40713E+00
  381    25.8296  13.7335  -0.69099E+01  -0.16708E+01  -0.16256E+01   0.40000E+01   0.37820E+00
  382    26.0629  13.7351  -0.69500E+01  -0.16823E+01  -0.16370E+01   0.40000E+01   0.35107E+00
  383    26.2982  13.7368  -0.69901E+01  -0.16938E+01  -0.16486E+01   0.40000E+01   0.32571E+00
  384    26.5355  13.7384  -0.70304E+01  -0.17053E+01  -0.16601E+01   0.40000E+01   0.30212E+00
  385    26.7749  13.7400  -0.70709E+01  -0.17170E+01  -0.16717E+01   0.40000E+01   0.28013E+00
  386    27.0164  13.7416  -0.71117E+01  -0.17287E+01  -0.16834E+01   0.40000E+01   0.25953E+00
  387    27.2599  13.7431  -0.71526E+01  -0.17404E+01  -0.16952E+01   0.40000E+01   0.24065E+00
  388    27.5056  13.7447  -0.71937E+01  -0.17523E+01  -0.17070E+01   0.40000E+01   0.22263E+00
  389    27.7534  13.7462  -0.72350E+01  -0.17641E+01  -0.17189E+01   0.40000E+01   0.20617E+00
  390    28.0034  13.7477  -0.72765E+01  -0.17761E+01  -0.17309E+01   0.40000E+01   0.19061E+00
  391    28.2556  13.7492  -0.73183E+01  -0.17881E+01  -0.17429E+01   0.40000E+01   0.17622E+00
  392    28.5099  13.7506  -0.73601E+01  -0.18002E+01  -0.17550E+01   0.40000E+01   0.16297E+00
  393    28.7665  13.7521  -0.74023E+01  -0.18124E+01  -0.17671E+01   0.40000E+01   0.15051E+00
  394    29.0253  13.7535  -0.74446E+01  -0.18246E+01  -0.17794E+01   0.40000E+01   0.13901E+00
  395    29.2863  13.7549  -0.74870E+01  -0.18369E+01  -0.17916E+01   0.40000E+01   0.12832E+00
  396    29.5496  13.7563  -0.75297E+01  -0.18492E+01  -0.18040E+01   0.40000E+01   0.11834E+00
  397    29.8152  13.7577  -0.75726E+01  -0.18616E+01  -0.18164E+01   0.40000E+01   0.10912E+00
  398    30.0831  13.7590  -0.76157E+01  -0.18741E+01  -0.18289E+01   0.40000E+01   0.10061E+00
  399    30.3534  13.7604  -0.76590E+01  -0.18867E+01  -0.18414E+01   0.40000E+01   0.92647E-01
  400    30.6259  13.7617  -0.77025E+01  -0.18993E+01  -0.18541E+01   0.40000E+01   0.85257E-01
