    1     0.0001   0.0014  -0.15259E-04   0.17602E-05   0.43321E-01   0.64499E+01   0.18159E+04
    2     0.0088   0.1221  -0.27419E-02  -0.24073E-03   0.43079E-01   0.64173E+01   0.38158E+04
    3     0.0176   0.2423  -0.57322E-02  -0.54830E-03   0.42771E-01   0.63859E+01   0.40188E+04
    4     0.0264   0.3621  -0.88620E-02  -0.88587E-03   0.42434E-01   0.63550E+01   0.41577E+04
    5     0.0353   0.4814  -0.12098E-01  -0.12439E-02   0.42075E-01   0.63245E+01   0.42784E+04
    6     0.0443   0.6003  -0.15434E-01  -0.16215E-02   0.41698E-01   0.62944E+01   0.43825E+04
    7     0.0534   0.7188  -0.18856E-01  -0.20142E-02   0.41305E-01   0.62646E+01   0.44738E+04
    8     0.0626   0.8368  -0.22360E-01  -0.24216E-02   0.40898E-01   0.62350E+01   0.45591E+04
    9     0.0718   0.9543  -0.25942E-01  -0.28415E-02   0.40478E-01   0.62058E+01   0.46411E+04
   10     0.0811   1.0713  -0.29600E-01  -0.32745E-02   0.40045E-01   0.61768E+01   0.47177E+04
   11     0.0905   1.1879  -0.33332E-01  -0.37196E-02   0.39600E-01   0.61480E+01   0.47919E+04
   12     0.1000   1.3039  -0.37145E-01  -0.41794E-02   0.39140E-01   0.61195E+01   0.48626E+04
   13     0.1096   1.4195  -0.41017E-01  -0.46469E-02   0.38672E-01   0.60911E+01   0.49307E+04
   14     0.1192   1.5346  -0.44961E-01  -0.51264E-02   0.38193E-01   0.60630E+01   0.49974E+04
   15     0.1290   1.6491  -0.48976E-01  -0.56176E-02   0.37702E-01   0.60351E+01   0.50614E+04
   16     0.1388   1.7632  -0.53060E-01  -0.61203E-02   0.37199E-01   0.60074E+01   0.51270E+04
   17     0.1487   1.8767  -0.57213E-01  -0.66341E-02   0.36685E-01   0.59800E+01   0.51902E+04
   18     0.1587   1.9897  -0.61436E-01  -0.71593E-02   0.36160E-01   0.59527E+01   0.52534E+04
   19     0.1687   2.1021  -0.65727E-01  -0.76964E-02   0.35623E-01   0.59256E+01   0.53131E+04
   20     0.1789   2.2140  -0.70087E-01  -0.82446E-02   0.35075E-01   0.58988E+01   0.53686E+04
   21     0.1891   2.3254  -0.74516E-01  -0.88043E-02   0.34515E-01   0.58722E+01   0.54241E+04
   22     0.1995   2.4362  -0.79013E-01  -0.93758E-02   0.33944E-01   0.58457E+01   0.54788E+04
   23     0.2099   2.5465  -0.83578E-01  -0.99589E-02   0.33360E-01   0.58195E+01   0.55339E+04
   24     0.2204   2.6562  -0.88212E-01  -0.10553E-01   0.32766E-01   0.57934E+01   0.55881E+04
   25     0.2310   2.7653  -0.92914E-01  -0.11160E-01   0.32160E-01   0.57676E+01   0.56410E+04
   26     0.2417   2.8738  -0.97686E-01  -0.11778E-01   0.31541E-01   0.57420E+01   0.56932E+04
   27     0.2525   2.9818  -0.10253E+00  -0.12410E-01   0.30910E-01   0.57166E+01   0.57434E+04
   28     0.2634   3.0892  -0.10744E+00  -0.13053E-01   0.30266E-01   0.56914E+01   0.57935E+04
   29     0.2744   3.1959  -0.11242E+00  -0.13707E-01   0.29612E-01   0.56663E+01   0.58428E+04
   30     0.2855   3.3021  -0.11745E+00  -0.14372E-01   0.28948E-01   0.56415E+01   0.58911E+04
   31     0.2967   3.4077  -0.12259E+00  -0.15057E-01   0.28263E-01   0.56169E+01   0.59376E+04
   32     0.3079   3.5127  -0.12784E+00  -0.15768E-01   0.27551E-01   0.55927E+01   0.59828E+04
   33     0.3193   3.6170  -0.13312E+00  -0.16482E-01   0.26837E-01   0.55686E+01   0.60279E+04
   34     0.3308   3.7207  -0.13844E+00  -0.17197E-01   0.26123E-01   0.55446E+01   0.60723E+04
   35     0.3423   3.8238  -0.14378E+00  -0.17912E-01   0.25407E-01   0.55206E+01   0.61149E+04
   36     0.3540   3.9263  -0.14922E+00  -0.18649E-01   0.24670E-01   0.54969E+01   0.61577E+04
   37     0.3658   4.0281  -0.15478E+00  -0.19413E-01   0.23906E-01   0.54736E+01   0.61985E+04
   38     0.3777   4.1293  -0.16041E+00  -0.20192E-01   0.23128E-01   0.54505E+01   0.62381E+04
   39     0.3896   4.2299  -0.16610E+00  -0.20980E-01   0.22340E-01   0.54276E+01   0.62767E+04
   40     0.4017   4.3298  -0.17186E+00  -0.21782E-01   0.21537E-01   0.54049E+01   0.63146E+04
   41     0.4139   4.4291  -0.17770E+00  -0.22600E-01   0.20720E-01   0.53824E+01   0.63521E+04
   42     0.4262   4.5276  -0.18361E+00  -0.23431E-01   0.19888E-01   0.53601E+01   0.63873E+04
   43     0.4386   4.6256  -0.18959E+00  -0.24278E-01   0.19042E-01   0.53381E+01   0.64177E+04
   44     0.4511   4.7229  -0.19565E+00  -0.25138E-01   0.18182E-01   0.53162E+01   0.64487E+04
   45     0.4637   4.8195  -0.20177E+00  -0.26013E-01   0.17307E-01   0.52946E+01   0.64838E+04
   46     0.4764   4.9154  -0.20798E+00  -0.26902E-01   0.16417E-01   0.52732E+01   0.65178E+04
   47     0.4893   5.0106  -0.21425E+00  -0.27806E-01   0.15513E-01   0.52520E+01   0.65477E+04
   48     0.5022   5.1052  -0.22060E+00  -0.28726E-01   0.14594E-01   0.52310E+01   0.65755E+04
   49     0.5153   5.1991  -0.22702E+00  -0.29660E-01   0.13659E-01   0.52103E+01   0.66024E+04
   50     0.5285   5.2923  -0.23351E+00  -0.30610E-01   0.12710E-01   0.51897E+01   0.66293E+04
   51     0.5417   5.3849  -0.24008E+00  -0.31574E-01   0.11745E-01   0.51694E+01   0.66535E+04
   52     0.5552   5.4767  -0.24672E+00  -0.32554E-01   0.10765E-01   0.51493E+01   0.66772E+04
   53     0.5687   5.5679  -0.25343E+00  -0.33550E-01   0.97691E-02   0.51294E+01   0.67003E+04
   54     0.5823   5.6583  -0.26022E+00  -0.34562E-01   0.87577E-02   0.51097E+01   0.67209E+04
   55     0.5961   5.7481  -0.26709E+00  -0.35589E-01   0.77302E-02   0.50902E+01   0.67410E+04
   56     0.6099   5.8371  -0.27403E+00  -0.36632E-01   0.66873E-02   0.50710E+01   0.67603E+04
   57     0.6239   5.9255  -0.28104E+00  -0.37691E-01   0.56280E-02   0.50520E+01   0.67779E+04
   58     0.6381   6.0132  -0.28813E+00  -0.38767E-01   0.45527E-02   0.50333E+01   0.67946E+04
   59     0.6523   6.1001  -0.29530E+00  -0.39858E-01   0.34612E-02   0.50147E+01   0.68100E+04
   60     0.6667   6.1864  -0.30254E+00  -0.40967E-01   0.23528E-02   0.49963E+01   0.68239E+04
   61     0.6812   6.2719  -0.30985E+00  -0.42091E-01   0.12282E-02   0.49782E+01   0.68368E+04
   62     0.6958   6.3568  -0.31724E+00  -0.43233E-01   0.86620E-04   0.49603E+01   0.68481E+04
   63     0.7105   6.4409  -0.32471E+00  -0.44390E-01  -0.10710E-02   0.49427E+01   0.68589E+04
   64     0.7254   6.5244  -0.33225E+00  -0.45565E-01  -0.22456E-02   0.49252E+01   0.68672E+04
   65     0.7404   6.6071  -0.33987E+00  -0.46756E-01  -0.34367E-02   0.49080E+01   0.68749E+04
   66     0.7555   6.6891  -0.34756E+00  -0.47964E-01  -0.46449E-02   0.48910E+01   0.68809E+04
   67     0.7708   6.7704  -0.35534E+00  -0.49190E-01  -0.58703E-02   0.48743E+01   0.68855E+04
   68     0.7862   6.8511  -0.36318E+00  -0.50433E-01  -0.71132E-02   0.48577E+01   0.68888E+04
   69     0.8017   6.9310  -0.37111E+00  -0.51693E-01  -0.83738E-02   0.48414E+01   0.68905E+04
   70     0.8174   7.0102  -0.37911E+00  -0.52971E-01  -0.96516E-02   0.48253E+01   0.68909E+04
   71     0.8332   7.0886  -0.38719E+00  -0.54266E-01  -0.10947E-01   0.48095E+01   0.68902E+04
   72     0.8491   7.1664  -0.39534E+00  -0.55579E-01  -0.12260E-01   0.47938E+01   0.68878E+04
   73     0.8652   7.2435  -0.40357E+00  -0.56909E-01  -0.13589E-01   0.47784E+01   0.68844E+04
   74     0.8814   7.3199  -0.41187E+00  -0.58255E-01  -0.14936E-01   0.47632E+01   0.68796E+04
   75     0.8977   7.3956  -0.42025E+00  -0.59619E-01  -0.16299E-01   0.47483E+01   0.68734E+04
   76     0.9142   7.4705  -0.42870E+00  -0.60999E-01  -0.17680E-01   0.47335E+01   0.68662E+04
   77     0.9309   7.5448  -0.43722E+00  -0.62396E-01  -0.19077E-01   0.47190E+01   0.68576E+04
   78     0.9477   7.6184  -0.44582E+00  -0.63811E-01  -0.20492E-01   0.47046E+01   0.68479E+04
   79     0.9646   7.6913  -0.45449E+00  -0.65244E-01  -0.21924E-01   0.46906E+01   0.68369E+04
   80     0.9817   7.7635  -0.46324E+00  -0.66694E-01  -0.23375E-01   0.46767E+01   0.68247E+04
   81     0.9989   7.8350  -0.47207E+00  -0.68162E-01  -0.24843E-01   0.46630E+01   0.68119E+04
   82     1.0163   7.9058  -0.48097E+00  -0.69649E-01  -0.26330E-01   0.46496E+01   0.67975E+04
   83     1.0338   7.9759  -0.48995E+00  -0.71155E-01  -0.27835E-01   0.46364E+01   0.67818E+04
   84     1.0515   8.0453  -0.49901E+00  -0.72679E-01  -0.29360E-01   0.46233E+01   0.67648E+04
   85     1.0693   8.1141  -0.50815E+00  -0.74223E-01  -0.30903E-01   0.46105E+01   0.67469E+04
   86     1.0873   8.1821  -0.51736E+00  -0.75786E-01  -0.32466E-01   0.45979E+01   0.67274E+04
   87     1.1055   8.2495  -0.52665E+00  -0.77367E-01  -0.34048E-01   0.45856E+01   0.67069E+04
   88     1.1238   8.3162  -0.53602E+00  -0.78968E-01  -0.35649E-01   0.45734E+01   0.66847E+04
   89     1.1423   8.3823  -0.54547E+00  -0.80587E-01  -0.37267E-01   0.45614E+01   0.66615E+04
   90     1.1609   8.4477  -0.55499E+00  -0.82224E-01  -0.38905E-01   0.45497E+01   0.66372E+04
   91     1.1797   8.5124  -0.56458E+00  -0.83880E-01  -0.40561E-01   0.45381E+01   0.66111E+04
   92     1.1986   8.5764  -0.57425E+00  -0.85554E-01  -0.42235E-01   0.45267E+01   0.65838E+04
   93     1.2177   8.6398  -0.58399E+00  -0.87247E-01  -0.43927E-01   0.45156E+01   0.65549E+04
   94     1.2370   8.7025  -0.59381E+00  -0.88957E-01  -0.45638E-01   0.45046E+01   0.65256E+04
   95     1.2565   8.7646  -0.60369E+00  -0.90686E-01  -0.47367E-01   0.44939E+01   0.64953E+04
   96     1.2761   8.8260  -0.61366E+00  -0.92434E-01  -0.49114E-01   0.44833E+01   0.64636E+04
   97     1.2959   8.8868  -0.62370E+00  -0.94201E-01  -0.50881E-01   0.44729E+01   0.64313E+04
   98     1.3158   8.9469  -0.63381E+00  -0.95985E-01  -0.52665E-01   0.44628E+01   0.63980E+04
   99     1.3360   9.0065  -0.64399E+00  -0.97788E-01  -0.54468E-01   0.44528E+01   0.63639E+04
  100     1.3563   9.0653  -0.65425E+00  -0.99610E-01  -0.56290E-01   0.44430E+01   0.63290E+04
  101     1.3767   9.1236  -0.66458E+00  -0.10145E+00  -0.58132E-01   0.44334E+01   0.62934E+04
  102     1.3974   9.1812  -0.67499E+00  -0.10331E+00  -0.59994E-01   0.44240E+01   0.62566E+04
  103     1.4183   9.2382  -0.68548E+00  -0.10520E+00  -0.61876E-01   0.44147E+01   0.62190E+04
  104     1.4393   9.2945  -0.69605E+00  -0.10710E+00  -0.63778E-01   0.44057E+01   0.61806E+04
  105     1.4605   9.3503  -0.70669E+00  -0.10902E+00  -0.65701E-01   0.43968E+01   0.61413E+04
  106     1.4819   9.4054  -0.71741E+00  -0.11096E+00  -0.67644E-01   0.43881E+01   0.61012E+04
  107     1.5035   9.4600  -0.72820E+00  -0.11293E+00  -0.69606E-01   0.43796E+01   0.60602E+04
  108     1.5252   9.5139  -0.73907E+00  -0.11491E+00  -0.71589E-01   0.43712E+01   0.60180E+04
  109     1.5472   9.5673  -0.75001E+00  -0.11691E+00  -0.73591E-01   0.43630E+01   0.59749E+04
  110     1.5693   9.6200  -0.76103E+00  -0.11893E+00  -0.75613E-01   0.43550E+01   0.59308E+04
  111     1.5917   9.6722  -0.77212E+00  -0.12097E+00  -0.77655E-01   0.43471E+01   0.58857E+04
  112     1.6142   9.7238  -0.78329E+00  -0.12304E+00  -0.79717E-01   0.43394E+01   0.58397E+04
  113     1.6369   9.7748  -0.79453E+00  -0.12512E+00  -0.81798E-01   0.43319E+01   0.57932E+04
  114     1.6598   9.8252  -0.80584E+00  -0.12722E+00  -0.83900E-01   0.43245E+01   0.57460E+04
  115     1.6830   9.8751  -0.81723E+00  -0.12934E+00  -0.86021E-01   0.43173E+01   0.56984E+04
  116     1.7063   9.9244  -0.82868E+00  -0.13148E+00  -0.88161E-01   0.43102E+01   0.56501E+04
  117     1.7298   9.9731  -0.84021E+00  -0.13364E+00  -0.90321E-01   0.43033E+01   0.56014E+04
  118     1.7536  10.0213  -0.85181E+00  -0.13582E+00  -0.92501E-01   0.42965E+01   0.55508E+04
  119     1.7775  10.0689  -0.86349E+00  -0.13802E+00  -0.94701E-01   0.42899E+01   0.54999E+04
  120     1.8016  10.1160  -0.87524E+00  -0.14024E+00  -0.96923E-01   0.42834E+01   0.54496E+04
  121     1.8260  10.1626  -0.88707E+00  -0.14249E+00  -0.99166E-01   0.42770E+01   0.53990E+04
  122     1.8506  10.2086  -0.89897E+00  -0.14475E+00  -0.10143E+00   0.42708E+01   0.53483E+04
  123     1.8753  10.2541  -0.91094E+00  -0.14703E+00  -0.10371E+00   0.42647E+01   0.52973E+04
  124     1.9003  10.2990  -0.92297E+00  -0.14933E+00  -0.10601E+00   0.42588E+01   0.52456E+04
  125     1.9256  10.3434  -0.93507E+00  -0.15165E+00  -0.10833E+00   0.42529E+01   0.51935E+04
  126     1.9510  10.3873  -0.94727E+00  -0.15400E+00  -0.11068E+00   0.42473E+01   0.51402E+04
  127     1.9766  10.4307  -0.95955E+00  -0.15637E+00  -0.11305E+00   0.42417E+01   0.50869E+04
  128     2.0025  10.4736  -0.97190E+00  -0.15876E+00  -0.11544E+00   0.42363E+01   0.50328E+04
  129     2.0286  10.5160  -0.98433E+00  -0.16117E+00  -0.11785E+00   0.42310E+01   0.49793E+04
  130     2.0550  10.5579  -0.99683E+00  -0.16360E+00  -0.12029E+00   0.42258E+01   0.49256E+04
  131     2.0815  10.5993  -0.10094E+01  -0.16606E+00  -0.12274E+00   0.42207E+01   0.48704E+04
  132     2.1083  10.6402  -0.10220E+01  -0.16853E+00  -0.12521E+00   0.42158E+01   0.48151E+04
  133     2.1353  10.6806  -0.10347E+01  -0.17103E+00  -0.12771E+00   0.42109E+01   0.47593E+04
  134     2.1626  10.7205  -0.10475E+01  -0.17354E+00  -0.13022E+00   0.42062E+01   0.47034E+04
  135     2.1901  10.7600  -0.10604E+01  -0.17608E+00  -0.13276E+00   0.42015E+01   0.46478E+04
  136     2.2178  10.7990  -0.10733E+01  -0.17863E+00  -0.13531E+00   0.41970E+01   0.45918E+04
  137     2.2458  10.8375  -0.10863E+01  -0.18121E+00  -0.13789E+00   0.41926E+01   0.45358E+04
  138     2.2740  10.8756  -0.10994E+01  -0.18381E+00  -0.14050E+00   0.41883E+01   0.44799E+04
  139     2.3025  10.9132  -0.11125E+01  -0.18644E+00  -0.14312E+00   0.41840E+01   0.44238E+04
  140     2.3312  10.9504  -0.11258E+01  -0.18908E+00  -0.14576E+00   0.41799E+01   0.43679E+04
  141     2.3602  10.9871  -0.11391E+01  -0.19175E+00  -0.14843E+00   0.41759E+01   0.43116E+04
  142     2.3894  11.0234  -0.11525E+01  -0.19444E+00  -0.15112E+00   0.41719E+01   0.42552E+04
  143     2.4188  11.0592  -0.11659E+01  -0.19715E+00  -0.15383E+00   0.41681E+01   0.41990E+04
  144     2.4486  11.0946  -0.11794E+01  -0.19988E+00  -0.15656E+00   0.41643E+01   0.41424E+04
  145     2.4785  11.1296  -0.11930E+01  -0.20264E+00  -0.15932E+00   0.41607E+01   0.40860E+04
  146     2.5088  11.1641  -0.12067E+01  -0.20541E+00  -0.16209E+00   0.41571E+01   0.40296E+04
  147     2.5393  11.1982  -0.12204E+01  -0.20821E+00  -0.16489E+00   0.41536E+01   0.39732E+04
  148     2.5701  11.2320  -0.12342E+01  -0.21103E+00  -0.16771E+00   0.41502E+01   0.39171E+04
  149     2.6011  11.2653  -0.12481E+01  -0.21388E+00  -0.17056E+00   0.41468E+01   0.38612E+04
  150     2.6324  11.2982  -0.12621E+01  -0.21674E+00  -0.17342E+00   0.41436E+01   0.38056E+04
  151     2.6640  11.3306  -0.12761E+01  -0.21963E+00  -0.17631E+00   0.41404E+01   0.37501E+04
  152     2.6958  11.3627  -0.12902E+01  -0.22254E+00  -0.17922E+00   0.41373E+01   0.36948E+04
  153     2.7280  11.3944  -0.13044E+01  -0.22547E+00  -0.18215E+00   0.41342E+01   0.36394E+04
  154     2.7604  11.4258  -0.13187E+01  -0.22843E+00  -0.18511E+00   0.41313E+01   0.35842E+04
  155     2.7931  11.4567  -0.13330E+01  -0.23141E+00  -0.18809E+00   0.41284E+01   0.35291E+04
  156     2.8260  11.4872  -0.13474E+01  -0.23441E+00  -0.19109E+00   0.41255E+01   0.34742E+04
  157     2.8593  11.5174  -0.13619E+01  -0.23744E+00  -0.19412E+00   0.41228E+01   0.34195E+04
  158     2.8929  11.5472  -0.13764E+01  -0.24048E+00  -0.19716E+00   0.41201E+01   0.33650E+04
  159     2.9267  11.5766  -0.13911E+01  -0.24355E+00  -0.20023E+00   0.41175E+01   0.33110E+04
  160     2.9608  11.6057  -0.14058E+01  -0.24664E+00  -0.20332E+00   0.41149E+01   0.32571E+04
  161     2.9953  11.6344  -0.14205E+01  -0.24975E+00  -0.20644E+00   0.41124E+01   0.32038E+04
  162     3.0300  11.6628  -0.14354E+01  -0.25289E+00  -0.20957E+00   0.41099E+01   0.31508E+04
  163     3.0651  11.6908  -0.14503E+01  -0.25605E+00  -0.21273E+00   0.41075E+01   0.30982E+04
  164     3.1004  11.7184  -0.14653E+01  -0.25924E+00  -0.21592E+00   0.41052E+01   0.30460E+04
  165     3.1360  11.7458  -0.14804E+01  -0.26245E+00  -0.21913E+00   0.41029E+01   0.29942E+04
  166     3.1720  11.7727  -0.14955E+01  -0.26568E+00  -0.22236E+00   0.41007E+01   0.29427E+04
  167     3.2083  11.7994  -0.15108E+01  -0.26894E+00  -0.22562E+00   0.40985E+01   0.28912E+04
  168     3.2449  11.8257  -0.15261E+01  -0.27222E+00  -0.22890E+00   0.40964E+01   0.28402E+04
  169     3.2818  11.8517  -0.15414E+01  -0.27552E+00  -0.23220E+00   0.40943E+01   0.27893E+04
  170     3.3190  11.8773  -0.15569E+01  -0.27885E+00  -0.23553E+00   0.40923E+01   0.27389E+04
  171     3.3565  11.9026  -0.15724E+01  -0.28220E+00  -0.23888E+00   0.40903E+01   0.26891E+04
  172     3.3944  11.9277  -0.15880E+01  -0.28557E+00  -0.24225E+00   0.40883E+01   0.26397E+04
  173     3.4326  11.9524  -0.16037E+01  -0.28897E+00  -0.24565E+00   0.40865E+01   0.25907E+04
  174     3.4712  11.9768  -0.16194E+01  -0.29239E+00  -0.24907E+00   0.40846E+01   0.25422E+04
  175     3.5100  12.0009  -0.16353E+01  -0.29583E+00  -0.25251E+00   0.40828E+01   0.24944E+04
  176     3.5492  12.0246  -0.16511E+01  -0.29930E+00  -0.25598E+00   0.40810E+01   0.24472E+04
  177     3.5888  12.0481  -0.16671E+01  -0.30280E+00  -0.25948E+00   0.40793E+01   0.24004E+04
  178     3.6287  12.0713  -0.16832E+01  -0.30631E+00  -0.26299E+00   0.40776E+01   0.23540E+04
  179     3.6689  12.0942  -0.16993E+01  -0.30985E+00  -0.26654E+00   0.40760E+01   0.23081E+04
  180     3.7095  12.1169  -0.17155E+01  -0.31342E+00  -0.27010E+00   0.40744E+01   0.22626E+04
  181     3.7505  12.1392  -0.17318E+01  -0.31702E+00  -0.27370E+00   0.40728E+01   0.22175E+04
  182     3.7918  12.1612  -0.17482E+01  -0.32063E+00  -0.27732E+00   0.40713E+01   0.21730E+04
  183     3.8334  12.1830  -0.17646E+01  -0.32428E+00  -0.28096E+00   0.40698E+01   0.21286E+04
  184     3.8754  12.2045  -0.17811E+01  -0.32794E+00  -0.28462E+00   0.40684E+01   0.20849E+04
  185     3.9178  12.2257  -0.17977E+01  -0.33163E+00  -0.28831E+00   0.40669E+01   0.20414E+04
  186     3.9606  12.2467  -0.18144E+01  -0.33535E+00  -0.29203E+00   0.40655E+01   0.19987E+04
  187     4.0037  12.2674  -0.18312E+01  -0.33909E+00  -0.29577E+00   0.40642E+01   0.19566E+04
  188     4.0472  12.2878  -0.18480E+01  -0.34285E+00  -0.29953E+00   0.40629E+01   0.19153E+04
  189     4.0911  12.3080  -0.18649E+01  -0.34663E+00  -0.30331E+00   0.40616E+01   0.18745E+04
  190     4.1353  12.3279  -0.18818E+01  -0.35044E+00  -0.30712E+00   0.40603E+01   0.18346E+04
  191     4.1800  12.3476  -0.18989E+01  -0.35428E+00  -0.31096E+00   0.40590E+01   0.17951E+04
  192     4.2250  12.3670  -0.19160E+01  -0.35815E+00  -0.31483E+00   0.40578E+01   0.17560E+04
  193     4.2705  12.3862  -0.19332E+01  -0.36204E+00  -0.31872E+00   0.40566E+01   0.17175E+04
  194     4.3163  12.4051  -0.19506E+01  -0.36597E+00  -0.32265E+00   0.40555E+01   0.16793E+04
  195     4.3625  12.4238  -0.19679E+01  -0.36991E+00  -0.32659E+00   0.40544E+01   0.16416E+04
  196     4.4091  12.4423  -0.19854E+01  -0.37388E+00  -0.33056E+00   0.40533E+01   0.16040E+04
  197     4.4561  12.4605  -0.20029E+01  -0.37788E+00  -0.33456E+00   0.40522E+01   0.15672E+04
  198     4.5036  12.4785  -0.20206E+01  -0.38190E+00  -0.33858E+00   0.40511E+01   0.15309E+04
  199     4.5514  12.4962  -0.20382E+01  -0.38594E+00  -0.34262E+00   0.40501E+01   0.14953E+04
  200     4.5997  12.5138  -0.20560E+01  -0.39000E+00  -0.34669E+00   0.40491E+01   0.14605E+04
  201     4.6484  12.5311  -0.20738E+01  -0.39410E+00  -0.35078E+00   0.40481E+01   0.14261E+04
  202     4.6975  12.5482  -0.20918E+01  -0.39822E+00  -0.35491E+00   0.40471E+01   0.13923E+04
  203     4.7470  12.5650  -0.21098E+01  -0.40238E+00  -0.35906E+00   0.40462E+01   0.13592E+04
  204     4.7970  12.5817  -0.21279E+01  -0.40655E+00  -0.36323E+00   0.40453E+01   0.13266E+04
  205     4.8474  12.5981  -0.21461E+01  -0.41076E+00  -0.36744E+00   0.40444E+01   0.12944E+04
  206     4.8982  12.6144  -0.21643E+01  -0.41499E+00  -0.37167E+00   0.40435E+01   0.12626E+04
  207     4.9495  12.6304  -0.21827E+01  -0.41924E+00  -0.37592E+00   0.40426E+01   0.12315E+04
  208     5.0012  12.6462  -0.22011E+01  -0.42352E+00  -0.38020E+00   0.40418E+01   0.12009E+04
  209     5.0534  12.6619  -0.22196E+01  -0.42783E+00  -0.38451E+00   0.40410E+01   0.11709E+04
  210     5.1060  12.6773  -0.22382E+01  -0.43217E+00  -0.38885E+00   0.40402E+01   0.11415E+04
  211     5.1591  12.6925  -0.22568E+01  -0.43653E+00  -0.39321E+00   0.40394E+01   0.11125E+04
  212     5.2126  12.7076  -0.22756E+01  -0.44092E+00  -0.39760E+00   0.40386E+01   0.10840E+04
  213     5.2667  12.7224  -0.22944E+01  -0.44534E+00  -0.40202E+00   0.40379E+01   0.10561E+04
  214     5.3211  12.7371  -0.23134E+01  -0.44979E+00  -0.40647E+00   0.40371E+01   0.10287E+04
  215     5.3761  12.7515  -0.23324E+01  -0.45427E+00  -0.41095E+00   0.40364E+01   0.10017E+04
  216     5.4315  12.7658  -0.23514E+01  -0.45876E+00  -0.41544E+00   0.40357E+01   0.97530E+03
  217     5.4874  12.7799  -0.23706E+01  -0.46329E+00  -0.41997E+00   0.40350E+01   0.94937E+03
  218     5.5438  12.7938  -0.23899E+01  -0.46785E+00  -0.42453E+00   0.40343E+01   0.92404E+03
  219     5.6007  12.8076  -0.24092E+01  -0.47243E+00  -0.42911E+00   0.40337E+01   0.89930E+03
  220     5.6581  12.8211  -0.24286E+01  -0.47704E+00  -0.43372E+00   0.40330E+01   0.87496E+03
  221     5.7160  12.8345  -0.24481E+01  -0.48168E+00  -0.43836E+00   0.40324E+01   0.85114E+03
  222     5.7744  12.8477  -0.24677E+01  -0.48635E+00  -0.44303E+00   0.40318E+01   0.82775E+03
  223     5.8333  12.8608  -0.24874E+01  -0.49105E+00  -0.44773E+00   0.40312E+01   0.80478E+03
  224     5.8927  12.8737  -0.25072E+01  -0.49577E+00  -0.45246E+00   0.40306E+01   0.78231E+03
  225     5.9526  12.8864  -0.25270E+01  -0.50053E+00  -0.45721E+00   0.40300E+01   0.76032E+03
  226     6.0131  12.8990  -0.25470E+01  -0.50531E+00  -0.46199E+00   0.40294E+01   0.73876E+03
  227     6.0740  12.9114  -0.25670E+01  -0.51012E+00  -0.46680E+00   0.40289E+01   0.71772E+03
  228     6.1355  12.9236  -0.25871E+01  -0.51496E+00  -0.47164E+00   0.40283E+01   0.69715E+03
  229     6.1976  12.9357  -0.26073E+01  -0.51982E+00  -0.47650E+00   0.40278E+01   0.67701E+03
  230     6.2602  12.9476  -0.26276E+01  -0.52472E+00  -0.48140E+00   0.40273E+01   0.65745E+03
  231     6.3233  12.9594  -0.26480E+01  -0.52965E+00  -0.48633E+00   0.40268E+01   0.63828E+03
  232     6.3869  12.9710  -0.26685E+01  -0.53460E+00  -0.49128E+00   0.40263E+01   0.61961E+03
  233     6.4512  12.9825  -0.26890E+01  -0.53959E+00  -0.49627E+00   0.40258E+01   0.60121E+03
  234     6.5159  12.9938  -0.27097E+01  -0.54461E+00  -0.50129E+00   0.40253E+01   0.58322E+03
  235     6.5813  13.0050  -0.27304E+01  -0.54966E+00  -0.50634E+00   0.40249E+01   0.56568E+03
  236     6.6472  13.0160  -0.27513E+01  -0.55474E+00  -0.51142E+00   0.40244E+01   0.54843E+03
  237     6.7137  13.0269  -0.27722E+01  -0.55984E+00  -0.51652E+00   0.40240E+01   0.53176E+03
  238     6.7807  13.0377  -0.27932E+01  -0.56497E+00  -0.52165E+00   0.40235E+01   0.51543E+03
  239     6.8484  13.0483  -0.28143E+01  -0.57013E+00  -0.52681E+00   0.40231E+01   0.49953E+03
  240     6.9166  13.0588  -0.28355E+01  -0.57533E+00  -0.53201E+00   0.40227E+01   0.48404E+03
  241     6.9854  13.0691  -0.28568E+01  -0.58055E+00  -0.53723E+00   0.40223E+01   0.46895E+03
  242     7.0549  13.0794  -0.28781E+01  -0.58581E+00  -0.54249E+00   0.40219E+01   0.45429E+03
  243     7.1249  13.0894  -0.28996E+01  -0.59110E+00  -0.54778E+00   0.40215E+01   0.43989E+03
  244     7.1955  13.0994  -0.29212E+01  -0.59642E+00  -0.55310E+00   0.40211E+01   0.42580E+03
  245     7.2668  13.1092  -0.29429E+01  -0.60177E+00  -0.55845E+00   0.40207E+01   0.41207E+03
  246     7.3387  13.1189  -0.29646E+01  -0.60716E+00  -0.56384E+00   0.40203E+01   0.39876E+03
  247     7.4112  13.1285  -0.29864E+01  -0.61256E+00  -0.56924E+00   0.40200E+01   0.38583E+03
  248     7.4843  13.1380  -0.30084E+01  -0.61800E+00  -0.57468E+00   0.40196E+01   0.37313E+03
  249     7.5580  13.1473  -0.30304E+01  -0.62348E+00  -0.58016E+00   0.40193E+01   0.36086E+03
  250     7.6324  13.1565  -0.30526E+01  -0.62898E+00  -0.58566E+00   0.40189E+01   0.34895E+03
  251     7.7075  13.1656  -0.30748E+01  -0.63452E+00  -0.59120E+00   0.40186E+01   0.33732E+03
  252     7.7832  13.1746  -0.30971E+01  -0.64009E+00  -0.59678E+00   0.40183E+01   0.32594E+03
  253     7.8596  13.1834  -0.31195E+01  -0.64569E+00  -0.60238E+00   0.40179E+01   0.31496E+03
  254     7.9366  13.1922  -0.31421E+01  -0.65133E+00  -0.60801E+00   0.40176E+01   0.30424E+03
  255     8.0143  13.2008  -0.31647E+01  -0.65699E+00  -0.61367E+00   0.40173E+01   0.29386E+03
  256     8.0926  13.2093  -0.31874E+01  -0.66269E+00  -0.61937E+00   0.40170E+01   0.28377E+03
  257     8.1717  13.2178  -0.32102E+01  -0.66843E+00  -0.62511E+00   0.40167E+01   0.27391E+03
  258     8.2514  13.2261  -0.32331E+01  -0.67419E+00  -0.63088E+00   0.40164E+01   0.26437E+03
  259     8.3319  13.2343  -0.32561E+01  -0.67999E+00  -0.63667E+00   0.40161E+01   0.25511E+03
  260     8.4130  13.2424  -0.32793E+01  -0.68582E+00  -0.64251E+00   0.40159E+01   0.24608E+03
  261     8.4948  13.2503  -0.33025E+01  -0.69169E+00  -0.64837E+00   0.40156E+01   0.23733E+03
  262     8.5774  13.2582  -0.33258E+01  -0.69758E+00  -0.65427E+00   0.40153E+01   0.22886E+03
  263     8.6606  13.2660  -0.33492E+01  -0.70352E+00  -0.66020E+00   0.40151E+01   0.22061E+03
  264     8.7446  13.2737  -0.33727E+01  -0.70949E+00  -0.66617E+00   0.40148E+01   0.21228E+03
  265     8.8293  13.2813  -0.33963E+01  -0.71548E+00  -0.67217E+00   0.40145E+01   0.20498E+03
  266     8.9148  13.2888  -0.34201E+01  -0.72152E+00  -0.67820E+00   0.40143E+01   0.19741E+03
  267     9.0010  13.2962  -0.34437E+01  -0.72751E+00  -0.68419E+00   0.40140E+01   0.19019E+03
  268     9.0879  13.3035  -0.34679E+01  -0.73371E+00  -0.69039E+00   0.40138E+01   0.18300E+03
  269     9.1756  13.3107  -0.34919E+01  -0.73983E+00  -0.69651E+00   0.40136E+01   0.17611E+03
  270     9.2641  13.3178  -0.35160E+01  -0.74600E+00  -0.70268E+00   0.40134E+01   0.16991E+03
  271     9.3534  13.3248  -0.35402E+01  -0.75220E+00  -0.70888E+00   0.40131E+01   0.16316E+03
  272     9.4434  13.3317  -0.35646E+01  -0.75844E+00  -0.71512E+00   0.40129E+01   0.15697E+03
  273     9.5342  13.3386  -0.35891E+01  -0.76472E+00  -0.72140E+00   0.40127E+01   0.15096E+03
  274     9.6257  13.3453  -0.36136E+01  -0.77104E+00  -0.72772E+00   0.40125E+01   0.14517E+03
  275     9.7181  13.3520  -0.36383E+01  -0.77739E+00  -0.73407E+00   0.40123E+01   0.13953E+03
  276     9.8113  13.3586  -0.36631E+01  -0.78377E+00  -0.74045E+00   0.40121E+01   0.13409E+03
  277     9.9053  13.3651  -0.36880E+01  -0.79019E+00  -0.74687E+00   0.40119E+01   0.12884E+03
  278    10.0001  13.3715  -0.37130E+01  -0.79665E+00  -0.75333E+00   0.40117E+01   0.12373E+03
  279    10.0957  13.3778  -0.37381E+01  -0.80314E+00  -0.75982E+00   0.40115E+01   0.11884E+03
  280    10.1922  13.3841  -0.37633E+01  -0.80967E+00  -0.76635E+00   0.40113E+01   0.11412E+03
  281    10.2895  13.3902  -0.37886E+01  -0.81624E+00  -0.77292E+00   0.40111E+01   0.10952E+03
  282    10.3877  13.3963  -0.38140E+01  -0.82284E+00  -0.77952E+00   0.40109E+01   0.10511E+03
  283    10.4867  13.4023  -0.38396E+01  -0.82948E+00  -0.78616E+00   0.40108E+01   0.10083E+03
  284    10.5865  13.4083  -0.38652E+01  -0.83616E+00  -0.79284E+00   0.40106E+01   0.96703E+02
  285    10.6873  13.4141  -0.38910E+01  -0.84287E+00  -0.79955E+00   0.40104E+01   0.92726E+02
  286    10.7889  13.4199  -0.39169E+01  -0.84963E+00  -0.80631E+00   0.40102E+01   0.88881E+02
  287    10.8914  13.4256  -0.39429E+01  -0.85641E+00  -0.81309E+00   0.40101E+01   0.85186E+02
  288    10.9947  13.4312  -0.39690E+01  -0.86324E+00  -0.81992E+00   0.40099E+01   0.81630E+02
  289    11.0990  13.4368  -0.39952E+01  -0.87011E+00  -0.82679E+00   0.40098E+01   0.78192E+02
  290    11.2042  13.4423  -0.40216E+01  -0.87702E+00  -0.83370E+00   0.40096E+01   0.74870E+02
  291    11.3103  13.4477  -0.40480E+01  -0.88396E+00  -0.84064E+00   0.40094E+01   0.71674E+02
  292    11.4173  13.4530  -0.40746E+01  -0.89095E+00  -0.84763E+00   0.40093E+01   0.68607E+02
  293    11.5253  13.4583  -0.41013E+01  -0.89797E+00  -0.85465E+00   0.40092E+01   0.65648E+02
  294    11.6342  13.4635  -0.41281E+01  -0.90503E+00  -0.86171E+00   0.40090E+01   0.62798E+02
  295    11.7440  13.4687  -0.41551E+01  -0.91213E+00  -0.86881E+00   0.40089E+01   0.60059E+02
  296    11.8548  13.4738  -0.41821E+01  -0.91927E+00  -0.87595E+00   0.40087E+01   0.57420E+02
  297    11.9666  13.4788  -0.42093E+01  -0.92645E+00  -0.88313E+00   0.40086E+01   0.54870E+02
  298    12.0793  13.4837  -0.42366E+01  -0.93367E+00  -0.89035E+00   0.40085E+01   0.52442E+02
  299    12.1930  13.4886  -0.42640E+01  -0.94093E+00  -0.89761E+00   0.40083E+01   0.50102E+02
  300    12.3077  13.4934  -0.42915E+01  -0.94823E+00  -0.90491E+00   0.40082E+01   0.47835E+02
  301    12.4234  13.4982  -0.43192E+01  -0.95558E+00  -0.91226E+00   0.40081E+01   0.45680E+02
  302    12.5401  13.5029  -0.43470E+01  -0.96296E+00  -0.91964E+00   0.40079E+01   0.43606E+02
  303    12.6578  13.5075  -0.43749E+01  -0.97039E+00  -0.92707E+00   0.40078E+01   0.41604E+02
  304    12.7766  13.5121  -0.44029E+01  -0.97785E+00  -0.93453E+00   0.40077E+01   0.39685E+02
  305    12.8963  13.5166  -0.44311E+01  -0.98536E+00  -0.94204E+00   0.40076E+01   0.37844E+02
  306    13.0172  13.5211  -0.44593E+01  -0.99290E+00  -0.94958E+00   0.40075E+01   0.36098E+02
  307    13.1390  13.5255  -0.44877E+01  -0.10005E+01  -0.95717E+00   0.40074E+01   0.34399E+02
  308    13.2619  13.5298  -0.45163E+01  -0.10081E+01  -0.96481E+00   0.40072E+01   0.32779E+02
  309    13.3859  13.5341  -0.45450E+01  -0.10158E+01  -0.97249E+00   0.40071E+01   0.31231E+02
  310    13.5110  13.5383  -0.45737E+01  -0.10235E+01  -0.98020E+00   0.40070E+01   0.29744E+02
  311    13.6372  13.5425  -0.46027E+01  -0.10313E+01  -0.98797E+00   0.40069E+01   0.28307E+02
  312    13.7644  13.5466  -0.46317E+01  -0.10391E+01  -0.99577E+00   0.40068E+01   0.26947E+02
  313    13.8928  13.5507  -0.46609E+01  -0.10469E+01  -0.10036E+01   0.40067E+01   0.25636E+02
  314    14.0223  13.5547  -0.46902E+01  -0.10548E+01  -0.10115E+01   0.40066E+01   0.24387E+02
  315    14.1529  13.5587  -0.47196E+01  -0.10628E+01  -0.10194E+01   0.40065E+01   0.23184E+02
  316    14.2846  13.5626  -0.47492E+01  -0.10707E+01  -0.10274E+01   0.40064E+01   0.22049E+02
  317    14.4175  13.5665  -0.47789E+01  -0.10788E+01  -0.10355E+01   0.40063E+01   0.20949E+02
  318    14.5515  13.5703  -0.48087E+01  -0.10868E+01  -0.10435E+01   0.40062E+01   0.19903E+02
  319    14.6867  13.5741  -0.48387E+01  -0.10950E+01  -0.10516E+01   0.40061E+01   0.18910E+02
  320    14.8231  13.5778  -0.48688E+01  -0.11031E+01  -0.10598E+01   0.40060E+01   0.17953E+02
  321    14.9607  13.5815  -0.48991E+01  -0.11113E+01  -0.10680E+01   0.40060E+01   0.17036E+02
  322    15.0994  13.5851  -0.49295E+01  -0.11196E+01  -0.10763E+01   0.40059E+01   0.16164E+02
  323    15.2394  13.5887  -0.49600E+01  -0.11279E+01  -0.10845E+01   0.40058E+01   0.15335E+02
  324    15.3806  13.5922  -0.49906E+01  -0.11362E+01  -0.10929E+01   0.40057E+01   0.14541E+02
  325    15.5230  13.5957  -0.50215E+01  -0.11446E+01  -0.11013E+01   0.40056E+01   0.13786E+02
  326    15.6666  13.5991  -0.50524E+01  -0.11530E+01  -0.11097E+01   0.40055E+01   0.13064E+02
  327    15.8115  13.6025  -0.50835E+01  -0.11615E+01  -0.11182E+01   0.40055E+01   0.12376E+02
  328    15.9577  13.6059  -0.51147E+01  -0.11700E+01  -0.11267E+01   0.40054E+01   0.11725E+02
  329    16.1051  13.6092  -0.51461E+01  -0.11786E+01  -0.11353E+01   0.40053E+01   0.11097E+02
  330    16.2538  13.6124  -0.51776E+01  -0.11872E+01  -0.11439E+01   0.40052E+01   0.10504E+02
  331    16.4038  13.6157  -0.52092E+01  -0.11959E+01  -0.11526E+01   0.40052E+01   0.99420E+01
  332    16.5551  13.6188  -0.52410E+01  -0.12046E+01  -0.11613E+01   0.40051E+01   0.94017E+01
  333    16.7078  13.6220  -0.52730E+01  -0.12134E+01  -0.11701E+01   0.40050E+01   0.88882E+01
  334    16.8617  13.6251  -0.53051E+01  -0.12222E+01  -0.11789E+01   0.40049E+01   0.83993E+01
  335    17.0170  13.6281  -0.53373E+01  -0.12311E+01  -0.11878E+01   0.40049E+01   0.79379E+01
  336    17.1736  13.6312  -0.53697E+01  -0.12400E+01  -0.11967E+01   0.40048E+01   0.74968E+01
  337    17.3316  13.6342  -0.54022E+01  -0.12490E+01  -0.12056E+01   0.40047E+01   0.70829E+01
  338    17.4910  13.6371  -0.54349E+01  -0.12580E+01  -0.12147E+01   0.40047E+01   0.66858E+01
  339    17.6518  13.6400  -0.54678E+01  -0.12671E+01  -0.12238E+01   0.40046E+01   0.63065E+01
  340    17.8139  13.6429  -0.55007E+01  -0.12762E+01  -0.12329E+01   0.40045E+01   0.59493E+01
  341    17.9775  13.6457  -0.55339E+01  -0.12853E+01  -0.12420E+01   0.40045E+01   0.56091E+01
  342    18.1425  13.6485  -0.55671E+01  -0.12946E+01  -0.12512E+01   0.40044E+01   0.52882E+01
  343    18.3089  13.6513  -0.56006E+01  -0.13038E+01  -0.12605E+01   0.40044E+01   0.49849E+01
  344    18.4768  13.6540  -0.56342E+01  -0.13132E+01  -0.12698E+01   0.40043E+01   0.46907E+01
  345    18.6461  13.6567  -0.56680E+01  -0.13225E+01  -0.12792E+01   0.40042E+01   0.44191E+01
  346    18.8169  13.6593  -0.57018E+01  -0.13319E+01  -0.12886E+01   0.40042E+01   0.41620E+01
  347    18.9892  13.6619  -0.57359E+01  -0.13414E+01  -0.12981E+01   0.40041E+01   0.39148E+01
  348    19.1630  13.6645  -0.57702E+01  -0.13510E+01  -0.13076E+01   0.40041E+01   0.36857E+01
  349    19.3383  13.6671  -0.58046E+01  -0.13606E+01  -0.13172E+01   0.40040E+01   0.34631E+01
  350    19.5151  13.6696  -0.58391E+01  -0.13702E+01  -0.13269E+01   0.40040E+01   0.32556E+01
  351    19.6934  13.6721  -0.58738E+01  -0.13799E+01  -0.13366E+01   0.40039E+01   0.30585E+01
  352    19.8734  13.6745  -0.59087E+01  -0.13896E+01  -0.13463E+01   0.40039E+01   0.28724E+01
  353    20.0548  13.6770  -0.59437E+01  -0.13994E+01  -0.13561E+01   0.40038E+01   0.26987E+01
  354    20.2379  13.6794  -0.59789E+01  -0.14093E+01  -0.13659E+01   0.40038E+01   0.25318E+01
  355    20.4225  13.6817  -0.60143E+01  -0.14192E+01  -0.13759E+01   0.40037E+01   0.23752E+01
  356    20.6088  13.6840  -0.60498E+01  -0.14291E+01  -0.13858E+01   0.40037E+01   0.22285E+01
  357    20.7966  13.6863  -0.60855E+01  -0.14392E+01  -0.13959E+01   0.40036E+01   0.20876E+01
  358    20.9861  13.6886  -0.61214E+01  -0.14492E+01  -0.14059E+01   0.40036E+01   0.19578E+01
  359    21.1773  13.6909  -0.61574E+01  -0.14594E+01  -0.14161E+01   0.40035E+01   0.18337E+01
  360    21.3701  13.6931  -0.61937E+01  -0.14696E+01  -0.14263E+01   0.40035E+01   0.17161E+01
  361    21.5646  13.6953  -0.62301E+01  -0.14798E+01  -0.14365E+01   0.40034E+01   0.16071E+01
  362    21.7607  13.6974  -0.62665E+01  -0.14901E+01  -0.14468E+01   0.40034E+01   0.15031E+01
  363    21.9586  13.6995  -0.63033E+01  -0.15005E+01  -0.14572E+01   0.40033E+01   0.14073E+01
  364    22.1582  13.7016  -0.63402E+01  -0.15109E+01  -0.14676E+01   0.40033E+01   0.13150E+01
  365    22.3596  13.7037  -0.63773E+01  -0.15214E+01  -0.14781E+01   0.40033E+01   0.12289E+01
  366    22.5626  13.7058  -0.64145E+01  -0.15319E+01  -0.14886E+01   0.40000E+01   0.11471E+01
  367    22.7675  13.7078  -0.64519E+01  -0.15425E+01  -0.14992E+01   0.40000E+01   0.10723E+01
  368    22.9741  13.7098  -0.64895E+01  -0.15532E+01  -0.15099E+01   0.40000E+01   0.10010E+01
  369    23.1825  13.7117  -0.65272E+01  -0.15639E+01  -0.15206E+01   0.40000E+01   0.93393E+00
  370    23.3928  13.7137  -0.65652E+01  -0.15747E+01  -0.15313E+01   0.40000E+01   0.86946E+00
  371    23.6049  13.7156  -0.66033E+01  -0.15855E+01  -0.15422E+01   0.40000E+01   0.81225E+00
  372    23.8188  13.7175  -0.66417E+01  -0.15964E+01  -0.15531E+01   0.40000E+01   0.75642E+00
  373    24.0345  13.7194  -0.66802E+01  -0.16073E+01  -0.15640E+01   0.40000E+01   0.70540E+00
  374    24.2522  13.7212  -0.67188E+01  -0.16184E+01  -0.15750E+01   0.40000E+01   0.65645E+00
  375    24.4717  13.7230  -0.67577E+01  -0.16294E+01  -0.15861E+01   0.40000E+01   0.61112E+00
  376    24.6932  13.7248  -0.67967E+01  -0.16406E+01  -0.15972E+01   0.40000E+01   0.56787E+00
  377    24.9166  13.7266  -0.68359E+01  -0.16517E+01  -0.16084E+01   0.40000E+01   0.52876E+00
  378    25.1419  13.7284  -0.68754E+01  -0.16630E+01  -0.16197E+01   0.40000E+01   0.49142E+00
  379    25.3691  13.7301  -0.69150E+01  -0.16744E+01  -0.16310E+01   0.40000E+01   0.45666E+00
  380    25.5984  13.7318  -0.69548E+01  -0.16857E+01  -0.16424E+01   0.40000E+01   0.42397E+00
  381    25.8296  13.7335  -0.69947E+01  -0.16972E+01  -0.16539E+01   0.40000E+01   0.39366E+00
  382    26.0629  13.7351  -0.70349E+01  -0.17087E+01  -0.16654E+01   0.40000E+01   0.36535E+00
  383    26.2982  13.7368  -0.70753E+01  -0.17203E+01  -0.16770E+01   0.40000E+01   0.33891E+00
  384    26.5355  13.7384  -0.71158E+01  -0.17319E+01  -0.16886E+01   0.40000E+01   0.31398E+00
  385    26.7749  13.7400  -0.71566E+01  -0.17436E+01  -0.17003E+01   0.40000E+01   0.29104E+00
  386    27.0164  13.7416  -0.71975E+01  -0.17554E+01  -0.17121E+01   0.40000E+01   0.26953E+00
  387    27.2599  13.7431  -0.72387E+01  -0.17672E+01  -0.17239E+01   0.40000E+01   0.24964E+00
  388    27.5056  13.7447  -0.72800E+01  -0.17791E+01  -0.17358E+01   0.40000E+01   0.23113E+00
  389    27.7534  13.7462  -0.73215E+01  -0.17911E+01  -0.17478E+01   0.40000E+01   0.21367E+00
  390    28.0034  13.7477  -0.73633E+01  -0.18031E+01  -0.17598E+01   0.40000E+01   0.19758E+00
  391    28.2556  13.7492  -0.74052E+01  -0.18152E+01  -0.17719E+01   0.40000E+01   0.18264E+00
  392    28.5099  13.7506  -0.74473E+01  -0.18273E+01  -0.17840E+01   0.40000E+01   0.16867E+00
  393    28.7665  13.7521  -0.74896E+01  -0.18396E+01  -0.17963E+01   0.40000E+01   0.15570E+00
  394    29.0253  13.7535  -0.75322E+01  -0.18519E+01  -0.18086E+01   0.40000E+01   0.14376E+00
  395    29.2863  13.7549  -0.75748E+01  -0.18642E+01  -0.18209E+01   0.40000E+01   0.13264E+00
  396    29.5496  13.7563  -0.76178E+01  -0.18767E+01  -0.18333E+01   0.40000E+01   0.12230E+00
  397    29.8152  13.7577  -0.76609E+01  -0.18892E+01  -0.18458E+01   0.40000E+01   0.11267E+00
  398    30.0831  13.7590  -0.77042E+01  -0.19017E+01  -0.18584E+01   0.40000E+01   0.10378E+00
  399    30.3534  13.7604  -0.77477E+01  -0.19143E+01  -0.18710E+01   0.40000E+01   0.95578E-01
  400    30.6259  13.7617  -0.77915E+01  -0.19271E+01  -0.18837E+01   0.40000E+01   0.87956E-01
