    1     0.0001   0.0014  -0.15259E-04   0.16567E-05   0.44280E-01   0.65328E+01   0.16141E+04
    2     0.0088   0.1221  -0.26901E-02  -0.23032E-03   0.44048E-01   0.64996E+01   0.33364E+04
    3     0.0176   0.2423  -0.56232E-02  -0.52557E-03   0.43753E-01   0.64674E+01   0.35158E+04
    4     0.0264   0.3621  -0.86924E-02  -0.84976E-03   0.43429E-01   0.64359E+01   0.36389E+04
    5     0.0353   0.4814  -0.11867E-01  -0.11946E-02   0.43084E-01   0.64047E+01   0.37461E+04
    6     0.0443   0.6003  -0.15142E-01  -0.15584E-02   0.42720E-01   0.63739E+01   0.38382E+04
    7     0.0534   0.7188  -0.18500E-01  -0.19372E-02   0.42341E-01   0.63434E+01   0.39181E+04
    8     0.0626   0.8368  -0.21938E-01  -0.23293E-02   0.41949E-01   0.63131E+01   0.39923E+04
    9     0.0718   0.9543  -0.25452E-01  -0.27340E-02   0.41544E-01   0.62832E+01   0.40639E+04
   10     0.0811   1.0713  -0.29041E-01  -0.31513E-02   0.41127E-01   0.62534E+01   0.41316E+04
   11     0.0905   1.1879  -0.32702E-01  -0.35804E-02   0.40698E-01   0.62239E+01   0.41976E+04
   12     0.1000   1.3039  -0.36443E-01  -0.40232E-02   0.40255E-01   0.61947E+01   0.42611E+04
   13     0.1096   1.4195  -0.40242E-01  -0.44736E-02   0.39805E-01   0.61657E+01   0.43223E+04
   14     0.1192   1.5346  -0.44110E-01  -0.49354E-02   0.39343E-01   0.61369E+01   0.43821E+04
   15     0.1290   1.6491  -0.48049E-01  -0.54090E-02   0.38869E-01   0.61082E+01   0.44391E+04
   16     0.1388   1.7632  -0.52058E-01  -0.58937E-02   0.38385E-01   0.60799E+01   0.44964E+04
   17     0.1487   1.8767  -0.56136E-01  -0.63898E-02   0.37889E-01   0.60517E+01   0.45510E+04
   18     0.1587   1.9897  -0.60276E-01  -0.68955E-02   0.37383E-01   0.60238E+01   0.46059E+04
   19     0.1687   2.1021  -0.64478E-01  -0.74105E-02   0.36868E-01   0.59959E+01   0.46594E+04
   20     0.1789   2.2140  -0.68751E-01  -0.79374E-02   0.36341E-01   0.59684E+01   0.47110E+04
   21     0.1891   2.3254  -0.73118E-01  -0.84833E-02   0.35795E-01   0.59411E+01   0.47626E+04
   22     0.1995   2.4362  -0.77585E-01  -0.90501E-02   0.35228E-01   0.59142E+01   0.48120E+04
   23     0.2099   2.5465  -0.82117E-01  -0.96271E-02   0.34651E-01   0.58874E+01   0.48608E+04
   24     0.2204   2.6562  -0.86669E-01  -0.10202E-01   0.34077E-01   0.58607E+01   0.49093E+04
   25     0.2310   2.7653  -0.91240E-01  -0.10774E-01   0.33504E-01   0.58340E+01   0.49575E+04
   26     0.2417   2.8738  -0.95878E-01  -0.11358E-01   0.32920E-01   0.58075E+01   0.50053E+04
   27     0.2525   2.9818  -0.10062E+00  -0.11964E-01   0.32314E-01   0.57814E+01   0.50509E+04
   28     0.2634   3.0892  -0.10546E+00  -0.12590E-01   0.31688E-01   0.57555E+01   0.50961E+04
   29     0.2744   3.1959  -0.11036E+00  -0.13228E-01   0.31050E-01   0.57298E+01   0.51406E+04
   30     0.2855   3.3021  -0.11533E+00  -0.13875E-01   0.30404E-01   0.57044E+01   0.51842E+04
   31     0.2967   3.4077  -0.12036E+00  -0.14534E-01   0.29745E-01   0.56791E+01   0.52267E+04
   32     0.3079   3.5127  -0.12546E+00  -0.15206E-01   0.29072E-01   0.56540E+01   0.52690E+04
   33     0.3193   3.6170  -0.13061E+00  -0.15884E-01   0.28395E-01   0.56291E+01   0.53108E+04
   34     0.3308   3.7207  -0.13585E+00  -0.16582E-01   0.27696E-01   0.56045E+01   0.53495E+04
   35     0.3423   3.8238  -0.14117E+00  -0.17293E-01   0.26985E-01   0.55800E+01   0.53850E+04
   36     0.3540   3.9263  -0.14655E+00  -0.18017E-01   0.26261E-01   0.55558E+01   0.54230E+04
   37     0.3658   4.0281  -0.15200E+00  -0.18755E-01   0.25524E-01   0.55318E+01   0.54626E+04
   38     0.3777   4.1293  -0.15753E+00  -0.19505E-01   0.24773E-01   0.55080E+01   0.55013E+04
   39     0.3896   4.2299  -0.16312E+00  -0.20269E-01   0.24009E-01   0.54844E+01   0.55373E+04
   40     0.4017   4.3298  -0.16879E+00  -0.21047E-01   0.23231E-01   0.54610E+01   0.55713E+04
   41     0.4139   4.4291  -0.17453E+00  -0.21839E-01   0.22440E-01   0.54379E+01   0.56051E+04
   42     0.4262   4.5276  -0.18033E+00  -0.22644E-01   0.21634E-01   0.54149E+01   0.56386E+04
   43     0.4386   4.6256  -0.18621E+00  -0.23464E-01   0.20815E-01   0.53922E+01   0.56700E+04
   44     0.4511   4.7229  -0.19216E+00  -0.24297E-01   0.19981E-01   0.53696E+01   0.57008E+04
   45     0.4637   4.8195  -0.19819E+00  -0.25145E-01   0.19133E-01   0.53473E+01   0.57310E+04
   46     0.4764   4.9154  -0.20428E+00  -0.26008E-01   0.18271E-01   0.53252E+01   0.57601E+04
   47     0.4893   5.0106  -0.21045E+00  -0.26885E-01   0.17393E-01   0.53034E+01   0.57882E+04
   48     0.5022   5.1052  -0.21669E+00  -0.27777E-01   0.16501E-01   0.52817E+01   0.58152E+04
   49     0.5153   5.1991  -0.22300E+00  -0.28684E-01   0.15595E-01   0.52602E+01   0.58408E+04
   50     0.5285   5.2923  -0.22939E+00  -0.29605E-01   0.14673E-01   0.52390E+01   0.58664E+04
   51     0.5417   5.3849  -0.23585E+00  -0.30542E-01   0.13736E-01   0.52180E+01   0.58899E+04
   52     0.5552   5.4767  -0.24238E+00  -0.31494E-01   0.12784E-01   0.51973E+01   0.59129E+04
   53     0.5687   5.5679  -0.24899E+00  -0.32462E-01   0.11817E-01   0.51767E+01   0.59355E+04
   54     0.5823   5.6583  -0.25567E+00  -0.33445E-01   0.10834E-01   0.51564E+01   0.59559E+04
   55     0.5961   5.7481  -0.26243E+00  -0.34444E-01   0.98346E-02   0.51362E+01   0.59760E+04
   56     0.6099   5.8371  -0.26926E+00  -0.35458E-01   0.88204E-02   0.51164E+01   0.59953E+04
   57     0.6239   5.9255  -0.27616E+00  -0.36488E-01   0.77901E-02   0.50967E+01   0.60131E+04
   58     0.6381   6.0132  -0.28314E+00  -0.37534E-01   0.67440E-02   0.50773E+01   0.60300E+04
   59     0.6523   6.1001  -0.29019E+00  -0.38596E-01   0.56823E-02   0.50580E+01   0.60456E+04
   60     0.6667   6.1864  -0.29732E+00  -0.39674E-01   0.46039E-02   0.50390E+01   0.60598E+04
   61     0.6812   6.2719  -0.30452E+00  -0.40769E-01   0.35097E-02   0.50203E+01   0.60730E+04
   62     0.6958   6.3568  -0.31180E+00  -0.41880E-01   0.23984E-02   0.50018E+01   0.60846E+04
   63     0.7105   6.4409  -0.31915E+00  -0.43008E-01   0.12707E-02   0.49835E+01   0.60957E+04
   64     0.7254   6.5244  -0.32658E+00  -0.44152E-01   0.12624E-03   0.49654E+01   0.61046E+04
   65     0.7404   6.6071  -0.33408E+00  -0.45313E-01  -0.10349E-02   0.49476E+01   0.61130E+04
   66     0.7555   6.6891  -0.34167E+00  -0.46491E-01  -0.22128E-02   0.49300E+01   0.61200E+04
   67     0.7708   6.7704  -0.34932E+00  -0.47686E-01  -0.34072E-02   0.49126E+01   0.61260E+04
   68     0.7862   6.8511  -0.35705E+00  -0.48896E-01  -0.46180E-02   0.48954E+01   0.61310E+04
   69     0.8017   6.9310  -0.36485E+00  -0.50124E-01  -0.58453E-02   0.48785E+01   0.61346E+04
   70     0.8174   7.0102  -0.37273E+00  -0.51367E-01  -0.70883E-02   0.48618E+01   0.61372E+04
   71     0.8332   7.0886  -0.38067E+00  -0.52627E-01  -0.83482E-02   0.48453E+01   0.61390E+04
   72     0.8491   7.1664  -0.38870E+00  -0.53903E-01  -0.96244E-02   0.48291E+01   0.61392E+04
   73     0.8652   7.2435  -0.39679E+00  -0.55196E-01  -0.10918E-01   0.48130E+01   0.61387E+04
   74     0.8814   7.3199  -0.40496E+00  -0.56506E-01  -0.12228E-01   0.47972E+01   0.61369E+04
   75     0.8977   7.3956  -0.41321E+00  -0.57834E-01  -0.13555E-01   0.47816E+01   0.61338E+04
   76     0.9142   7.4705  -0.42153E+00  -0.59178E-01  -0.14900E-01   0.47663E+01   0.61299E+04
   77     0.9309   7.5448  -0.42993E+00  -0.60541E-01  -0.16263E-01   0.47512E+01   0.61248E+04
   78     0.9477   7.6184  -0.43841E+00  -0.61922E-01  -0.17644E-01   0.47363E+01   0.61187E+04
   79     0.9646   7.6913  -0.44696E+00  -0.63321E-01  -0.19043E-01   0.47216E+01   0.61115E+04
   80     0.9817   7.7635  -0.45559E+00  -0.64739E-01  -0.20460E-01   0.47072E+01   0.61030E+04
   81     0.9989   7.8350  -0.46430E+00  -0.66175E-01  -0.21897E-01   0.46929E+01   0.60939E+04
   82     1.0163   7.9058  -0.47308E+00  -0.67630E-01  -0.23351E-01   0.46789E+01   0.60832E+04
   83     1.0338   7.9759  -0.48195E+00  -0.69103E-01  -0.24824E-01   0.46651E+01   0.60709E+04
   84     1.0515   8.0453  -0.49088E+00  -0.70594E-01  -0.26315E-01   0.46515E+01   0.60577E+04
   85     1.0693   8.1141  -0.49990E+00  -0.72103E-01  -0.27824E-01   0.46382E+01   0.60435E+04
   86     1.0873   8.1821  -0.50898E+00  -0.73630E-01  -0.29351E-01   0.46250E+01   0.60276E+04
   87     1.1055   8.2495  -0.51814E+00  -0.75174E-01  -0.30896E-01   0.46121E+01   0.60109E+04
   88     1.1238   8.3162  -0.52738E+00  -0.76737E-01  -0.32458E-01   0.45994E+01   0.59925E+04
   89     1.1423   8.3823  -0.53669E+00  -0.78317E-01  -0.34039E-01   0.45869E+01   0.59732E+04
   90     1.1609   8.4477  -0.54607E+00  -0.79916E-01  -0.35637E-01   0.45746E+01   0.59532E+04
   91     1.1797   8.5124  -0.55552E+00  -0.81531E-01  -0.37253E-01   0.45625E+01   0.59320E+04
   92     1.1986   8.5764  -0.56506E+00  -0.83167E-01  -0.38888E-01   0.45507E+01   0.59099E+04
   93     1.2177   8.6398  -0.57466E+00  -0.84819E-01  -0.40541E-01   0.45390E+01   0.58865E+04
   94     1.2370   8.7025  -0.58434E+00  -0.86490E-01  -0.42211E-01   0.45276E+01   0.58630E+04
   95     1.2565   8.7646  -0.59409E+00  -0.88178E-01  -0.43900E-01   0.45163E+01   0.58386E+04
   96     1.2761   8.8260  -0.60391E+00  -0.89885E-01  -0.45607E-01   0.45053E+01   0.58129E+04
   97     1.2959   8.8868  -0.61382E+00  -0.91612E-01  -0.47333E-01   0.44944E+01   0.57868E+04
   98     1.3158   8.9469  -0.62379E+00  -0.93358E-01  -0.49079E-01   0.44838E+01   0.57593E+04
   99     1.3360   9.0065  -0.63385E+00  -0.95124E-01  -0.50846E-01   0.44733E+01   0.57310E+04
  100     1.3563   9.0653  -0.64398E+00  -0.96909E-01  -0.52631E-01   0.44631E+01   0.57018E+04
  101     1.3767   9.1236  -0.65419E+00  -0.98715E-01  -0.54436E-01   0.44530E+01   0.56721E+04
  102     1.3974   9.1812  -0.66447E+00  -0.10054E+00  -0.56261E-01   0.44432E+01   0.56412E+04
  103     1.4183   9.2382  -0.67483E+00  -0.10238E+00  -0.58106E-01   0.44335E+01   0.56095E+04
  104     1.4393   9.2945  -0.68527E+00  -0.10425E+00  -0.59971E-01   0.44240E+01   0.55767E+04
  105     1.4605   9.3503  -0.69578E+00  -0.10613E+00  -0.61854E-01   0.44147E+01   0.55430E+04
  106     1.4819   9.4054  -0.70636E+00  -0.10804E+00  -0.63757E-01   0.44056E+01   0.55084E+04
  107     1.5035   9.4600  -0.71702E+00  -0.10996E+00  -0.65679E-01   0.43967E+01   0.54728E+04
  108     1.5252   9.5139  -0.72776E+00  -0.11190E+00  -0.67621E-01   0.43879E+01   0.54362E+04
  109     1.5472   9.5673  -0.73856E+00  -0.11386E+00  -0.69583E-01   0.43793E+01   0.53988E+04
  110     1.5693   9.6200  -0.74944E+00  -0.11584E+00  -0.71564E-01   0.43709E+01   0.53606E+04
  111     1.5917   9.6722  -0.76040E+00  -0.11784E+00  -0.73564E-01   0.43626E+01   0.53221E+04
  112     1.6142   9.7238  -0.77142E+00  -0.11986E+00  -0.75584E-01   0.43546E+01   0.52828E+04
  113     1.6369   9.7748  -0.78252E+00  -0.12190E+00  -0.77622E-01   0.43467E+01   0.52431E+04
  114     1.6598   9.8252  -0.79369E+00  -0.12396E+00  -0.79680E-01   0.43389E+01   0.52027E+04
  115     1.6830   9.8751  -0.80493E+00  -0.12604E+00  -0.81758E-01   0.43313E+01   0.51602E+04
  116     1.7063   9.9244  -0.81625E+00  -0.12813E+00  -0.83856E-01   0.43239E+01   0.51181E+04
  117     1.7298   9.9731  -0.82764E+00  -0.13025E+00  -0.85976E-01   0.43166E+01   0.50761E+04
  118     1.7536  10.0213  -0.83911E+00  -0.13239E+00  -0.88116E-01   0.43095E+01   0.50335E+04
  119     1.7775  10.0689  -0.85065E+00  -0.13455E+00  -0.90276E-01   0.43025E+01   0.49910E+04
  120     1.8016  10.1160  -0.86227E+00  -0.13674E+00  -0.92457E-01   0.42957E+01   0.49477E+04
  121     1.8260  10.1626  -0.87394E+00  -0.13893E+00  -0.94649E-01   0.42890E+01   0.49041E+04
  122     1.8506  10.2086  -0.88568E+00  -0.14114E+00  -0.96864E-01   0.42825E+01   0.48597E+04
  123     1.8753  10.2541  -0.89752E+00  -0.14339E+00  -0.99108E-01   0.42761E+01   0.48146E+04
  124     1.9003  10.2990  -0.90944E+00  -0.14565E+00  -0.10137E+00   0.42699E+01   0.47688E+04
  125     1.9256  10.3434  -0.92144E+00  -0.14794E+00  -0.10366E+00   0.42638E+01   0.47224E+04
  126     1.9510  10.3873  -0.93351E+00  -0.15025E+00  -0.10597E+00   0.42578E+01   0.46765E+04
  127     1.9766  10.4307  -0.94565E+00  -0.15257E+00  -0.10830E+00   0.42520E+01   0.46306E+04
  128     2.0025  10.4736  -0.95786E+00  -0.15492E+00  -0.11064E+00   0.42463E+01   0.45830E+04
  129     2.0286  10.5160  -0.97015E+00  -0.15729E+00  -0.11301E+00   0.42407E+01   0.45350E+04
  130     2.0550  10.5579  -0.98250E+00  -0.15968E+00  -0.11540E+00   0.42353E+01   0.44866E+04
  131     2.0815  10.5993  -0.99493E+00  -0.16209E+00  -0.11781E+00   0.42299E+01   0.44379E+04
  132     2.1083  10.6402  -0.10074E+01  -0.16452E+00  -0.12024E+00   0.42247E+01   0.43894E+04
  133     2.1353  10.6806  -0.10200E+01  -0.16697E+00  -0.12269E+00   0.42196E+01   0.43408E+04
  134     2.1626  10.7205  -0.10326E+01  -0.16944E+00  -0.12516E+00   0.42147E+01   0.42917E+04
  135     2.1901  10.7600  -0.10454E+01  -0.17193E+00  -0.12765E+00   0.42098E+01   0.42427E+04
  136     2.2178  10.7990  -0.10582E+01  -0.17445E+00  -0.13017E+00   0.42050E+01   0.41934E+04
  137     2.2458  10.8375  -0.10710E+01  -0.17698E+00  -0.13271E+00   0.42004E+01   0.41439E+04
  138     2.2740  10.8756  -0.10840E+01  -0.17954E+00  -0.13527E+00   0.41959E+01   0.40944E+04
  139     2.3025  10.9132  -0.10970E+01  -0.18212E+00  -0.13785E+00   0.41914E+01   0.40445E+04
  140     2.3312  10.9504  -0.11101E+01  -0.18473E+00  -0.14045E+00   0.41871E+01   0.39948E+04
  141     2.3602  10.9871  -0.11232E+01  -0.18735E+00  -0.14307E+00   0.41829E+01   0.39448E+04
  142     2.3894  11.0234  -0.11365E+01  -0.19000E+00  -0.14572E+00   0.41787E+01   0.38946E+04
  143     2.4188  11.0592  -0.11498E+01  -0.19266E+00  -0.14839E+00   0.41747E+01   0.38443E+04
  144     2.4486  11.0946  -0.11632E+01  -0.19535E+00  -0.15108E+00   0.41708E+01   0.37939E+04
  145     2.4785  11.1296  -0.11766E+01  -0.19806E+00  -0.15379E+00   0.41669E+01   0.37437E+04
  146     2.5088  11.1641  -0.11902E+01  -0.20080E+00  -0.15652E+00   0.41632E+01   0.36936E+04
  147     2.5393  11.1982  -0.12038E+01  -0.20355E+00  -0.15928E+00   0.41595E+01   0.36436E+04
  148     2.5701  11.2320  -0.12174E+01  -0.20633E+00  -0.16205E+00   0.41559E+01   0.35937E+04
  149     2.6011  11.2653  -0.12312E+01  -0.20913E+00  -0.16485E+00   0.41524E+01   0.35439E+04
  150     2.6324  11.2982  -0.12450E+01  -0.21195E+00  -0.16767E+00   0.41490E+01   0.34941E+04
  151     2.6640  11.3306  -0.12589E+01  -0.21480E+00  -0.17052E+00   0.41456E+01   0.34443E+04
  152     2.6958  11.3627  -0.12729E+01  -0.21766E+00  -0.17339E+00   0.41424E+01   0.33945E+04
  153     2.7280  11.3944  -0.12870E+01  -0.22056E+00  -0.17628E+00   0.41392E+01   0.33447E+04
  154     2.7604  11.4258  -0.13011E+01  -0.22347E+00  -0.17919E+00   0.41361E+01   0.32950E+04
  155     2.7931  11.4567  -0.13153E+01  -0.22641E+00  -0.18213E+00   0.41331E+01   0.32455E+04
  156     2.8260  11.4872  -0.13296E+01  -0.22937E+00  -0.18509E+00   0.41301E+01   0.31962E+04
  157     2.8593  11.5174  -0.13439E+01  -0.23235E+00  -0.18807E+00   0.41272E+01   0.31470E+04
  158     2.8929  11.5472  -0.13583E+01  -0.23535E+00  -0.19107E+00   0.41244E+01   0.30982E+04
  159     2.9267  11.5766  -0.13728E+01  -0.23837E+00  -0.19409E+00   0.41216E+01   0.30497E+04
  160     2.9608  11.6057  -0.13874E+01  -0.24142E+00  -0.19714E+00   0.41189E+01   0.30013E+04
  161     2.9953  11.6344  -0.14020E+01  -0.24449E+00  -0.20021E+00   0.41163E+01   0.29534E+04
  162     3.0300  11.6628  -0.14167E+01  -0.24759E+00  -0.20331E+00   0.41138E+01   0.29058E+04
  163     3.0651  11.6908  -0.14315E+01  -0.25071E+00  -0.20643E+00   0.41112E+01   0.28584E+04
  164     3.1004  11.7184  -0.14464E+01  -0.25385E+00  -0.20957E+00   0.41088E+01   0.28112E+04
  165     3.1360  11.7458  -0.14613E+01  -0.25702E+00  -0.21274E+00   0.41064E+01   0.27641E+04
  166     3.1720  11.7727  -0.14764E+01  -0.26021E+00  -0.21593E+00   0.41041E+01   0.27173E+04
  167     3.2083  11.7994  -0.14915E+01  -0.26342E+00  -0.21915E+00   0.41018E+01   0.26704E+04
  168     3.2449  11.8257  -0.15066E+01  -0.26666E+00  -0.22238E+00   0.40996E+01   0.26242E+04
  169     3.2818  11.8517  -0.15219E+01  -0.26992E+00  -0.22564E+00   0.40974E+01   0.25782E+04
  170     3.3190  11.8773  -0.15372E+01  -0.27320E+00  -0.22893E+00   0.40953E+01   0.25326E+04
  171     3.3565  11.9026  -0.15526E+01  -0.27651E+00  -0.23223E+00   0.40932E+01   0.24875E+04
  172     3.3944  11.9277  -0.15680E+01  -0.27984E+00  -0.23556E+00   0.40912E+01   0.24427E+04
  173     3.4326  11.9524  -0.15836E+01  -0.28319E+00  -0.23891E+00   0.40892E+01   0.23984E+04
  174     3.4712  11.9768  -0.15992E+01  -0.28657E+00  -0.24229E+00   0.40873E+01   0.23546E+04
  175     3.5100  12.0009  -0.16149E+01  -0.28998E+00  -0.24570E+00   0.40854E+01   0.23112E+04
  176     3.5492  12.0246  -0.16307E+01  -0.29340E+00  -0.24912E+00   0.40836E+01   0.22683E+04
  177     3.5888  12.0481  -0.16465E+01  -0.29685E+00  -0.25258E+00   0.40818E+01   0.22256E+04
  178     3.6287  12.0713  -0.16625E+01  -0.30033E+00  -0.25605E+00   0.40801E+01   0.21833E+04
  179     3.6689  12.0942  -0.16785E+01  -0.30384E+00  -0.25956E+00   0.40784E+01   0.21412E+04
  180     3.7095  12.1169  -0.16945E+01  -0.30736E+00  -0.26308E+00   0.40767E+01   0.20998E+04
  181     3.7505  12.1392  -0.17107E+01  -0.31091E+00  -0.26663E+00   0.40751E+01   0.20585E+04
  182     3.7918  12.1612  -0.17269E+01  -0.31449E+00  -0.27021E+00   0.40735E+01   0.20176E+04
  183     3.8334  12.1830  -0.17433E+01  -0.31809E+00  -0.27381E+00   0.40719E+01   0.19770E+04
  184     3.8754  12.2045  -0.17597E+01  -0.32171E+00  -0.27743E+00   0.40704E+01   0.19370E+04
  185     3.9178  12.2257  -0.17761E+01  -0.32536E+00  -0.28108E+00   0.40689E+01   0.18975E+04
  186     3.9606  12.2467  -0.17926E+01  -0.32903E+00  -0.28475E+00   0.40675E+01   0.18586E+04
  187     4.0037  12.2674  -0.18093E+01  -0.33272E+00  -0.28845E+00   0.40660E+01   0.18204E+04
  188     4.0472  12.2878  -0.18259E+01  -0.33644E+00  -0.29216E+00   0.40647E+01   0.17827E+04
  189     4.0911  12.3080  -0.18427E+01  -0.34019E+00  -0.29591E+00   0.40633E+01   0.17455E+04
  190     4.1353  12.3279  -0.18596E+01  -0.34396E+00  -0.29968E+00   0.40620E+01   0.17089E+04
  191     4.1800  12.3476  -0.18765E+01  -0.34776E+00  -0.30349E+00   0.40607E+01   0.16726E+04
  192     4.2250  12.3670  -0.18935E+01  -0.35159E+00  -0.30732E+00   0.40594E+01   0.16366E+04
  193     4.2705  12.3862  -0.19106E+01  -0.35545E+00  -0.31117E+00   0.40582E+01   0.16010E+04
  194     4.3163  12.4051  -0.19278E+01  -0.35933E+00  -0.31505E+00   0.40570E+01   0.15657E+04
  195     4.3625  12.4238  -0.19451E+01  -0.36323E+00  -0.31895E+00   0.40558E+01   0.15307E+04
  196     4.4091  12.4423  -0.19624E+01  -0.36716E+00  -0.32288E+00   0.40547E+01   0.14964E+04
  197     4.4561  12.4605  -0.19798E+01  -0.37111E+00  -0.32683E+00   0.40536E+01   0.14626E+04
  198     4.5036  12.4785  -0.19973E+01  -0.37509E+00  -0.33081E+00   0.40525E+01   0.14294E+04
  199     4.5514  12.4962  -0.20149E+01  -0.37909E+00  -0.33481E+00   0.40514E+01   0.13968E+04
  200     4.5997  12.5138  -0.20325E+01  -0.38312E+00  -0.33884E+00   0.40504E+01   0.13646E+04
  201     4.6484  12.5311  -0.20502E+01  -0.38718E+00  -0.34290E+00   0.40493E+01   0.13330E+04
  202     4.6975  12.5482  -0.20680E+01  -0.39126E+00  -0.34698E+00   0.40483E+01   0.13020E+04
  203     4.7470  12.5650  -0.20859E+01  -0.39537E+00  -0.35109E+00   0.40474E+01   0.12713E+04
  204     4.7970  12.5817  -0.21039E+01  -0.39951E+00  -0.35523E+00   0.40464E+01   0.12410E+04
  205     4.8474  12.5981  -0.21220E+01  -0.40367E+00  -0.35939E+00   0.40455E+01   0.12113E+04
  206     4.8982  12.6144  -0.21401E+01  -0.40786E+00  -0.36358E+00   0.40446E+01   0.11820E+04
  207     4.9495  12.6304  -0.21583E+01  -0.41208E+00  -0.36780E+00   0.40437E+01   0.11533E+04
  208     5.0012  12.6462  -0.21766E+01  -0.41632E+00  -0.37204E+00   0.40428E+01   0.11250E+04
  209     5.0534  12.6619  -0.21950E+01  -0.42059E+00  -0.37631E+00   0.40420E+01   0.10973E+04
  210     5.1060  12.6773  -0.22135E+01  -0.42488E+00  -0.38061E+00   0.40411E+01   0.10701E+04
  211     5.1591  12.6925  -0.22320E+01  -0.42921E+00  -0.38493E+00   0.40403E+01   0.10431E+04
  212     5.2126  12.7076  -0.22507E+01  -0.43356E+00  -0.38929E+00   0.40395E+01   0.10167E+04
  213     5.2667  12.7224  -0.22694E+01  -0.43794E+00  -0.39367E+00   0.40387E+01   0.99088E+03
  214     5.3211  12.7371  -0.22882E+01  -0.44235E+00  -0.39807E+00   0.40380E+01   0.96542E+03
  215     5.3761  12.7515  -0.23071E+01  -0.44678E+00  -0.40250E+00   0.40372E+01   0.94042E+03
  216     5.4315  12.7658  -0.23260E+01  -0.45124E+00  -0.40696E+00   0.40365E+01   0.91590E+03
  217     5.4874  12.7799  -0.23451E+01  -0.45573E+00  -0.41145E+00   0.40358E+01   0.89193E+03
  218     5.5438  12.7938  -0.23642E+01  -0.46025E+00  -0.41597E+00   0.40351E+01   0.86846E+03
  219     5.6007  12.8076  -0.23834E+01  -0.46479E+00  -0.42051E+00   0.40344E+01   0.84545E+03
  220     5.6581  12.8211  -0.24027E+01  -0.46937E+00  -0.42509E+00   0.40338E+01   0.82275E+03
  221     5.7160  12.8345  -0.24221E+01  -0.47397E+00  -0.42969E+00   0.40331E+01   0.80061E+03
  222     5.7744  12.8477  -0.24416E+01  -0.47860E+00  -0.43432E+00   0.40325E+01   0.77877E+03
  223     5.8333  12.8608  -0.24612E+01  -0.48326E+00  -0.43898E+00   0.40318E+01   0.75740E+03
  224     5.8927  12.8737  -0.24809E+01  -0.48795E+00  -0.44367E+00   0.40312E+01   0.73646E+03
  225     5.9526  12.8864  -0.25006E+01  -0.49266E+00  -0.44838E+00   0.40306E+01   0.71597E+03
  226     6.0131  12.8990  -0.25204E+01  -0.49740E+00  -0.45313E+00   0.40301E+01   0.69593E+03
  227     6.0740  12.9114  -0.25403E+01  -0.50218E+00  -0.45790E+00   0.40295E+01   0.67631E+03
  228     6.1355  12.9236  -0.25603E+01  -0.50698E+00  -0.46270E+00   0.40289E+01   0.65719E+03
  229     6.1976  12.9357  -0.25804E+01  -0.51181E+00  -0.46753E+00   0.40284E+01   0.63841E+03
  230     6.2602  12.9476  -0.26006E+01  -0.51667E+00  -0.47239E+00   0.40278E+01   0.62016E+03
  231     6.3233  12.9594  -0.26209E+01  -0.52156E+00  -0.47728E+00   0.40273E+01   0.60225E+03
  232     6.3869  12.9710  -0.26412E+01  -0.52648E+00  -0.48220E+00   0.40268E+01   0.58476E+03
  233     6.4512  12.9825  -0.26617E+01  -0.53143E+00  -0.48715E+00   0.40263E+01   0.56747E+03
  234     6.5159  12.9938  -0.26822E+01  -0.53641E+00  -0.49213E+00   0.40258E+01   0.55068E+03
  235     6.5813  13.0050  -0.27029E+01  -0.54142E+00  -0.49714E+00   0.40253E+01   0.53426E+03
  236     6.6472  13.0160  -0.27236E+01  -0.54646E+00  -0.50218E+00   0.40249E+01   0.51816E+03
  237     6.7137  13.0269  -0.27444E+01  -0.55152E+00  -0.50724E+00   0.40244E+01   0.50258E+03
  238     6.7807  13.0377  -0.27653E+01  -0.55661E+00  -0.51233E+00   0.40240E+01   0.48729E+03
  239     6.8484  13.0483  -0.27863E+01  -0.56175E+00  -0.51747E+00   0.40235E+01   0.47241E+03
  240     6.9166  13.0588  -0.28073E+01  -0.56690E+00  -0.52262E+00   0.40231E+01   0.45793E+03
  241     6.9854  13.0691  -0.28285E+01  -0.57209E+00  -0.52782E+00   0.40227E+01   0.44385E+03
  242     7.0549  13.0794  -0.28498E+01  -0.57731E+00  -0.53304E+00   0.40223E+01   0.42995E+03
  243     7.1249  13.0894  -0.28712E+01  -0.58257E+00  -0.53829E+00   0.40218E+01   0.41638E+03
  244     7.1955  13.0994  -0.28926E+01  -0.58785E+00  -0.54357E+00   0.40215E+01   0.40324E+03
  245     7.2668  13.1092  -0.29142E+01  -0.59317E+00  -0.54889E+00   0.40211E+01   0.39036E+03
  246     7.3387  13.1189  -0.29358E+01  -0.59850E+00  -0.55423E+00   0.40207E+01   0.37786E+03
  247     7.4112  13.1285  -0.29575E+01  -0.60388E+00  -0.55960E+00   0.40203E+01   0.36567E+03
  248     7.4843  13.1380  -0.29794E+01  -0.60929E+00  -0.56501E+00   0.40199E+01   0.35378E+03
  249     7.5580  13.1473  -0.30013E+01  -0.61472E+00  -0.57045E+00   0.40196E+01   0.34229E+03
  250     7.6324  13.1565  -0.30233E+01  -0.62020E+00  -0.57592E+00   0.40192E+01   0.33102E+03
  251     7.7075  13.1656  -0.30455E+01  -0.62570E+00  -0.58142E+00   0.40189E+01   0.32005E+03
  252     7.7832  13.1746  -0.30677E+01  -0.63123E+00  -0.58695E+00   0.40186E+01   0.30939E+03
  253     7.8596  13.1834  -0.30900E+01  -0.63680E+00  -0.59252E+00   0.40182E+01   0.29904E+03
  254     7.9366  13.1922  -0.31124E+01  -0.64239E+00  -0.59812E+00   0.40179E+01   0.28896E+03
  255     8.0143  13.2008  -0.31349E+01  -0.64803E+00  -0.60375E+00   0.40176E+01   0.27917E+03
  256     8.0926  13.2093  -0.31575E+01  -0.65369E+00  -0.60941E+00   0.40173E+01   0.26965E+03
  257     8.1717  13.2178  -0.31802E+01  -0.65939E+00  -0.61511E+00   0.40170E+01   0.26037E+03
  258     8.2514  13.2261  -0.32030E+01  -0.66512E+00  -0.62084E+00   0.40167E+01   0.25133E+03
  259     8.3319  13.2343  -0.32259E+01  -0.67088E+00  -0.62661E+00   0.40164E+01   0.24261E+03
  260     8.4130  13.2424  -0.32490E+01  -0.67668E+00  -0.63240E+00   0.40161E+01   0.23409E+03
  261     8.4948  13.2503  -0.32721E+01  -0.68251E+00  -0.63823E+00   0.40158E+01   0.22584E+03
  262     8.5774  13.2582  -0.32953E+01  -0.68837E+00  -0.64409E+00   0.40156E+01   0.21784E+03
  263     8.6606  13.2660  -0.33186E+01  -0.69427E+00  -0.64999E+00   0.40153E+01   0.21000E+03
  264     8.7446  13.2737  -0.33420E+01  -0.70020E+00  -0.65592E+00   0.40150E+01   0.20256E+03
  265     8.8293  13.2813  -0.33655E+01  -0.70617E+00  -0.66189E+00   0.40148E+01   0.19519E+03
  266     8.9148  13.2888  -0.33891E+01  -0.71215E+00  -0.66787E+00   0.40145E+01   0.18807E+03
  267     9.0010  13.2962  -0.34129E+01  -0.71821E+00  -0.67393E+00   0.40143E+01   0.18115E+03
  268     9.0879  13.3035  -0.34367E+01  -0.72427E+00  -0.67999E+00   0.40140E+01   0.17448E+03
  269     9.1756  13.3107  -0.34606E+01  -0.73037E+00  -0.68609E+00   0.40138E+01   0.16854E+03
  270     9.2641  13.3178  -0.34847E+01  -0.73651E+00  -0.69223E+00   0.40135E+01   0.16176E+03
  271     9.3534  13.3248  -0.35088E+01  -0.74267E+00  -0.69840E+00   0.40133E+01   0.15567E+03
  272     9.4434  13.3317  -0.35330E+01  -0.74888E+00  -0.70461E+00   0.40131E+01   0.14982E+03
  273     9.5342  13.3386  -0.35574E+01  -0.75513E+00  -0.71085E+00   0.40129E+01   0.14412E+03
  274     9.6257  13.3453  -0.35819E+01  -0.76141E+00  -0.71713E+00   0.40127E+01   0.13861E+03
  275     9.7181  13.3520  -0.36064E+01  -0.76772E+00  -0.72344E+00   0.40124E+01   0.13326E+03
  276     9.8113  13.3586  -0.36311E+01  -0.77407E+00  -0.72979E+00   0.40122E+01   0.12810E+03
  277     9.9053  13.3651  -0.36559E+01  -0.78046E+00  -0.73618E+00   0.40120E+01   0.12310E+03
  278    10.0001  13.3715  -0.36808E+01  -0.78688E+00  -0.74260E+00   0.40118E+01   0.11827E+03
  279    10.0957  13.3778  -0.37058E+01  -0.79334E+00  -0.74906E+00   0.40116E+01   0.11363E+03
  280    10.1922  13.3841  -0.37309E+01  -0.79983E+00  -0.75556E+00   0.40115E+01   0.10913E+03
  281    10.2895  13.3902  -0.37561E+01  -0.80636E+00  -0.76209E+00   0.40113E+01   0.10476E+03
  282    10.3877  13.3963  -0.37815E+01  -0.81294E+00  -0.76866E+00   0.40111E+01   0.10057E+03
  283    10.4867  13.4023  -0.38069E+01  -0.81954E+00  -0.77526E+00   0.40109E+01   0.96521E+02
  284    10.5865  13.4083  -0.38325E+01  -0.82619E+00  -0.78191E+00   0.40107E+01   0.92582E+02
  285    10.6873  13.4141  -0.38581E+01  -0.83286E+00  -0.78858E+00   0.40105E+01   0.88796E+02
  286    10.7889  13.4199  -0.38839E+01  -0.83958E+00  -0.79531E+00   0.40104E+01   0.85144E+02
  287    10.8914  13.4256  -0.39098E+01  -0.84634E+00  -0.80206E+00   0.40102E+01   0.81621E+02
  288    10.9947  13.4312  -0.39358E+01  -0.85314E+00  -0.80886E+00   0.40100E+01   0.78198E+02
  289    11.0990  13.4368  -0.39620E+01  -0.85997E+00  -0.81570E+00   0.40099E+01   0.74943E+02
  290    11.2042  13.4423  -0.39882E+01  -0.86685E+00  -0.82257E+00   0.40097E+01   0.71788E+02
  291    11.3103  13.4477  -0.40146E+01  -0.87375E+00  -0.82948E+00   0.40096E+01   0.68739E+02
  292    11.4173  13.4530  -0.40410E+01  -0.88070E+00  -0.83642E+00   0.40094E+01   0.65816E+02
  293    11.5253  13.4583  -0.40676E+01  -0.88769E+00  -0.84341E+00   0.40093E+01   0.62991E+02
  294    11.6342  13.4635  -0.40944E+01  -0.89472E+00  -0.85045E+00   0.40091E+01   0.60275E+02
  295    11.7440  13.4687  -0.41212E+01  -0.90179E+00  -0.85751E+00   0.40090E+01   0.57651E+02
  296    11.8548  13.4738  -0.41481E+01  -0.90890E+00  -0.86462E+00   0.40088E+01   0.55132E+02
  297    11.9666  13.4788  -0.41752E+01  -0.91605E+00  -0.87177E+00   0.40087E+01   0.52708E+02
  298    12.0793  13.4837  -0.42024E+01  -0.92323E+00  -0.87895E+00   0.40086E+01   0.50385E+02
  299    12.1930  13.4886  -0.42297E+01  -0.93045E+00  -0.88617E+00   0.40084E+01   0.48149E+02
  300    12.3077  13.4934  -0.42572E+01  -0.93773E+00  -0.89345E+00   0.40083E+01   0.45984E+02
  301    12.4234  13.4982  -0.42847E+01  -0.94503E+00  -0.90075E+00   0.40082E+01   0.43925E+02
  302    12.5401  13.5029  -0.43124E+01  -0.95239E+00  -0.90811E+00   0.40080E+01   0.41933E+02
  303    12.6578  13.5075  -0.43402E+01  -0.95978E+00  -0.91550E+00   0.40079E+01   0.40020E+02
  304    12.7766  13.5121  -0.43681E+01  -0.96721E+00  -0.92293E+00   0.40078E+01   0.38185E+02
  305    12.8963  13.5166  -0.43962E+01  -0.97468E+00  -0.93040E+00   0.40077E+01   0.36426E+02
  306    13.0172  13.5211  -0.44243E+01  -0.98219E+00  -0.93792E+00   0.40075E+01   0.34749E+02
  307    13.1390  13.5255  -0.44526E+01  -0.98975E+00  -0.94547E+00   0.40074E+01   0.33121E+02
  308    13.2619  13.5298  -0.44811E+01  -0.99736E+00  -0.95308E+00   0.40073E+01   0.31571E+02
  309    13.3859  13.5341  -0.45097E+01  -0.10050E+01  -0.96072E+00   0.40072E+01   0.30086E+02
  310    13.5110  13.5383  -0.45383E+01  -0.10127E+01  -0.96841E+00   0.40071E+01   0.28655E+02
  311    13.6372  13.5425  -0.45672E+01  -0.10204E+01  -0.97614E+00   0.40070E+01   0.27285E+02
  312    13.7644  13.5466  -0.45961E+01  -0.10282E+01  -0.98391E+00   0.40069E+01   0.25977E+02
  313    13.8928  13.5507  -0.46252E+01  -0.10360E+01  -0.99172E+00   0.40068E+01   0.24722E+02
  314    14.0223  13.5547  -0.46544E+01  -0.10439E+01  -0.99958E+00   0.40067E+01   0.23519E+02
  315    14.1529  13.5587  -0.46837E+01  -0.10518E+01  -0.10075E+01   0.40066E+01   0.22369E+02
  316    14.2846  13.5626  -0.47132E+01  -0.10597E+01  -0.10154E+01   0.40065E+01   0.21275E+02
  317    14.4175  13.5665  -0.47428E+01  -0.10677E+01  -0.10234E+01   0.40064E+01   0.20222E+02
  318    14.5515  13.5703  -0.47726E+01  -0.10757E+01  -0.10315E+01   0.40063E+01   0.19214E+02
  319    14.6867  13.5741  -0.48024E+01  -0.10838E+01  -0.10395E+01   0.40062E+01   0.18264E+02
  320    14.8231  13.5778  -0.48324E+01  -0.10919E+01  -0.10477E+01   0.40061E+01   0.17341E+02
  321    14.9607  13.5815  -0.48626E+01  -0.11001E+01  -0.10558E+01   0.40060E+01   0.16462E+02
  322    15.0994  13.5851  -0.48929E+01  -0.11083E+01  -0.10641E+01   0.40059E+01   0.15623E+02
  323    15.2394  13.5887  -0.49233E+01  -0.11166E+01  -0.10723E+01   0.40058E+01   0.14822E+02
  324    15.3806  13.5922  -0.49539E+01  -0.11249E+01  -0.10806E+01   0.40058E+01   0.14062E+02
  325    15.5230  13.5957  -0.49846E+01  -0.11333E+01  -0.10890E+01   0.40057E+01   0.13333E+02
  326    15.6666  13.5991  -0.50154E+01  -0.11417E+01  -0.10974E+01   0.40056E+01   0.12637E+02
  327    15.8115  13.6025  -0.50464E+01  -0.11501E+01  -0.11058E+01   0.40055E+01   0.11976E+02
  328    15.9577  13.6059  -0.50775E+01  -0.11586E+01  -0.11143E+01   0.40054E+01   0.11344E+02
  329    16.1051  13.6092  -0.51088E+01  -0.11672E+01  -0.11229E+01   0.40054E+01   0.10744E+02
  330    16.2538  13.6124  -0.51402E+01  -0.11757E+01  -0.11315E+01   0.40053E+01   0.10170E+02
  331    16.4038  13.6157  -0.51717E+01  -0.11844E+01  -0.11401E+01   0.40052E+01   0.96267E+01
  332    16.5551  13.6188  -0.52035E+01  -0.11931E+01  -0.11488E+01   0.40051E+01   0.91081E+01
  333    16.7078  13.6220  -0.52353E+01  -0.12018E+01  -0.11575E+01   0.40051E+01   0.86109E+01
  334    16.8617  13.6251  -0.52673E+01  -0.12106E+01  -0.11663E+01   0.40050E+01   0.81403E+01
  335    17.0170  13.6281  -0.52994E+01  -0.12194E+01  -0.11751E+01   0.40049E+01   0.76973E+01
  336    17.1736  13.6312  -0.53317E+01  -0.12283E+01  -0.11840E+01   0.40048E+01   0.72702E+01
  337    17.3316  13.6342  -0.53642E+01  -0.12372E+01  -0.11930E+01   0.40048E+01   0.68683E+01
  338    17.4910  13.6371  -0.53967E+01  -0.12462E+01  -0.12019E+01   0.40047E+01   0.64863E+01
  339    17.6518  13.6400  -0.54295E+01  -0.12553E+01  -0.12110E+01   0.40046E+01   0.61181E+01
  340    17.8139  13.6429  -0.54624E+01  -0.12644E+01  -0.12201E+01   0.40046E+01   0.57748E+01
  341    17.9775  13.6457  -0.54954E+01  -0.12735E+01  -0.12292E+01   0.40045E+01   0.54477E+01
  342    18.1425  13.6485  -0.55286E+01  -0.12827E+01  -0.12384E+01   0.40045E+01   0.51360E+01
  343    18.3089  13.6513  -0.55619E+01  -0.12919E+01  -0.12476E+01   0.40044E+01   0.48424E+01
  344    18.4768  13.6540  -0.55954E+01  -0.13012E+01  -0.12569E+01   0.40043E+01   0.45593E+01
  345    18.6461  13.6567  -0.56291E+01  -0.13105E+01  -0.12663E+01   0.40043E+01   0.42945E+01
  346    18.8169  13.6593  -0.56628E+01  -0.13199E+01  -0.12756E+01   0.40042E+01   0.40455E+01
  347    18.9892  13.6619  -0.56969E+01  -0.13294E+01  -0.12851E+01   0.40042E+01   0.38064E+01
  348    19.1630  13.6645  -0.57310E+01  -0.13389E+01  -0.12946E+01   0.40041E+01   0.35825E+01
  349    19.3383  13.6671  -0.57653E+01  -0.13484E+01  -0.13041E+01   0.40040E+01   0.33688E+01
  350    19.5151  13.6696  -0.57997E+01  -0.13580E+01  -0.13137E+01   0.40040E+01   0.31675E+01
  351    19.6934  13.6721  -0.58343E+01  -0.13677E+01  -0.13234E+01   0.40039E+01   0.29767E+01
  352    19.8734  13.6745  -0.58691E+01  -0.13774E+01  -0.13331E+01   0.40039E+01   0.27965E+01
  353    20.0548  13.6770  -0.59041E+01  -0.13872E+01  -0.13429E+01   0.40038E+01   0.26275E+01
  354    20.2379  13.6794  -0.59391E+01  -0.13970E+01  -0.13527E+01   0.40038E+01   0.24657E+01
  355    20.4225  13.6817  -0.59744E+01  -0.14069E+01  -0.13626E+01   0.40037E+01   0.23138E+01
  356    20.6088  13.6840  -0.60098E+01  -0.14168E+01  -0.13725E+01   0.40037E+01   0.21711E+01
  357    20.7966  13.6863  -0.60455E+01  -0.14268E+01  -0.13825E+01   0.40036E+01   0.20353E+01
  358    20.9861  13.6886  -0.60812E+01  -0.14368E+01  -0.13925E+01   0.40036E+01   0.19079E+01
  359    21.1773  13.6909  -0.61171E+01  -0.14469E+01  -0.14026E+01   0.40035E+01   0.17887E+01
  360    21.3701  13.6931  -0.61533E+01  -0.14571E+01  -0.14128E+01   0.40035E+01   0.16741E+01
  361    21.5646  13.6953  -0.61896E+01  -0.14673E+01  -0.14230E+01   0.40034E+01   0.15674E+01
  362    21.7607  13.6974  -0.62259E+01  -0.14775E+01  -0.14333E+01   0.40034E+01   0.14683E+01
  363    21.9586  13.6995  -0.62626E+01  -0.14879E+01  -0.14436E+01   0.40034E+01   0.13733E+01
  364    22.1582  13.7016  -0.62995E+01  -0.14983E+01  -0.14540E+01   0.40033E+01   0.12834E+01
  365    22.3596  13.7037  -0.63363E+01  -0.15087E+01  -0.14644E+01   0.40033E+01   0.12000E+01
  366    22.5626  13.7058  -0.63735E+01  -0.15192E+01  -0.14750E+01   0.40000E+01   0.11222E+01
  367    22.7675  13.7078  -0.64108E+01  -0.15298E+01  -0.14855E+01   0.40000E+01   0.10473E+01
  368    22.9741  13.7098  -0.64484E+01  -0.15405E+01  -0.14962E+01   0.40000E+01   0.97795E+00
  369    23.1825  13.7117  -0.64859E+01  -0.15511E+01  -0.15068E+01   0.40000E+01   0.91301E+00
  370    23.3928  13.7137  -0.65238E+01  -0.15618E+01  -0.15176E+01   0.40000E+01   0.85048E+00
  371    23.6049  13.7156  -0.65618E+01  -0.15726E+01  -0.15283E+01   0.40000E+01   0.79445E+00
  372    23.8188  13.7175  -0.66000E+01  -0.15835E+01  -0.15392E+01   0.40000E+01   0.74047E+00
  373    24.0345  13.7194  -0.66384E+01  -0.15944E+01  -0.15501E+01   0.40000E+01   0.68987E+00
  374    24.2522  13.7212  -0.66770E+01  -0.16054E+01  -0.15611E+01   0.40000E+01   0.64238E+00
  375    24.4717  13.7230  -0.67157E+01  -0.16164E+01  -0.15721E+01   0.40000E+01   0.59785E+00
  376    24.6932  13.7248  -0.67547E+01  -0.16275E+01  -0.15832E+01   0.40000E+01   0.55589E+00
  377    24.9166  13.7266  -0.67938E+01  -0.16387E+01  -0.15944E+01   0.40000E+01   0.51789E+00
  378    25.1419  13.7284  -0.68332E+01  -0.16499E+01  -0.16056E+01   0.40000E+01   0.48129E+00
  379    25.3691  13.7301  -0.68726E+01  -0.16612E+01  -0.16169E+01   0.40000E+01   0.44735E+00
  380    25.5984  13.7318  -0.69123E+01  -0.16725E+01  -0.16283E+01   0.40000E+01   0.41565E+00
  381    25.8296  13.7335  -0.69522E+01  -0.16839E+01  -0.16397E+01   0.40000E+01   0.38600E+00
  382    26.0629  13.7351  -0.69923E+01  -0.16954E+01  -0.16512E+01   0.40000E+01   0.35825E+00
  383    26.2982  13.7368  -0.70326E+01  -0.17070E+01  -0.16627E+01   0.40000E+01   0.33243E+00
  384    26.5355  13.7384  -0.70730E+01  -0.17186E+01  -0.16743E+01   0.40000E+01   0.30809E+00
  385    26.7749  13.7400  -0.71136E+01  -0.17302E+01  -0.16859E+01   0.40000E+01   0.28566E+00
  386    27.0164  13.7416  -0.71544E+01  -0.17420E+01  -0.16977E+01   0.40000E+01   0.26452E+00
  387    27.2599  13.7431  -0.71955E+01  -0.17538E+01  -0.17095E+01   0.40000E+01   0.24519E+00
  388    27.5056  13.7447  -0.72367E+01  -0.17656E+01  -0.17214E+01   0.40000E+01   0.22693E+00
  389    27.7534  13.7462  -0.72781E+01  -0.17776E+01  -0.17333E+01   0.40000E+01   0.20998E+00
  390    28.0034  13.7477  -0.73197E+01  -0.17896E+01  -0.17453E+01   0.40000E+01   0.19415E+00
  391    28.2556  13.7492  -0.73616E+01  -0.18016E+01  -0.17573E+01   0.40000E+01   0.17939E+00
  392    28.5099  13.7506  -0.74035E+01  -0.18137E+01  -0.17694E+01   0.40000E+01   0.16583E+00
  393    28.7665  13.7521  -0.74458E+01  -0.18259E+01  -0.17816E+01   0.40000E+01   0.15315E+00
  394    29.0253  13.7535  -0.74882E+01  -0.18382E+01  -0.17939E+01   0.40000E+01   0.14142E+00
  395    29.2863  13.7549  -0.75308E+01  -0.18505E+01  -0.18062E+01   0.40000E+01   0.13053E+00
  396    29.5496  13.7563  -0.75736E+01  -0.18629E+01  -0.18186E+01   0.40000E+01   0.12036E+00
  397    29.8152  13.7577  -0.76166E+01  -0.18753E+01  -0.18311E+01   0.40000E+01   0.11092E+00
  398    30.0831  13.7590  -0.76598E+01  -0.18879E+01  -0.18436E+01   0.40000E+01   0.10220E+00
  399    30.3534  13.7604  -0.77031E+01  -0.19004E+01  -0.18562E+01   0.40000E+01   0.94137E-01
  400    30.6259  13.7617  -0.77468E+01  -0.19131E+01  -0.18688E+01   0.40000E+01   0.86639E-01
