    1     0.0001   0.0014  -0.15259E-04   0.18638E-05   0.42368E-01   0.63677E+01   0.20309E+04
    2     0.0088   0.1221  -0.27968E-02  -0.25210E-03   0.42115E-01   0.63359E+01   0.43632E+04
    3     0.0176   0.2423  -0.58456E-02  -0.57228E-03   0.41794E-01   0.63051E+01   0.45947E+04
    4     0.0264   0.3621  -0.90368E-02  -0.92353E-03   0.41443E-01   0.62749E+01   0.47532E+04
    5     0.0353   0.4814  -0.12337E-01  -0.12964E-02   0.41070E-01   0.62451E+01   0.48907E+04
    6     0.0443   0.6003  -0.15740E-01  -0.16890E-02   0.40678E-01   0.62157E+01   0.50090E+04
    7     0.0534   0.7188  -0.19230E-01  -0.20974E-02   0.40269E-01   0.61866E+01   0.51125E+04
    8     0.0626   0.8368  -0.22806E-01  -0.25211E-02   0.39845E-01   0.61577E+01   0.52091E+04
    9     0.0718   0.9543  -0.26462E-01  -0.29589E-02   0.39408E-01   0.61291E+01   0.53018E+04
   10     0.0811   1.0713  -0.30195E-01  -0.34095E-02   0.38957E-01   0.61008E+01   0.53884E+04
   11     0.0905   1.1879  -0.33999E-01  -0.38712E-02   0.38495E-01   0.60728E+01   0.54722E+04
   12     0.1000   1.3039  -0.37877E-01  -0.43456E-02   0.38021E-01   0.60449E+01   0.55520E+04
   13     0.1096   1.4195  -0.41812E-01  -0.48276E-02   0.37539E-01   0.60172E+01   0.56293E+04
   14     0.1192   1.5346  -0.45820E-01  -0.53216E-02   0.37045E-01   0.59897E+01   0.57048E+04
   15     0.1290   1.6491  -0.49907E-01  -0.58294E-02   0.36537E-01   0.59625E+01   0.57765E+04
   16     0.1388   1.7632  -0.54068E-01  -0.63504E-02   0.36016E-01   0.59355E+01   0.58484E+04
   17     0.1487   1.8767  -0.58302E-01  -0.68835E-02   0.35483E-01   0.59088E+01   0.59165E+04
   18     0.1587   1.9897  -0.62604E-01  -0.74276E-02   0.34939E-01   0.58822E+01   0.59850E+04
   19     0.1687   2.1021  -0.66975E-01  -0.79836E-02   0.34383E-01   0.58559E+01   0.60513E+04
   20     0.1789   2.2140  -0.71417E-01  -0.85515E-02   0.33815E-01   0.58297E+01   0.61148E+04
   21     0.1891   2.3254  -0.75930E-01  -0.91313E-02   0.33235E-01   0.58038E+01   0.61788E+04
   22     0.1995   2.4362  -0.80511E-01  -0.97231E-02   0.32644E-01   0.57781E+01   0.62403E+04
   23     0.2099   2.5465  -0.85163E-01  -0.10327E-01   0.32039E-01   0.57525E+01   0.63008E+04
   24     0.2204   2.6562  -0.89885E-01  -0.10943E-01   0.31423E-01   0.57272E+01   0.63598E+04
   25     0.2310   2.7653  -0.94677E-01  -0.11571E-01   0.30795E-01   0.57021E+01   0.64175E+04
   26     0.2417   2.8738  -0.99539E-01  -0.12212E-01   0.30154E-01   0.56772E+01   0.64755E+04
   27     0.2525   2.9818  -0.10447E+00  -0.12866E-01   0.29501E-01   0.56524E+01   0.65333E+04
   28     0.2634   3.0892  -0.10947E+00  -0.13531E-01   0.28835E-01   0.56279E+01   0.65918E+04
   29     0.2744   3.1959  -0.11455E+00  -0.14210E-01   0.28156E-01   0.56036E+01   0.66471E+04
   30     0.2855   3.3021  -0.11969E+00  -0.14902E-01   0.27465E-01   0.55795E+01   0.66976E+04
   31     0.2967   3.4077  -0.12491E+00  -0.15606E-01   0.26761E-01   0.55556E+01   0.67456E+04
   32     0.3079   3.5127  -0.13019E+00  -0.16324E-01   0.26043E-01   0.55319E+01   0.67951E+04
   33     0.3193   3.6170  -0.13552E+00  -0.17046E-01   0.25320E-01   0.55083E+01   0.68458E+04
   34     0.3308   3.7207  -0.14095E+00  -0.17790E-01   0.24577E-01   0.54850E+01   0.68942E+04
   35     0.3423   3.8238  -0.14644E+00  -0.18547E-01   0.23819E-01   0.54619E+01   0.69395E+04
   36     0.3540   3.9263  -0.15202E+00  -0.19319E-01   0.23048E-01   0.54391E+01   0.69855E+04
   37     0.3658   4.0281  -0.15766E+00  -0.20105E-01   0.22262E-01   0.54164E+01   0.70298E+04
   38     0.3777   4.1293  -0.16337E+00  -0.20901E-01   0.21465E-01   0.53939E+01   0.70730E+04
   39     0.3896   4.2299  -0.16915E+00  -0.21712E-01   0.20655E-01   0.53716E+01   0.71151E+04
   40     0.4017   4.3298  -0.17505E+00  -0.22550E-01   0.19816E-01   0.53497E+01   0.71551E+04
   41     0.4139   4.4291  -0.18105E+00  -0.23414E-01   0.18953E-01   0.53281E+01   0.71937E+04
   42     0.4262   4.5276  -0.18707E+00  -0.24273E-01   0.18093E-01   0.53065E+01   0.72323E+04
   43     0.4386   4.6256  -0.19309E+00  -0.25125E-01   0.17242E-01   0.52849E+01   0.72696E+04
   44     0.4511   4.7229  -0.19920E+00  -0.25998E-01   0.16369E-01   0.52636E+01   0.73055E+04
   45     0.4637   4.8195  -0.20544E+00  -0.26903E-01   0.15464E-01   0.52427E+01   0.73400E+04
   46     0.4764   4.9154  -0.21176E+00  -0.27824E-01   0.14543E-01   0.52220E+01   0.73728E+04
   47     0.4893   5.0106  -0.21814E+00  -0.28755E-01   0.13612E-01   0.52014E+01   0.74044E+04
   48     0.5022   5.1052  -0.22459E+00  -0.29702E-01   0.12665E-01   0.51811E+01   0.74350E+04
   49     0.5153   5.1991  -0.23112E+00  -0.30666E-01   0.11701E-01   0.51610E+01   0.74636E+04
   50     0.5285   5.2923  -0.23773E+00  -0.31645E-01   0.10722E-01   0.51412E+01   0.74881E+04
   51     0.5417   5.3849  -0.24441E+00  -0.32639E-01   0.97277E-02   0.51215E+01   0.75095E+04
   52     0.5552   5.4767  -0.25117E+00  -0.33649E-01   0.87179E-02   0.51021E+01   0.75367E+04
   53     0.5687   5.5679  -0.25800E+00  -0.34675E-01   0.76920E-02   0.50829E+01   0.75644E+04
   54     0.5823   5.6583  -0.26490E+00  -0.35716E-01   0.66507E-02   0.50639E+01   0.75850E+04
   55     0.5961   5.7481  -0.27188E+00  -0.36774E-01   0.55930E-02   0.50451E+01   0.76045E+04
   56     0.6099   5.8371  -0.27893E+00  -0.37847E-01   0.45197E-02   0.50265E+01   0.76238E+04
   57     0.6239   5.9255  -0.28606E+00  -0.38937E-01   0.34299E-02   0.50082E+01   0.76410E+04
   58     0.6381   6.0132  -0.29327E+00  -0.40043E-01   0.23239E-02   0.49901E+01   0.76569E+04
   59     0.6523   6.1001  -0.30055E+00  -0.41165E-01   0.12016E-02   0.49722E+01   0.76714E+04
   60     0.6667   6.1864  -0.30791E+00  -0.42304E-01   0.62279E-04   0.49545E+01   0.76840E+04
   61     0.6812   6.2719  -0.31534E+00  -0.43460E-01  -0.10932E-02   0.49370E+01   0.76955E+04
   62     0.6958   6.3568  -0.32285E+00  -0.44632E-01  -0.22659E-02   0.49198E+01   0.77052E+04
   63     0.7105   6.4409  -0.33043E+00  -0.45822E-01  -0.34552E-02   0.49028E+01   0.77143E+04
   64     0.7254   6.5244  -0.33809E+00  -0.47028E-01  -0.46614E-02   0.48859E+01   0.77209E+04
   65     0.7404   6.6071  -0.34583E+00  -0.48251E-01  -0.58847E-02   0.48694E+01   0.77268E+04
   66     0.7555   6.6891  -0.35364E+00  -0.49492E-01  -0.71255E-02   0.48530E+01   0.77310E+04
   67     0.7708   6.7704  -0.36154E+00  -0.50750E-01  -0.83835E-02   0.48369E+01   0.77339E+04
   68     0.7862   6.8511  -0.36950E+00  -0.52026E-01  -0.96591E-02   0.48209E+01   0.77356E+04
   69     0.8017   6.9310  -0.37755E+00  -0.53318E-01  -0.10952E-01   0.48052E+01   0.77354E+04
   70     0.8174   7.0102  -0.38567E+00  -0.54628E-01  -0.12262E-01   0.47898E+01   0.77338E+04
   71     0.8332   7.0886  -0.39386E+00  -0.55956E-01  -0.13589E-01   0.47745E+01   0.77310E+04
   72     0.8491   7.1664  -0.40214E+00  -0.57301E-01  -0.14935E-01   0.47595E+01   0.77259E+04
   73     0.8652   7.2435  -0.41049E+00  -0.58665E-01  -0.16298E-01   0.47446E+01   0.77196E+04
   74     0.8814   7.3199  -0.41892E+00  -0.60047E-01  -0.17680E-01   0.47300E+01   0.77114E+04
   75     0.8977   7.3956  -0.42743E+00  -0.61447E-01  -0.19080E-01   0.47157E+01   0.77015E+04
   76     0.9142   7.4705  -0.43601E+00  -0.62865E-01  -0.20498E-01   0.47015E+01   0.76904E+04
   77     0.9309   7.5448  -0.44467E+00  -0.64301E-01  -0.21934E-01   0.46876E+01   0.76776E+04
   78     0.9477   7.6184  -0.45341E+00  -0.65755E-01  -0.23388E-01   0.46738E+01   0.76635E+04
   79     0.9646   7.6913  -0.46222E+00  -0.67225E-01  -0.24859E-01   0.46603E+01   0.76480E+04
   80     0.9817   7.7635  -0.47110E+00  -0.68714E-01  -0.26347E-01   0.46470E+01   0.76310E+04
   81     0.9989   7.8350  -0.48006E+00  -0.70220E-01  -0.27853E-01   0.46339E+01   0.76135E+04
   82     1.0163   7.9058  -0.48909E+00  -0.71743E-01  -0.29376E-01   0.46210E+01   0.75941E+04
   83     1.0338   7.9759  -0.49820E+00  -0.73284E-01  -0.30918E-01   0.46084E+01   0.75731E+04
   84     1.0515   8.0453  -0.50739E+00  -0.74844E-01  -0.32477E-01   0.45959E+01   0.75509E+04
   85     1.0693   8.1141  -0.51665E+00  -0.76422E-01  -0.34055E-01   0.45837E+01   0.75279E+04
   86     1.0873   8.1821  -0.52598E+00  -0.78018E-01  -0.35652E-01   0.45716E+01   0.75032E+04
   87     1.1055   8.2495  -0.53540E+00  -0.79634E-01  -0.37267E-01   0.45598E+01   0.74779E+04
   88     1.1238   8.3162  -0.54489E+00  -0.81269E-01  -0.38903E-01   0.45481E+01   0.74507E+04
   89     1.1423   8.3823  -0.55446E+00  -0.82924E-01  -0.40558E-01   0.45367E+01   0.74224E+04
   90     1.1609   8.4477  -0.56411E+00  -0.84599E-01  -0.42232E-01   0.45254E+01   0.73931E+04
   91     1.1797   8.5124  -0.57384E+00  -0.86294E-01  -0.43927E-01   0.45144E+01   0.73621E+04
   92     1.1986   8.5764  -0.58364E+00  -0.88007E-01  -0.45640E-01   0.45035E+01   0.73297E+04
   93     1.2177   8.6398  -0.59352E+00  -0.89740E-01  -0.47373E-01   0.44929E+01   0.72958E+04
   94     1.2370   8.7025  -0.60348E+00  -0.91491E-01  -0.49125E-01   0.44824E+01   0.72610E+04
   95     1.2565   8.7646  -0.61351E+00  -0.93262E-01  -0.50895E-01   0.44721E+01   0.72246E+04
   96     1.2761   8.8260  -0.62361E+00  -0.95050E-01  -0.52684E-01   0.44620E+01   0.71863E+04
   97     1.2959   8.8868  -0.63379E+00  -0.96858E-01  -0.54492E-01   0.44521E+01   0.71472E+04
   98     1.3158   8.9469  -0.64404E+00  -0.98685E-01  -0.56318E-01   0.44424E+01   0.71068E+04
   99     1.3360   9.0065  -0.65437E+00  -0.10053E+00  -0.58162E-01   0.44329E+01   0.70654E+04
  100     1.3563   9.0653  -0.66477E+00  -0.10239E+00  -0.60027E-01   0.44236E+01   0.70231E+04
  101     1.3767   9.1236  -0.67524E+00  -0.10428E+00  -0.61910E-01   0.44144E+01   0.69801E+04
  102     1.3974   9.1812  -0.68579E+00  -0.10618E+00  -0.63811E-01   0.44054E+01   0.69362E+04
  103     1.4183   9.2382  -0.69641E+00  -0.10810E+00  -0.65732E-01   0.43966E+01   0.68916E+04
  104     1.4393   9.2945  -0.70710E+00  -0.11004E+00  -0.67672E-01   0.43880E+01   0.68462E+04
  105     1.4605   9.3503  -0.71787E+00  -0.11200E+00  -0.69632E-01   0.43795E+01   0.68000E+04
  106     1.4819   9.4054  -0.72872E+00  -0.11398E+00  -0.71613E-01   0.43712E+01   0.67527E+04
  107     1.5035   9.4600  -0.73965E+00  -0.11598E+00  -0.73615E-01   0.43631E+01   0.67047E+04
  108     1.5252   9.5139  -0.75065E+00  -0.11800E+00  -0.75637E-01   0.43551E+01   0.66559E+04
  109     1.5472   9.5673  -0.76173E+00  -0.12005E+00  -0.77680E-01   0.43473E+01   0.66061E+04
  110     1.5693   9.6200  -0.77288E+00  -0.12211E+00  -0.79743E-01   0.43397E+01   0.65556E+04
  111     1.5917   9.6722  -0.78411E+00  -0.12419E+00  -0.81827E-01   0.43322E+01   0.65040E+04
  112     1.6142   9.7238  -0.79542E+00  -0.12630E+00  -0.83931E-01   0.43248E+01   0.64513E+04
  113     1.6369   9.7748  -0.80680E+00  -0.12842E+00  -0.86055E-01   0.43177E+01   0.63981E+04
  114     1.6598   9.8252  -0.81825E+00  -0.13057E+00  -0.88199E-01   0.43106E+01   0.63435E+04
  115     1.6830   9.8751  -0.82978E+00  -0.13273E+00  -0.90363E-01   0.43038E+01   0.62880E+04
  116     1.7063   9.9244  -0.84138E+00  -0.13491E+00  -0.92547E-01   0.42970E+01   0.62320E+04
  117     1.7298   9.9731  -0.85305E+00  -0.13712E+00  -0.94751E-01   0.42904E+01   0.61754E+04
  118     1.7536  10.0213  -0.86480E+00  -0.13934E+00  -0.96976E-01   0.42840E+01   0.61183E+04
  119     1.7775  10.0689  -0.87662E+00  -0.14159E+00  -0.99220E-01   0.42777E+01   0.60608E+04
  120     1.8016  10.1160  -0.88850E+00  -0.14385E+00  -0.10148E+00   0.42715E+01   0.60028E+04
  121     1.8260  10.1626  -0.90047E+00  -0.14613E+00  -0.10377E+00   0.42655E+01   0.59436E+04
  122     1.8506  10.2086  -0.91250E+00  -0.14844E+00  -0.10607E+00   0.42595E+01   0.58831E+04
  123     1.8753  10.2541  -0.92461E+00  -0.15076E+00  -0.10840E+00   0.42537E+01   0.58242E+04
  124     1.9003  10.2990  -0.93680E+00  -0.15311E+00  -0.11075E+00   0.42481E+01   0.57646E+04
  125     1.9256  10.3434  -0.94906E+00  -0.15548E+00  -0.11311E+00   0.42426E+01   0.57052E+04
  126     1.9510  10.3873  -0.96140E+00  -0.15787E+00  -0.11550E+00   0.42371E+01   0.56452E+04
  127     1.9766  10.4307  -0.97378E+00  -0.16027E+00  -0.11791E+00   0.42318E+01   0.55854E+04
  128     2.0025  10.4736  -0.98624E+00  -0.16270E+00  -0.12033E+00   0.42266E+01   0.55247E+04
  129     2.0286  10.5160  -0.99880E+00  -0.16515E+00  -0.12278E+00   0.42216E+01   0.54628E+04
  130     2.0550  10.5579  -0.10114E+01  -0.16763E+00  -0.12526E+00   0.42167E+01   0.54011E+04
  131     2.0815  10.5993  -0.10242E+01  -0.17013E+00  -0.12776E+00   0.42118E+01   0.53385E+04
  132     2.1083  10.6402  -0.10369E+01  -0.17265E+00  -0.13028E+00   0.42071E+01   0.52776E+04
  133     2.1353  10.6806  -0.10498E+01  -0.17519E+00  -0.13282E+00   0.42025E+01   0.52154E+04
  134     2.1626  10.7205  -0.10627E+01  -0.17775E+00  -0.13538E+00   0.41980E+01   0.51522E+04
  135     2.1901  10.7600  -0.10757E+01  -0.18033E+00  -0.13796E+00   0.41936E+01   0.50889E+04
  136     2.2178  10.7990  -0.10888E+01  -0.18293E+00  -0.14056E+00   0.41893E+01   0.50251E+04
  137     2.2458  10.8375  -0.11019E+01  -0.18555E+00  -0.14318E+00   0.41851E+01   0.49615E+04
  138     2.2740  10.8756  -0.11151E+01  -0.18820E+00  -0.14583E+00   0.41809E+01   0.48984E+04
  139     2.3025  10.9132  -0.11284E+01  -0.19086E+00  -0.14849E+00   0.41769E+01   0.48350E+04
  140     2.3312  10.9504  -0.11418E+01  -0.19355E+00  -0.15118E+00   0.41730E+01   0.47720E+04
  141     2.3602  10.9871  -0.11552E+01  -0.19626E+00  -0.15389E+00   0.41691E+01   0.47088E+04
  142     2.3894  11.0234  -0.11687E+01  -0.19899E+00  -0.15662E+00   0.41654E+01   0.46456E+04
  143     2.4188  11.0592  -0.11823E+01  -0.20175E+00  -0.15938E+00   0.41617E+01   0.45825E+04
  144     2.4486  11.0946  -0.11960E+01  -0.20452E+00  -0.16216E+00   0.41581E+01   0.45190E+04
  145     2.4785  11.1296  -0.12097E+01  -0.20732E+00  -0.16495E+00   0.41547E+01   0.44561E+04
  146     2.5088  11.1641  -0.12235E+01  -0.21014E+00  -0.16777E+00   0.41512E+01   0.43931E+04
  147     2.5393  11.1982  -0.12374E+01  -0.21298E+00  -0.17062E+00   0.41479E+01   0.43301E+04
  148     2.5701  11.2320  -0.12513E+01  -0.21585E+00  -0.17348E+00   0.41446E+01   0.42671E+04
  149     2.6011  11.2653  -0.12654E+01  -0.21874E+00  -0.17637E+00   0.41415E+01   0.42044E+04
  150     2.6324  11.2982  -0.12795E+01  -0.22164E+00  -0.17928E+00   0.41384E+01   0.41419E+04
  151     2.6640  11.3306  -0.12936E+01  -0.22458E+00  -0.18221E+00   0.41353E+01   0.40797E+04
  152     2.6958  11.3627  -0.13079E+01  -0.22753E+00  -0.18516E+00   0.41323E+01   0.40180E+04
  153     2.7280  11.3944  -0.13222E+01  -0.23050E+00  -0.18814E+00   0.41294E+01   0.39565E+04
  154     2.7604  11.4258  -0.13366E+01  -0.23350E+00  -0.19113E+00   0.41266E+01   0.38952E+04
  155     2.7931  11.4567  -0.13510E+01  -0.23652E+00  -0.19416E+00   0.41238E+01   0.38341E+04
  156     2.8260  11.4872  -0.13656E+01  -0.23957E+00  -0.19720E+00   0.41211E+01   0.37733E+04
  157     2.8593  11.5174  -0.13802E+01  -0.24264E+00  -0.20027E+00   0.41185E+01   0.37126E+04
  158     2.8929  11.5472  -0.13949E+01  -0.24573E+00  -0.20336E+00   0.41159E+01   0.36521E+04
  159     2.9267  11.5766  -0.14097E+01  -0.24884E+00  -0.20648E+00   0.41134E+01   0.35922E+04
  160     2.9608  11.6057  -0.14245E+01  -0.25198E+00  -0.20961E+00   0.41110E+01   0.35322E+04
  161     2.9953  11.6344  -0.14394E+01  -0.25514E+00  -0.21277E+00   0.41086E+01   0.34729E+04
  162     3.0300  11.6628  -0.14544E+01  -0.25832E+00  -0.21595E+00   0.41062E+01   0.34141E+04
  163     3.0651  11.6908  -0.14694E+01  -0.26152E+00  -0.21915E+00   0.41039E+01   0.33557E+04
  164     3.1004  11.7184  -0.14846E+01  -0.26475E+00  -0.22238E+00   0.41017E+01   0.32977E+04
  165     3.1360  11.7458  -0.14998E+01  -0.26800E+00  -0.22563E+00   0.40995E+01   0.32404E+04
  166     3.1720  11.7727  -0.15150E+01  -0.27127E+00  -0.22890E+00   0.40974E+01   0.31836E+04
  167     3.2083  11.7994  -0.15304E+01  -0.27457E+00  -0.23221E+00   0.40953E+01   0.31271E+04
  168     3.2449  11.8257  -0.15458E+01  -0.27789E+00  -0.23553E+00   0.40933E+01   0.30711E+04
  169     3.2818  11.8517  -0.15614E+01  -0.28124E+00  -0.23887E+00   0.40913E+01   0.30153E+04
  170     3.3190  11.8773  -0.15769E+01  -0.28461E+00  -0.24225E+00   0.40893E+01   0.29598E+04
  171     3.3565  11.9026  -0.15926E+01  -0.28801E+00  -0.24564E+00   0.40874E+01   0.29047E+04
  172     3.3944  11.9277  -0.16083E+01  -0.29142E+00  -0.24906E+00   0.40856E+01   0.28503E+04
  173     3.4326  11.9524  -0.16241E+01  -0.29486E+00  -0.25250E+00   0.40838E+01   0.27963E+04
  174     3.4712  11.9768  -0.16400E+01  -0.29833E+00  -0.25596E+00   0.40820E+01   0.27430E+04
  175     3.5100  12.0009  -0.16560E+01  -0.30181E+00  -0.25945E+00   0.40803E+01   0.26902E+04
  176     3.5492  12.0246  -0.16720E+01  -0.30532E+00  -0.26296E+00   0.40786E+01   0.26381E+04
  177     3.5888  12.0481  -0.16881E+01  -0.30886E+00  -0.26649E+00   0.40769E+01   0.25866E+04
  178     3.6287  12.0713  -0.17043E+01  -0.31242E+00  -0.27005E+00   0.40753E+01   0.25358E+04
  179     3.6689  12.0942  -0.17205E+01  -0.31600E+00  -0.27364E+00   0.40737E+01   0.24855E+04
  180     3.7095  12.1169  -0.17369E+01  -0.31961E+00  -0.27724E+00   0.40722E+01   0.24358E+04
  181     3.7505  12.1392  -0.17533E+01  -0.32324E+00  -0.28088E+00   0.40707E+01   0.23866E+04
  182     3.7918  12.1612  -0.17698E+01  -0.32690E+00  -0.28454E+00   0.40692E+01   0.23378E+04
  183     3.8334  12.1830  -0.17864E+01  -0.33059E+00  -0.28822E+00   0.40678E+01   0.22896E+04
  184     3.8754  12.2045  -0.18030E+01  -0.33430E+00  -0.29193E+00   0.40664E+01   0.22420E+04
  185     3.9178  12.2257  -0.18197E+01  -0.33803E+00  -0.29566E+00   0.40650E+01   0.21947E+04
  186     3.9606  12.2467  -0.18365E+01  -0.34179E+00  -0.29942E+00   0.40637E+01   0.21479E+04
  187     4.0037  12.2674  -0.18534E+01  -0.34557E+00  -0.30320E+00   0.40624E+01   0.21017E+04
  188     4.0472  12.2878  -0.18703E+01  -0.34937E+00  -0.30701E+00   0.40611E+01   0.20563E+04
  189     4.0911  12.3080  -0.18874E+01  -0.35320E+00  -0.31084E+00   0.40599E+01   0.20116E+04
  190     4.1353  12.3279  -0.19045E+01  -0.35706E+00  -0.31469E+00   0.40586E+01   0.19679E+04
  191     4.1800  12.3476  -0.19216E+01  -0.36093E+00  -0.31856E+00   0.40574E+01   0.19247E+04
  192     4.2250  12.3670  -0.19389E+01  -0.36483E+00  -0.32247E+00   0.40563E+01   0.18823E+04
  193     4.2705  12.3862  -0.19562E+01  -0.36876E+00  -0.32640E+00   0.40551E+01   0.18405E+04
  194     4.3163  12.4051  -0.19736E+01  -0.37272E+00  -0.33036E+00   0.40540E+01   0.17991E+04
  195     4.3625  12.4238  -0.19912E+01  -0.37671E+00  -0.33435E+00   0.40529E+01   0.17584E+04
  196     4.4091  12.4423  -0.20088E+01  -0.38073E+00  -0.33836E+00   0.40519E+01   0.17181E+04
  197     4.4561  12.4605  -0.20264E+01  -0.38477E+00  -0.34240E+00   0.40508E+01   0.16781E+04
  198     4.5036  12.4785  -0.20442E+01  -0.38883E+00  -0.34646E+00   0.40498E+01   0.16385E+04
  199     4.5514  12.4962  -0.20620E+01  -0.39292E+00  -0.35055E+00   0.40488E+01   0.15998E+04
  200     4.5997  12.5138  -0.20799E+01  -0.39703E+00  -0.35466E+00   0.40479E+01   0.15617E+04
  201     4.6484  12.5311  -0.20978E+01  -0.40116E+00  -0.35879E+00   0.40470E+01   0.15244E+04
  202     4.6975  12.5482  -0.21159E+01  -0.40532E+00  -0.36295E+00   0.40460E+01   0.14878E+04
  203     4.7470  12.5650  -0.21340E+01  -0.40951E+00  -0.36714E+00   0.40451E+01   0.14519E+04
  204     4.7970  12.5817  -0.21522E+01  -0.41372E+00  -0.37136E+00   0.40442E+01   0.14165E+04
  205     4.8474  12.5981  -0.21705E+01  -0.41797E+00  -0.37560E+00   0.40433E+01   0.13819E+04
  206     4.8982  12.6144  -0.21889E+01  -0.42224E+00  -0.37987E+00   0.40424E+01   0.13476E+04
  207     4.9495  12.6304  -0.22074E+01  -0.42653E+00  -0.38417E+00   0.40416E+01   0.13140E+04
  208     5.0012  12.6462  -0.22259E+01  -0.43086E+00  -0.38849E+00   0.40408E+01   0.12808E+04
  209     5.0534  12.6619  -0.22445E+01  -0.43521E+00  -0.39284E+00   0.40400E+01   0.12484E+04
  210     5.1060  12.6773  -0.22632E+01  -0.43958E+00  -0.39721E+00   0.40392E+01   0.12166E+04
  211     5.1591  12.6925  -0.22820E+01  -0.44398E+00  -0.40162E+00   0.40385E+01   0.11854E+04
  212     5.2126  12.7076  -0.23009E+01  -0.44841E+00  -0.40604E+00   0.40377E+01   0.11547E+04
  213     5.2667  12.7224  -0.23198E+01  -0.45287E+00  -0.41050E+00   0.40370E+01   0.11246E+04
  214     5.3211  12.7371  -0.23389E+01  -0.45736E+00  -0.41499E+00   0.40363E+01   0.10952E+04
  215     5.3761  12.7515  -0.23580E+01  -0.46187E+00  -0.41950E+00   0.40356E+01   0.10661E+04
  216     5.4315  12.7658  -0.23772E+01  -0.46641E+00  -0.42404E+00   0.40349E+01   0.10377E+04
  217     5.4874  12.7799  -0.23965E+01  -0.47098E+00  -0.42861E+00   0.40342E+01   0.10098E+04
  218     5.5438  12.7938  -0.24159E+01  -0.47557E+00  -0.43320E+00   0.40336E+01   0.98242E+03
  219     5.6007  12.8076  -0.24353E+01  -0.48019E+00  -0.43782E+00   0.40329E+01   0.95573E+03
  220     5.6581  12.8211  -0.24548E+01  -0.48484E+00  -0.44247E+00   0.40323E+01   0.92958E+03
  221     5.7160  12.8345  -0.24745E+01  -0.48952E+00  -0.44715E+00   0.40317E+01   0.90407E+03
  222     5.7744  12.8477  -0.24942E+01  -0.49422E+00  -0.45186E+00   0.40311E+01   0.87897E+03
  223     5.8333  12.8608  -0.25140E+01  -0.49896E+00  -0.45659E+00   0.40305E+01   0.85438E+03
  224     5.8927  12.8737  -0.25339E+01  -0.50373E+00  -0.46136E+00   0.40300E+01   0.83027E+03
  225     5.9526  12.8864  -0.25539E+01  -0.50852E+00  -0.46615E+00   0.40294E+01   0.80671E+03
  226     6.0131  12.8990  -0.25739E+01  -0.51334E+00  -0.47097E+00   0.40288E+01   0.78359E+03
  227     6.0740  12.9114  -0.25941E+01  -0.51819E+00  -0.47582E+00   0.40283E+01   0.76101E+03
  228     6.1355  12.9236  -0.26143E+01  -0.52306E+00  -0.48070E+00   0.40278E+01   0.73894E+03
  229     6.1976  12.9357  -0.26346E+01  -0.52797E+00  -0.48560E+00   0.40273E+01   0.71735E+03
  230     6.2602  12.9476  -0.26550E+01  -0.53290E+00  -0.49054E+00   0.40268E+01   0.69638E+03
  231     6.3233  12.9594  -0.26755E+01  -0.53786E+00  -0.49550E+00   0.40263E+01   0.67586E+03
  232     6.3869  12.9710  -0.26961E+01  -0.54286E+00  -0.50049E+00   0.40258E+01   0.65591E+03
  233     6.4512  12.9825  -0.27167E+01  -0.54788E+00  -0.50551E+00   0.40253E+01   0.63629E+03
  234     6.5159  12.9938  -0.27375E+01  -0.55294E+00  -0.51057E+00   0.40248E+01   0.61717E+03
  235     6.5813  13.0050  -0.27584E+01  -0.55802E+00  -0.51566E+00   0.40244E+01   0.59841E+03
  236     6.6472  13.0160  -0.27793E+01  -0.56314E+00  -0.52077E+00   0.40239E+01   0.58003E+03
  237     6.7137  13.0269  -0.28004E+01  -0.56828E+00  -0.52592E+00   0.40235E+01   0.56217E+03
  238     6.7807  13.0377  -0.28215E+01  -0.57345E+00  -0.53109E+00   0.40231E+01   0.54473E+03
  239     6.8484  13.0483  -0.28427E+01  -0.57865E+00  -0.53628E+00   0.40227E+01   0.52776E+03
  240     6.9166  13.0588  -0.28640E+01  -0.58388E+00  -0.54151E+00   0.40223E+01   0.51124E+03
  241     6.9854  13.0691  -0.28854E+01  -0.58914E+00  -0.54678E+00   0.40219E+01   0.49511E+03
  242     7.0549  13.0794  -0.29069E+01  -0.59443E+00  -0.55207E+00   0.40215E+01   0.47942E+03
  243     7.1249  13.0894  -0.29284E+01  -0.59976E+00  -0.55739E+00   0.40211E+01   0.46426E+03
  244     7.1955  13.0994  -0.29501E+01  -0.60512E+00  -0.56275E+00   0.40207E+01   0.44932E+03
  245     7.2668  13.1092  -0.29719E+01  -0.61050E+00  -0.56814E+00   0.40203E+01   0.43463E+03
  246     7.3387  13.1189  -0.29938E+01  -0.61592E+00  -0.57356E+00   0.40200E+01   0.42045E+03
  247     7.4112  13.1285  -0.30157E+01  -0.62137E+00  -0.57901E+00   0.40196E+01   0.40670E+03
  248     7.4843  13.1380  -0.30378E+01  -0.62684E+00  -0.58448E+00   0.40193E+01   0.39326E+03
  249     7.5580  13.1473  -0.30599E+01  -0.63235E+00  -0.58999E+00   0.40189E+01   0.38016E+03
  250     7.6324  13.1565  -0.30822E+01  -0.63790E+00  -0.59553E+00   0.40186E+01   0.36746E+03
  251     7.7075  13.1656  -0.31045E+01  -0.64347E+00  -0.60110E+00   0.40183E+01   0.35518E+03
  252     7.7832  13.1746  -0.31269E+01  -0.64908E+00  -0.60671E+00   0.40180E+01   0.34313E+03
  253     7.8596  13.1834  -0.31495E+01  -0.65472E+00  -0.61235E+00   0.40176E+01   0.33143E+03
  254     7.9366  13.1922  -0.31721E+01  -0.66039E+00  -0.61802E+00   0.40173E+01   0.32008E+03
  255     8.0143  13.2008  -0.31948E+01  -0.66609E+00  -0.62372E+00   0.40170E+01   0.30905E+03
  256     8.0926  13.2093  -0.32176E+01  -0.67182E+00  -0.62945E+00   0.40167E+01   0.29836E+03
  257     8.1717  13.2178  -0.32405E+01  -0.67759E+00  -0.63522E+00   0.40164E+01   0.28792E+03
  258     8.2514  13.2261  -0.32636E+01  -0.68339E+00  -0.64102E+00   0.40162E+01   0.27782E+03
  259     8.3319  13.2343  -0.32867E+01  -0.68923E+00  -0.64686E+00   0.40159E+01   0.26803E+03
  260     8.4130  13.2424  -0.33099E+01  -0.69509E+00  -0.65273E+00   0.40156E+01   0.25848E+03
  261     8.4948  13.2503  -0.33332E+01  -0.70099E+00  -0.65863E+00   0.40154E+01   0.24920E+03
  262     8.5774  13.2582  -0.33567E+01  -0.70693E+00  -0.66456E+00   0.40151E+01   0.24024E+03
  263     8.6606  13.2660  -0.33802E+01  -0.71289E+00  -0.67052E+00   0.40148E+01   0.23155E+03
  264     8.7446  13.2737  -0.34038E+01  -0.71889E+00  -0.67652E+00   0.40146E+01   0.22307E+03
  265     8.8293  13.2813  -0.34275E+01  -0.72493E+00  -0.68256E+00   0.40143E+01   0.21426E+03
  266     8.9148  13.2888  -0.34514E+01  -0.73100E+00  -0.68863E+00   0.40141E+01   0.20700E+03
  267     9.0010  13.2962  -0.34753E+01  -0.73710E+00  -0.69473E+00   0.40139E+01   0.19931E+03
  268     9.0879  13.3035  -0.34989E+01  -0.74310E+00  -0.70074E+00   0.40136E+01   0.19200E+03
  269     9.1756  13.3107  -0.35235E+01  -0.74941E+00  -0.70704E+00   0.40134E+01   0.18458E+03
  270     9.2641  13.3178  -0.35477E+01  -0.75562E+00  -0.71325E+00   0.40132E+01   0.17758E+03
  271     9.3534  13.3248  -0.35720E+01  -0.76186E+00  -0.71949E+00   0.40129E+01   0.17084E+03
  272     9.4434  13.3317  -0.35965E+01  -0.76813E+00  -0.72577E+00   0.40127E+01   0.16431E+03
  273     9.5342  13.3386  -0.36211E+01  -0.77444E+00  -0.73208E+00   0.40125E+01   0.15802E+03
  274     9.6257  13.3453  -0.36457E+01  -0.78079E+00  -0.73843E+00   0.40123E+01   0.15189E+03
  275     9.7181  13.3520  -0.36705E+01  -0.78717E+00  -0.74481E+00   0.40121E+01   0.14598E+03
  276     9.8113  13.3586  -0.36954E+01  -0.79360E+00  -0.75123E+00   0.40119E+01   0.14025E+03
  277     9.9053  13.3651  -0.37204E+01  -0.80005E+00  -0.75768E+00   0.40117E+01   0.13472E+03
  278    10.0001  13.3715  -0.37455E+01  -0.80654E+00  -0.76417E+00   0.40115E+01   0.12934E+03
  279    10.0957  13.3778  -0.37707E+01  -0.81307E+00  -0.77070E+00   0.40113E+01   0.12419E+03
  280    10.1922  13.3841  -0.37960E+01  -0.81963E+00  -0.77726E+00   0.40112E+01   0.11921E+03
  281    10.2895  13.3902  -0.38214E+01  -0.82623E+00  -0.78386E+00   0.40110E+01   0.11438E+03
  282    10.3877  13.3963  -0.38470E+01  -0.83286E+00  -0.79050E+00   0.40108E+01   0.10975E+03
  283    10.4867  13.4023  -0.38726E+01  -0.83954E+00  -0.79717E+00   0.40106E+01   0.10526E+03
  284    10.5865  13.4083  -0.38984E+01  -0.84625E+00  -0.80389E+00   0.40104E+01   0.10096E+03
  285    10.6873  13.4141  -0.39243E+01  -0.85300E+00  -0.81063E+00   0.40103E+01   0.96756E+02
  286    10.7889  13.4199  -0.39502E+01  -0.85978E+00  -0.81742E+00   0.40101E+01   0.92725E+02
  287    10.8914  13.4256  -0.39764E+01  -0.86662E+00  -0.82425E+00   0.40100E+01   0.88830E+02
  288    10.9947  13.4312  -0.40026E+01  -0.87347E+00  -0.83111E+00   0.40098E+01   0.85102E+02
  289    11.0990  13.4368  -0.40289E+01  -0.88037E+00  -0.83801E+00   0.40096E+01   0.81475E+02
  290    11.2042  13.4423  -0.40553E+01  -0.88732E+00  -0.84495E+00   0.40095E+01   0.78027E+02
  291    11.3103  13.4477  -0.40819E+01  -0.89429E+00  -0.85193E+00   0.40093E+01   0.74672E+02
  292    11.4173  13.4530  -0.41086E+01  -0.90131E+00  -0.85894E+00   0.40092E+01   0.71458E+02
  293    11.5253  13.4583  -0.41354E+01  -0.90836E+00  -0.86600E+00   0.40090E+01   0.68363E+02
  294    11.6342  13.4635  -0.41623E+01  -0.91546E+00  -0.87309E+00   0.40089E+01   0.65375E+02
  295    11.7440  13.4687  -0.41893E+01  -0.92260E+00  -0.88023E+00   0.40088E+01   0.62506E+02
  296    11.8548  13.4738  -0.42165E+01  -0.92977E+00  -0.88740E+00   0.40086E+01   0.59746E+02
  297    11.9666  13.4788  -0.42438E+01  -0.93698E+00  -0.89462E+00   0.40085E+01   0.57088E+02
  298    12.0793  13.4837  -0.42712E+01  -0.94424E+00  -0.90187E+00   0.40084E+01   0.54534E+02
  299    12.1930  13.4886  -0.42987E+01  -0.95153E+00  -0.90916E+00   0.40082E+01   0.52104E+02
  300    12.3077  13.4934  -0.43263E+01  -0.95886E+00  -0.91649E+00   0.40081E+01   0.49723E+02
  301    12.4234  13.4982  -0.43541E+01  -0.96624E+00  -0.92387E+00   0.40080E+01   0.47476E+02
  302    12.5401  13.5029  -0.43819E+01  -0.97365E+00  -0.93129E+00   0.40079E+01   0.45309E+02
  303    12.6578  13.5075  -0.44099E+01  -0.98111E+00  -0.93875E+00   0.40077E+01   0.43218E+02
  304    12.7766  13.5121  -0.44381E+01  -0.98861E+00  -0.94625E+00   0.40076E+01   0.41214E+02
  305    12.8963  13.5166  -0.44663E+01  -0.99615E+00  -0.95379E+00   0.40075E+01   0.39295E+02
  306    13.0172  13.5211  -0.44947E+01  -0.10037E+01  -0.96137E+00   0.40074E+01   0.37462E+02
  307    13.1390  13.5255  -0.45232E+01  -0.10114E+01  -0.96899E+00   0.40073E+01   0.35697E+02
  308    13.2619  13.5298  -0.45518E+01  -0.10190E+01  -0.97666E+00   0.40072E+01   0.34003E+02
  309    13.3859  13.5341  -0.45806E+01  -0.10267E+01  -0.98437E+00   0.40071E+01   0.32392E+02
  310    13.5110  13.5383  -0.46095E+01  -0.10345E+01  -0.99212E+00   0.40070E+01   0.30840E+02
  311    13.6372  13.5425  -0.46385E+01  -0.10423E+01  -0.99992E+00   0.40068E+01   0.29347E+02
  312    13.7644  13.5466  -0.46676E+01  -0.10501E+01  -0.10078E+01   0.40067E+01   0.27926E+02
  313    13.8928  13.5507  -0.46969E+01  -0.10580E+01  -0.10156E+01   0.40066E+01   0.26563E+02
  314    14.0223  13.5547  -0.47263E+01  -0.10659E+01  -0.10236E+01   0.40065E+01   0.25260E+02
  315    14.1529  13.5587  -0.47559E+01  -0.10739E+01  -0.10315E+01   0.40065E+01   0.24012E+02
  316    14.2846  13.5626  -0.47855E+01  -0.10819E+01  -0.10395E+01   0.40064E+01   0.22828E+02
  317    14.4175  13.5665  -0.48154E+01  -0.10900E+01  -0.10476E+01   0.40063E+01   0.21685E+02
  318    14.5515  13.5703  -0.48453E+01  -0.10981E+01  -0.10557E+01   0.40062E+01   0.20597E+02
  319    14.6867  13.5741  -0.48754E+01  -0.11062E+01  -0.10638E+01   0.40061E+01   0.19562E+02
  320    14.8231  13.5778  -0.49056E+01  -0.11144E+01  -0.10720E+01   0.40060E+01   0.18571E+02
  321    14.9607  13.5815  -0.49359E+01  -0.11226E+01  -0.10803E+01   0.40059E+01   0.17619E+02
  322    15.0994  13.5851  -0.49664E+01  -0.11309E+01  -0.10886E+01   0.40058E+01   0.16715E+02
  323    15.2394  13.5887  -0.49970E+01  -0.11393E+01  -0.10969E+01   0.40057E+01   0.15850E+02
  324    15.3806  13.5922  -0.50278E+01  -0.11476E+01  -0.11053E+01   0.40056E+01   0.15026E+02
  325    15.5230  13.5957  -0.50587E+01  -0.11560E+01  -0.11137E+01   0.40056E+01   0.14244E+02
  326    15.6666  13.5991  -0.50897E+01  -0.11645E+01  -0.11222E+01   0.40055E+01   0.13492E+02
  327    15.8115  13.6025  -0.51209E+01  -0.11730E+01  -0.11307E+01   0.40054E+01   0.12781E+02
  328    15.9577  13.6059  -0.51522E+01  -0.11816E+01  -0.11392E+01   0.40053E+01   0.12104E+02
  329    16.1051  13.6092  -0.51837E+01  -0.11902E+01  -0.11478E+01   0.40053E+01   0.11453E+02
  330    16.2538  13.6124  -0.52153E+01  -0.11989E+01  -0.11565E+01   0.40052E+01   0.10839E+02
  331    16.4038  13.6157  -0.52470E+01  -0.12076E+01  -0.11652E+01   0.40051E+01   0.10255E+02
  332    16.5551  13.6188  -0.52789E+01  -0.12163E+01  -0.11740E+01   0.40050E+01   0.96971E+01
  333    16.7078  13.6220  -0.53110E+01  -0.12251E+01  -0.11828E+01   0.40050E+01   0.91652E+01
  334    16.8617  13.6251  -0.53432E+01  -0.12340E+01  -0.11916E+01   0.40049E+01   0.86584E+01
  335    17.0170  13.6281  -0.53755E+01  -0.12429E+01  -0.12005E+01   0.40048E+01   0.81793E+01
  336    17.1736  13.6312  -0.54080E+01  -0.12518E+01  -0.12095E+01   0.40048E+01   0.77246E+01
  337    17.3316  13.6342  -0.54406E+01  -0.12608E+01  -0.12184E+01   0.40047E+01   0.72955E+01
  338    17.4910  13.6371  -0.54734E+01  -0.12699E+01  -0.12275E+01   0.40046E+01   0.68849E+01
  339    17.6518  13.6400  -0.55063E+01  -0.12790E+01  -0.12366E+01   0.40046E+01   0.64968E+01
  340    17.8139  13.6429  -0.55394E+01  -0.12881E+01  -0.12458E+01   0.40045E+01   0.61246E+01
  341    17.9775  13.6457  -0.55727E+01  -0.12973E+01  -0.12550E+01   0.40044E+01   0.57738E+01
  342    18.1425  13.6485  -0.56060E+01  -0.13066E+01  -0.12642E+01   0.40044E+01   0.54428E+01
  343    18.3089  13.6513  -0.56396E+01  -0.13159E+01  -0.12735E+01   0.40043E+01   0.51257E+01
  344    18.4768  13.6540  -0.56733E+01  -0.13252E+01  -0.12829E+01   0.40043E+01   0.48279E+01
  345    18.6461  13.6567  -0.57072E+01  -0.13346E+01  -0.12923E+01   0.40042E+01   0.45434E+01
  346    18.8169  13.6593  -0.57412E+01  -0.13441E+01  -0.13017E+01   0.40041E+01   0.42770E+01
  347    18.9892  13.6619  -0.57753E+01  -0.13536E+01  -0.13112E+01   0.40041E+01   0.40248E+01
  348    19.1630  13.6645  -0.58097E+01  -0.13632E+01  -0.13208E+01   0.40040E+01   0.37853E+01
  349    19.3383  13.6671  -0.58442E+01  -0.13728E+01  -0.13304E+01   0.40040E+01   0.35572E+01
  350    19.5151  13.6696  -0.58788E+01  -0.13825E+01  -0.13401E+01   0.40039E+01   0.33442E+01
  351    19.6934  13.6721  -0.59136E+01  -0.13922E+01  -0.13498E+01   0.40039E+01   0.31394E+01
  352    19.8734  13.6745  -0.59486E+01  -0.14020E+01  -0.13596E+01   0.40038E+01   0.29500E+01
  353    20.0548  13.6770  -0.59837E+01  -0.14118E+01  -0.13694E+01   0.40038E+01   0.27687E+01
  354    20.2379  13.6794  -0.60191E+01  -0.14217E+01  -0.13793E+01   0.40037E+01   0.25977E+01
  355    20.4225  13.6817  -0.60545E+01  -0.14316E+01  -0.13893E+01   0.40037E+01   0.24370E+01
  356    20.6088  13.6840  -0.60902E+01  -0.14416E+01  -0.13993E+01   0.40036E+01   0.22851E+01
  357    20.7966  13.6863  -0.61260E+01  -0.14517E+01  -0.14093E+01   0.40036E+01   0.21402E+01
  358    20.9861  13.6886  -0.61619E+01  -0.14618E+01  -0.14194E+01   0.40035E+01   0.20066E+01
  359    21.1773  13.6909  -0.61980E+01  -0.14720E+01  -0.14296E+01   0.40035E+01   0.18785E+01
  360    21.3701  13.6931  -0.62344E+01  -0.14822E+01  -0.14398E+01   0.40034E+01   0.17584E+01
  361    21.5646  13.6953  -0.62708E+01  -0.14925E+01  -0.14501E+01   0.40034E+01   0.16461E+01
  362    21.7607  13.6974  -0.63074E+01  -0.15028E+01  -0.14604E+01   0.40034E+01   0.15393E+01
  363    21.9586  13.6995  -0.63443E+01  -0.15132E+01  -0.14708E+01   0.40033E+01   0.14394E+01
  364    22.1582  13.7016  -0.63813E+01  -0.15237E+01  -0.14813E+01   0.40033E+01   0.13462E+01
  365    22.3596  13.7037  -0.64185E+01  -0.15342E+01  -0.14918E+01   0.40032E+01   0.12572E+01
  366    22.5626  13.7058  -0.64558E+01  -0.15448E+01  -0.15024E+01   0.40000E+01   0.11739E+01
  367    22.7675  13.7078  -0.64933E+01  -0.15554E+01  -0.15130E+01   0.40000E+01   0.10974E+01
  368    22.9741  13.7098  -0.65310E+01  -0.15661E+01  -0.15237E+01   0.40000E+01   0.10237E+01
  369    23.1825  13.7117  -0.65689E+01  -0.15768E+01  -0.15345E+01   0.40000E+01   0.95488E+00
  370    23.3928  13.7137  -0.66070E+01  -0.15876E+01  -0.15453E+01   0.40000E+01   0.88882E+00
  371    23.6049  13.7156  -0.66452E+01  -0.15985E+01  -0.15561E+01   0.40000E+01   0.82996E+00
  372    23.8188  13.7175  -0.66836E+01  -0.16094E+01  -0.15671E+01   0.40000E+01   0.77304E+00
  373    24.0345  13.7194  -0.67222E+01  -0.16204E+01  -0.15780E+01   0.40000E+01   0.72108E+00
  374    24.2522  13.7212  -0.67610E+01  -0.16315E+01  -0.15891E+01   0.40000E+01   0.67023E+00
  375    24.4717  13.7230  -0.68000E+01  -0.16426E+01  -0.16002E+01   0.40000E+01   0.62374E+00
  376    24.6932  13.7248  -0.68391E+01  -0.16537E+01  -0.16114E+01   0.40000E+01   0.57998E+00
  377    24.9166  13.7266  -0.68784E+01  -0.16650E+01  -0.16226E+01   0.40000E+01   0.53932E+00
  378    25.1419  13.7284  -0.69180E+01  -0.16763E+01  -0.16339E+01   0.40000E+01   0.50134E+00
  379    25.3691  13.7301  -0.69577E+01  -0.16876E+01  -0.16453E+01   0.40000E+01   0.46583E+00
  380    25.5984  13.7318  -0.69976E+01  -0.16991E+01  -0.16567E+01   0.40000E+01   0.43208E+00
  381    25.8296  13.7335  -0.70376E+01  -0.17105E+01  -0.16682E+01   0.40000E+01   0.40125E+00
  382    26.0629  13.7351  -0.70779E+01  -0.17221E+01  -0.16797E+01   0.40000E+01   0.37233E+00
  383    26.2982  13.7368  -0.71184E+01  -0.17337E+01  -0.16913E+01   0.40000E+01   0.34515E+00
  384    26.5355  13.7384  -0.71591E+01  -0.17454E+01  -0.17030E+01   0.40000E+01   0.31984E+00
  385    26.7749  13.7400  -0.72000E+01  -0.17571E+01  -0.17147E+01   0.40000E+01   0.29624E+00
  386    27.0164  13.7416  -0.72409E+01  -0.17689E+01  -0.17265E+01   0.40000E+01   0.27443E+00
  387    27.2599  13.7431  -0.72823E+01  -0.17808E+01  -0.17384E+01   0.40000E+01   0.25410E+00
  388    27.5056  13.7447  -0.73237E+01  -0.17927E+01  -0.17503E+01   0.40000E+01   0.23506E+00
  389    27.7534  13.7462  -0.73653E+01  -0.18047E+01  -0.17623E+01   0.40000E+01   0.21731E+00
  390    28.0034  13.7477  -0.74072E+01  -0.18168E+01  -0.17744E+01   0.40000E+01   0.20091E+00
  391    28.2556  13.7492  -0.74492E+01  -0.18289E+01  -0.17865E+01   0.40000E+01   0.18577E+00
  392    28.5099  13.7506  -0.74914E+01  -0.18411E+01  -0.17987E+01   0.40000E+01   0.17144E+00
  393    28.7665  13.7521  -0.75338E+01  -0.18534E+01  -0.18110E+01   0.40000E+01   0.15818E+00
  394    29.0253  13.7535  -0.75764E+01  -0.18657E+01  -0.18233E+01   0.40000E+01   0.14603E+00
  395    29.2863  13.7549  -0.76193E+01  -0.18781E+01  -0.18357E+01   0.40000E+01   0.13468E+00
  396    29.5496  13.7563  -0.76623E+01  -0.18906E+01  -0.18482E+01   0.40000E+01   0.12416E+00
  397    29.8152  13.7577  -0.77055E+01  -0.19031E+01  -0.18607E+01   0.40000E+01   0.11439E+00
  398    30.0831  13.7590  -0.77490E+01  -0.19157E+01  -0.18733E+01   0.40000E+01   0.10534E+00
  399    30.3534  13.7604  -0.77926E+01  -0.19284E+01  -0.18860E+01   0.40000E+01   0.96961E-01
  400    30.6259  13.7617  -0.78365E+01  -0.19411E+01  -0.18987E+01   0.40000E+01   0.89209E-01
