    1     0.0001   0.0014  -0.15259E-04   0.82835E-06   0.60030E-01   0.79428E+01   0.25175E+03
    2     0.0088   0.1221  -0.20423E-02  -0.10863E-03   0.59920E-01   0.78986E+01   0.40230E+03
    3     0.0176   0.2423  -0.42691E-02  -0.26344E-03   0.59765E-01   0.78555E+01   0.42453E+03
    4     0.0264   0.3621  -0.66014E-02  -0.43777E-03   0.59591E-01   0.78129E+01   0.44019E+03
    5     0.0353   0.4814  -0.90131E-02  -0.62492E-03   0.59404E-01   0.77708E+01   0.45398E+03
    6     0.0443   0.6003  -0.11503E-01  -0.82455E-03   0.59204E-01   0.77290E+01   0.46621E+03
    7     0.0534   0.7188  -0.14057E-01  -0.10335E-02   0.58995E-01   0.76875E+01   0.47713E+03
    8     0.0626   0.8368  -0.16674E-01  -0.12510E-02   0.58778E-01   0.76463E+01   0.48748E+03
    9     0.0718   0.9543  -0.19351E-01  -0.14763E-02   0.58552E-01   0.76054E+01   0.49757E+03
   10     0.0811   1.0713  -0.22087E-01  -0.17089E-02   0.58320E-01   0.75648E+01   0.50716E+03
   11     0.0905   1.1879  -0.24880E-01  -0.19489E-02   0.58080E-01   0.75244E+01   0.51654E+03
   12     0.1000   1.3039  -0.27729E-01  -0.21960E-02   0.57833E-01   0.74842E+01   0.52554E+03
   13     0.1096   1.4195  -0.30642E-01  -0.24526E-02   0.57576E-01   0.74443E+01   0.53464E+03
   14     0.1192   1.5346  -0.33598E-01  -0.27129E-02   0.57316E-01   0.74045E+01   0.54346E+03
   15     0.1290   1.6491  -0.36609E-01  -0.29799E-02   0.57049E-01   0.73651E+01   0.55201E+03
   16     0.1388   1.7632  -0.39674E-01  -0.32535E-02   0.56775E-01   0.73258E+01   0.56067E+03
   17     0.1487   1.8767  -0.42793E-01  -0.35342E-02   0.56495E-01   0.72867E+01   0.56905E+03
   18     0.1587   1.9897  -0.45965E-01  -0.38216E-02   0.56207E-01   0.72479E+01   0.57753E+03
   19     0.1687   2.1021  -0.49191E-01  -0.41160E-02   0.55913E-01   0.72093E+01   0.58590E+03
   20     0.1789   2.2140  -0.52471E-01  -0.44173E-02   0.55611E-01   0.71709E+01   0.59409E+03
   21     0.1891   2.3254  -0.55807E-01  -0.47264E-02   0.55302E-01   0.71327E+01   0.60240E+03
   22     0.1995   2.4362  -0.59198E-01  -0.50433E-02   0.54985E-01   0.70948E+01   0.61053E+03
   23     0.2099   2.5465  -0.62642E-01  -0.53669E-02   0.54662E-01   0.70570E+01   0.61865E+03
   24     0.2204   2.6562  -0.66136E-01  -0.56968E-02   0.54332E-01   0.70195E+01   0.62673E+03
   25     0.2310   2.7653  -0.69678E-01  -0.60324E-02   0.53996E-01   0.69822E+01   0.63478E+03
   26     0.2417   2.8738  -0.73270E-01  -0.63747E-02   0.53654E-01   0.69450E+01   0.64285E+03
   27     0.2525   2.9818  -0.76918E-01  -0.67252E-02   0.53304E-01   0.69080E+01   0.65077E+03
   28     0.2634   3.0892  -0.80626E-01  -0.70849E-02   0.52944E-01   0.68714E+01   0.65872E+03
   29     0.2744   3.1959  -0.84397E-01  -0.74546E-02   0.52574E-01   0.68350E+01   0.66663E+03
   30     0.2855   3.3021  -0.88226E-01  -0.78336E-02   0.52195E-01   0.67988E+01   0.67448E+03
   31     0.2967   3.4077  -0.92112E-01  -0.82213E-02   0.51807E-01   0.67628E+01   0.68224E+03
   32     0.3079   3.5127  -0.96053E-01  -0.86170E-02   0.51412E-01   0.67270E+01   0.69000E+03
   33     0.3193   3.6170  -0.10003E+00  -0.90155E-02   0.51013E-01   0.66914E+01   0.69779E+03
   34     0.3308   3.7207  -0.10408E+00  -0.94290E-02   0.50600E-01   0.66561E+01   0.70547E+03
   35     0.3423   3.8238  -0.10819E+00  -0.98520E-02   0.50177E-01   0.66210E+01   0.71297E+03
   36     0.3540   3.9263  -0.11237E+00  -0.10284E-01   0.49745E-01   0.65862E+01   0.72061E+03
   37     0.3658   4.0281  -0.11659E+00  -0.10726E-01   0.49303E-01   0.65516E+01   0.72812E+03
   38     0.3777   4.1293  -0.12088E+00  -0.11177E-01   0.48851E-01   0.65172E+01   0.73556E+03
   39     0.3896   4.2299  -0.12522E+00  -0.11638E-01   0.48391E-01   0.64830E+01   0.74300E+03
   40     0.4017   4.3298  -0.12963E+00  -0.12109E-01   0.47920E-01   0.64491E+01   0.75042E+03
   41     0.4139   4.4291  -0.13409E+00  -0.12589E-01   0.47440E-01   0.64154E+01   0.75787E+03
   42     0.4262   4.5276  -0.13861E+00  -0.13079E-01   0.46950E-01   0.63819E+01   0.76529E+03
   43     0.4386   4.6256  -0.14318E+00  -0.13579E-01   0.46450E-01   0.63487E+01   0.77249E+03
   44     0.4511   4.7229  -0.14782E+00  -0.14089E-01   0.45940E-01   0.63156E+01   0.77960E+03
   45     0.4637   4.8195  -0.15251E+00  -0.14609E-01   0.45419E-01   0.62828E+01   0.78671E+03
   46     0.4764   4.9154  -0.15727E+00  -0.15141E-01   0.44888E-01   0.62503E+01   0.79374E+03
   47     0.4893   5.0106  -0.16208E+00  -0.15682E-01   0.44346E-01   0.62180E+01   0.80072E+03
   48     0.5022   5.1052  -0.16696E+00  -0.16235E-01   0.43793E-01   0.61859E+01   0.80759E+03
   49     0.5153   5.1991  -0.17189E+00  -0.16799E-01   0.43230E-01   0.61541E+01   0.81433E+03
   50     0.5285   5.2923  -0.17689E+00  -0.17374E-01   0.42655E-01   0.61225E+01   0.82111E+03
   51     0.5417   5.3849  -0.18194E+00  -0.17960E-01   0.42069E-01   0.60911E+01   0.82765E+03
   52     0.5552   5.4767  -0.18706E+00  -0.18556E-01   0.41472E-01   0.60600E+01   0.83419E+03
   53     0.5687   5.5679  -0.19224E+00  -0.19165E-01   0.40864E-01   0.60292E+01   0.84075E+03
   54     0.5823   5.6583  -0.19748E+00  -0.19785E-01   0.40243E-01   0.59985E+01   0.84706E+03
   55     0.5961   5.7481  -0.20279E+00  -0.20417E-01   0.39611E-01   0.59681E+01   0.85340E+03
   56     0.6099   5.8371  -0.20815E+00  -0.21061E-01   0.38968E-01   0.59380E+01   0.85969E+03
   57     0.6239   5.9255  -0.21358E+00  -0.21717E-01   0.38312E-01   0.59081E+01   0.86584E+03
   58     0.6381   6.0132  -0.21907E+00  -0.22385E-01   0.37644E-01   0.58785E+01   0.87193E+03
   59     0.6523   6.1001  -0.22463E+00  -0.23065E-01   0.36964E-01   0.58491E+01   0.87790E+03
   60     0.6667   6.1864  -0.23024E+00  -0.23758E-01   0.36271E-01   0.58199E+01   0.88373E+03
   61     0.6812   6.2719  -0.23593E+00  -0.24463E-01   0.35566E-01   0.57911E+01   0.88950E+03
   62     0.6958   6.3568  -0.24167E+00  -0.25181E-01   0.34848E-01   0.57624E+01   0.89512E+03
   63     0.7105   6.4409  -0.24748E+00  -0.25911E-01   0.34118E-01   0.57340E+01   0.90074E+03
   64     0.7254   6.5244  -0.25335E+00  -0.26654E-01   0.33375E-01   0.57059E+01   0.90611E+03
   65     0.7404   6.6071  -0.25929E+00  -0.27410E-01   0.32619E-01   0.56781E+01   0.91145E+03
   66     0.7555   6.6891  -0.26529E+00  -0.28179E-01   0.31850E-01   0.56505E+01   0.91665E+03
   67     0.7708   6.7704  -0.27136E+00  -0.28961E-01   0.31067E-01   0.56231E+01   0.92173E+03
   68     0.7862   6.8511  -0.27749E+00  -0.29757E-01   0.30272E-01   0.55961E+01   0.92671E+03
   69     0.8017   6.9310  -0.28369E+00  -0.30566E-01   0.29463E-01   0.55693E+01   0.93154E+03
   70     0.8174   7.0102  -0.28995E+00  -0.31389E-01   0.28640E-01   0.55427E+01   0.93625E+03
   71     0.8332   7.0886  -0.29628E+00  -0.32224E-01   0.27804E-01   0.55164E+01   0.94085E+03
   72     0.8491   7.1664  -0.30268E+00  -0.33074E-01   0.26955E-01   0.54904E+01   0.94527E+03
   73     0.8652   7.2435  -0.30913E+00  -0.33937E-01   0.26092E-01   0.54647E+01   0.94963E+03
   74     0.8814   7.3199  -0.31566E+00  -0.34814E-01   0.25214E-01   0.54392E+01   0.95381E+03
   75     0.8977   7.3956  -0.32225E+00  -0.35705E-01   0.24323E-01   0.54139E+01   0.95781E+03
   76     0.9142   7.4705  -0.32891E+00  -0.36610E-01   0.23419E-01   0.53890E+01   0.96171E+03
   77     0.9309   7.5448  -0.33563E+00  -0.37529E-01   0.22500E-01   0.53643E+01   0.96543E+03
   78     0.9477   7.6184  -0.34242E+00  -0.38462E-01   0.21567E-01   0.53399E+01   0.96902E+03
   79     0.9646   7.6913  -0.34928E+00  -0.39409E-01   0.20619E-01   0.53157E+01   0.97244E+03
   80     0.9817   7.7635  -0.35620E+00  -0.40371E-01   0.19658E-01   0.52918E+01   0.97572E+03
   81     0.9989   7.8350  -0.36319E+00  -0.41347E-01   0.18682E-01   0.52682E+01   0.97893E+03
   82     1.0163   7.9058  -0.37024E+00  -0.42337E-01   0.17691E-01   0.52449E+01   0.98193E+03
   83     1.0338   7.9759  -0.37737E+00  -0.43342E-01   0.16686E-01   0.52218E+01   0.98474E+03
   84     1.0515   8.0453  -0.38456E+00  -0.44363E-01   0.15666E-01   0.51990E+01   0.98742E+03
   85     1.0693   8.1141  -0.39181E+00  -0.45397E-01   0.14632E-01   0.51765E+01   0.99000E+03
   86     1.0873   8.1821  -0.39914E+00  -0.46447E-01   0.13582E-01   0.51542E+01   0.99237E+03
   87     1.1055   8.2495  -0.40653E+00  -0.47511E-01   0.12518E-01   0.51322E+01   0.99466E+03
   88     1.1238   8.3162  -0.41399E+00  -0.48590E-01   0.11439E-01   0.51105E+01   0.99673E+03
   89     1.1423   8.3823  -0.42151E+00  -0.49684E-01   0.10345E-01   0.50890E+01   0.99866E+03
   90     1.1609   8.4477  -0.42910E+00  -0.50794E-01   0.92352E-02   0.50679E+01   0.10005E+04
   91     1.1797   8.5124  -0.43677E+00  -0.51919E-01   0.81101E-02   0.50470E+01   0.10021E+04
   92     1.1986   8.5764  -0.44450E+00  -0.53059E-01   0.69695E-02   0.50263E+01   0.10035E+04
   93     1.2177   8.6398  -0.45230E+00  -0.54216E-01   0.58129E-02   0.50060E+01   0.10047E+04
   94     1.2370   8.7025  -0.46017E+00  -0.55388E-01   0.46403E-02   0.49859E+01   0.10058E+04
   95     1.2565   8.7646  -0.46811E+00  -0.56577E-01   0.34516E-02   0.49661E+01   0.10068E+04
   96     1.2761   8.8260  -0.47611E+00  -0.57782E-01   0.22470E-02   0.49466E+01   0.10074E+04
   97     1.2959   8.8868  -0.48419E+00  -0.59003E-01   0.10261E-02   0.49273E+01   0.10080E+04
   98     1.3158   8.9469  -0.49234E+00  -0.60239E-01  -0.21062E-03   0.49084E+01   0.10084E+04
   99     1.3360   9.0065  -0.50055E+00  -0.61492E-01  -0.14633E-02   0.48897E+01   0.10086E+04
  100     1.3563   9.0653  -0.50884E+00  -0.62760E-01  -0.27313E-02   0.48713E+01   0.10086E+04
  101     1.3767   9.1236  -0.51719E+00  -0.64044E-01  -0.40157E-02   0.48531E+01   0.10084E+04
  102     1.3974   9.1812  -0.52561E+00  -0.65344E-01  -0.53157E-02   0.48352E+01   0.10081E+04
  103     1.4183   9.2382  -0.53409E+00  -0.66661E-01  -0.66320E-02   0.48176E+01   0.10076E+04
  104     1.4393   9.2945  -0.54265E+00  -0.67993E-01  -0.79640E-02   0.48003E+01   0.10069E+04
  105     1.4605   9.3503  -0.55127E+00  -0.69341E-01  -0.93123E-02   0.47832E+01   0.10061E+04
  106     1.4819   9.4054  -0.55996E+00  -0.70705E-01  -0.10677E-01   0.47664E+01   0.10052E+04
  107     1.5035   9.4600  -0.56872E+00  -0.72087E-01  -0.12058E-01   0.47499E+01   0.10040E+04
  108     1.5252   9.5139  -0.57755E+00  -0.73486E-01  -0.13457E-01   0.47336E+01   0.10027E+04
  109     1.5472   9.5673  -0.58645E+00  -0.74902E-01  -0.14873E-01   0.47176E+01   0.10012E+04
  110     1.5693   9.6200  -0.59542E+00  -0.76335E-01  -0.16306E-01   0.47019E+01   0.99958E+03
  111     1.5917   9.6722  -0.60446E+00  -0.77786E-01  -0.17758E-01   0.46864E+01   0.99782E+03
  112     1.6142   9.7238  -0.61358E+00  -0.79255E-01  -0.19226E-01   0.46712E+01   0.99585E+03
  113     1.6369   9.7748  -0.62276E+00  -0.80741E-01  -0.20712E-01   0.46563E+01   0.99377E+03
  114     1.6598   9.8252  -0.63202E+00  -0.82246E-01  -0.22217E-01   0.46416E+01   0.99148E+03
  115     1.6830   9.8751  -0.64135E+00  -0.83767E-01  -0.23738E-01   0.46272E+01   0.98900E+03
  116     1.7063   9.9244  -0.65074E+00  -0.85305E-01  -0.25277E-01   0.46130E+01   0.98637E+03
  117     1.7298   9.9731  -0.66021E+00  -0.86862E-01  -0.26833E-01   0.45991E+01   0.98353E+03
  118     1.7536  10.0213  -0.66974E+00  -0.88437E-01  -0.28408E-01   0.45854E+01   0.98048E+03
  119     1.7775  10.0689  -0.67936E+00  -0.90031E-01  -0.30002E-01   0.45720E+01   0.97730E+03
  120     1.8016  10.1160  -0.68903E+00  -0.91641E-01  -0.31612E-01   0.45589E+01   0.97390E+03
  121     1.8260  10.1626  -0.69878E+00  -0.93270E-01  -0.33241E-01   0.45460E+01   0.97039E+03
  122     1.8506  10.2086  -0.70860E+00  -0.94917E-01  -0.34888E-01   0.45333E+01   0.96671E+03
  123     1.8753  10.2541  -0.71849E+00  -0.96582E-01  -0.36553E-01   0.45209E+01   0.96294E+03
  124     1.9003  10.2990  -0.72845E+00  -0.98264E-01  -0.38236E-01   0.45087E+01   0.95894E+03
  125     1.9256  10.3434  -0.73848E+00  -0.99965E-01  -0.39936E-01   0.44968E+01   0.95485E+03
  126     1.9510  10.3873  -0.74857E+00  -0.10168E+00  -0.41655E-01   0.44851E+01   0.95061E+03
  127     1.9766  10.4307  -0.75874E+00  -0.10342E+00  -0.43393E-01   0.44736E+01   0.94619E+03
  128     2.0025  10.4736  -0.76898E+00  -0.10518E+00  -0.45150E-01   0.44624E+01   0.94167E+03
  129     2.0286  10.5160  -0.77929E+00  -0.10695E+00  -0.46926E-01   0.44514E+01   0.93698E+03
  130     2.0550  10.5579  -0.78968E+00  -0.10875E+00  -0.48721E-01   0.44406E+01   0.93224E+03
  131     2.0815  10.5993  -0.80013E+00  -0.11056E+00  -0.50535E-01   0.44300E+01   0.92732E+03
  132     2.1083  10.6402  -0.81067E+00  -0.11240E+00  -0.52371E-01   0.44197E+01   0.92228E+03
  133     2.1353  10.6806  -0.82127E+00  -0.11425E+00  -0.54225E-01   0.44096E+01   0.91715E+03
  134     2.1626  10.7205  -0.83194E+00  -0.11613E+00  -0.56097E-01   0.43997E+01   0.91182E+03
  135     2.1901  10.7600  -0.84269E+00  -0.11802E+00  -0.57991E-01   0.43900E+01   0.90640E+03
  136     2.2178  10.7990  -0.85351E+00  -0.11993E+00  -0.59905E-01   0.43806E+01   0.90079E+03
  137     2.2458  10.8375  -0.86441E+00  -0.12187E+00  -0.61839E-01   0.43713E+01   0.89504E+03
  138     2.2740  10.8756  -0.87538E+00  -0.12382E+00  -0.63793E-01   0.43623E+01   0.88914E+03
  139     2.3025  10.9132  -0.88642E+00  -0.12580E+00  -0.65767E-01   0.43534E+01   0.88320E+03
  140     2.3312  10.9504  -0.89753E+00  -0.12779E+00  -0.67761E-01   0.43448E+01   0.87713E+03
  141     2.3602  10.9871  -0.90872E+00  -0.12980E+00  -0.69776E-01   0.43363E+01   0.87087E+03
  142     2.3894  11.0234  -0.91997E+00  -0.13184E+00  -0.71810E-01   0.43281E+01   0.86448E+03
  143     2.4188  11.0592  -0.93130E+00  -0.13389E+00  -0.73865E-01   0.43200E+01   0.85796E+03
  144     2.4486  11.0946  -0.94271E+00  -0.13597E+00  -0.75941E-01   0.43121E+01   0.85128E+03
  145     2.4785  11.1296  -0.95418E+00  -0.13807E+00  -0.78038E-01   0.43044E+01   0.84458E+03
  146     2.5088  11.1641  -0.96573E+00  -0.14018E+00  -0.80154E-01   0.42968E+01   0.83779E+03
  147     2.5393  11.1982  -0.97735E+00  -0.14232E+00  -0.82291E-01   0.42895E+01   0.83092E+03
  148     2.5701  11.2320  -0.98904E+00  -0.14448E+00  -0.84448E-01   0.42823E+01   0.82399E+03
  149     2.6011  11.2653  -0.10008E+01  -0.14665E+00  -0.86625E-01   0.42753E+01   0.81702E+03
  150     2.6324  11.2982  -0.10126E+01  -0.14885E+00  -0.88823E-01   0.42684E+01   0.80999E+03
  151     2.6640  11.3306  -0.10245E+01  -0.15107E+00  -0.91043E-01   0.42617E+01   0.80288E+03
  152     2.6958  11.3627  -0.10365E+01  -0.15331E+00  -0.93284E-01   0.42552E+01   0.79574E+03
  153     2.7280  11.3944  -0.10486E+01  -0.15558E+00  -0.95549E-01   0.42488E+01   0.78848E+03
  154     2.7604  11.4258  -0.10607E+01  -0.15787E+00  -0.97837E-01   0.42426E+01   0.78115E+03
  155     2.7931  11.4567  -0.10729E+01  -0.16018E+00  -0.10015E+00   0.42366E+01   0.77373E+03
  156     2.8260  11.4872  -0.10852E+01  -0.16251E+00  -0.10248E+00   0.42307E+01   0.76624E+03
  157     2.8593  11.5174  -0.10976E+01  -0.16487E+00  -0.10484E+00   0.42250E+01   0.75863E+03
  158     2.8929  11.5472  -0.11101E+01  -0.16725E+00  -0.10722E+00   0.42194E+01   0.75092E+03
  159     2.9267  11.5766  -0.11226E+01  -0.16965E+00  -0.10962E+00   0.42139E+01   0.74316E+03
  160     2.9608  11.6057  -0.11352E+01  -0.17207E+00  -0.11205E+00   0.42085E+01   0.73515E+03
  161     2.9953  11.6344  -0.11479E+01  -0.17452E+00  -0.11449E+00   0.42033E+01   0.72723E+03
  162     3.0300  11.6628  -0.11606E+01  -0.17699E+00  -0.11696E+00   0.41983E+01   0.71927E+03
  163     3.0651  11.6908  -0.11734E+01  -0.17947E+00  -0.11945E+00   0.41933E+01   0.71124E+03
  164     3.1004  11.7184  -0.11863E+01  -0.18198E+00  -0.12196E+00   0.41885E+01   0.70321E+03
  165     3.1360  11.7458  -0.11993E+01  -0.18451E+00  -0.12448E+00   0.41840E+01   0.69519E+03
  166     3.1720  11.7727  -0.12123E+01  -0.18707E+00  -0.12704E+00   0.41793E+01   0.68716E+03
  167     3.2083  11.7994  -0.12254E+01  -0.18965E+00  -0.12962E+00   0.41747E+01   0.67904E+03
  168     3.2449  11.8257  -0.12386E+01  -0.19225E+00  -0.13222E+00   0.41704E+01   0.67097E+03
  169     3.2818  11.8517  -0.12519E+01  -0.19488E+00  -0.13485E+00   0.41662E+01   0.66282E+03
  170     3.3190  11.8773  -0.12652E+01  -0.19753E+00  -0.13750E+00   0.41620E+01   0.65473E+03
  171     3.3565  11.9026  -0.12787E+01  -0.20021E+00  -0.14018E+00   0.41580E+01   0.64655E+03
  172     3.3944  11.9277  -0.12922E+01  -0.20291E+00  -0.14288E+00   0.41541E+01   0.63833E+03
  173     3.4326  11.9524  -0.13058E+01  -0.20563E+00  -0.14560E+00   0.41503E+01   0.63007E+03
  174     3.4712  11.9768  -0.13194E+01  -0.20838E+00  -0.14835E+00   0.41466E+01   0.62179E+03
  175     3.5100  12.0009  -0.13332E+01  -0.21115E+00  -0.15112E+00   0.41430E+01   0.61354E+03
  176     3.5492  12.0246  -0.13470E+01  -0.21394E+00  -0.15392E+00   0.41394E+01   0.60531E+03
  177     3.5888  12.0481  -0.13609E+01  -0.21676E+00  -0.15673E+00   0.41360E+01   0.59707E+03
  178     3.6287  12.0713  -0.13748E+01  -0.21960E+00  -0.15958E+00   0.41326E+01   0.58882E+03
  179     3.6689  12.0942  -0.13889E+01  -0.22247E+00  -0.16244E+00   0.41294E+01   0.58061E+03
  180     3.7095  12.1169  -0.14030E+01  -0.22536E+00  -0.16534E+00   0.41262E+01   0.57238E+03
  181     3.7505  12.1392  -0.14172E+01  -0.22828E+00  -0.16825E+00   0.41231E+01   0.56415E+03
  182     3.7918  12.1612  -0.14315E+01  -0.23123E+00  -0.17120E+00   0.41201E+01   0.55593E+03
  183     3.8334  12.1830  -0.14459E+01  -0.23420E+00  -0.17417E+00   0.41172E+01   0.54770E+03
  184     3.8754  12.2045  -0.14603E+01  -0.23719E+00  -0.17716E+00   0.41143E+01   0.53952E+03
  185     3.9178  12.2257  -0.14749E+01  -0.24021E+00  -0.18018E+00   0.41115E+01   0.53132E+03
  186     3.9606  12.2467  -0.14895E+01  -0.24325E+00  -0.18322E+00   0.41088E+01   0.52314E+03
  187     4.0037  12.2674  -0.15042E+01  -0.24632E+00  -0.18629E+00   0.41062E+01   0.51501E+03
  188     4.0472  12.2878  -0.15189E+01  -0.24941E+00  -0.18938E+00   0.41036E+01   0.50690E+03
  189     4.0911  12.3080  -0.15338E+01  -0.25253E+00  -0.19250E+00   0.41011E+01   0.49883E+03
  190     4.1353  12.3279  -0.15487E+01  -0.25567E+00  -0.19564E+00   0.40987E+01   0.49085E+03
  191     4.1800  12.3476  -0.15637E+01  -0.25884E+00  -0.19881E+00   0.40963E+01   0.48289E+03
  192     4.2250  12.3670  -0.15788E+01  -0.26204E+00  -0.20201E+00   0.40940E+01   0.47495E+03
  193     4.2705  12.3862  -0.15940E+01  -0.26526E+00  -0.20523E+00   0.40918E+01   0.46705E+03
  194     4.3163  12.4051  -0.16092E+01  -0.26851E+00  -0.20848E+00   0.40896E+01   0.45917E+03
  195     4.3625  12.4238  -0.16246E+01  -0.27179E+00  -0.21176E+00   0.40874E+01   0.45136E+03
  196     4.4091  12.4423  -0.16400E+01  -0.27509E+00  -0.21506E+00   0.40854E+01   0.44355E+03
  197     4.4561  12.4605  -0.16555E+01  -0.27842E+00  -0.21839E+00   0.40833E+01   0.43580E+03
  198     4.5036  12.4785  -0.16711E+01  -0.28177E+00  -0.22174E+00   0.40814E+01   0.42808E+03
  199     4.5514  12.4962  -0.16868E+01  -0.28515E+00  -0.22513E+00   0.40795E+01   0.42042E+03
  200     4.5997  12.5138  -0.17025E+01  -0.28856E+00  -0.22853E+00   0.40776E+01   0.41281E+03
  201     4.6484  12.5311  -0.17183E+01  -0.29200E+00  -0.23197E+00   0.40758E+01   0.40527E+03
  202     4.6975  12.5482  -0.17343E+01  -0.29546E+00  -0.23543E+00   0.40740E+01   0.39781E+03
  203     4.7470  12.5650  -0.17503E+01  -0.29894E+00  -0.23891E+00   0.40723E+01   0.39041E+03
  204     4.7970  12.5817  -0.17663E+01  -0.30246E+00  -0.24243E+00   0.40706E+01   0.38309E+03
  205     4.8474  12.5981  -0.17825E+01  -0.30600E+00  -0.24597E+00   0.40689E+01   0.37585E+03
  206     4.8982  12.6144  -0.17988E+01  -0.30957E+00  -0.24954E+00   0.40673E+01   0.36865E+03
  207     4.9495  12.6304  -0.18151E+01  -0.31317E+00  -0.25314E+00   0.40658E+01   0.36153E+03
  208     5.0012  12.6462  -0.18315E+01  -0.31680E+00  -0.25677E+00   0.40643E+01   0.35443E+03
  209     5.0534  12.6619  -0.18481E+01  -0.32045E+00  -0.26042E+00   0.40628E+01   0.34742E+03
  210     5.1060  12.6773  -0.18647E+01  -0.32414E+00  -0.26411E+00   0.40614E+01   0.34044E+03
  211     5.1591  12.6925  -0.18814E+01  -0.32785E+00  -0.26782E+00   0.40600E+01   0.33351E+03
  212     5.2126  12.7076  -0.18981E+01  -0.33159E+00  -0.27156E+00   0.40586E+01   0.32664E+03
  213     5.2667  12.7224  -0.19150E+01  -0.33535E+00  -0.27532E+00   0.40573E+01   0.31994E+03
  214     5.3211  12.7371  -0.19319E+01  -0.33914E+00  -0.27911E+00   0.40560E+01   0.31328E+03
  215     5.3761  12.7515  -0.19489E+01  -0.34296E+00  -0.28293E+00   0.40547E+01   0.30668E+03
  216     5.4315  12.7658  -0.19661E+01  -0.34681E+00  -0.28678E+00   0.40535E+01   0.30018E+03
  217     5.4874  12.7799  -0.19833E+01  -0.35069E+00  -0.29066E+00   0.40523E+01   0.29375E+03
  218     5.5438  12.7938  -0.20006E+01  -0.35460E+00  -0.29457E+00   0.40511E+01   0.28743E+03
  219     5.6007  12.8076  -0.20179E+01  -0.35854E+00  -0.29851E+00   0.40499E+01   0.28120E+03
  220     5.6581  12.8211  -0.20354E+01  -0.36250E+00  -0.30247E+00   0.40488E+01   0.27501E+03
  221     5.7160  12.8345  -0.20530E+01  -0.36650E+00  -0.30647E+00   0.40477E+01   0.26890E+03
  222     5.7744  12.8477  -0.20706E+01  -0.37052E+00  -0.31049E+00   0.40467E+01   0.26280E+03
  223     5.8333  12.8608  -0.20884E+01  -0.37458E+00  -0.31455E+00   0.40457E+01   0.25684E+03
  224     5.8927  12.8737  -0.21062E+01  -0.37867E+00  -0.31864E+00   0.40447E+01   0.25097E+03
  225     5.9526  12.8864  -0.21241E+01  -0.38278E+00  -0.32275E+00   0.40437E+01   0.24516E+03
  226     6.0131  12.8990  -0.21421E+01  -0.38691E+00  -0.32688E+00   0.40427E+01   0.23947E+03
  227     6.0740  12.9114  -0.21602E+01  -0.39109E+00  -0.33106E+00   0.40418E+01   0.23382E+03
  228     6.1355  12.9236  -0.21784E+01  -0.39529E+00  -0.33526E+00   0.40409E+01   0.22828E+03
  229     6.1976  12.9357  -0.21967E+01  -0.39952E+00  -0.33949E+00   0.40400E+01   0.22283E+03
  230     6.2602  12.9476  -0.22151E+01  -0.40378E+00  -0.34375E+00   0.40391E+01   0.21747E+03
  231     6.3233  12.9594  -0.22335E+01  -0.40808E+00  -0.34805E+00   0.40383E+01   0.21216E+03
  232     6.3869  12.9710  -0.22521E+01  -0.41240E+00  -0.35237E+00   0.40375E+01   0.20696E+03
  233     6.4512  12.9825  -0.22707E+01  -0.41675E+00  -0.35672E+00   0.40367E+01   0.20183E+03
  234     6.5159  12.9938  -0.22895E+01  -0.42113E+00  -0.36111E+00   0.40359E+01   0.19680E+03
  235     6.5813  13.0050  -0.23083E+01  -0.42555E+00  -0.36552E+00   0.40351E+01   0.19186E+03
  236     6.6472  13.0160  -0.23272E+01  -0.42999E+00  -0.36996E+00   0.40344E+01   0.18698E+03
  237     6.7137  13.0269  -0.23463E+01  -0.43447E+00  -0.37444E+00   0.40337E+01   0.18221E+03
  238     6.7807  13.0377  -0.23654E+01  -0.43898E+00  -0.37895E+00   0.40329E+01   0.17750E+03
  239     6.8484  13.0483  -0.23846E+01  -0.44352E+00  -0.38349E+00   0.40323E+01   0.17288E+03
  240     6.9166  13.0588  -0.24039E+01  -0.44809E+00  -0.38806E+00   0.40316E+01   0.16833E+03
  241     6.9854  13.0691  -0.24233E+01  -0.45269E+00  -0.39266E+00   0.40309E+01   0.16387E+03
  242     7.0549  13.0794  -0.24428E+01  -0.45733E+00  -0.39730E+00   0.40303E+01   0.15947E+03
  243     7.1249  13.0894  -0.24624E+01  -0.46199E+00  -0.40196E+00   0.40296E+01   0.15520E+03
  244     7.1955  13.0994  -0.24821E+01  -0.46668E+00  -0.40666E+00   0.40290E+01   0.15101E+03
  245     7.2668  13.1092  -0.25019E+01  -0.47141E+00  -0.41138E+00   0.40284E+01   0.14684E+03
  246     7.3387  13.1189  -0.25218E+01  -0.47618E+00  -0.41615E+00   0.40279E+01   0.14262E+03
  247     7.4112  13.1285  -0.25418E+01  -0.48097E+00  -0.42094E+00   0.40273E+01   0.13889E+03
  248     7.4843  13.1380  -0.25619E+01  -0.48580E+00  -0.42577E+00   0.40267E+01   0.13495E+03
  249     7.5580  13.1473  -0.25821E+01  -0.49067E+00  -0.43065E+00   0.40262E+01   0.13111E+03
  250     7.6324  13.1565  -0.26020E+01  -0.49543E+00  -0.43540E+00   0.40256E+01   0.12748E+03
  251     7.7075  13.1656  -0.26227E+01  -0.50048E+00  -0.44045E+00   0.40251E+01   0.12372E+03
  252     7.7832  13.1746  -0.26432E+01  -0.50543E+00  -0.44541E+00   0.40246E+01   0.12009E+03
  253     7.8596  13.1834  -0.26638E+01  -0.51042E+00  -0.45039E+00   0.40241E+01   0.11695E+03
  254     7.9366  13.1922  -0.26845E+01  -0.51544E+00  -0.45542E+00   0.40237E+01   0.11322E+03
  255     8.0143  13.2008  -0.27053E+01  -0.52050E+00  -0.46047E+00   0.40232E+01   0.10987E+03
  256     8.0926  13.2093  -0.27262E+01  -0.52559E+00  -0.46556E+00   0.40227E+01   0.10662E+03
  257     8.1717  13.2178  -0.27471E+01  -0.53072E+00  -0.47069E+00   0.40223E+01   0.10339E+03
  258     8.2514  13.2261  -0.27682E+01  -0.53587E+00  -0.47585E+00   0.40218E+01   0.10027E+03
  259     8.3319  13.2343  -0.27894E+01  -0.54107E+00  -0.48104E+00   0.40214E+01   0.97213E+02
  260     8.4130  13.2424  -0.28107E+01  -0.54629E+00  -0.48627E+00   0.40210E+01   0.94216E+02
  261     8.4948  13.2503  -0.28321E+01  -0.55156E+00  -0.49153E+00   0.40206E+01   0.91292E+02
  262     8.5774  13.2582  -0.28536E+01  -0.55685E+00  -0.49682E+00   0.40202E+01   0.88429E+02
  263     8.6606  13.2660  -0.28752E+01  -0.56218E+00  -0.50215E+00   0.40198E+01   0.85653E+02
  264     8.7446  13.2737  -0.28969E+01  -0.56754E+00  -0.50752E+00   0.40194E+01   0.82932E+02
  265     8.8293  13.2813  -0.29187E+01  -0.57294E+00  -0.51291E+00   0.40190E+01   0.80285E+02
  266     8.9148  13.2888  -0.29407E+01  -0.57838E+00  -0.51835E+00   0.40187E+01   0.77709E+02
  267     9.0010  13.2962  -0.29627E+01  -0.58385E+00  -0.52382E+00   0.40183E+01   0.75194E+02
  268     9.0879  13.3035  -0.29848E+01  -0.58935E+00  -0.52932E+00   0.40180E+01   0.72733E+02
  269     9.1756  13.3107  -0.30071E+01  -0.59489E+00  -0.53487E+00   0.40176E+01   0.70350E+02
  270     9.2641  13.3178  -0.30294E+01  -0.60047E+00  -0.54044E+00   0.40173E+01   0.68015E+02
  271     9.3534  13.3248  -0.30519E+01  -0.60608E+00  -0.54605E+00   0.40170E+01   0.65739E+02
  272     9.4434  13.3317  -0.30745E+01  -0.61174E+00  -0.55171E+00   0.40166E+01   0.63528E+02
  273     9.5342  13.3386  -0.30971E+01  -0.61741E+00  -0.55739E+00   0.40163E+01   0.61381E+02
  274     9.6257  13.3453  -0.31199E+01  -0.62313E+00  -0.56311E+00   0.40160E+01   0.59292E+02
  275     9.7181  13.3520  -0.31428E+01  -0.62889E+00  -0.56886E+00   0.40157E+01   0.57249E+02
  276     9.8113  13.3586  -0.31658E+01  -0.63469E+00  -0.57466E+00   0.40154E+01   0.55265E+02
  277     9.9053  13.3651  -0.31889E+01  -0.64052E+00  -0.58049E+00   0.40151E+01   0.53347E+02
  278    10.0001  13.3715  -0.32121E+01  -0.64638E+00  -0.58636E+00   0.40149E+01   0.51468E+02
  279    10.0957  13.3778  -0.32355E+01  -0.65229E+00  -0.59226E+00   0.40146E+01   0.49658E+02
  280    10.1922  13.3841  -0.32589E+01  -0.65823E+00  -0.59820E+00   0.40143E+01   0.47894E+02
  281    10.2895  13.3902  -0.32825E+01  -0.66421E+00  -0.60418E+00   0.40141E+01   0.46170E+02
  282    10.3877  13.3963  -0.33062E+01  -0.67023E+00  -0.61020E+00   0.40138E+01   0.44511E+02
  283    10.4867  13.4023  -0.33300E+01  -0.67628E+00  -0.61626E+00   0.40136E+01   0.42888E+02
  284    10.5865  13.4083  -0.33539E+01  -0.68238E+00  -0.62235E+00   0.40133E+01   0.41311E+02
  285    10.6873  13.4141  -0.33779E+01  -0.68851E+00  -0.62848E+00   0.40131E+01   0.39792E+02
  286    10.7889  13.4199  -0.34020E+01  -0.69468E+00  -0.63465E+00   0.40128E+01   0.38317E+02
  287    10.8914  13.4256  -0.34263E+01  -0.70089E+00  -0.64086E+00   0.40126E+01   0.36880E+02
  288    10.9947  13.4312  -0.34506E+01  -0.70714E+00  -0.64711E+00   0.40124E+01   0.35500E+02
  289    11.0990  13.4368  -0.34751E+01  -0.71342E+00  -0.65339E+00   0.40122E+01   0.34155E+02
  290    11.2042  13.4423  -0.34997E+01  -0.71975E+00  -0.65972E+00   0.40119E+01   0.32850E+02
  291    11.3103  13.4477  -0.35245E+01  -0.72612E+00  -0.66609E+00   0.40117E+01   0.31583E+02
  292    11.4173  13.4530  -0.35493E+01  -0.73252E+00  -0.67249E+00   0.40115E+01   0.30363E+02
  293    11.5253  13.4583  -0.35743E+01  -0.73896E+00  -0.67893E+00   0.40113E+01   0.29179E+02
  294    11.6342  13.4635  -0.35993E+01  -0.74544E+00  -0.68542E+00   0.40111E+01   0.28035E+02
  295    11.7440  13.4687  -0.36245E+01  -0.75196E+00  -0.69194E+00   0.40109E+01   0.26932E+02
  296    11.8548  13.4738  -0.36498E+01  -0.75853E+00  -0.69850E+00   0.40107E+01   0.25863E+02
  297    11.9666  13.4788  -0.36753E+01  -0.76514E+00  -0.70511E+00   0.40106E+01   0.24829E+02
  298    12.0793  13.4837  -0.37009E+01  -0.77178E+00  -0.71175E+00   0.40104E+01   0.23830E+02
  299    12.1930  13.4886  -0.37265E+01  -0.77846E+00  -0.71844E+00   0.40102E+01   0.22869E+02
  300    12.3077  13.4934  -0.37524E+01  -0.78520E+00  -0.72517E+00   0.40100E+01   0.21921E+02
  301    12.4234  13.4982  -0.37783E+01  -0.79196E+00  -0.73193E+00   0.40099E+01   0.21025E+02
  302    12.5401  13.5029  -0.38044E+01  -0.79877E+00  -0.73874E+00   0.40097E+01   0.20154E+02
  303    12.6578  13.5075  -0.38305E+01  -0.80562E+00  -0.74559E+00   0.40095E+01   0.19316E+02
  304    12.7766  13.5121  -0.38568E+01  -0.81252E+00  -0.75249E+00   0.40094E+01   0.18504E+02
  305    12.8963  13.5166  -0.38833E+01  -0.81945E+00  -0.75942E+00   0.40092E+01   0.17724E+02
  306    13.0172  13.5211  -0.39099E+01  -0.82643E+00  -0.76640E+00   0.40090E+01   0.16974E+02
  307    13.1390  13.5255  -0.39365E+01  -0.83344E+00  -0.77341E+00   0.40089E+01   0.16247E+02
  308    13.2619  13.5298  -0.39633E+01  -0.84051E+00  -0.78048E+00   0.40087E+01   0.15547E+02
  309    13.3859  13.5341  -0.39903E+01  -0.84761E+00  -0.78758E+00   0.40086E+01   0.14877E+02
  310    13.5110  13.5383  -0.40174E+01  -0.85476E+00  -0.79473E+00   0.40085E+01   0.14229E+02
  311    13.6372  13.5425  -0.40446E+01  -0.86195E+00  -0.80192E+00   0.40083E+01   0.13601E+02
  312    13.7644  13.5466  -0.40719E+01  -0.86919E+00  -0.80916E+00   0.40082E+01   0.13001E+02
  313    13.8928  13.5507  -0.40994E+01  -0.87647E+00  -0.81644E+00   0.40080E+01   0.12422E+02
  314    14.0223  13.5547  -0.41270E+01  -0.88379E+00  -0.82376E+00   0.40079E+01   0.11864E+02
  315    14.1529  13.5587  -0.41547E+01  -0.89115E+00  -0.83112E+00   0.40078E+01   0.11332E+02
  316    14.2846  13.5626  -0.41826E+01  -0.89857E+00  -0.83854E+00   0.40077E+01   0.10821E+02
  317    14.4175  13.5665  -0.42106E+01  -0.90602E+00  -0.84599E+00   0.40075E+01   0.10327E+02
  318    14.5515  13.5703  -0.42387E+01  -0.91353E+00  -0.85350E+00   0.40074E+01   0.98502E+01
  319    14.6867  13.5741  -0.42670E+01  -0.92107E+00  -0.86104E+00   0.40073E+01   0.93991E+01
  320    14.8231  13.5778  -0.42954E+01  -0.92866E+00  -0.86863E+00   0.40072E+01   0.89581E+01
  321    14.9607  13.5815  -0.43239E+01  -0.93630E+00  -0.87627E+00   0.40071E+01   0.85394E+01
  322    15.0994  13.5851  -0.43526E+01  -0.94398E+00  -0.88395E+00   0.40070E+01   0.81385E+01
  323    15.2394  13.5887  -0.43814E+01  -0.95171E+00  -0.89168E+00   0.40068E+01   0.77507E+01
  324    15.3806  13.5922  -0.44104E+01  -0.95949E+00  -0.89946E+00   0.40067E+01   0.73817E+01
  325    15.5230  13.5957  -0.44395E+01  -0.96731E+00  -0.90728E+00   0.40066E+01   0.70254E+01
  326    15.6666  13.5991  -0.44687E+01  -0.97518E+00  -0.91515E+00   0.40065E+01   0.66840E+01
  327    15.8115  13.6025  -0.44981E+01  -0.98309E+00  -0.92306E+00   0.40064E+01   0.63619E+01
  328    15.9577  13.6059  -0.45276E+01  -0.99105E+00  -0.93102E+00   0.40063E+01   0.60504E+01
  329    16.1051  13.6092  -0.45573E+01  -0.99906E+00  -0.93903E+00   0.40062E+01   0.57541E+01
  330    16.2538  13.6124  -0.45871E+01  -0.10071E+01  -0.94709E+00   0.40061E+01   0.54681E+01
  331    16.4038  13.6157  -0.46171E+01  -0.10152E+01  -0.95521E+00   0.40060E+01   0.51949E+01
  332    16.5551  13.6188  -0.46472E+01  -0.10234E+01  -0.96335E+00   0.40059E+01   0.49346E+01
  333    16.7078  13.6220  -0.46774E+01  -0.10316E+01  -0.97156E+00   0.40059E+01   0.46827E+01
  334    16.8617  13.6251  -0.47078E+01  -0.10398E+01  -0.97980E+00   0.40058E+01   0.44463E+01
  335    17.0170  13.6281  -0.47383E+01  -0.10481E+01  -0.98811E+00   0.40057E+01   0.42188E+01
  336    17.1736  13.6312  -0.47690E+01  -0.10565E+01  -0.99646E+00   0.40056E+01   0.40021E+01
  337    17.3316  13.6342  -0.47998E+01  -0.10649E+01  -0.10049E+01   0.40055E+01   0.37938E+01
  338    17.4910  13.6371  -0.48308E+01  -0.10733E+01  -0.10133E+01   0.40054E+01   0.35965E+01
  339    17.6518  13.6400  -0.48619E+01  -0.10818E+01  -0.10218E+01   0.40053E+01   0.34081E+01
  340    17.8139  13.6429  -0.48932E+01  -0.10904E+01  -0.10304E+01   0.40053E+01   0.32274E+01
  341    17.9775  13.6457  -0.49247E+01  -0.10990E+01  -0.10389E+01   0.40052E+01   0.30585E+01
  342    18.1425  13.6485  -0.49563E+01  -0.11076E+01  -0.10476E+01   0.40051E+01   0.28937E+01
  343    18.3089  13.6513  -0.49880E+01  -0.11163E+01  -0.10563E+01   0.40050E+01   0.27378E+01
  344    18.4768  13.6540  -0.50199E+01  -0.11251E+01  -0.10651E+01   0.40050E+01   0.25895E+01
  345    18.6461  13.6567  -0.50519E+01  -0.11339E+01  -0.10739E+01   0.40049E+01   0.24489E+01
  346    18.8169  13.6593  -0.50841E+01  -0.11427E+01  -0.10827E+01   0.40048E+01   0.23152E+01
  347    18.9892  13.6619  -0.51165E+01  -0.11517E+01  -0.10916E+01   0.40047E+01   0.21874E+01
  348    19.1630  13.6645  -0.51490E+01  -0.11606E+01  -0.11006E+01   0.40047E+01   0.20667E+01
  349    19.3383  13.6671  -0.51817E+01  -0.11696E+01  -0.11096E+01   0.40046E+01   0.19504E+01
  350    19.5151  13.6696  -0.52145E+01  -0.11787E+01  -0.11187E+01   0.40045E+01   0.18416E+01
  351    19.6934  13.6721  -0.52475E+01  -0.11878E+01  -0.11278E+01   0.40045E+01   0.17371E+01
  352    19.8734  13.6745  -0.52807E+01  -0.11970E+01  -0.11370E+01   0.40044E+01   0.16385E+01
  353    20.0548  13.6770  -0.53140E+01  -0.12062E+01  -0.11462E+01   0.40044E+01   0.15459E+01
  354    20.2379  13.6794  -0.53475E+01  -0.12155E+01  -0.11555E+01   0.40043E+01   0.14555E+01
  355    20.4225  13.6817  -0.53812E+01  -0.12248E+01  -0.11648E+01   0.40042E+01   0.13718E+01
  356    20.6088  13.6840  -0.54149E+01  -0.12342E+01  -0.11742E+01   0.40042E+01   0.12917E+01
  357    20.7966  13.6863  -0.54489E+01  -0.12437E+01  -0.11836E+01   0.40041E+01   0.12162E+01
  358    20.9861  13.6886  -0.54830E+01  -0.12532E+01  -0.11931E+01   0.40041E+01   0.11448E+01
  359    21.1773  13.6909  -0.55174E+01  -0.12627E+01  -0.12027E+01   0.40040E+01   0.10762E+01
  360    21.3701  13.6931  -0.55518E+01  -0.12723E+01  -0.12123E+01   0.40039E+01   0.10121E+01
  361    21.5646  13.6953  -0.55865E+01  -0.12820E+01  -0.12220E+01   0.40039E+01   0.95204E+00
  362    21.7607  13.6974  -0.56213E+01  -0.12917E+01  -0.12317E+01   0.40038E+01   0.89381E+00
  363    21.9586  13.6995  -0.56564E+01  -0.13016E+01  -0.12415E+01   0.40038E+01   0.84004E+00
  364    22.1582  13.7016  -0.56914E+01  -0.13114E+01  -0.12514E+01   0.40000E+01   0.78851E+00
  365    22.3596  13.7037  -0.57268E+01  -0.13213E+01  -0.12613E+01   0.40000E+01   0.73924E+00
  366    22.5626  13.7058  -0.57622E+01  -0.13312E+01  -0.12712E+01   0.40000E+01   0.69429E+00
  367    22.7675  13.7078  -0.57979E+01  -0.13412E+01  -0.12812E+01   0.40000E+01   0.65073E+00
  368    22.9741  13.7098  -0.58338E+01  -0.13513E+01  -0.12913E+01   0.40000E+01   0.61051E+00
  369    23.1825  13.7117  -0.58698E+01  -0.13615E+01  -0.13014E+01   0.40000E+01   0.57182E+00
  370    23.3928  13.7137  -0.59059E+01  -0.13716E+01  -0.13116E+01   0.40000E+01   0.53547E+00
  371    23.6049  13.7156  -0.59423E+01  -0.13819E+01  -0.13218E+01   0.40000E+01   0.50136E+00
  372    23.8188  13.7175  -0.59789E+01  -0.13922E+01  -0.13321E+01   0.40000E+01   0.46931E+00
  373    24.0345  13.7194  -0.60157E+01  -0.14026E+01  -0.13425E+01   0.40000E+01   0.43892E+00
  374    24.2522  13.7212  -0.60525E+01  -0.14130E+01  -0.13529E+01   0.40000E+01   0.41054E+00
  375    24.4717  13.7230  -0.60896E+01  -0.14235E+01  -0.13634E+01   0.40000E+01   0.38343E+00
  376    24.6932  13.7248  -0.61269E+01  -0.14340E+01  -0.13740E+01   0.40000E+01   0.35839E+00
  377    24.9166  13.7266  -0.61643E+01  -0.14446E+01  -0.13846E+01   0.40000E+01   0.33484E+00
  378    25.1419  13.7284  -0.62020E+01  -0.14553E+01  -0.13953E+01   0.40000E+01   0.31251E+00
  379    25.3691  13.7301  -0.62398E+01  -0.14660E+01  -0.14060E+01   0.40000E+01   0.29165E+00
  380    25.5984  13.7318  -0.62778E+01  -0.14768E+01  -0.14168E+01   0.40000E+01   0.27192E+00
  381    25.8296  13.7335  -0.63160E+01  -0.14876E+01  -0.14276E+01   0.40000E+01   0.25355E+00
  382    26.0629  13.7351  -0.63544E+01  -0.14986E+01  -0.14385E+01   0.40000E+01   0.23617E+00
  383    26.2982  13.7368  -0.63930E+01  -0.15095E+01  -0.14495E+01   0.40000E+01   0.21999E+00
  384    26.5355  13.7384  -0.64317E+01  -0.15206E+01  -0.14605E+01   0.40000E+01   0.20498E+00
  385    26.7749  13.7400  -0.64706E+01  -0.15317E+01  -0.14716E+01   0.40000E+01   0.19061E+00
  386    27.0164  13.7416  -0.65098E+01  -0.15428E+01  -0.14828E+01   0.40000E+01   0.17736E+00
  387    27.2599  13.7431  -0.65491E+01  -0.15541E+01  -0.14940E+01   0.40000E+01   0.16505E+00
  388    27.5056  13.7447  -0.65886E+01  -0.15654E+01  -0.15053E+01   0.40000E+01   0.15327E+00
  389    27.7534  13.7462  -0.66283E+01  -0.15767E+01  -0.15167E+01   0.40000E+01   0.14234E+00
  390    28.0034  13.7477  -0.66682E+01  -0.15881E+01  -0.15281E+01   0.40000E+01   0.13223E+00
  391    28.2556  13.7492  -0.67083E+01  -0.15996E+01  -0.15396E+01   0.40000E+01   0.12279E+00
  392    28.5099  13.7506  -0.67486E+01  -0.16112E+01  -0.15511E+01   0.40000E+01   0.11383E+00
  393    28.7665  13.7521  -0.67891E+01  -0.16228E+01  -0.15627E+01   0.40000E+01   0.10561E+00
  394    29.0253  13.7535  -0.68297E+01  -0.16344E+01  -0.15744E+01   0.40000E+01   0.97884E-01
  395    29.2863  13.7549  -0.68706E+01  -0.16462E+01  -0.15862E+01   0.40000E+01   0.90731E-01
  396    29.5496  13.7563  -0.69116E+01  -0.16580E+01  -0.15980E+01   0.40000E+01   0.84008E-01
  397    29.8152  13.7577  -0.69529E+01  -0.16699E+01  -0.16098E+01   0.40000E+01   0.77675E-01
  398    30.0831  13.7590  -0.69943E+01  -0.16818E+01  -0.16218E+01   0.40000E+01   0.71963E-01
  399    30.3534  13.7604  -0.70359E+01  -0.16938E+01  -0.16337E+01   0.40000E+01   0.66542E-01
  400    30.6259  13.7617  -0.70778E+01  -0.17059E+01  -0.16458E+01   0.40000E+01   0.61523E-01
