    1     0.0001   0.0014  -0.25435E-04  -0.95778E-06   0.39546E-01   0.61261E+01   0.47773E+04
    2     0.0088   0.1221  -0.29610E-02  -0.28593E-03   0.39261E-01   0.60963E+01   0.65307E+04
    3     0.0176   0.2423  -0.61887E-02  -0.64496E-03   0.38902E-01   0.60676E+01   0.68731E+04
    4     0.0264   0.3621  -0.95660E-02  -0.10371E-02   0.38510E-01   0.60394E+01   0.71051E+04
    5     0.0353   0.4814  -0.13059E-01  -0.14527E-02   0.38094E-01   0.60117E+01   0.73062E+04
    6     0.0443   0.6003  -0.16659E-01  -0.18898E-02   0.37657E-01   0.59843E+01   0.74780E+04
    7     0.0534   0.7188  -0.20352E-01  -0.23443E-02   0.37203E-01   0.59572E+01   0.76279E+04
    8     0.0626   0.8368  -0.24132E-01  -0.28148E-02   0.36732E-01   0.59304E+01   0.77667E+04
    9     0.0718   0.9543  -0.27995E-01  -0.32995E-02   0.36247E-01   0.59039E+01   0.78999E+04
   10     0.0811   1.0713  -0.31940E-01  -0.37989E-02   0.35748E-01   0.58777E+01   0.80237E+04
   11     0.0905   1.1879  -0.35963E-01  -0.43122E-02   0.35235E-01   0.58516E+01   0.81432E+04
   12     0.1000   1.3039  -0.40074E-01  -0.48416E-02   0.34705E-01   0.58258E+01   0.82567E+04
   13     0.1096   1.4195  -0.44249E-01  -0.53804E-02   0.34167E-01   0.58003E+01   0.83660E+04
   14     0.1192   1.5346  -0.48500E-01  -0.59326E-02   0.33614E-01   0.57749E+01   0.84726E+04
   15     0.1290   1.6491  -0.52827E-01  -0.64981E-02   0.33049E-01   0.57498E+01   0.85736E+04
   16     0.1388   1.7632  -0.57228E-01  -0.70762E-02   0.32471E-01   0.57249E+01   0.86748E+04
   17     0.1487   1.8767  -0.61704E-01  -0.76671E-02   0.31880E-01   0.57002E+01   0.87704E+04
   18     0.1587   1.9897  -0.66253E-01  -0.82708E-02   0.31276E-01   0.56757E+01   0.88662E+04
   19     0.1687   2.1021  -0.70875E-01  -0.88876E-02   0.30659E-01   0.56514E+01   0.89587E+04
   20     0.1789   2.2140  -0.75571E-01  -0.95169E-02   0.30030E-01   0.56274E+01   0.90473E+04
   21     0.1891   2.3254  -0.80341E-01  -0.10159E-01   0.29388E-01   0.56035E+01   0.91362E+04
   22     0.1995   2.4362  -0.85183E-01  -0.10815E-01   0.28732E-01   0.55798E+01   0.92211E+04
   23     0.2099   2.5465  -0.90099E-01  -0.11483E-01   0.28064E-01   0.55564E+01   0.93046E+04
   24     0.2204   2.6562  -0.95088E-01  -0.12165E-01   0.27382E-01   0.55331E+01   0.93859E+04
   25     0.2310   2.7653  -0.10015E+00  -0.12861E-01   0.26686E-01   0.55101E+01   0.94656E+04
   26     0.2417   2.8738  -0.10529E+00  -0.13569E-01   0.25978E-01   0.54873E+01   0.95442E+04
   27     0.2525   2.9818  -0.11050E+00  -0.14292E-01   0.25255E-01   0.54646E+01   0.96190E+04
   28     0.2634   3.0892  -0.11579E+00  -0.15029E-01   0.24518E-01   0.54422E+01   0.96925E+04
   29     0.2744   3.1959  -0.12115E+00  -0.15779E-01   0.23768E-01   0.54200E+01   0.97632E+04
   30     0.2855   3.3021  -0.12658E+00  -0.16544E-01   0.23003E-01   0.53979E+01   0.98322E+04
   31     0.2967   3.4077  -0.13209E+00  -0.17323E-01   0.22224E-01   0.53761E+01   0.98990E+04
   32     0.3079   3.5127  -0.13768E+00  -0.18116E-01   0.21431E-01   0.53545E+01   0.99648E+04
   33     0.3193   3.6170  -0.14331E+00  -0.18915E-01   0.20632E-01   0.53330E+01   0.10030E+05
   34     0.3308   3.7207  -0.14905E+00  -0.19738E-01   0.19809E-01   0.53118E+01   0.10092E+05
   35     0.3423   3.8238  -0.15486E+00  -0.20575E-01   0.18972E-01   0.52909E+01   0.10150E+05
   36     0.3540   3.9263  -0.16074E+00  -0.21427E-01   0.18120E-01   0.52701E+01   0.10208E+05
   37     0.3658   4.0281  -0.16670E+00  -0.22293E-01   0.17254E-01   0.52495E+01   0.10264E+05
   38     0.3777   4.1293  -0.17274E+00  -0.23176E-01   0.16371E-01   0.52292E+01   0.10317E+05
   39     0.3896   4.2299  -0.17886E+00  -0.24074E-01   0.15473E-01   0.52090E+01   0.10368E+05
   40     0.4017   4.3298  -0.18505E+00  -0.24985E-01   0.14562E-01   0.51891E+01   0.10417E+05
   41     0.4139   4.4291  -0.19130E+00  -0.25907E-01   0.13640E-01   0.51693E+01   0.10465E+05
   42     0.4262   4.5276  -0.19762E+00  -0.26844E-01   0.12703E-01   0.51497E+01   0.10511E+05
   43     0.4386   4.6256  -0.20403E+00  -0.27801E-01   0.11746E-01   0.51304E+01   0.10553E+05
   44     0.4511   4.7229  -0.21052E+00  -0.28774E-01   0.10773E-01   0.51113E+01   0.10594E+05
   45     0.4637   4.8195  -0.21709E+00  -0.29763E-01   0.97843E-02   0.50924E+01   0.10633E+05
   46     0.4764   4.9154  -0.22373E+00  -0.30767E-01   0.87795E-02   0.50737E+01   0.10669E+05
   47     0.4893   5.0106  -0.23045E+00  -0.31788E-01   0.77590E-02   0.50552E+01   0.10704E+05
   48     0.5022   5.1052  -0.23725E+00  -0.32825E-01   0.67222E-02   0.50370E+01   0.10735E+05
   49     0.5153   5.1991  -0.24412E+00  -0.33878E-01   0.56689E-02   0.50189E+01   0.10763E+05
   50     0.5285   5.2923  -0.25107E+00  -0.34948E-01   0.45995E-02   0.50011E+01   0.10794E+05
   51     0.5417   5.3849  -0.25810E+00  -0.36034E-01   0.35132E-02   0.49834E+01   0.10827E+05
   52     0.5552   5.4767  -0.26520E+00  -0.37136E-01   0.24108E-02   0.49660E+01   0.10854E+05
   53     0.5687   5.5679  -0.27238E+00  -0.38255E-01   0.12917E-02   0.49487E+01   0.10870E+05
   54     0.5823   5.6583  -0.27964E+00  -0.39391E-01   0.15599E-03   0.49317E+01   0.10885E+05
   55     0.5961   5.7481  -0.28698E+00  -0.40543E-01  -0.99632E-03   0.49149E+01   0.10905E+05
   56     0.6099   5.8371  -0.29439E+00  -0.41712E-01  -0.21649E-02   0.48983E+01   0.10921E+05
   57     0.6239   5.9255  -0.30188E+00  -0.42899E-01  -0.33516E-02   0.48819E+01   0.10934E+05
   58     0.6381   6.0132  -0.30945E+00  -0.44102E-01  -0.45549E-02   0.48658E+01   0.10946E+05
   59     0.6523   6.1001  -0.31708E+00  -0.45318E-01  -0.57710E-02   0.48498E+01   0.10956E+05
   60     0.6667   6.1864  -0.32483E+00  -0.46566E-01  -0.70189E-02   0.48341E+01   0.10962E+05
   61     0.6812   6.2719  -0.33272E+00  -0.47847E-01  -0.83005E-02   0.48188E+01   0.10965E+05
   62     0.6958   6.3568  -0.34057E+00  -0.49110E-01  -0.95628E-02   0.48033E+01   0.10968E+05
   63     0.7105   6.4409  -0.34845E+00  -0.50378E-01  -0.10831E-01   0.47881E+01   0.10971E+05
   64     0.7254   6.5244  -0.35650E+00  -0.51691E-01  -0.12144E-01   0.47732E+01   0.10968E+05
   65     0.7404   6.6071  -0.36463E+00  -0.53021E-01  -0.13474E-01   0.47585E+01   0.10964E+05
   66     0.7555   6.6891  -0.37282E+00  -0.54365E-01  -0.14818E-01   0.47440E+01   0.10958E+05
   67     0.7708   6.7704  -0.38110E+00  -0.55729E-01  -0.16182E-01   0.47298E+01   0.10950E+05
   68     0.7862   6.8511  -0.38945E+00  -0.57111E-01  -0.17564E-01   0.47157E+01   0.10933E+05
   69     0.8017   6.9310  -0.39789E+00  -0.58511E-01  -0.18964E-01   0.47019E+01   0.10918E+05
   70     0.8174   7.0102  -0.40640E+00  -0.59929E-01  -0.20382E-01   0.46882E+01   0.10911E+05
   71     0.8332   7.0886  -0.41499E+00  -0.61364E-01  -0.21817E-01   0.46748E+01   0.10894E+05
   72     0.8491   7.1664  -0.42365E+00  -0.62818E-01  -0.23271E-01   0.46616E+01   0.10874E+05
   73     0.8652   7.2435  -0.43239E+00  -0.64290E-01  -0.24743E-01   0.46486E+01   0.10853E+05
   74     0.8814   7.3199  -0.44121E+00  -0.65780E-01  -0.26233E-01   0.46357E+01   0.10829E+05
   75     0.8977   7.3956  -0.45011E+00  -0.67289E-01  -0.27742E-01   0.46231E+01   0.10803E+05
   76     0.9142   7.4705  -0.45908E+00  -0.68816E-01  -0.29269E-01   0.46107E+01   0.10776E+05
   77     0.9309   7.5448  -0.46814E+00  -0.70362E-01  -0.30815E-01   0.45985E+01   0.10746E+05
   78     0.9477   7.6184  -0.47727E+00  -0.71926E-01  -0.32379E-01   0.45864E+01   0.10714E+05
   79     0.9646   7.6913  -0.48648E+00  -0.73509E-01  -0.33962E-01   0.45746E+01   0.10681E+05
   80     0.9817   7.7635  -0.49576E+00  -0.75112E-01  -0.35565E-01   0.45630E+01   0.10646E+05
   81     0.9989   7.8350  -0.50513E+00  -0.76733E-01  -0.37186E-01   0.45515E+01   0.10610E+05
   82     1.0163   7.9058  -0.51457E+00  -0.78373E-01  -0.38826E-01   0.45403E+01   0.10571E+05
   83     1.0338   7.9759  -0.52409E+00  -0.80033E-01  -0.40486E-01   0.45292E+01   0.10530E+05
   84     1.0515   8.0453  -0.53369E+00  -0.81711E-01  -0.42164E-01   0.45184E+01   0.10488E+05
   85     1.0693   8.1141  -0.54337E+00  -0.83409E-01  -0.43862E-01   0.45077E+01   0.10443E+05
   86     1.0873   8.1821  -0.55312E+00  -0.85126E-01  -0.45579E-01   0.44972E+01   0.10396E+05
   87     1.1055   8.2495  -0.56295E+00  -0.86862E-01  -0.47315E-01   0.44869E+01   0.10348E+05
   88     1.1238   8.3162  -0.57287E+00  -0.88619E-01  -0.49072E-01   0.44768E+01   0.10297E+05
   89     1.1423   8.3823  -0.58286E+00  -0.90396E-01  -0.50849E-01   0.44669E+01   0.10244E+05
   90     1.1609   8.4477  -0.59292E+00  -0.92192E-01  -0.52645E-01   0.44571E+01   0.10191E+05
   91     1.1797   8.5124  -0.60307E+00  -0.94006E-01  -0.54459E-01   0.44476E+01   0.10135E+05
   92     1.1986   8.5764  -0.61329E+00  -0.95840E-01  -0.56293E-01   0.44382E+01   0.10077E+05
   93     1.2177   8.6398  -0.62358E+00  -0.97692E-01  -0.58145E-01   0.44290E+01   0.10018E+05
   94     1.2370   8.7025  -0.63394E+00  -0.99562E-01  -0.60015E-01   0.44199E+01   0.99584E+04
   95     1.2565   8.7646  -0.64438E+00  -0.10145E+00  -0.61904E-01   0.44110E+01   0.98973E+04
   96     1.2761   8.8260  -0.65489E+00  -0.10336E+00  -0.63813E-01   0.44023E+01   0.98341E+04
   97     1.2959   8.8868  -0.66548E+00  -0.10529E+00  -0.65741E-01   0.43938E+01   0.97703E+04
   98     1.3158   8.9469  -0.67614E+00  -0.10724E+00  -0.67689E-01   0.43854E+01   0.97049E+04
   99     1.3360   9.0065  -0.68689E+00  -0.10920E+00  -0.69657E-01   0.43772E+01   0.96384E+04
  100     1.3563   9.0653  -0.69771E+00  -0.11119E+00  -0.71647E-01   0.43691E+01   0.95705E+04
  101     1.3767   9.1236  -0.70861E+00  -0.11320E+00  -0.73657E-01   0.43612E+01   0.95017E+04
  102     1.3974   9.1812  -0.71959E+00  -0.11524E+00  -0.75689E-01   0.43535E+01   0.94312E+04
  103     1.4183   9.2382  -0.73065E+00  -0.11729E+00  -0.77742E-01   0.43459E+01   0.93593E+04
  104     1.4393   9.2945  -0.74179E+00  -0.11936E+00  -0.79814E-01   0.43385E+01   0.92861E+04
  105     1.4605   9.3503  -0.75300E+00  -0.12145E+00  -0.81907E-01   0.43312E+01   0.92115E+04
  106     1.4819   9.4054  -0.76428E+00  -0.12357E+00  -0.84019E-01   0.43241E+01   0.91354E+04
  107     1.5035   9.4600  -0.77564E+00  -0.12570E+00  -0.86151E-01   0.43171E+01   0.90578E+04
  108     1.5252   9.5139  -0.78707E+00  -0.12785E+00  -0.88303E-01   0.43102E+01   0.89789E+04
  109     1.5472   9.5673  -0.79857E+00  -0.13002E+00  -0.90473E-01   0.43035E+01   0.88992E+04
  110     1.5693   9.6200  -0.81014E+00  -0.13221E+00  -0.92664E-01   0.42969E+01   0.88189E+04
  111     1.5917   9.6722  -0.82179E+00  -0.13442E+00  -0.94875E-01   0.42905E+01   0.87379E+04
  112     1.6142   9.7238  -0.83351E+00  -0.13665E+00  -0.97104E-01   0.42842E+01   0.86565E+04
  113     1.6369   9.7748  -0.84530E+00  -0.13890E+00  -0.99353E-01   0.42780E+01   0.85750E+04
  114     1.6598   9.8252  -0.85717E+00  -0.14117E+00  -0.10162E+00   0.42720E+01   0.84926E+04
  115     1.6830   9.8751  -0.86911E+00  -0.14346E+00  -0.10391E+00   0.42661E+01   0.84096E+04
  116     1.7063   9.9244  -0.88113E+00  -0.14577E+00  -0.10623E+00   0.42603E+01   0.83259E+04
  117     1.7298   9.9731  -0.89323E+00  -0.14811E+00  -0.10856E+00   0.42547E+01   0.82418E+04
  118     1.7536  10.0213  -0.90540E+00  -0.15046E+00  -0.11092E+00   0.42491E+01   0.81568E+04
  119     1.7775  10.0689  -0.91765E+00  -0.15284E+00  -0.11329E+00   0.42437E+01   0.80716E+04
  120     1.8016  10.1160  -0.92998E+00  -0.15524E+00  -0.11569E+00   0.42384E+01   0.79854E+04
  121     1.8260  10.1626  -0.94238E+00  -0.15766E+00  -0.11811E+00   0.42332E+01   0.78985E+04
  122     1.8506  10.2086  -0.95485E+00  -0.16010E+00  -0.12055E+00   0.42281E+01   0.78109E+04
  123     1.8753  10.2541  -0.96740E+00  -0.16256E+00  -0.12301E+00   0.42232E+01   0.77227E+04
  124     1.9003  10.2990  -0.98001E+00  -0.16504E+00  -0.12550E+00   0.42183E+01   0.76334E+04
  125     1.9256  10.3434  -0.99271E+00  -0.16755E+00  -0.12800E+00   0.42136E+01   0.75439E+04
  126     1.9510  10.3873  -0.10055E+01  -0.17007E+00  -0.13052E+00   0.42090E+01   0.74540E+04
  127     1.9766  10.4307  -0.10183E+01  -0.17261E+00  -0.13307E+00   0.42044E+01   0.73648E+04
  128     2.0025  10.4736  -0.10312E+01  -0.17518E+00  -0.13563E+00   0.42000E+01   0.72750E+04
  129     2.0286  10.5160  -0.10442E+01  -0.17776E+00  -0.13822E+00   0.41956E+01   0.71849E+04
  130     2.0550  10.5579  -0.10572E+01  -0.18037E+00  -0.14082E+00   0.41914E+01   0.70928E+04
  131     2.0815  10.5993  -0.10704E+01  -0.18299E+00  -0.14345E+00   0.41872E+01   0.70026E+04
  132     2.1083  10.6402  -0.10836E+01  -0.18564E+00  -0.14610E+00   0.41832E+01   0.69128E+04
  133     2.1353  10.6806  -0.10968E+01  -0.18832E+00  -0.14877E+00   0.41792E+01   0.68238E+04
  134     2.1626  10.7205  -0.11102E+01  -0.19101E+00  -0.15146E+00   0.41753E+01   0.67345E+04
  135     2.1901  10.7600  -0.11236E+01  -0.19371E+00  -0.15417E+00   0.41715E+01   0.66456E+04
  136     2.2178  10.7990  -0.11370E+01  -0.19644E+00  -0.15690E+00   0.41678E+01   0.65560E+04
  137     2.2458  10.8375  -0.11506E+01  -0.19920E+00  -0.15965E+00   0.41642E+01   0.64658E+04
  138     2.2740  10.8756  -0.11643E+01  -0.20198E+00  -0.16244E+00   0.41606E+01   0.63760E+04
  139     2.3025  10.9132  -0.11780E+01  -0.20479E+00  -0.16524E+00   0.41572E+01   0.62860E+04
  140     2.3312  10.9504  -0.11918E+01  -0.20761E+00  -0.16807E+00   0.41538E+01   0.61986E+04
  141     2.3602  10.9871  -0.12056E+01  -0.21046E+00  -0.17091E+00   0.41505E+01   0.61087E+04
  142     2.3894  11.0234  -0.12196E+01  -0.21333E+00  -0.17378E+00   0.41472E+01   0.60192E+04
  143     2.4188  11.0592  -0.12336E+01  -0.21621E+00  -0.17667E+00   0.41441E+01   0.59294E+04
  144     2.4486  11.0946  -0.12477E+01  -0.21912E+00  -0.17958E+00   0.41410E+01   0.58400E+04
  145     2.4785  11.1296  -0.12618E+01  -0.22205E+00  -0.18251E+00   0.41380E+01   0.57518E+04
  146     2.5088  11.1641  -0.12760E+01  -0.22501E+00  -0.18546E+00   0.41350E+01   0.56640E+04
  147     2.5393  11.1982  -0.12903E+01  -0.22798E+00  -0.18844E+00   0.41321E+01   0.55764E+04
  148     2.5701  11.2320  -0.13047E+01  -0.23098E+00  -0.19143E+00   0.41293E+01   0.54894E+04
  149     2.6011  11.2653  -0.13191E+01  -0.23400E+00  -0.19445E+00   0.41265E+01   0.54028E+04
  150     2.6324  11.2982  -0.13336E+01  -0.23704E+00  -0.19750E+00   0.41239E+01   0.53167E+04
  151     2.6640  11.3306  -0.13482E+01  -0.24011E+00  -0.20056E+00   0.41212E+01   0.52308E+04
  152     2.6958  11.3627  -0.13629E+01  -0.24320E+00  -0.20365E+00   0.41186E+01   0.51456E+04
  153     2.7280  11.3944  -0.13776E+01  -0.24631E+00  -0.20676E+00   0.41161E+01   0.50606E+04
  154     2.7604  11.4258  -0.13924E+01  -0.24944E+00  -0.20989E+00   0.41137E+01   0.49761E+04
  155     2.7931  11.4567  -0.14073E+01  -0.25259E+00  -0.21304E+00   0.41113E+01   0.48920E+04
  156     2.8260  11.4872  -0.14222E+01  -0.25577E+00  -0.21622E+00   0.41089E+01   0.48088E+04
  157     2.8593  11.5174  -0.14372E+01  -0.25897E+00  -0.21942E+00   0.41066E+01   0.47261E+04
  158     2.8929  11.5472  -0.14523E+01  -0.26219E+00  -0.22264E+00   0.41044E+01   0.46442E+04
  159     2.9267  11.5766  -0.14675E+01  -0.26543E+00  -0.22588E+00   0.41022E+01   0.45634E+04
  160     2.9608  11.6057  -0.14827E+01  -0.26870E+00  -0.22915E+00   0.41001E+01   0.44828E+04
  161     2.9953  11.6344  -0.14981E+01  -0.27199E+00  -0.23244E+00   0.40980E+01   0.44029E+04
  162     3.0300  11.6628  -0.15134E+01  -0.27530E+00  -0.23575E+00   0.40959E+01   0.43237E+04
  163     3.0651  11.6908  -0.15289E+01  -0.27864E+00  -0.23909E+00   0.40939E+01   0.42448E+04
  164     3.1004  11.7184  -0.15445E+01  -0.28200E+00  -0.24246E+00   0.40920E+01   0.41666E+04
  165     3.1360  11.7458  -0.15601E+01  -0.28539E+00  -0.24584E+00   0.40901E+01   0.40892E+04
  166     3.1720  11.7727  -0.15758E+01  -0.28879E+00  -0.24925E+00   0.40882E+01   0.40125E+04
  167     3.2083  11.7994  -0.15915E+01  -0.29222E+00  -0.25267E+00   0.40864E+01   0.39363E+04
  168     3.2449  11.8257  -0.16073E+01  -0.29567E+00  -0.25612E+00   0.40846E+01   0.38614E+04
  169     3.2818  11.8517  -0.16232E+01  -0.29914E+00  -0.25959E+00   0.40828E+01   0.37871E+04
  170     3.3190  11.8773  -0.16392E+01  -0.30264E+00  -0.26309E+00   0.40811E+01   0.37135E+04
  171     3.3565  11.9026  -0.16552E+01  -0.30616E+00  -0.26661E+00   0.40795E+01   0.36413E+04
  172     3.3944  11.9277  -0.16714E+01  -0.30971E+00  -0.27016E+00   0.40778E+01   0.35697E+04
  173     3.4326  11.9524  -0.16876E+01  -0.31328E+00  -0.27373E+00   0.40762E+01   0.34989E+04
  174     3.4712  11.9768  -0.17039E+01  -0.31687E+00  -0.27732E+00   0.40747E+01   0.34287E+04
  175     3.5100  12.0009  -0.17202E+01  -0.32049E+00  -0.28094E+00   0.40732E+01   0.33590E+04
  176     3.5492  12.0246  -0.17366E+01  -0.32413E+00  -0.28459E+00   0.40717E+01   0.32901E+04
  177     3.5888  12.0481  -0.17531E+01  -0.32780E+00  -0.28825E+00   0.40702E+01   0.32220E+04
  178     3.6287  12.0713  -0.17697E+01  -0.33149E+00  -0.29194E+00   0.40688E+01   0.31548E+04
  179     3.6689  12.0942  -0.17864E+01  -0.33520E+00  -0.29565E+00   0.40674E+01   0.30885E+04
  180     3.7095  12.1169  -0.18031E+01  -0.33893E+00  -0.29938E+00   0.40661E+01   0.30233E+04
  181     3.7505  12.1392  -0.18199E+01  -0.34269E+00  -0.30314E+00   0.40647E+01   0.29587E+04
  182     3.7918  12.1612  -0.18367E+01  -0.34647E+00  -0.30693E+00   0.40634E+01   0.28954E+04
  183     3.8334  12.1830  -0.18537E+01  -0.35028E+00  -0.31073E+00   0.40622E+01   0.28329E+04
  184     3.8754  12.2045  -0.18707E+01  -0.35411E+00  -0.31457E+00   0.40609E+01   0.27715E+04
  185     3.9178  12.2257  -0.18878E+01  -0.35797E+00  -0.31842E+00   0.40597E+01   0.27107E+04
  186     3.9606  12.2467  -0.19050E+01  -0.36185E+00  -0.32231E+00   0.40585E+01   0.26508E+04
  187     4.0037  12.2674  -0.19223E+01  -0.36576E+00  -0.32622E+00   0.40574E+01   0.25915E+04
  188     4.0472  12.2878  -0.19396E+01  -0.36970E+00  -0.33015E+00   0.40562E+01   0.25333E+04
  189     4.0911  12.3080  -0.19570E+01  -0.37365E+00  -0.33411E+00   0.40551E+01   0.24756E+04
  190     4.1353  12.3279  -0.19745E+01  -0.37764E+00  -0.33809E+00   0.40540E+01   0.24188E+04
  191     4.1800  12.3476  -0.19921E+01  -0.38164E+00  -0.34210E+00   0.40530E+01   0.23625E+04
  192     4.2250  12.3670  -0.20097E+01  -0.38567E+00  -0.34613E+00   0.40519E+01   0.23072E+04
  193     4.2705  12.3862  -0.20274E+01  -0.38973E+00  -0.35018E+00   0.40509E+01   0.22531E+04
  194     4.3163  12.4051  -0.20452E+01  -0.39381E+00  -0.35426E+00   0.40499E+01   0.22000E+04
  195     4.3625  12.4238  -0.20631E+01  -0.39791E+00  -0.35836E+00   0.40489E+01   0.21480E+04
  196     4.4091  12.4423  -0.20810E+01  -0.40203E+00  -0.36249E+00   0.40480E+01   0.20971E+04
  197     4.4561  12.4605  -0.20990E+01  -0.40619E+00  -0.36664E+00   0.40470E+01   0.20469E+04
  198     4.5036  12.4785  -0.21171E+01  -0.41037E+00  -0.37082E+00   0.40461E+01   0.19975E+04
  199     4.5514  12.4962  -0.21353E+01  -0.41458E+00  -0.37503E+00   0.40452E+01   0.19489E+04
  200     4.5997  12.5138  -0.21536E+01  -0.41882E+00  -0.37927E+00   0.40444E+01   0.19009E+04
  201     4.6484  12.5311  -0.21720E+01  -0.42309E+00  -0.38354E+00   0.40435E+01   0.18536E+04
  202     4.6975  12.5482  -0.21904E+01  -0.42737E+00  -0.38783E+00   0.40427E+01   0.18067E+04
  203     4.7470  12.5650  -0.22089E+01  -0.43169E+00  -0.39214E+00   0.40419E+01   0.17610E+04
  204     4.7970  12.5817  -0.22275E+01  -0.43602E+00  -0.39647E+00   0.40411E+01   0.17160E+04
  205     4.8474  12.5981  -0.22461E+01  -0.44038E+00  -0.40083E+00   0.40403E+01   0.16722E+04
  206     4.8982  12.6144  -0.22648E+01  -0.44476E+00  -0.40522E+00   0.40395E+01   0.16292E+04
  207     4.9495  12.6304  -0.22837E+01  -0.44918E+00  -0.40963E+00   0.40388E+01   0.15871E+04
  208     5.0012  12.6462  -0.23026E+01  -0.45362E+00  -0.41407E+00   0.40380E+01   0.15457E+04
  209     5.0534  12.6619  -0.23215E+01  -0.45809E+00  -0.41854E+00   0.40373E+01   0.15054E+04
  210     5.1060  12.6773  -0.23406E+01  -0.46258E+00  -0.42304E+00   0.40366E+01   0.14656E+04
  211     5.1591  12.6925  -0.23598E+01  -0.46711E+00  -0.42756E+00   0.40359E+01   0.14264E+04
  212     5.2126  12.7076  -0.23790E+01  -0.47166E+00  -0.43211E+00   0.40352E+01   0.13880E+04
  213     5.2667  12.7224  -0.23983E+01  -0.47623E+00  -0.43668E+00   0.40346E+01   0.13507E+04
  214     5.3211  12.7371  -0.24177E+01  -0.48083E+00  -0.44128E+00   0.40339E+01   0.13140E+04
  215     5.3761  12.7515  -0.24371E+01  -0.48546E+00  -0.44591E+00   0.40333E+01   0.12781E+04
  216     5.4315  12.7658  -0.24567E+01  -0.49011E+00  -0.45056E+00   0.40327E+01   0.12430E+04
  217     5.4874  12.7799  -0.24763E+01  -0.49480E+00  -0.45525E+00   0.40321E+01   0.12085E+04
  218     5.5438  12.7938  -0.24961E+01  -0.49951E+00  -0.45996E+00   0.40315E+01   0.11747E+04
  219     5.6007  12.8076  -0.25159E+01  -0.50425E+00  -0.46470E+00   0.40309E+01   0.11417E+04
  220     5.6581  12.8211  -0.25358E+01  -0.50902E+00  -0.46947E+00   0.40303E+01   0.11092E+04
  221     5.7160  12.8345  -0.25557E+01  -0.51381E+00  -0.47426E+00   0.40298E+01   0.10777E+04
  222     5.7744  12.8477  -0.25758E+01  -0.51863E+00  -0.47908E+00   0.40292E+01   0.10467E+04
  223     5.8333  12.8608  -0.25959E+01  -0.52348E+00  -0.48393E+00   0.40287E+01   0.10165E+04
  224     5.8927  12.8737  -0.26162E+01  -0.52835E+00  -0.48880E+00   0.40282E+01   0.98707E+03
  225     5.9526  12.8864  -0.26365E+01  -0.53326E+00  -0.49371E+00   0.40277E+01   0.95831E+03
  226     6.0131  12.8990  -0.26569E+01  -0.53819E+00  -0.49865E+00   0.40271E+01   0.93007E+03
  227     6.0740  12.9114  -0.26774E+01  -0.54316E+00  -0.50361E+00   0.40267E+01   0.90254E+03
  228     6.1355  12.9236  -0.26979E+01  -0.54815E+00  -0.50860E+00   0.40262E+01   0.87557E+03
  229     6.1976  12.9357  -0.27186E+01  -0.55317E+00  -0.51362E+00   0.40257E+01   0.84913E+03
  230     6.2602  12.9476  -0.27393E+01  -0.55822E+00  -0.51867E+00   0.40252E+01   0.82346E+03
  231     6.3233  12.9594  -0.27602E+01  -0.56329E+00  -0.52374E+00   0.40248E+01   0.79836E+03
  232     6.3869  12.9710  -0.27811E+01  -0.56840E+00  -0.52885E+00   0.40243E+01   0.77405E+03
  233     6.4512  12.9825  -0.28021E+01  -0.57353E+00  -0.53398E+00   0.40239E+01   0.75016E+03
  234     6.5159  12.9938  -0.28232E+01  -0.57869E+00  -0.53915E+00   0.40235E+01   0.72703E+03
  235     6.5813  13.0050  -0.28444E+01  -0.58389E+00  -0.54434E+00   0.40231E+01   0.70448E+03
  236     6.6472  13.0160  -0.28656E+01  -0.58911E+00  -0.54956E+00   0.40227E+01   0.68236E+03
  237     6.7137  13.0269  -0.28870E+01  -0.59436E+00  -0.55482E+00   0.40223E+01   0.66090E+03
  238     6.7807  13.0377  -0.29085E+01  -0.59965E+00  -0.56010E+00   0.40219E+01   0.63978E+03
  239     6.8484  13.0483  -0.29300E+01  -0.60496E+00  -0.56542E+00   0.40215E+01   0.61927E+03
  240     6.9166  13.0588  -0.29517E+01  -0.61031E+00  -0.57076E+00   0.40211E+01   0.59928E+03
  241     6.9854  13.0691  -0.29734E+01  -0.61568E+00  -0.57613E+00   0.40207E+01   0.57982E+03
  242     7.0549  13.0794  -0.29952E+01  -0.62108E+00  -0.58153E+00   0.40204E+01   0.56091E+03
  243     7.1249  13.0894  -0.30171E+01  -0.62651E+00  -0.58696E+00   0.40200E+01   0.54256E+03
  244     7.1955  13.0994  -0.30391E+01  -0.63197E+00  -0.59243E+00   0.40197E+01   0.52475E+03
  245     7.2668  13.1092  -0.30612E+01  -0.63747E+00  -0.59792E+00   0.40193E+01   0.50730E+03
  246     7.3387  13.1189  -0.30834E+01  -0.64299E+00  -0.60345E+00   0.40190E+01   0.49046E+03
  247     7.4112  13.1285  -0.31057E+01  -0.64855E+00  -0.60900E+00   0.40187E+01   0.47399E+03
  248     7.4843  13.1380  -0.31281E+01  -0.65414E+00  -0.61459E+00   0.40183E+01   0.45783E+03
  249     7.5580  13.1473  -0.31506E+01  -0.65976E+00  -0.62022E+00   0.40180E+01   0.44225E+03
  250     7.6324  13.1565  -0.31731E+01  -0.66541E+00  -0.62586E+00   0.40177E+01   0.42708E+03
  251     7.7075  13.1656  -0.31958E+01  -0.67108E+00  -0.63154E+00   0.40174E+01   0.41244E+03
  252     7.7832  13.1746  -0.32185E+01  -0.67680E+00  -0.63725E+00   0.40171E+01   0.39808E+03
  253     7.8596  13.1834  -0.32414E+01  -0.68254E+00  -0.64300E+00   0.40168E+01   0.38426E+03
  254     7.9366  13.1922  -0.32643E+01  -0.68832E+00  -0.64877E+00   0.40165E+01   0.37080E+03
  255     8.0143  13.2008  -0.32874E+01  -0.69413E+00  -0.65458E+00   0.40162E+01   0.35769E+03
  256     8.0926  13.2093  -0.33105E+01  -0.69997E+00  -0.66042E+00   0.40160E+01   0.34501E+03
  257     8.1717  13.2178  -0.33337E+01  -0.70584E+00  -0.66630E+00   0.40157E+01   0.33266E+03
  258     8.2514  13.2261  -0.33571E+01  -0.71175E+00  -0.67220E+00   0.40154E+01   0.32073E+03
  259     8.3319  13.2343  -0.33805E+01  -0.71768E+00  -0.67814E+00   0.40152E+01   0.30919E+03
  260     8.4130  13.2424  -0.34040E+01  -0.72366E+00  -0.68411E+00   0.40149E+01   0.29795E+03
  261     8.4948  13.2503  -0.34277E+01  -0.72966E+00  -0.69012E+00   0.40147E+01   0.28707E+03
  262     8.5774  13.2582  -0.34514E+01  -0.73570E+00  -0.69616E+00   0.40144E+01   0.27648E+03
  263     8.6606  13.2660  -0.34753E+01  -0.74177E+00  -0.70223E+00   0.40142E+01   0.26624E+03
  264     8.7446  13.2737  -0.34992E+01  -0.74788E+00  -0.70833E+00   0.40140E+01   0.25631E+03
  265     8.8293  13.2813  -0.35232E+01  -0.75402E+00  -0.71447E+00   0.40137E+01   0.24672E+03
  266     8.9148  13.2888  -0.35474E+01  -0.76019E+00  -0.72064E+00   0.40135E+01   0.23742E+03
  267     9.0010  13.2962  -0.35716E+01  -0.76640E+00  -0.72685E+00   0.40133E+01   0.22815E+03
  268     9.0879  13.3035  -0.35960E+01  -0.77264E+00  -0.73309E+00   0.40131E+01   0.21984E+03
  269     9.1756  13.3107  -0.36204E+01  -0.77891E+00  -0.73937E+00   0.40128E+01   0.21132E+03
  270     9.2641  13.3178  -0.36447E+01  -0.78513E+00  -0.74558E+00   0.40126E+01   0.20326E+03
  271     9.3534  13.3248  -0.36697E+01  -0.79158E+00  -0.75203E+00   0.40124E+01   0.19519E+03
  272     9.4434  13.3317  -0.36944E+01  -0.79795E+00  -0.75840E+00   0.40122E+01   0.18752E+03
  273     9.5342  13.3386  -0.37193E+01  -0.80436E+00  -0.76481E+00   0.40120E+01   0.18038E+03
  274     9.6257  13.3453  -0.37442E+01  -0.81081E+00  -0.77126E+00   0.40118E+01   0.17312E+03
  275     9.7181  13.3520  -0.37693E+01  -0.81729E+00  -0.77775E+00   0.40116E+01   0.16627E+03
  276     9.8113  13.3586  -0.37945E+01  -0.82382E+00  -0.78427E+00   0.40114E+01   0.15961E+03
  277     9.9053  13.3651  -0.38198E+01  -0.83037E+00  -0.79083E+00   0.40113E+01   0.15322E+03
  278    10.0001  13.3715  -0.38452E+01  -0.83697E+00  -0.79742E+00   0.40111E+01   0.14701E+03
  279    10.0957  13.3778  -0.38707E+01  -0.84360E+00  -0.80405E+00   0.40109E+01   0.14103E+03
  280    10.1922  13.3841  -0.38963E+01  -0.85026E+00  -0.81071E+00   0.40107E+01   0.13526E+03
  281    10.2895  13.3902  -0.39221E+01  -0.85696E+00  -0.81742E+00   0.40106E+01   0.12968E+03
  282    10.3877  13.3963  -0.39479E+01  -0.86370E+00  -0.82415E+00   0.40104E+01   0.12433E+03
  283    10.4867  13.4023  -0.39739E+01  -0.87047E+00  -0.83092E+00   0.40102E+01   0.11915E+03
  284    10.5865  13.4083  -0.39999E+01  -0.87728E+00  -0.83774E+00   0.40101E+01   0.11417E+03
  285    10.6873  13.4141  -0.40261E+01  -0.88414E+00  -0.84459E+00   0.40099E+01   0.10936E+03
  286    10.7889  13.4199  -0.40524E+01  -0.89102E+00  -0.85148E+00   0.40098E+01   0.10475E+03
  287    10.8914  13.4256  -0.40788E+01  -0.89795E+00  -0.85840E+00   0.40096E+01   0.10026E+03
  288    10.9947  13.4312  -0.41053E+01  -0.90491E+00  -0.86536E+00   0.40094E+01   0.95970E+02
  289    11.0990  13.4368  -0.41319E+01  -0.91191E+00  -0.87236E+00   0.40093E+01   0.91839E+02
  290    11.2042  13.4423  -0.41587E+01  -0.91895E+00  -0.87940E+00   0.40092E+01   0.87864E+02
  291    11.3103  13.4477  -0.41856E+01  -0.92603E+00  -0.88648E+00   0.40090E+01   0.83994E+02
  292    11.4173  13.4530  -0.42125E+01  -0.93315E+00  -0.89360E+00   0.40089E+01   0.80338E+02
  293    11.5253  13.4583  -0.42396E+01  -0.94030E+00  -0.90076E+00   0.40087E+01   0.76798E+02
  294    11.6342  13.4635  -0.42669E+01  -0.94750E+00  -0.90795E+00   0.40086E+01   0.73389E+02
  295    11.7440  13.4687  -0.42942E+01  -0.95473E+00  -0.91518E+00   0.40085E+01   0.70118E+02
  296    11.8548  13.4738  -0.43216E+01  -0.96200E+00  -0.92246E+00   0.40083E+01   0.66978E+02
  297    11.9666  13.4788  -0.43492E+01  -0.96932E+00  -0.92977E+00   0.40082E+01   0.63957E+02
  298    12.0793  13.4837  -0.43769E+01  -0.97667E+00  -0.93712E+00   0.40081E+01   0.61045E+02
  299    12.1930  13.4886  -0.44047E+01  -0.98407E+00  -0.94452E+00   0.40080E+01   0.58261E+02
  300    12.3077  13.4934  -0.44326E+01  -0.99150E+00  -0.95195E+00   0.40078E+01   0.55571E+02
  301    12.4234  13.4982  -0.44607E+01  -0.99897E+00  -0.95942E+00   0.40077E+01   0.53010E+02
  302    12.5401  13.5029  -0.44889E+01  -0.10065E+01  -0.96694E+00   0.40076E+01   0.50554E+02
  303    12.6578  13.5075  -0.45172E+01  -0.10140E+01  -0.97450E+00   0.40075E+01   0.48194E+02
  304    12.7766  13.5121  -0.45456E+01  -0.10216E+01  -0.98210E+00   0.40074E+01   0.45931E+02
  305    12.8963  13.5166  -0.45742E+01  -0.10293E+01  -0.98974E+00   0.40073E+01   0.43757E+02
  306    13.0172  13.5211  -0.46028E+01  -0.10370E+01  -0.99742E+00   0.40072E+01   0.41685E+02
  307    13.1390  13.5255  -0.46316E+01  -0.10447E+01  -0.10051E+01   0.40071E+01   0.39681E+02
  308    13.2619  13.5298  -0.46606E+01  -0.10524E+01  -0.10129E+01   0.40069E+01   0.37783E+02
  309    13.3859  13.5341  -0.46896E+01  -0.10603E+01  -0.10207E+01   0.40068E+01   0.35960E+02
  310    13.5110  13.5383  -0.47188E+01  -0.10681E+01  -0.10286E+01   0.40067E+01   0.34215E+02
  311    13.6372  13.5425  -0.47481E+01  -0.10760E+01  -0.10365E+01   0.40066E+01   0.32540E+02
  312    13.7644  13.5466  -0.47776E+01  -0.10839E+01  -0.10444E+01   0.40065E+01   0.30944E+02
  313    13.8928  13.5507  -0.48071E+01  -0.10919E+01  -0.10524E+01   0.40064E+01   0.29405E+02
  314    14.0223  13.5547  -0.48368E+01  -0.10999E+01  -0.10604E+01   0.40064E+01   0.27945E+02
  315    14.1529  13.5587  -0.48667E+01  -0.11080E+01  -0.10685E+01   0.40063E+01   0.26545E+02
  316    14.2846  13.5626  -0.48966E+01  -0.11161E+01  -0.10766E+01   0.40062E+01   0.25221E+02
  317    14.4175  13.5665  -0.49267E+01  -0.11243E+01  -0.10847E+01   0.40061E+01   0.23937E+02
  318    14.5515  13.5703  -0.49570E+01  -0.11325E+01  -0.10929E+01   0.40060E+01   0.22718E+02
  319    14.6867  13.5741  -0.49873E+01  -0.11407E+01  -0.11012E+01   0.40059E+01   0.21565E+02
  320    14.8231  13.5778  -0.50179E+01  -0.11490E+01  -0.11095E+01   0.40058E+01   0.20450E+02
  321    14.9607  13.5815  -0.50485E+01  -0.11573E+01  -0.11178E+01   0.40057E+01   0.19394E+02
  322    15.0994  13.5851  -0.50793E+01  -0.11657E+01  -0.11262E+01   0.40057E+01   0.18383E+02
  323    15.2394  13.5887  -0.51102E+01  -0.11742E+01  -0.11346E+01   0.40056E+01   0.17421E+02
  324    15.3806  13.5922  -0.51413E+01  -0.11826E+01  -0.11431E+01   0.40055E+01   0.16503E+02
  325    15.5230  13.5957  -0.51724E+01  -0.11912E+01  -0.11516E+01   0.40054E+01   0.15629E+02
  326    15.6666  13.5991  -0.52038E+01  -0.11997E+01  -0.11602E+01   0.40053E+01   0.14797E+02
  327    15.8115  13.6025  -0.52353E+01  -0.12083E+01  -0.11688E+01   0.40053E+01   0.14007E+02
  328    15.9577  13.6059  -0.52669E+01  -0.12170E+01  -0.11775E+01   0.40052E+01   0.13255E+02
  329    16.1051  13.6092  -0.52986E+01  -0.12257E+01  -0.11862E+01   0.40051E+01   0.12536E+02
  330    16.2538  13.6124  -0.53306E+01  -0.12345E+01  -0.11949E+01   0.40050E+01   0.11849E+02
  331    16.4038  13.6157  -0.53626E+01  -0.12433E+01  -0.12037E+01   0.40050E+01   0.11204E+02
  332    16.5551  13.6188  -0.53948E+01  -0.12521E+01  -0.12126E+01   0.40049E+01   0.10589E+02
  333    16.7078  13.6220  -0.54271E+01  -0.12610E+01  -0.12215E+01   0.40048E+01   0.99988E+01
  334    16.8617  13.6251  -0.54596E+01  -0.12700E+01  -0.12304E+01   0.40048E+01   0.94431E+01
  335    17.0170  13.6281  -0.54922E+01  -0.12790E+01  -0.12394E+01   0.40047E+01   0.89136E+01
  336    17.1736  13.6312  -0.55250E+01  -0.12880E+01  -0.12485E+01   0.40046E+01   0.84078E+01
  337    17.3316  13.6342  -0.55579E+01  -0.12971E+01  -0.12576E+01   0.40046E+01   0.79347E+01
  338    17.4910  13.6371  -0.55910E+01  -0.13063E+01  -0.12667E+01   0.40045E+01   0.74860E+01
  339    17.6518  13.6400  -0.56243E+01  -0.13155E+01  -0.12759E+01   0.40045E+01   0.70556E+01
  340    17.8139  13.6429  -0.56577E+01  -0.13247E+01  -0.12852E+01   0.40044E+01   0.66515E+01
  341    17.9775  13.6457  -0.56912E+01  -0.13340E+01  -0.12945E+01   0.40043E+01   0.62650E+01
  342    18.1425  13.6485  -0.57249E+01  -0.13434E+01  -0.13038E+01   0.40043E+01   0.58981E+01
  343    18.3089  13.6513  -0.57587E+01  -0.13528E+01  -0.13132E+01   0.40042E+01   0.55535E+01
  344    18.4768  13.6540  -0.57927E+01  -0.13622E+01  -0.13227E+01   0.40042E+01   0.52258E+01
  345    18.6461  13.6567  -0.58269E+01  -0.13717E+01  -0.13322E+01   0.40041E+01   0.49141E+01
  346    18.8169  13.6593  -0.58612E+01  -0.13813E+01  -0.13417E+01   0.40040E+01   0.46234E+01
  347    18.9892  13.6619  -0.58957E+01  -0.13909E+01  -0.13514E+01   0.40040E+01   0.43461E+01
  348    19.1630  13.6645  -0.59303E+01  -0.14006E+01  -0.13610E+01   0.40039E+01   0.40848E+01
  349    19.3383  13.6671  -0.59651E+01  -0.14103E+01  -0.13707E+01   0.40039E+01   0.38393E+01
  350    19.5151  13.6696  -0.60001E+01  -0.14201E+01  -0.13805E+01   0.40038E+01   0.36033E+01
  351    19.6934  13.6721  -0.60351E+01  -0.14299E+01  -0.13903E+01   0.40038E+01   0.33825E+01
  352    19.8734  13.6745  -0.60704E+01  -0.14398E+01  -0.14002E+01   0.40037E+01   0.31733E+01
  353    20.0548  13.6770  -0.61059E+01  -0.14497E+01  -0.14102E+01   0.40037E+01   0.29773E+01
  354    20.2379  13.6794  -0.61415E+01  -0.14597E+01  -0.14201E+01   0.40036E+01   0.27921E+01
  355    20.4225  13.6817  -0.61772E+01  -0.14697E+01  -0.14302E+01   0.40036E+01   0.26166E+01
  356    20.6088  13.6840  -0.62132E+01  -0.14798E+01  -0.14403E+01   0.40035E+01   0.24517E+01
  357    20.7966  13.6863  -0.62493E+01  -0.14900E+01  -0.14504E+01   0.40035E+01   0.22965E+01
  358    20.9861  13.6886  -0.62856E+01  -0.15002E+01  -0.14607E+01   0.40035E+01   0.21487E+01
  359    21.1773  13.6909  -0.63220E+01  -0.15105E+01  -0.14709E+01   0.40034E+01   0.20121E+01
  360    21.3701  13.6931  -0.63586E+01  -0.15208E+01  -0.14812E+01   0.40034E+01   0.18825E+01
  361    21.5646  13.6953  -0.63954E+01  -0.15312E+01  -0.14916E+01   0.40033E+01   0.17591E+01
  362    21.7607  13.6974  -0.64324E+01  -0.15416E+01  -0.15021E+01   0.40033E+01   0.16448E+01
  363    21.9586  13.6995  -0.64695E+01  -0.15521E+01  -0.15126E+01   0.40032E+01   0.15372E+01
  364    22.1582  13.7016  -0.65068E+01  -0.15627E+01  -0.15231E+01   0.40032E+01   0.14366E+01
  365    22.3596  13.7037  -0.65443E+01  -0.15733E+01  -0.15338E+01   0.40032E+01   0.13404E+01
  366    22.5626  13.7058  -0.65820E+01  -0.15840E+01  -0.15445E+01   0.40000E+01   0.12514E+01
  367    22.7675  13.7078  -0.66198E+01  -0.15947E+01  -0.15552E+01   0.40000E+01   0.11670E+01
  368    22.9741  13.7098  -0.66578E+01  -0.16055E+01  -0.15660E+01   0.40000E+01   0.10885E+01
  369    23.1825  13.7117  -0.66961E+01  -0.16164E+01  -0.15769E+01   0.40000E+01   0.10143E+01
  370    23.3928  13.7137  -0.67343E+01  -0.16273E+01  -0.15877E+01   0.40000E+01   0.94528E+00
  371    23.6049  13.7156  -0.67729E+01  -0.16383E+01  -0.15987E+01   0.40000E+01   0.87976E+00
  372    23.8188  13.7175  -0.68116E+01  -0.16493E+01  -0.16097E+01   0.40000E+01   0.82013E+00
  373    24.0345  13.7194  -0.68505E+01  -0.16604E+01  -0.16208E+01   0.40000E+01   0.76280E+00
  374    24.2522  13.7212  -0.68896E+01  -0.16715E+01  -0.16320E+01   0.40000E+01   0.70980E+00
  375    24.4717  13.7230  -0.69289E+01  -0.16827E+01  -0.16432E+01   0.40000E+01   0.65992E+00
  376    24.6932  13.7248  -0.69684E+01  -0.16940E+01  -0.16545E+01   0.40000E+01   0.61285E+00
  377    24.9166  13.7266  -0.70080E+01  -0.17053E+01  -0.16658E+01   0.40000E+01   0.56947E+00
  378    25.1419  13.7284  -0.70478E+01  -0.17167E+01  -0.16772E+01   0.40000E+01   0.52926E+00
  379    25.3691  13.7301  -0.70879E+01  -0.17282E+01  -0.16887E+01   0.40000E+01   0.49129E+00
  380    25.5984  13.7318  -0.71281E+01  -0.17397E+01  -0.17002E+01   0.40000E+01   0.45551E+00
  381    25.8296  13.7335  -0.71685E+01  -0.17513E+01  -0.17118E+01   0.40000E+01   0.42262E+00
  382    26.0629  13.7351  -0.72091E+01  -0.17630E+01  -0.17234E+01   0.40000E+01   0.39189E+00
  383    26.2982  13.7368  -0.72500E+01  -0.17747E+01  -0.17352E+01   0.40000E+01   0.36301E+00
  384    26.5355  13.7384  -0.72909E+01  -0.17865E+01  -0.17470E+01   0.40000E+01   0.33616E+00
  385    26.7749  13.7400  -0.73321E+01  -0.17983E+01  -0.17588E+01   0.40000E+01   0.31115E+00
  386    27.0164  13.7416  -0.73735E+01  -0.18103E+01  -0.17707E+01   0.40000E+01   0.28797E+00
  387    27.2599  13.7431  -0.74150E+01  -0.18222E+01  -0.17827E+01   0.40000E+01   0.26646E+00
  388    27.5056  13.7447  -0.74568E+01  -0.18343E+01  -0.17947E+01   0.40000E+01   0.24630E+00
  389    27.7534  13.7462  -0.74988E+01  -0.18464E+01  -0.18068E+01   0.40000E+01   0.22755E+00
  390    28.0034  13.7477  -0.75409E+01  -0.18585E+01  -0.18190E+01   0.40000E+01   0.21026E+00
  391    28.2556  13.7492  -0.75833E+01  -0.18708E+01  -0.18312E+01   0.40000E+01   0.19409E+00
  392    28.5099  13.7506  -0.76259E+01  -0.18831E+01  -0.18436E+01   0.40000E+01   0.17910E+00
  393    28.7665  13.7521  -0.76686E+01  -0.18955E+01  -0.18559E+01   0.40000E+01   0.16523E+00
  394    29.0253  13.7535  -0.77116E+01  -0.19079E+01  -0.18684E+01   0.40000E+01   0.15232E+00
  395    29.2863  13.7549  -0.77547E+01  -0.19204E+01  -0.18809E+01   0.40000E+01   0.14036E+00
  396    29.5496  13.7563  -0.77981E+01  -0.19330E+01  -0.18934E+01   0.40000E+01   0.12921E+00
  397    29.8152  13.7577  -0.78417E+01  -0.19456E+01  -0.19061E+01   0.40000E+01   0.11900E+00
  398    30.0831  13.7590  -0.78854E+01  -0.19583E+01  -0.19188E+01   0.40000E+01   0.10948E+00
  399    30.3534  13.7604  -0.79294E+01  -0.19711E+01  -0.19316E+01   0.40000E+01   0.10071E+00
  400    30.6259  13.7617  -0.79735E+01  -0.19839E+01  -0.19444E+01   0.40000E+01   0.92630E-01
