    1     0.0001   0.0014  -0.26433E-04  -0.10354E-05   0.37700E-01   0.59691E+01   0.61572E+04
    2     0.0088   0.1221  -0.30890E-02  -0.31367E-03   0.37388E-01   0.59406E+01   0.85679E+04
    3     0.0176   0.2423  -0.64556E-02  -0.70363E-03   0.36998E-01   0.59134E+01   0.90131E+04
    4     0.0264   0.3621  -0.99793E-02  -0.11292E-02   0.36572E-01   0.58867E+01   0.93147E+04
    5     0.0353   0.4814  -0.13623E-01  -0.15799E-02   0.36121E-01   0.58603E+01   0.95737E+04
    6     0.0443   0.6003  -0.17379E-01  -0.20537E-02   0.35648E-01   0.58344E+01   0.97949E+04
    7     0.0534   0.7188  -0.21232E-01  -0.25457E-02   0.35156E-01   0.58087E+01   0.99866E+04
    8     0.0626   0.8368  -0.25175E-01  -0.30548E-02   0.34647E-01   0.57834E+01   0.10164E+05
    9     0.0718   0.9543  -0.29206E-01  -0.35799E-02   0.34122E-01   0.57583E+01   0.10333E+05
   10     0.0811   1.0713  -0.33321E-01  -0.41205E-02   0.33581E-01   0.57335E+01   0.10490E+05
   11     0.0905   1.1879  -0.37516E-01  -0.46751E-02   0.33026E-01   0.57089E+01   0.10640E+05
   12     0.1000   1.3039  -0.41801E-01  -0.52463E-02   0.32455E-01   0.56846E+01   0.10782E+05
   13     0.1096   1.4195  -0.46153E-01  -0.58287E-02   0.31873E-01   0.56604E+01   0.10919E+05
   14     0.1192   1.5346  -0.50583E-01  -0.64245E-02   0.31277E-01   0.56365E+01   0.11051E+05
   15     0.1290   1.6491  -0.55090E-01  -0.70337E-02   0.30668E-01   0.56128E+01   0.11176E+05
   16     0.1388   1.7632  -0.59674E-01  -0.76566E-02   0.30045E-01   0.55893E+01   0.11301E+05
   17     0.1487   1.8767  -0.64332E-01  -0.82929E-02   0.29409E-01   0.55660E+01   0.11418E+05
   18     0.1587   1.9897  -0.69065E-01  -0.89418E-02   0.28760E-01   0.55430E+01   0.11535E+05
   19     0.1687   2.1021  -0.73874E-01  -0.96043E-02   0.28097E-01   0.55201E+01   0.11648E+05
   20     0.1789   2.2140  -0.78756E-01  -0.10280E-01   0.27421E-01   0.54974E+01   0.11755E+05
   21     0.1891   2.3254  -0.83713E-01  -0.10969E-01   0.26732E-01   0.54750E+01   0.11862E+05
   22     0.1995   2.4362  -0.88745E-01  -0.11672E-01   0.26030E-01   0.54527E+01   0.11964E+05
   23     0.2099   2.5465  -0.93852E-01  -0.12388E-01   0.25314E-01   0.54306E+01   0.12063E+05
   24     0.2204   2.6562  -0.99033E-01  -0.13117E-01   0.24584E-01   0.54088E+01   0.12160E+05
   25     0.2310   2.7653  -0.10429E+00  -0.13861E-01   0.23840E-01   0.53872E+01   0.12254E+05
   26     0.2417   2.8738  -0.10962E+00  -0.14619E-01   0.23082E-01   0.53657E+01   0.12347E+05
   27     0.2525   2.9818  -0.11503E+00  -0.15390E-01   0.22311E-01   0.53445E+01   0.12435E+05
   28     0.2634   3.0892  -0.12051E+00  -0.16176E-01   0.21525E-01   0.53234E+01   0.12522E+05
   29     0.2744   3.1959  -0.12607E+00  -0.16977E-01   0.20725E-01   0.53026E+01   0.12606E+05
   30     0.2855   3.3021  -0.13170E+00  -0.17791E-01   0.19910E-01   0.52820E+01   0.12688E+05
   31     0.2967   3.4077  -0.13742E+00  -0.18621E-01   0.19080E-01   0.52615E+01   0.12766E+05
   32     0.3079   3.5127  -0.14320E+00  -0.19466E-01   0.18236E-01   0.52413E+01   0.12843E+05
   33     0.3193   3.6170  -0.14904E+00  -0.20316E-01   0.17385E-01   0.52212E+01   0.12919E+05
   34     0.3308   3.7207  -0.15498E+00  -0.21191E-01   0.16510E-01   0.52014E+01   0.12991E+05
   35     0.3423   3.8238  -0.16100E+00  -0.22081E-01   0.15620E-01   0.51818E+01   0.13058E+05
   36     0.3540   3.9263  -0.16709E+00  -0.22987E-01   0.14715E-01   0.51624E+01   0.13125E+05
   37     0.3658   4.0281  -0.17327E+00  -0.23908E-01   0.13794E-01   0.51432E+01   0.13189E+05
   38     0.3777   4.1293  -0.17952E+00  -0.24844E-01   0.12857E-01   0.51242E+01   0.13250E+05
   39     0.3896   4.2299  -0.18585E+00  -0.25797E-01   0.11905E-01   0.51054E+01   0.13309E+05
   40     0.4017   4.3298  -0.19226E+00  -0.26765E-01   0.10937E-01   0.50869E+01   0.13365E+05
   41     0.4139   4.4291  -0.19874E+00  -0.27749E-01   0.99520E-02   0.50685E+01   0.13419E+05
   42     0.4262   4.5276  -0.20530E+00  -0.28750E-01   0.89510E-02   0.50503E+01   0.13471E+05
   43     0.4386   4.6256  -0.21195E+00  -0.29768E-01   0.79336E-02   0.50324E+01   0.13518E+05
   44     0.4511   4.7229  -0.21867E+00  -0.30802E-01   0.68991E-02   0.50146E+01   0.13561E+05
   45     0.4637   4.8195  -0.22547E+00  -0.31854E-01   0.58479E-02   0.49971E+01   0.13601E+05
   46     0.4764   4.9154  -0.23236E+00  -0.32922E-01   0.47793E-02   0.49797E+01   0.13640E+05
   47     0.4893   5.0106  -0.23932E+00  -0.34008E-01   0.36939E-02   0.49626E+01   0.13676E+05
   48     0.5022   5.1052  -0.24636E+00  -0.35110E-01   0.25918E-02   0.49457E+01   0.13708E+05
   49     0.5153   5.1991  -0.25348E+00  -0.36230E-01   0.14718E-02   0.49290E+01   0.13738E+05
   50     0.5285   5.2923  -0.26068E+00  -0.37366E-01   0.33545E-03   0.49125E+01   0.13766E+05
   51     0.5417   5.3849  -0.26796E+00  -0.38520E-01  -0.81873E-03   0.48962E+01   0.13788E+05
   52     0.5552   5.4767  -0.27533E+00  -0.39692E-01  -0.19907E-02   0.48801E+01   0.13809E+05
   53     0.5687   5.5679  -0.28277E+00  -0.40882E-01  -0.31803E-02   0.48642E+01   0.13828E+05
   54     0.5823   5.6583  -0.29027E+00  -0.42082E-01  -0.43807E-02   0.48485E+01   0.13842E+05
   55     0.5961   5.7481  -0.29784E+00  -0.43298E-01  -0.55969E-02   0.48330E+01   0.13854E+05
   56     0.6099   5.8371  -0.30551E+00  -0.44537E-01  -0.68360E-02   0.48178E+01   0.13864E+05
   57     0.6239   5.9255  -0.31327E+00  -0.45795E-01  -0.80937E-02   0.48027E+01   0.13870E+05
   58     0.6381   6.0132  -0.32110E+00  -0.47070E-01  -0.93682E-02   0.47879E+01   0.13873E+05
   59     0.6523   6.1001  -0.32901E+00  -0.48362E-01  -0.10661E-01   0.47732E+01   0.13873E+05
   60     0.6667   6.1864  -0.33700E+00  -0.49673E-01  -0.11972E-01   0.47588E+01   0.13869E+05
   61     0.6812   6.2719  -0.34506E+00  -0.51002E-01  -0.13300E-01   0.47445E+01   0.13862E+05
   62     0.6958   6.3568  -0.35321E+00  -0.52348E-01  -0.14647E-01   0.47305E+01   0.13858E+05
   63     0.7105   6.4409  -0.36144E+00  -0.53713E-01  -0.16012E-01   0.47166E+01   0.13859E+05
   64     0.7254   6.5244  -0.36974E+00  -0.55096E-01  -0.17395E-01   0.47030E+01   0.13840E+05
   65     0.7404   6.6071  -0.37813E+00  -0.56497E-01  -0.18796E-01   0.46895E+01   0.13817E+05
   66     0.7555   6.6891  -0.38659E+00  -0.57916E-01  -0.20215E-01   0.46763E+01   0.13799E+05
   67     0.7708   6.7704  -0.39513E+00  -0.59353E-01  -0.21651E-01   0.46632E+01   0.13778E+05
   68     0.7862   6.8511  -0.40375E+00  -0.60809E-01  -0.23107E-01   0.46504E+01   0.13754E+05
   69     0.8017   6.9310  -0.41244E+00  -0.62281E-01  -0.24580E-01   0.46377E+01   0.13727E+05
   70     0.8174   7.0102  -0.42122E+00  -0.63772E-01  -0.26071E-01   0.46252E+01   0.13698E+05
   71     0.8332   7.0886  -0.43017E+00  -0.65312E-01  -0.27611E-01   0.46131E+01   0.13664E+05
   72     0.8491   7.1664  -0.43911E+00  -0.66844E-01  -0.29142E-01   0.46011E+01   0.13629E+05
   73     0.8652   7.2435  -0.44803E+00  -0.68366E-01  -0.30664E-01   0.45890E+01   0.13595E+05
   74     0.8814   7.3199  -0.45714E+00  -0.69937E-01  -0.32236E-01   0.45773E+01   0.13555E+05
   75     0.8977   7.3956  -0.46633E+00  -0.71528E-01  -0.33827E-01   0.45659E+01   0.13512E+05
   76     0.9142   7.4705  -0.47558E+00  -0.73135E-01  -0.35433E-01   0.45546E+01   0.13468E+05
   77     0.9309   7.5448  -0.48492E+00  -0.74763E-01  -0.37061E-01   0.45435E+01   0.13418E+05
   78     0.9477   7.6184  -0.49434E+00  -0.76409E-01  -0.38707E-01   0.45326E+01   0.13358E+05
   79     0.9646   7.6913  -0.50383E+00  -0.78074E-01  -0.40372E-01   0.45218E+01   0.13313E+05
   80     0.9817   7.7635  -0.51340E+00  -0.79758E-01  -0.42056E-01   0.45113E+01   0.13262E+05
   81     0.9989   7.8350  -0.52305E+00  -0.81461E-01  -0.43759E-01   0.45009E+01   0.13203E+05
   82     1.0163   7.9058  -0.53278E+00  -0.83183E-01  -0.45482E-01   0.44907E+01   0.13144E+05
   83     1.0338   7.9759  -0.54258E+00  -0.84924E-01  -0.47223E-01   0.44807E+01   0.13081E+05
   84     1.0515   8.0453  -0.55246E+00  -0.86685E-01  -0.48983E-01   0.44709E+01   0.13016E+05
   85     1.0693   8.1141  -0.56242E+00  -0.88465E-01  -0.50763E-01   0.44612E+01   0.12950E+05
   86     1.0873   8.1821  -0.57246E+00  -0.90264E-01  -0.52563E-01   0.44517E+01   0.12881E+05
   87     1.1055   8.2495  -0.58258E+00  -0.92083E-01  -0.54382E-01   0.44424E+01   0.12811E+05
   88     1.1238   8.3162  -0.59277E+00  -0.93922E-01  -0.56221E-01   0.44333E+01   0.12739E+05
   89     1.1423   8.3823  -0.60304E+00  -0.95781E-01  -0.58080E-01   0.44243E+01   0.12664E+05
   90     1.1609   8.4477  -0.61339E+00  -0.97660E-01  -0.59958E-01   0.44155E+01   0.12589E+05
   91     1.1797   8.5124  -0.62382E+00  -0.99558E-01  -0.61857E-01   0.44068E+01   0.12511E+05
   92     1.1986   8.5764  -0.63432E+00  -0.10148E+00  -0.63775E-01   0.43983E+01   0.12432E+05
   93     1.2177   8.6398  -0.64491E+00  -0.10341E+00  -0.65713E-01   0.43900E+01   0.12349E+05
   94     1.2370   8.7025  -0.65557E+00  -0.10537E+00  -0.67672E-01   0.43818E+01   0.12265E+05
   95     1.2565   8.7646  -0.66630E+00  -0.10735E+00  -0.69650E-01   0.43738E+01   0.12180E+05
   96     1.2761   8.8260  -0.67712E+00  -0.10935E+00  -0.71650E-01   0.43660E+01   0.12091E+05
   97     1.2959   8.8868  -0.68802E+00  -0.11137E+00  -0.73670E-01   0.43583E+01   0.12001E+05
   98     1.3158   8.9469  -0.69899E+00  -0.11341E+00  -0.75711E-01   0.43507E+01   0.11909E+05
   99     1.3360   9.0065  -0.71003E+00  -0.11547E+00  -0.77770E-01   0.43434E+01   0.11816E+05
  100     1.3563   9.0653  -0.72115E+00  -0.11755E+00  -0.79848E-01   0.43361E+01   0.11722E+05
  101     1.3767   9.1236  -0.73234E+00  -0.11965E+00  -0.81945E-01   0.43290E+01   0.11626E+05
  102     1.3974   9.1812  -0.74360E+00  -0.12176E+00  -0.84061E-01   0.43220E+01   0.11530E+05
  103     1.4183   9.2382  -0.75494E+00  -0.12390E+00  -0.86197E-01   0.43152E+01   0.11432E+05
  104     1.4393   9.2945  -0.76635E+00  -0.12605E+00  -0.88353E-01   0.43085E+01   0.11333E+05
  105     1.4605   9.3503  -0.77784E+00  -0.12823E+00  -0.90529E-01   0.43020E+01   0.11234E+05
  106     1.4819   9.4054  -0.78941E+00  -0.13043E+00  -0.92727E-01   0.42955E+01   0.11133E+05
  107     1.5035   9.4600  -0.80105E+00  -0.13265E+00  -0.94947E-01   0.42893E+01   0.11032E+05
  108     1.5252   9.5139  -0.81278E+00  -0.13489E+00  -0.97189E-01   0.42831E+01   0.10929E+05
  109     1.5472   9.5673  -0.82458E+00  -0.13715E+00  -0.99452E-01   0.42771E+01   0.10825E+05
  110     1.5693   9.6200  -0.83646E+00  -0.13944E+00  -0.10174E+00   0.42712E+01   0.10719E+05
  111     1.5917   9.6722  -0.84841E+00  -0.14174E+00  -0.10404E+00   0.42654E+01   0.10613E+05
  112     1.6142   9.7238  -0.86044E+00  -0.14407E+00  -0.10637E+00   0.42597E+01   0.10504E+05
  113     1.6369   9.7748  -0.87254E+00  -0.14641E+00  -0.10871E+00   0.42542E+01   0.10395E+05
  114     1.6598   9.8252  -0.88471E+00  -0.14878E+00  -0.11108E+00   0.42487E+01   0.10285E+05
  115     1.6830   9.8751  -0.89696E+00  -0.15116E+00  -0.11346E+00   0.42434E+01   0.10174E+05
  116     1.7063   9.9244  -0.90927E+00  -0.15357E+00  -0.11586E+00   0.42382E+01   0.10063E+05
  117     1.7298   9.9731  -0.92166E+00  -0.15599E+00  -0.11829E+00   0.42331E+01   0.99511E+04
  118     1.7536  10.0213  -0.93412E+00  -0.15843E+00  -0.12073E+00   0.42281E+01   0.98391E+04
  119     1.7775  10.0689  -0.94665E+00  -0.16090E+00  -0.12320E+00   0.42233E+01   0.97278E+04
  120     1.8016  10.1160  -0.95925E+00  -0.16338E+00  -0.12568E+00   0.42185E+01   0.96158E+04
  121     1.8260  10.1626  -0.97193E+00  -0.16589E+00  -0.12819E+00   0.42138E+01   0.95039E+04
  122     1.8506  10.2086  -0.98468E+00  -0.16842E+00  -0.13072E+00   0.42093E+01   0.93912E+04
  123     1.8753  10.2541  -0.99752E+00  -0.17097E+00  -0.13327E+00   0.42048E+01   0.92791E+04
  124     1.9003  10.2990  -0.10104E+01  -0.17354E+00  -0.13584E+00   0.42004E+01   0.91661E+04
  125     1.9256  10.3434  -0.10234E+01  -0.17614E+00  -0.13844E+00   0.41962E+01   0.90530E+04
  126     1.9510  10.3873  -0.10365E+01  -0.17875E+00  -0.14105E+00   0.41920E+01   0.89391E+04
  127     1.9766  10.4307  -0.10496E+01  -0.18139E+00  -0.14369E+00   0.41879E+01   0.88252E+04
  128     2.0025  10.4736  -0.10628E+01  -0.18405E+00  -0.14635E+00   0.41839E+01   0.87105E+04
  129     2.0286  10.5160  -0.10761E+01  -0.18673E+00  -0.14903E+00   0.41800E+01   0.85950E+04
  130     2.0550  10.5579  -0.10894E+01  -0.18943E+00  -0.15173E+00   0.41762E+01   0.84799E+04
  131     2.0815  10.5993  -0.11029E+01  -0.19215E+00  -0.15445E+00   0.41724E+01   0.83645E+04
  132     2.1083  10.6402  -0.11163E+01  -0.19489E+00  -0.15719E+00   0.41688E+01   0.82500E+04
  133     2.1353  10.6806  -0.11299E+01  -0.19766E+00  -0.15996E+00   0.41652E+01   0.81357E+04
  134     2.1626  10.7205  -0.11435E+01  -0.20044E+00  -0.16274E+00   0.41617E+01   0.80215E+04
  135     2.1901  10.7600  -0.11572E+01  -0.20324E+00  -0.16554E+00   0.41583E+01   0.79051E+04
  136     2.2178  10.7990  -0.11710E+01  -0.20607E+00  -0.16837E+00   0.41549E+01   0.77913E+04
  137     2.2458  10.8375  -0.11849E+01  -0.20892E+00  -0.17122E+00   0.41516E+01   0.76782E+04
  138     2.2740  10.8756  -0.11988E+01  -0.21179E+00  -0.17409E+00   0.41484E+01   0.75666E+04
  139     2.3025  10.9132  -0.12128E+01  -0.21468E+00  -0.17698E+00   0.41453E+01   0.74551E+04
  140     2.3312  10.9504  -0.12268E+01  -0.21758E+00  -0.17988E+00   0.41422E+01   0.73447E+04
  141     2.3602  10.9871  -0.12410E+01  -0.22052E+00  -0.18281E+00   0.41392E+01   0.72332E+04
  142     2.3894  11.0234  -0.12552E+01  -0.22347E+00  -0.18577E+00   0.41363E+01   0.71220E+04
  143     2.4188  11.0592  -0.12695E+01  -0.22646E+00  -0.18876E+00   0.41334E+01   0.70109E+04
  144     2.4486  11.0946  -0.12839E+01  -0.22946E+00  -0.19176E+00   0.41307E+01   0.69015E+04
  145     2.4785  11.1296  -0.12983E+01  -0.23249E+00  -0.19479E+00   0.41279E+01   0.67929E+04
  146     2.5088  11.1641  -0.13128E+01  -0.23553E+00  -0.19783E+00   0.41252E+01   0.66834E+04
  147     2.5393  11.1982  -0.13274E+01  -0.23860E+00  -0.20090E+00   0.41226E+01   0.65741E+04
  148     2.5701  11.2320  -0.13420E+01  -0.24169E+00  -0.20399E+00   0.41201E+01   0.64654E+04
  149     2.6011  11.2653  -0.13567E+01  -0.24480E+00  -0.20710E+00   0.41176E+01   0.63581E+04
  150     2.6324  11.2982  -0.13715E+01  -0.24793E+00  -0.21023E+00   0.41151E+01   0.62516E+04
  151     2.6640  11.3306  -0.13864E+01  -0.25109E+00  -0.21339E+00   0.41127E+01   0.61459E+04
  152     2.6958  11.3627  -0.14013E+01  -0.25426E+00  -0.21656E+00   0.41104E+01   0.60411E+04
  153     2.7280  11.3944  -0.14163E+01  -0.25746E+00  -0.21976E+00   0.41081E+01   0.59370E+04
  154     2.7604  11.4258  -0.14314E+01  -0.26068E+00  -0.22298E+00   0.41059E+01   0.58337E+04
  155     2.7931  11.4567  -0.14466E+01  -0.26393E+00  -0.22623E+00   0.41037E+01   0.57311E+04
  156     2.8260  11.4872  -0.14618E+01  -0.26720E+00  -0.22950E+00   0.41016E+01   0.56295E+04
  157     2.8593  11.5174  -0.14771E+01  -0.27049E+00  -0.23279E+00   0.40995E+01   0.55285E+04
  158     2.8929  11.5472  -0.14925E+01  -0.27380E+00  -0.23610E+00   0.40974E+01   0.54281E+04
  159     2.9267  11.5766  -0.15079E+01  -0.27713E+00  -0.23943E+00   0.40954E+01   0.53289E+04
  160     2.9608  11.6057  -0.15234E+01  -0.28049E+00  -0.24279E+00   0.40935E+01   0.52302E+04
  161     2.9953  11.6344  -0.15390E+01  -0.28387E+00  -0.24617E+00   0.40916E+01   0.51329E+04
  162     3.0300  11.6628  -0.15547E+01  -0.28727E+00  -0.24957E+00   0.40897E+01   0.50369E+04
  163     3.0651  11.6908  -0.15704E+01  -0.29069E+00  -0.25299E+00   0.40879E+01   0.49419E+04
  164     3.1004  11.7184  -0.15862E+01  -0.29414E+00  -0.25644E+00   0.40861E+01   0.48476E+04
  165     3.1360  11.7458  -0.16021E+01  -0.29761E+00  -0.25991E+00   0.40843E+01   0.47544E+04
  166     3.1720  11.7727  -0.16180E+01  -0.30110E+00  -0.26340E+00   0.40826E+01   0.46620E+04
  167     3.2083  11.7994  -0.16341E+01  -0.30462E+00  -0.26692E+00   0.40810E+01   0.45702E+04
  168     3.2449  11.8257  -0.16502E+01  -0.30817E+00  -0.27047E+00   0.40793E+01   0.44797E+04
  169     3.2818  11.8517  -0.16664E+01  -0.31173E+00  -0.27403E+00   0.40777E+01   0.43901E+04
  170     3.3190  11.8773  -0.16826E+01  -0.31532E+00  -0.27762E+00   0.40762E+01   0.43013E+04
  171     3.3565  11.9026  -0.16989E+01  -0.31892E+00  -0.28122E+00   0.40747E+01   0.42139E+04
  172     3.3944  11.9277  -0.17153E+01  -0.32255E+00  -0.28485E+00   0.40732E+01   0.41278E+04
  173     3.4326  11.9524  -0.17318E+01  -0.32621E+00  -0.28851E+00   0.40717E+01   0.40425E+04
  174     3.4712  11.9768  -0.17483E+01  -0.32989E+00  -0.29218E+00   0.40703E+01   0.39586E+04
  175     3.5100  12.0009  -0.17649E+01  -0.33359E+00  -0.29589E+00   0.40689E+01   0.38760E+04
  176     3.5492  12.0246  -0.17816E+01  -0.33732E+00  -0.29962E+00   0.40675E+01   0.37945E+04
  177     3.5888  12.0481  -0.17984E+01  -0.34107E+00  -0.30337E+00   0.40662E+01   0.37139E+04
  178     3.6287  12.0713  -0.18152E+01  -0.34484E+00  -0.30714E+00   0.40649E+01   0.36339E+04
  179     3.6689  12.0942  -0.18321E+01  -0.34865E+00  -0.31094E+00   0.40636E+01   0.35550E+04
  180     3.7095  12.1169  -0.18491E+01  -0.35247E+00  -0.31477E+00   0.40623E+01   0.34771E+04
  181     3.7505  12.1392  -0.18662E+01  -0.35631E+00  -0.31861E+00   0.40611E+01   0.34003E+04
  182     3.7918  12.1612  -0.18833E+01  -0.36018E+00  -0.32248E+00   0.40599E+01   0.33247E+04
  183     3.8334  12.1830  -0.19005E+01  -0.36407E+00  -0.32637E+00   0.40587E+01   0.32504E+04
  184     3.8754  12.2045  -0.19178E+01  -0.36799E+00  -0.33029E+00   0.40576E+01   0.31772E+04
  185     3.9178  12.2257  -0.19351E+01  -0.37193E+00  -0.33423E+00   0.40565E+01   0.31052E+04
  186     3.9606  12.2467  -0.19526E+01  -0.37589E+00  -0.33819E+00   0.40554E+01   0.30346E+04
  187     4.0037  12.2674  -0.19701E+01  -0.37989E+00  -0.34219E+00   0.40543E+01   0.29650E+04
  188     4.0472  12.2878  -0.19877E+01  -0.38390E+00  -0.34620E+00   0.40532E+01   0.28966E+04
  189     4.0911  12.3080  -0.20053E+01  -0.38794E+00  -0.35024E+00   0.40522E+01   0.28290E+04
  190     4.1353  12.3279  -0.20231E+01  -0.39201E+00  -0.35431E+00   0.40512E+01   0.27624E+04
  191     4.1800  12.3476  -0.20409E+01  -0.39610E+00  -0.35840E+00   0.40502E+01   0.26970E+04
  192     4.2250  12.3670  -0.20588E+01  -0.40021E+00  -0.36251E+00   0.40493E+01   0.26323E+04
  193     4.2705  12.3862  -0.20767E+01  -0.40435E+00  -0.36665E+00   0.40483E+01   0.25687E+04
  194     4.3163  12.4051  -0.20948E+01  -0.40852E+00  -0.37082E+00   0.40474E+01   0.25059E+04
  195     4.3625  12.4238  -0.21129E+01  -0.41271E+00  -0.37500E+00   0.40465E+01   0.24444E+04
  196     4.4091  12.4423  -0.21311E+01  -0.41692E+00  -0.37922E+00   0.40456E+01   0.23842E+04
  197     4.4561  12.4605  -0.21494E+01  -0.42115E+00  -0.38345E+00   0.40447E+01   0.23253E+04
  198     4.5036  12.4785  -0.21677E+01  -0.42541E+00  -0.38771E+00   0.40439E+01   0.22675E+04
  199     4.5514  12.4962  -0.21861E+01  -0.42969E+00  -0.39199E+00   0.40430E+01   0.22111E+04
  200     4.5997  12.5138  -0.22046E+01  -0.43401E+00  -0.39630E+00   0.40422E+01   0.21556E+04
  201     4.6484  12.5311  -0.22232E+01  -0.43835E+00  -0.40065E+00   0.40414E+01   0.21010E+04
  202     4.6975  12.5482  -0.22419E+01  -0.44272E+00  -0.40502E+00   0.40407E+01   0.20474E+04
  203     4.7470  12.5650  -0.22607E+01  -0.44712E+00  -0.40942E+00   0.40399E+01   0.19945E+04
  204     4.7970  12.5817  -0.22795E+01  -0.45154E+00  -0.41384E+00   0.40392E+01   0.19423E+04
  205     4.8474  12.5981  -0.22984E+01  -0.45598E+00  -0.41828E+00   0.40384E+01   0.18910E+04
  206     4.8982  12.6144  -0.23174E+01  -0.46045E+00  -0.42275E+00   0.40377E+01   0.18409E+04
  207     4.9495  12.6304  -0.23364E+01  -0.46495E+00  -0.42724E+00   0.40370E+01   0.17919E+04
  208     5.0012  12.6462  -0.23556E+01  -0.46946E+00  -0.43176E+00   0.40363E+01   0.17440E+04
  209     5.0534  12.6619  -0.23748E+01  -0.47400E+00  -0.43630E+00   0.40356E+01   0.16972E+04
  210     5.1060  12.6773  -0.23941E+01  -0.47858E+00  -0.44088E+00   0.40350E+01   0.16514E+04
  211     5.1591  12.6925  -0.24135E+01  -0.48318E+00  -0.44548E+00   0.40343E+01   0.16065E+04
  212     5.2126  12.7076  -0.24329E+01  -0.48781E+00  -0.45010E+00   0.40337E+01   0.15624E+04
  213     5.2667  12.7224  -0.24525E+01  -0.49246E+00  -0.45476E+00   0.40331E+01   0.15194E+04
  214     5.3211  12.7371  -0.24721E+01  -0.49714E+00  -0.45944E+00   0.40325E+01   0.14771E+04
  215     5.3761  12.7515  -0.24918E+01  -0.50185E+00  -0.46414E+00   0.40319E+01   0.14357E+04
  216     5.4315  12.7658  -0.25116E+01  -0.50658E+00  -0.46888E+00   0.40313E+01   0.13953E+04
  217     5.4874  12.7799  -0.25314E+01  -0.51134E+00  -0.47364E+00   0.40307E+01   0.13559E+04
  218     5.5438  12.7938  -0.25514E+01  -0.51612E+00  -0.47842E+00   0.40302E+01   0.13172E+04
  219     5.6007  12.8076  -0.25714E+01  -0.52094E+00  -0.48324E+00   0.40296E+01   0.12794E+04
  220     5.6581  12.8211  -0.25916E+01  -0.52578E+00  -0.48808E+00   0.40291E+01   0.12424E+04
  221     5.7160  12.8345  -0.26118E+01  -0.53066E+00  -0.49296E+00   0.40286E+01   0.12063E+04
  222     5.7744  12.8477  -0.26321E+01  -0.53556E+00  -0.49785E+00   0.40281E+01   0.11709E+04
  223     5.8333  12.8608  -0.26524E+01  -0.54048E+00  -0.50278E+00   0.40276E+01   0.11363E+04
  224     5.8927  12.8737  -0.26729E+01  -0.54543E+00  -0.50773E+00   0.40271E+01   0.11026E+04
  225     5.9526  12.8864  -0.26934E+01  -0.55041E+00  -0.51271E+00   0.40266E+01   0.10698E+04
  226     6.0131  12.8990  -0.27140E+01  -0.55542E+00  -0.51772E+00   0.40261E+01   0.10378E+04
  227     6.0740  12.9114  -0.27348E+01  -0.56046E+00  -0.52275E+00   0.40256E+01   0.10065E+04
  228     6.1355  12.9236  -0.27556E+01  -0.56552E+00  -0.52782E+00   0.40252E+01   0.97590E+03
  229     6.1976  12.9357  -0.27765E+01  -0.57062E+00  -0.53292E+00   0.40247E+01   0.94596E+03
  230     6.2602  12.9476  -0.27974E+01  -0.57574E+00  -0.53804E+00   0.40243E+01   0.91685E+03
  231     6.3233  12.9594  -0.28185E+01  -0.58089E+00  -0.54319E+00   0.40239E+01   0.88835E+03
  232     6.3869  12.9710  -0.28396E+01  -0.58607E+00  -0.54837E+00   0.40234E+01   0.86070E+03
  233     6.4512  12.9825  -0.28609E+01  -0.59128E+00  -0.55358E+00   0.40230E+01   0.83358E+03
  234     6.5159  12.9938  -0.28822E+01  -0.59652E+00  -0.55882E+00   0.40226E+01   0.80735E+03
  235     6.5813  13.0050  -0.29036E+01  -0.60178E+00  -0.56408E+00   0.40222E+01   0.78177E+03
  236     6.6472  13.0160  -0.29251E+01  -0.60708E+00  -0.56938E+00   0.40218E+01   0.75680E+03
  237     6.7137  13.0269  -0.29467E+01  -0.61241E+00  -0.57471E+00   0.40215E+01   0.73264E+03
  238     6.7807  13.0377  -0.29683E+01  -0.61776E+00  -0.58006E+00   0.40211E+01   0.70898E+03
  239     6.8484  13.0483  -0.29901E+01  -0.62315E+00  -0.58545E+00   0.40207E+01   0.68593E+03
  240     6.9166  13.0588  -0.30120E+01  -0.62857E+00  -0.59087E+00   0.40204E+01   0.66340E+03
  241     6.9854  13.0691  -0.30339E+01  -0.63401E+00  -0.59631E+00   0.40200E+01   0.64146E+03
  242     7.0549  13.0794  -0.30560E+01  -0.63949E+00  -0.60179E+00   0.40197E+01   0.62015E+03
  243     7.1249  13.0894  -0.30781E+01  -0.64499E+00  -0.60729E+00   0.40193E+01   0.59946E+03
  244     7.1955  13.0994  -0.31003E+01  -0.65052E+00  -0.61282E+00   0.40190E+01   0.57939E+03
  245     7.2668  13.1092  -0.31226E+01  -0.65609E+00  -0.61839E+00   0.40187E+01   0.55979E+03
  246     7.3387  13.1189  -0.31450E+01  -0.66169E+00  -0.62398E+00   0.40184E+01   0.54086E+03
  247     7.4112  13.1285  -0.31675E+01  -0.66731E+00  -0.62961E+00   0.40180E+01   0.52251E+03
  248     7.4843  13.1380  -0.31901E+01  -0.67297E+00  -0.63527E+00   0.40177E+01   0.50454E+03
  249     7.5580  13.1473  -0.32128E+01  -0.67866E+00  -0.64096E+00   0.40174E+01   0.48706E+03
  250     7.6324  13.1565  -0.32356E+01  -0.68439E+00  -0.64668E+00   0.40171E+01   0.47008E+03
  251     7.7075  13.1656  -0.32585E+01  -0.69014E+00  -0.65244E+00   0.40169E+01   0.45367E+03
  252     7.7832  13.1746  -0.32814E+01  -0.69592E+00  -0.65822E+00   0.40166E+01   0.43767E+03
  253     7.8596  13.1834  -0.33045E+01  -0.70173E+00  -0.66403E+00   0.40163E+01   0.42218E+03
  254     7.9366  13.1922  -0.33276E+01  -0.70758E+00  -0.66988E+00   0.40160E+01   0.40715E+03
  255     8.0143  13.2008  -0.33509E+01  -0.71346E+00  -0.67576E+00   0.40158E+01   0.39265E+03
  256     8.0926  13.2093  -0.33742E+01  -0.71937E+00  -0.68167E+00   0.40155E+01   0.37850E+03
  257     8.1717  13.2178  -0.33977E+01  -0.72532E+00  -0.68762E+00   0.40152E+01   0.36470E+03
  258     8.2514  13.2261  -0.34212E+01  -0.73129E+00  -0.69359E+00   0.40150E+01   0.35143E+03
  259     8.3319  13.2343  -0.34449E+01  -0.73730E+00  -0.69960E+00   0.40147E+01   0.33859E+03
  260     8.4130  13.2424  -0.34686E+01  -0.74334E+00  -0.70563E+00   0.40145E+01   0.32613E+03
  261     8.4948  13.2503  -0.34924E+01  -0.74941E+00  -0.71171E+00   0.40142E+01   0.31403E+03
  262     8.5774  13.2582  -0.35164E+01  -0.75552E+00  -0.71782E+00   0.40140E+01   0.30234E+03
  263     8.6606  13.2660  -0.35404E+01  -0.76166E+00  -0.72396E+00   0.40138E+01   0.29099E+03
  264     8.7446  13.2737  -0.35646E+01  -0.76784E+00  -0.73013E+00   0.40136E+01   0.27998E+03
  265     8.8293  13.2813  -0.35888E+01  -0.77405E+00  -0.73634E+00   0.40133E+01   0.26931E+03
  266     8.9148  13.2888  -0.36132E+01  -0.78028E+00  -0.74258E+00   0.40131E+01   0.25906E+03
  267     9.0010  13.2962  -0.36376E+01  -0.78656E+00  -0.74886E+00   0.40129E+01   0.24914E+03
  268     9.0879  13.3035  -0.36622E+01  -0.79287E+00  -0.75517E+00   0.40127E+01   0.23961E+03
  269     9.1756  13.3107  -0.36868E+01  -0.79921E+00  -0.76151E+00   0.40125E+01   0.22994E+03
  270     9.2641  13.3178  -0.37116E+01  -0.80560E+00  -0.76790E+00   0.40123E+01   0.22122E+03
  271     9.3534  13.3248  -0.37365E+01  -0.81202E+00  -0.77431E+00   0.40121E+01   0.21246E+03
  272     9.4434  13.3317  -0.37614E+01  -0.81845E+00  -0.78075E+00   0.40119E+01   0.20408E+03
  273     9.5342  13.3386  -0.37865E+01  -0.82494E+00  -0.78724E+00   0.40117E+01   0.19594E+03
  274     9.6257  13.3453  -0.38117E+01  -0.83145E+00  -0.79375E+00   0.40115E+01   0.18872E+03
  275     9.7181  13.3520  -0.38370E+01  -0.83800E+00  -0.80030E+00   0.40113E+01   0.18056E+03
  276     9.8113  13.3586  -0.38623E+01  -0.84459E+00  -0.80689E+00   0.40112E+01   0.17325E+03
  277     9.9053  13.3651  -0.38878E+01  -0.85121E+00  -0.81351E+00   0.40110E+01   0.16622E+03
  278    10.0001  13.3715  -0.39135E+01  -0.85787E+00  -0.82017E+00   0.40108E+01   0.15941E+03
  279    10.0957  13.3778  -0.39392E+01  -0.86457E+00  -0.82687E+00   0.40106E+01   0.15286E+03
  280    10.1922  13.3841  -0.39650E+01  -0.87130E+00  -0.83360E+00   0.40105E+01   0.14654E+03
  281    10.2895  13.3902  -0.39909E+01  -0.87807E+00  -0.84037E+00   0.40103E+01   0.14042E+03
  282    10.3877  13.3963  -0.40170E+01  -0.88488E+00  -0.84718E+00   0.40101E+01   0.13455E+03
  283    10.4867  13.4023  -0.40431E+01  -0.89172E+00  -0.85402E+00   0.40100E+01   0.12887E+03
  284    10.5865  13.4083  -0.40694E+01  -0.89859E+00  -0.86089E+00   0.40098E+01   0.12342E+03
  285    10.6873  13.4141  -0.40958E+01  -0.90551E+00  -0.86781E+00   0.40097E+01   0.11817E+03
  286    10.7889  13.4199  -0.41223E+01  -0.91247E+00  -0.87476E+00   0.40095E+01   0.11310E+03
  287    10.8914  13.4256  -0.41489E+01  -0.91946E+00  -0.88176E+00   0.40094E+01   0.10825E+03
  288    10.9947  13.4312  -0.41756E+01  -0.92649E+00  -0.88879E+00   0.40092E+01   0.10354E+03
  289    11.0990  13.4368  -0.42024E+01  -0.93355E+00  -0.89585E+00   0.40091E+01   0.99036E+02
  290    11.2042  13.4423  -0.42294E+01  -0.94066E+00  -0.90296E+00   0.40089E+01   0.94692E+02
  291    11.3103  13.4477  -0.42564E+01  -0.94780E+00  -0.91010E+00   0.40088E+01   0.90519E+02
  292    11.4173  13.4530  -0.42836E+01  -0.95499E+00  -0.91728E+00   0.40087E+01   0.86480E+02
  293    11.5253  13.4583  -0.43109E+01  -0.96221E+00  -0.92451E+00   0.40085E+01   0.82649E+02
  294    11.6342  13.4635  -0.43383E+01  -0.96947E+00  -0.93177E+00   0.40084E+01   0.78945E+02
  295    11.7440  13.4687  -0.43658E+01  -0.97677E+00  -0.93907E+00   0.40083E+01   0.75387E+02
  296    11.8548  13.4738  -0.43935E+01  -0.98411E+00  -0.94641E+00   0.40082E+01   0.71976E+02
  297    11.9666  13.4788  -0.44212E+01  -0.99149E+00  -0.95379E+00   0.40080E+01   0.68693E+02
  298    12.0793  13.4837  -0.44491E+01  -0.99891E+00  -0.96121E+00   0.40079E+01   0.65548E+02
  299    12.1930  13.4886  -0.44771E+01  -0.10064E+01  -0.96867E+00   0.40078E+01   0.62527E+02
  300    12.3077  13.4934  -0.45053E+01  -0.10139E+01  -0.97617E+00   0.40077E+01   0.59595E+02
  301    12.4234  13.4982  -0.45335E+01  -0.10214E+01  -0.98371E+00   0.40076E+01   0.56832E+02
  302    12.5401  13.5029  -0.45619E+01  -0.10290E+01  -0.99128E+00   0.40074E+01   0.54166E+02
  303    12.6578  13.5075  -0.45904E+01  -0.10366E+01  -0.99891E+00   0.40073E+01   0.51613E+02
  304    12.7766  13.5121  -0.46190E+01  -0.10443E+01  -0.10066E+01   0.40072E+01   0.49165E+02
  305    12.8963  13.5166  -0.46478E+01  -0.10520E+01  -0.10143E+01   0.40071E+01   0.46822E+02
  306    13.0172  13.5211  -0.46767E+01  -0.10597E+01  -0.10220E+01   0.40070E+01   0.44580E+02
  307    13.1390  13.5255  -0.47057E+01  -0.10675E+01  -0.10298E+01   0.40069E+01   0.42419E+02
  308    13.2619  13.5298  -0.47348E+01  -0.10753E+01  -0.10376E+01   0.40068E+01   0.40356E+02
  309    13.3859  13.5341  -0.47640E+01  -0.10832E+01  -0.10455E+01   0.40067E+01   0.38403E+02
  310    13.5110  13.5383  -0.47934E+01  -0.10911E+01  -0.10534E+01   0.40066E+01   0.36517E+02
  311    13.6372  13.5425  -0.48229E+01  -0.10991E+01  -0.10614E+01   0.40065E+01   0.34715E+02
  312    13.7644  13.5466  -0.48526E+01  -0.11071E+01  -0.10694E+01   0.40064E+01   0.32995E+02
  313    13.8928  13.5507  -0.48823E+01  -0.11151E+01  -0.10774E+01   0.40063E+01   0.31346E+02
  314    14.0223  13.5547  -0.49122E+01  -0.11232E+01  -0.10855E+01   0.40062E+01   0.29766E+02
  315    14.1529  13.5587  -0.49423E+01  -0.11314E+01  -0.10937E+01   0.40061E+01   0.28265E+02
  316    14.2846  13.5626  -0.49724E+01  -0.11395E+01  -0.11018E+01   0.40061E+01   0.26838E+02
  317    14.4175  13.5665  -0.50027E+01  -0.11478E+01  -0.11101E+01   0.40060E+01   0.25464E+02
  318    14.5515  13.5703  -0.50332E+01  -0.11560E+01  -0.11183E+01   0.40059E+01   0.24156E+02
  319    14.6867  13.5741  -0.50637E+01  -0.11643E+01  -0.11266E+01   0.40058E+01   0.22915E+02
  320    14.8231  13.5778  -0.50944E+01  -0.11727E+01  -0.11350E+01   0.40057E+01   0.21723E+02
  321    14.9607  13.5815  -0.51253E+01  -0.11811E+01  -0.11434E+01   0.40056E+01   0.20585E+02
  322    15.0994  13.5851  -0.51562E+01  -0.11895E+01  -0.11518E+01   0.40056E+01   0.19509E+02
  323    15.2394  13.5887  -0.51873E+01  -0.11980E+01  -0.11603E+01   0.40055E+01   0.18477E+02
  324    15.3806  13.5922  -0.52186E+01  -0.12066E+01  -0.11689E+01   0.40054E+01   0.17497E+02
  325    15.5230  13.5957  -0.52500E+01  -0.12152E+01  -0.11775E+01   0.40053E+01   0.16563E+02
  326    15.6666  13.5991  -0.52815E+01  -0.12238E+01  -0.11861E+01   0.40052E+01   0.15669E+02
  327    15.8115  13.6025  -0.53132E+01  -0.12325E+01  -0.11948E+01   0.40052E+01   0.14828E+02
  328    15.9577  13.6059  -0.53450E+01  -0.12412E+01  -0.12035E+01   0.40051E+01   0.14025E+02
  329    16.1051  13.6092  -0.53770E+01  -0.12500E+01  -0.12123E+01   0.40050E+01   0.13257E+02
  330    16.2538  13.6124  -0.54091E+01  -0.12588E+01  -0.12211E+01   0.40050E+01   0.12531E+02
  331    16.4038  13.6157  -0.54413E+01  -0.12677E+01  -0.12300E+01   0.40049E+01   0.11837E+02
  332    16.5551  13.6188  -0.54737E+01  -0.12766E+01  -0.12389E+01   0.40048E+01   0.11183E+02
  333    16.7078  13.6220  -0.55062E+01  -0.12855E+01  -0.12478E+01   0.40048E+01   0.10558E+02
  334    16.8617  13.6251  -0.55389E+01  -0.12946E+01  -0.12569E+01   0.40047E+01   0.99629E+01
  335    17.0170  13.6281  -0.55718E+01  -0.13036E+01  -0.12659E+01   0.40046E+01   0.94037E+01
  336    17.1736  13.6312  -0.56048E+01  -0.13128E+01  -0.12750E+01   0.40046E+01   0.88654E+01
  337    17.3316  13.6342  -0.56379E+01  -0.13219E+01  -0.12842E+01   0.40045E+01   0.83601E+01
  338    17.4910  13.6371  -0.56711E+01  -0.13311E+01  -0.12934E+01   0.40044E+01   0.78814E+01
  339    17.6518  13.6400  -0.57046E+01  -0.13404E+01  -0.13027E+01   0.40044E+01   0.74287E+01
  340    17.8139  13.6429  -0.57382E+01  -0.13497E+01  -0.13120E+01   0.40043E+01   0.69966E+01
  341    17.9775  13.6457  -0.57719E+01  -0.13591E+01  -0.13214E+01   0.40043E+01   0.65859E+01
  342    18.1425  13.6485  -0.58058E+01  -0.13685E+01  -0.13308E+01   0.40042E+01   0.62009E+01
  343    18.3089  13.6513  -0.58398E+01  -0.13780E+01  -0.13403E+01   0.40041E+01   0.58327E+01
  344    18.4768  13.6540  -0.58740E+01  -0.13875E+01  -0.13498E+01   0.40041E+01   0.54872E+01
  345    18.6461  13.6567  -0.59084E+01  -0.13971E+01  -0.13594E+01   0.40040E+01   0.51616E+01
  346    18.8169  13.6593  -0.59429E+01  -0.14067E+01  -0.13690E+01   0.40040E+01   0.48486E+01
  347    18.9892  13.6619  -0.59776E+01  -0.14164E+01  -0.13787E+01   0.40039E+01   0.45574E+01
  348    19.1630  13.6645  -0.60123E+01  -0.14261E+01  -0.13884E+01   0.40039E+01   0.42814E+01
  349    19.3383  13.6671  -0.60474E+01  -0.14359E+01  -0.13982E+01   0.40038E+01   0.40190E+01
  350    19.5151  13.6696  -0.60826E+01  -0.14457E+01  -0.14080E+01   0.40038E+01   0.37736E+01
  351    19.6934  13.6721  -0.61179E+01  -0.14556E+01  -0.14179E+01   0.40037E+01   0.35397E+01
  352    19.8734  13.6745  -0.61533E+01  -0.14656E+01  -0.14279E+01   0.40037E+01   0.33193E+01
  353    20.0548  13.6770  -0.61890E+01  -0.14756E+01  -0.14379E+01   0.40036E+01   0.31135E+01
  354    20.2379  13.6794  -0.62248E+01  -0.14856E+01  -0.14479E+01   0.40036E+01   0.29174E+01
  355    20.4225  13.6817  -0.62608E+01  -0.14957E+01  -0.14580E+01   0.40035E+01   0.27330E+01
  356    20.6088  13.6840  -0.62969E+01  -0.15059E+01  -0.14682E+01   0.40035E+01   0.25605E+01
  357    20.7966  13.6863  -0.63332E+01  -0.15161E+01  -0.14784E+01   0.40034E+01   0.23956E+01
  358    20.9861  13.6886  -0.63697E+01  -0.15264E+01  -0.14887E+01   0.40034E+01   0.22418E+01
  359    21.1773  13.6909  -0.64063E+01  -0.15367E+01  -0.14990E+01   0.40034E+01   0.20973E+01
  360    21.3701  13.6931  -0.64432E+01  -0.15471E+01  -0.15094E+01   0.40033E+01   0.19608E+01
  361    21.5646  13.6953  -0.64802E+01  -0.15576E+01  -0.15199E+01   0.40033E+01   0.18326E+01
  362    21.7607  13.6974  -0.65173E+01  -0.15681E+01  -0.15304E+01   0.40032E+01   0.17125E+01
  363    21.9586  13.6995  -0.65546E+01  -0.15786E+01  -0.15409E+01   0.40032E+01   0.15994E+01
  364    22.1582  13.7016  -0.65922E+01  -0.15893E+01  -0.15516E+01   0.40032E+01   0.14926E+01
  365    22.3596  13.7037  -0.66299E+01  -0.16000E+01  -0.15623E+01   0.40031E+01   0.13940E+01
  366    22.5626  13.7058  -0.66678E+01  -0.16107E+01  -0.15730E+01   0.40031E+01   0.12999E+01
  367    22.7675  13.7078  -0.67058E+01  -0.16215E+01  -0.15838E+01   0.40000E+01   0.12113E+01
  368    22.9741  13.7098  -0.67440E+01  -0.16324E+01  -0.15947E+01   0.40000E+01   0.11310E+01
  369    23.1825  13.7117  -0.67823E+01  -0.16433E+01  -0.16056E+01   0.40000E+01   0.10529E+01
  370    23.3928  13.7137  -0.68210E+01  -0.16543E+01  -0.16166E+01   0.40000E+01   0.98022E+00
  371    23.6049  13.7156  -0.68597E+01  -0.16653E+01  -0.16276E+01   0.40000E+01   0.91149E+00
  372    23.8188  13.7175  -0.68986E+01  -0.16764E+01  -0.16387E+01   0.40000E+01   0.84951E+00
  373    24.0345  13.7194  -0.69378E+01  -0.16876E+01  -0.16499E+01   0.40000E+01   0.78929E+00
  374    24.2522  13.7212  -0.69771E+01  -0.16988E+01  -0.16611E+01   0.40000E+01   0.73527E+00
  375    24.4717  13.7230  -0.70166E+01  -0.17101E+01  -0.16724E+01   0.40000E+01   0.68276E+00
  376    24.6932  13.7248  -0.70562E+01  -0.17215E+01  -0.16838E+01   0.40000E+01   0.63414E+00
  377    24.9166  13.7266  -0.70961E+01  -0.17329E+01  -0.16952E+01   0.40000E+01   0.58839E+00
  378    25.1419  13.7284  -0.71361E+01  -0.17443E+01  -0.17066E+01   0.40000E+01   0.54667E+00
  379    25.3691  13.7301  -0.71765E+01  -0.17559E+01  -0.17182E+01   0.40000E+01   0.50716E+00
  380    25.5984  13.7318  -0.72169E+01  -0.17675E+01  -0.17298E+01   0.40000E+01   0.47009E+00
  381    25.8296  13.7335  -0.72575E+01  -0.17791E+01  -0.17414E+01   0.40000E+01   0.43575E+00
  382    26.0629  13.7351  -0.72983E+01  -0.17909E+01  -0.17532E+01   0.40000E+01   0.40385E+00
  383    26.2982  13.7368  -0.73393E+01  -0.18027E+01  -0.17650E+01   0.40000E+01   0.37395E+00
  384    26.5355  13.7384  -0.73805E+01  -0.18145E+01  -0.17768E+01   0.40000E+01   0.34631E+00
  385    26.7749  13.7400  -0.74219E+01  -0.18264E+01  -0.17887E+01   0.40000E+01   0.32014E+00
  386    27.0164  13.7416  -0.74635E+01  -0.18384E+01  -0.18007E+01   0.40000E+01   0.29623E+00
  387    27.2599  13.7431  -0.75053E+01  -0.18505E+01  -0.18128E+01   0.40000E+01   0.27385E+00
  388    27.5056  13.7447  -0.75473E+01  -0.18626E+01  -0.18249E+01   0.40000E+01   0.25305E+00
  389    27.7534  13.7462  -0.75895E+01  -0.18748E+01  -0.18371E+01   0.40000E+01   0.23373E+00
  390    28.0034  13.7477  -0.76318E+01  -0.18870E+01  -0.18493E+01   0.40000E+01   0.21582E+00
  391    28.2556  13.7492  -0.76744E+01  -0.18993E+01  -0.18616E+01   0.40000E+01   0.19915E+00
  392    28.5099  13.7506  -0.77173E+01  -0.19117E+01  -0.18740E+01   0.40000E+01   0.18352E+00
  393    28.7665  13.7521  -0.77602E+01  -0.19242E+01  -0.18865E+01   0.40000E+01   0.16933E+00
  394    29.0253  13.7535  -0.78034E+01  -0.19367E+01  -0.18990E+01   0.40000E+01   0.15601E+00
  395    29.2863  13.7549  -0.78468E+01  -0.19493E+01  -0.19116E+01   0.40000E+01   0.14369E+00
  396    29.5496  13.7563  -0.78903E+01  -0.19619E+01  -0.19242E+01   0.40000E+01   0.13229E+00
  397    29.8152  13.7577  -0.79342E+01  -0.19746E+01  -0.19369E+01   0.40000E+01   0.12168E+00
  398    30.0831  13.7590  -0.79781E+01  -0.19874E+01  -0.19497E+01   0.40000E+01   0.11196E+00
  399    30.3534  13.7604  -0.80224E+01  -0.20003E+01  -0.19626E+01   0.40000E+01   0.10293E+00
  400    30.6259  13.7617  -0.80667E+01  -0.20132E+01  -0.19755E+01   0.40000E+01   0.94586E-01
