    1     0.0001   0.0014  -0.25955E-04  -0.98367E-06   0.38620E-01   0.60472E+01   0.55501E+04
    2     0.0088   0.1221  -0.30264E-02  -0.30002E-03   0.38321E-01   0.60181E+01   0.74807E+04
    3     0.0176   0.2423  -0.63252E-02  -0.67501E-03   0.37946E-01   0.59901E+01   0.78710E+04
    4     0.0264   0.3621  -0.97769E-02  -0.10843E-02   0.37536E-01   0.59627E+01   0.81354E+04
    5     0.0353   0.4814  -0.13346E-01  -0.15179E-02   0.37103E-01   0.59356E+01   0.83637E+04
    6     0.0443   0.6003  -0.17024E-01  -0.19731E-02   0.36648E-01   0.59090E+01   0.85586E+04
    7     0.0534   0.7188  -0.20794E-01  -0.24457E-02   0.36175E-01   0.58826E+01   0.87278E+04
    8     0.0626   0.8368  -0.24654E-01  -0.29351E-02   0.35686E-01   0.58565E+01   0.88844E+04
    9     0.0718   0.9543  -0.28598E-01  -0.34394E-02   0.35181E-01   0.58307E+01   0.90344E+04
   10     0.0811   1.0713  -0.32623E-01  -0.39579E-02   0.34663E-01   0.58052E+01   0.91733E+04
   11     0.0905   1.1879  -0.36729E-01  -0.44906E-02   0.34130E-01   0.57798E+01   0.93071E+04
   12     0.1000   1.3039  -0.40921E-01  -0.50394E-02   0.33581E-01   0.57548E+01   0.94337E+04
   13     0.1096   1.4195  -0.45179E-01  -0.55986E-02   0.33022E-01   0.57299E+01   0.95554E+04
   14     0.1192   1.5346  -0.49514E-01  -0.61707E-02   0.32450E-01   0.57052E+01   0.96740E+04
   15     0.1290   1.6491  -0.53925E-01  -0.67565E-02   0.31864E-01   0.56808E+01   0.97858E+04
   16     0.1388   1.7632  -0.58412E-01  -0.73556E-02   0.31265E-01   0.56566E+01   0.98980E+04
   17     0.1487   1.8767  -0.62974E-01  -0.79674E-02   0.30653E-01   0.56326E+01   0.10003E+05
   18     0.1587   1.9897  -0.67610E-01  -0.85922E-02   0.30028E-01   0.56088E+01   0.10109E+05
   19     0.1687   2.1021  -0.72321E-01  -0.92306E-02   0.29390E-01   0.55852E+01   0.10211E+05
   20     0.1789   2.2140  -0.77106E-01  -0.98819E-02   0.28739E-01   0.55618E+01   0.10308E+05
   21     0.1891   2.3254  -0.81966E-01  -0.10547E-01   0.28074E-01   0.55387E+01   0.10406E+05
   22     0.1995   2.4362  -0.86900E-01  -0.11225E-01   0.27396E-01   0.55157E+01   0.10499E+05
   23     0.2099   2.5465  -0.91908E-01  -0.11916E-01   0.26704E-01   0.54929E+01   0.10590E+05
   24     0.2204   2.6562  -0.96991E-01  -0.12621E-01   0.25999E-01   0.54704E+01   0.10679E+05
   25     0.2310   2.7653  -0.10215E+00  -0.13340E-01   0.25280E-01   0.54480E+01   0.10767E+05
   26     0.2417   2.8738  -0.10738E+00  -0.14073E-01   0.24548E-01   0.54259E+01   0.10853E+05
   27     0.2525   2.9818  -0.11269E+00  -0.14819E-01   0.23801E-01   0.54040E+01   0.10934E+05
   28     0.2634   3.0892  -0.11807E+00  -0.15580E-01   0.23041E-01   0.53822E+01   0.11015E+05
   29     0.2744   3.1959  -0.12353E+00  -0.16354E-01   0.22266E-01   0.53607E+01   0.11094E+05
   30     0.2855   3.3021  -0.12906E+00  -0.17143E-01   0.21478E-01   0.53394E+01   0.11170E+05
   31     0.2967   3.4077  -0.13467E+00  -0.17946E-01   0.20674E-01   0.53182E+01   0.11244E+05
   32     0.3079   3.5127  -0.14035E+00  -0.18764E-01   0.19856E-01   0.52973E+01   0.11316E+05
   33     0.3193   3.6170  -0.14608E+00  -0.19588E-01   0.19033E-01   0.52765E+01   0.11387E+05
   34     0.3308   3.7207  -0.15191E+00  -0.20435E-01   0.18185E-01   0.52560E+01   0.11454E+05
   35     0.3423   3.8238  -0.15783E+00  -0.21298E-01   0.17323E-01   0.52357E+01   0.11517E+05
   36     0.3540   3.9263  -0.16382E+00  -0.22176E-01   0.16445E-01   0.52156E+01   0.11581E+05
   37     0.3658   4.0281  -0.16988E+00  -0.23069E-01   0.15551E-01   0.51957E+01   0.11639E+05
   38     0.3777   4.1293  -0.17603E+00  -0.23979E-01   0.14642E-01   0.51761E+01   0.11695E+05
   39     0.3896   4.2299  -0.18225E+00  -0.24904E-01   0.13717E-01   0.51566E+01   0.11750E+05
   40     0.4017   4.3298  -0.18855E+00  -0.25844E-01   0.12776E-01   0.51373E+01   0.11803E+05
   41     0.4139   4.4291  -0.19493E+00  -0.26801E-01   0.11820E-01   0.51183E+01   0.11853E+05
   42     0.4262   4.5276  -0.20138E+00  -0.27774E-01   0.10847E-01   0.50994E+01   0.11902E+05
   43     0.4386   4.6256  -0.20791E+00  -0.28762E-01   0.98584E-02   0.50808E+01   0.11946E+05
   44     0.4511   4.7229  -0.21452E+00  -0.29767E-01   0.88537E-02   0.50624E+01   0.11989E+05
   45     0.4637   4.8195  -0.22121E+00  -0.30788E-01   0.78327E-02   0.50442E+01   0.12030E+05
   46     0.4764   4.9154  -0.22798E+00  -0.31827E-01   0.67937E-02   0.50262E+01   0.12068E+05
   47     0.4893   5.0106  -0.23482E+00  -0.32880E-01   0.57407E-02   0.50084E+01   0.12103E+05
   48     0.5022   5.1052  -0.24172E+00  -0.33944E-01   0.46768E-02   0.49908E+01   0.12136E+05
   49     0.5153   5.1991  -0.24870E+00  -0.35025E-01   0.35961E-02   0.49733E+01   0.12166E+05
   50     0.5285   5.2923  -0.25578E+00  -0.36127E-01   0.24941E-02   0.49562E+01   0.12194E+05
   51     0.5417   5.3849  -0.26293E+00  -0.37246E-01   0.13747E-02   0.49392E+01   0.12218E+05
   52     0.5552   5.4767  -0.27016E+00  -0.38381E-01   0.23953E-03   0.49225E+01   0.12240E+05
   53     0.5687   5.5679  -0.27746E+00  -0.39534E-01  -0.91321E-03   0.49059E+01   0.12260E+05
   54     0.5823   5.6583  -0.28485E+00  -0.40704E-01  -0.20830E-02   0.48896E+01   0.12276E+05
   55     0.5961   5.7481  -0.29231E+00  -0.41891E-01  -0.32701E-02   0.48735E+01   0.12289E+05
   56     0.6099   5.8371  -0.29985E+00  -0.43095E-01  -0.44742E-02   0.48576E+01   0.12303E+05
   57     0.6239   5.9255  -0.30748E+00  -0.44317E-01  -0.56960E-02   0.48418E+01   0.12322E+05
   58     0.6381   6.0132  -0.31517E+00  -0.45556E-01  -0.69350E-02   0.48263E+01   0.12334E+05
   59     0.6523   6.1001  -0.32295E+00  -0.46812E-01  -0.81914E-02   0.48110E+01   0.12332E+05
   60     0.6667   6.1864  -0.33081E+00  -0.48086E-01  -0.94652E-02   0.47959E+01   0.12331E+05
   61     0.6812   6.2719  -0.33874E+00  -0.49377E-01  -0.10756E-01   0.47810E+01   0.12334E+05
   62     0.6958   6.3568  -0.34675E+00  -0.50685E-01  -0.12065E-01   0.47663E+01   0.12331E+05
   63     0.7105   6.4409  -0.35484E+00  -0.52013E-01  -0.13392E-01   0.47518E+01   0.12328E+05
   64     0.7254   6.5244  -0.36300E+00  -0.53355E-01  -0.14734E-01   0.47375E+01   0.12320E+05
   65     0.7404   6.6071  -0.37124E+00  -0.54717E-01  -0.16096E-01   0.47235E+01   0.12312E+05
   66     0.7555   6.6891  -0.37965E+00  -0.56124E-01  -0.17503E-01   0.47098E+01   0.12297E+05
   67     0.7708   6.7704  -0.38807E+00  -0.57528E-01  -0.18908E-01   0.46961E+01   0.12283E+05
   68     0.7862   6.8511  -0.39647E+00  -0.58918E-01  -0.20298E-01   0.46825E+01   0.12269E+05
   69     0.8017   6.9310  -0.40503E+00  -0.60353E-01  -0.21733E-01   0.46692E+01   0.12250E+05
   70     0.8174   7.0102  -0.41369E+00  -0.61813E-01  -0.23192E-01   0.46562E+01   0.12229E+05
   71     0.8332   7.0886  -0.42241E+00  -0.63285E-01  -0.24665E-01   0.46434E+01   0.12206E+05
   72     0.8491   7.1664  -0.43121E+00  -0.64779E-01  -0.26158E-01   0.46307E+01   0.12180E+05
   73     0.8652   7.2435  -0.44009E+00  -0.66290E-01  -0.27670E-01   0.46183E+01   0.12144E+05
   74     0.8814   7.3199  -0.44905E+00  -0.67821E-01  -0.29200E-01   0.46061E+01   0.12112E+05
   75     0.8977   7.3956  -0.45809E+00  -0.69369E-01  -0.30748E-01   0.45940E+01   0.12087E+05
   76     0.9142   7.4705  -0.46721E+00  -0.70936E-01  -0.32316E-01   0.45822E+01   0.12050E+05
   77     0.9309   7.5448  -0.47640E+00  -0.72522E-01  -0.33901E-01   0.45705E+01   0.12012E+05
   78     0.9477   7.6184  -0.48567E+00  -0.74126E-01  -0.35506E-01   0.45591E+01   0.11972E+05
   79     0.9646   7.6913  -0.49502E+00  -0.75749E-01  -0.37129E-01   0.45478E+01   0.11929E+05
   80     0.9817   7.7635  -0.50445E+00  -0.77391E-01  -0.38771E-01   0.45367E+01   0.11884E+05
   81     0.9989   7.8350  -0.51395E+00  -0.79053E-01  -0.40432E-01   0.45258E+01   0.11838E+05
   82     1.0163   7.9058  -0.52353E+00  -0.80733E-01  -0.42112E-01   0.45151E+01   0.11790E+05
   83     1.0338   7.9759  -0.53320E+00  -0.82432E-01  -0.43812E-01   0.45045E+01   0.11739E+05
   84     1.0515   8.0453  -0.54293E+00  -0.84151E-01  -0.45530E-01   0.44942E+01   0.11686E+05
   85     1.0693   8.1141  -0.55275E+00  -0.85889E-01  -0.47269E-01   0.44840E+01   0.11632E+05
   86     1.0873   8.1821  -0.56265E+00  -0.87648E-01  -0.49027E-01   0.44740E+01   0.11576E+05
   87     1.1055   8.2495  -0.57262E+00  -0.89425E-01  -0.50804E-01   0.44642E+01   0.11519E+05
   88     1.1238   8.3162  -0.58267E+00  -0.91222E-01  -0.52601E-01   0.44546E+01   0.11458E+05
   89     1.1423   8.3823  -0.59279E+00  -0.93038E-01  -0.54417E-01   0.44452E+01   0.11396E+05
   90     1.1609   8.4477  -0.60300E+00  -0.94874E-01  -0.56253E-01   0.44359E+01   0.11333E+05
   91     1.1797   8.5124  -0.61328E+00  -0.96730E-01  -0.58110E-01   0.44268E+01   0.11266E+05
   92     1.1986   8.5764  -0.62365E+00  -0.98607E-01  -0.59986E-01   0.44179E+01   0.11198E+05
   93     1.2177   8.6398  -0.63409E+00  -0.10050E+00  -0.61883E-01   0.44091E+01   0.11127E+05
   94     1.2370   8.7025  -0.64461E+00  -0.10242E+00  -0.63800E-01   0.44005E+01   0.11055E+05
   95     1.2565   8.7646  -0.65520E+00  -0.10436E+00  -0.65736E-01   0.43921E+01   0.10982E+05
   96     1.2761   8.8260  -0.66587E+00  -0.10631E+00  -0.67690E-01   0.43838E+01   0.10907E+05
   97     1.2959   8.8868  -0.67661E+00  -0.10828E+00  -0.69663E-01   0.43757E+01   0.10831E+05
   98     1.3158   8.9469  -0.68742E+00  -0.11028E+00  -0.71656E-01   0.43677E+01   0.10753E+05
   99     1.3360   9.0065  -0.69831E+00  -0.11229E+00  -0.73667E-01   0.43599E+01   0.10675E+05
  100     1.3563   9.0653  -0.70927E+00  -0.11432E+00  -0.75698E-01   0.43523E+01   0.10594E+05
  101     1.3767   9.1236  -0.72031E+00  -0.11637E+00  -0.77749E-01   0.43448E+01   0.10513E+05
  102     1.3974   9.1812  -0.73142E+00  -0.11844E+00  -0.79820E-01   0.43374E+01   0.10431E+05
  103     1.4183   9.2382  -0.74262E+00  -0.12053E+00  -0.81913E-01   0.43302E+01   0.10348E+05
  104     1.4393   9.2945  -0.75389E+00  -0.12265E+00  -0.84027E-01   0.43232E+01   0.10263E+05
  105     1.4605   9.3503  -0.76524E+00  -0.12478E+00  -0.86163E-01   0.43163E+01   0.10177E+05
  106     1.4819   9.4054  -0.77667E+00  -0.12694E+00  -0.88320E-01   0.43095E+01   0.10090E+05
  107     1.5035   9.4600  -0.78818E+00  -0.12912E+00  -0.90497E-01   0.43029E+01   0.10002E+05
  108     1.5252   9.5139  -0.79976E+00  -0.13132E+00  -0.92695E-01   0.42964E+01   0.99119E+04
  109     1.5472   9.5673  -0.81141E+00  -0.13353E+00  -0.94913E-01   0.42900E+01   0.98204E+04
  110     1.5693   9.6200  -0.82314E+00  -0.13577E+00  -0.97150E-01   0.42838E+01   0.97275E+04
  111     1.5917   9.6722  -0.83494E+00  -0.13803E+00  -0.99408E-01   0.42777E+01   0.96335E+04
  112     1.6142   9.7238  -0.84682E+00  -0.14031E+00  -0.10168E+00   0.42717E+01   0.95387E+04
  113     1.6369   9.7748  -0.85876E+00  -0.14260E+00  -0.10398E+00   0.42658E+01   0.94438E+04
  114     1.6598   9.8252  -0.87078E+00  -0.14492E+00  -0.10630E+00   0.42601E+01   0.93481E+04
  115     1.6830   9.8751  -0.88287E+00  -0.14726E+00  -0.10863E+00   0.42545E+01   0.92519E+04
  116     1.7063   9.9244  -0.89503E+00  -0.14961E+00  -0.11099E+00   0.42490E+01   0.91558E+04
  117     1.7298   9.9731  -0.90726E+00  -0.15199E+00  -0.11337E+00   0.42437E+01   0.90592E+04
  118     1.7536  10.0213  -0.91957E+00  -0.15439E+00  -0.11577E+00   0.42384E+01   0.89620E+04
  119     1.7775  10.0689  -0.93196E+00  -0.15681E+00  -0.11819E+00   0.42333E+01   0.88644E+04
  120     1.8016  10.1160  -0.94442E+00  -0.15925E+00  -0.12063E+00   0.42282E+01   0.87663E+04
  121     1.8260  10.1626  -0.95697E+00  -0.16171E+00  -0.12309E+00   0.42233E+01   0.86680E+04
  122     1.8506  10.2086  -0.96958E+00  -0.16420E+00  -0.12558E+00   0.42185E+01   0.85691E+04
  123     1.8753  10.2541  -0.98228E+00  -0.16671E+00  -0.12808E+00   0.42138E+01   0.84700E+04
  124     1.9003  10.2990  -0.99504E+00  -0.16923E+00  -0.13061E+00   0.42092E+01   0.83696E+04
  125     1.9256  10.3434  -0.10079E+01  -0.17178E+00  -0.13316E+00   0.42047E+01   0.82689E+04
  126     1.9510  10.3873  -0.10208E+01  -0.17435E+00  -0.13573E+00   0.42003E+01   0.81671E+04
  127     1.9766  10.4307  -0.10338E+01  -0.17694E+00  -0.13832E+00   0.41960E+01   0.80655E+04
  128     2.0025  10.4736  -0.10468E+01  -0.17955E+00  -0.14093E+00   0.41918E+01   0.79634E+04
  129     2.0286  10.5160  -0.10600E+01  -0.18219E+00  -0.14357E+00   0.41876E+01   0.78612E+04
  130     2.0550  10.5579  -0.10732E+01  -0.18484E+00  -0.14622E+00   0.41836E+01   0.77597E+04
  131     2.0815  10.5993  -0.10864E+01  -0.18751E+00  -0.14889E+00   0.41797E+01   0.76578E+04
  132     2.1083  10.6402  -0.10998E+01  -0.19021E+00  -0.15159E+00   0.41758E+01   0.75553E+04
  133     2.1353  10.6806  -0.11132E+01  -0.19292E+00  -0.15430E+00   0.41720E+01   0.74520E+04
  134     2.1626  10.7205  -0.11267E+01  -0.19566E+00  -0.15704E+00   0.41683E+01   0.73507E+04
  135     2.1901  10.7600  -0.11402E+01  -0.19842E+00  -0.15980E+00   0.41647E+01   0.72501E+04
  136     2.2178  10.7990  -0.11539E+01  -0.20120E+00  -0.16258E+00   0.41612E+01   0.71499E+04
  137     2.2458  10.8375  -0.11676E+01  -0.20400E+00  -0.16538E+00   0.41578E+01   0.70498E+04
  138     2.2740  10.8756  -0.11813E+01  -0.20681E+00  -0.16819E+00   0.41544E+01   0.69503E+04
  139     2.3025  10.9132  -0.11952E+01  -0.20966E+00  -0.17104E+00   0.41511E+01   0.68496E+04
  140     2.3312  10.9504  -0.12091E+01  -0.21253E+00  -0.17391E+00   0.41479E+01   0.67497E+04
  141     2.3602  10.9871  -0.12231E+01  -0.21542E+00  -0.17680E+00   0.41447E+01   0.66492E+04
  142     2.3894  11.0234  -0.12372E+01  -0.21834E+00  -0.17972E+00   0.41417E+01   0.65513E+04
  143     2.4188  11.0592  -0.12513E+01  -0.22127E+00  -0.18265E+00   0.41386E+01   0.64521E+04
  144     2.4486  11.0946  -0.12656E+01  -0.22423E+00  -0.18561E+00   0.41357E+01   0.63526E+04
  145     2.4785  11.1296  -0.12799E+01  -0.22721E+00  -0.18859E+00   0.41328E+01   0.62533E+04
  146     2.5088  11.1641  -0.12942E+01  -0.23021E+00  -0.19159E+00   0.41300E+01   0.61547E+04
  147     2.5393  11.1982  -0.13086E+01  -0.23323E+00  -0.19461E+00   0.41273E+01   0.60570E+04
  148     2.5701  11.2320  -0.13232E+01  -0.23627E+00  -0.19765E+00   0.41246E+01   0.59600E+04
  149     2.6011  11.2653  -0.13377E+01  -0.23933E+00  -0.20071E+00   0.41220E+01   0.58635E+04
  150     2.6324  11.2982  -0.13524E+01  -0.24242E+00  -0.20380E+00   0.41194E+01   0.57679E+04
  151     2.6640  11.3306  -0.13671E+01  -0.24553E+00  -0.20691E+00   0.41169E+01   0.56727E+04
  152     2.6958  11.3627  -0.13819E+01  -0.24866E+00  -0.21004E+00   0.41144E+01   0.55781E+04
  153     2.7280  11.3944  -0.13968E+01  -0.25182E+00  -0.21320E+00   0.41120E+01   0.54839E+04
  154     2.7604  11.4258  -0.14117E+01  -0.25499E+00  -0.21637E+00   0.41097E+01   0.53906E+04
  155     2.7931  11.4567  -0.14267E+01  -0.25819E+00  -0.21957E+00   0.41074E+01   0.52977E+04
  156     2.8260  11.4872  -0.14418E+01  -0.26142E+00  -0.22280E+00   0.41052E+01   0.52056E+04
  157     2.8593  11.5174  -0.14570E+01  -0.26466E+00  -0.22604E+00   0.41030E+01   0.51138E+04
  158     2.8929  11.5472  -0.14722E+01  -0.26793E+00  -0.22931E+00   0.41008E+01   0.50229E+04
  159     2.9267  11.5766  -0.14875E+01  -0.27122E+00  -0.23260E+00   0.40988E+01   0.49333E+04
  160     2.9608  11.6057  -0.15029E+01  -0.27453E+00  -0.23591E+00   0.40967E+01   0.48441E+04
  161     2.9953  11.6344  -0.15183E+01  -0.27786E+00  -0.23924E+00   0.40947E+01   0.47562E+04
  162     3.0300  11.6628  -0.15339E+01  -0.28122E+00  -0.24260E+00   0.40928E+01   0.46691E+04
  163     3.0651  11.6908  -0.15495E+01  -0.28460E+00  -0.24598E+00   0.40908E+01   0.45825E+04
  164     3.1004  11.7184  -0.15651E+01  -0.28800E+00  -0.24938E+00   0.40890E+01   0.44966E+04
  165     3.1360  11.7458  -0.15809E+01  -0.29143E+00  -0.25281E+00   0.40871E+01   0.44115E+04
  166     3.1720  11.7727  -0.15967E+01  -0.29488E+00  -0.25626E+00   0.40854E+01   0.43272E+04
  167     3.2083  11.7994  -0.16126E+01  -0.29836E+00  -0.25974E+00   0.40836E+01   0.42435E+04
  168     3.2449  11.8257  -0.16286E+01  -0.30185E+00  -0.26323E+00   0.40819E+01   0.41610E+04
  169     3.2818  11.8517  -0.16446E+01  -0.30537E+00  -0.26675E+00   0.40802E+01   0.40792E+04
  170     3.3190  11.8773  -0.16607E+01  -0.30891E+00  -0.27029E+00   0.40786E+01   0.39984E+04
  171     3.3565  11.9026  -0.16769E+01  -0.31247E+00  -0.27385E+00   0.40770E+01   0.39188E+04
  172     3.3944  11.9277  -0.16931E+01  -0.31606E+00  -0.27744E+00   0.40755E+01   0.38402E+04
  173     3.4326  11.9524  -0.17095E+01  -0.31967E+00  -0.28105E+00   0.40739E+01   0.37627E+04
  174     3.4712  11.9768  -0.17259E+01  -0.32331E+00  -0.28469E+00   0.40724E+01   0.36860E+04
  175     3.5100  12.0009  -0.17424E+01  -0.32697E+00  -0.28835E+00   0.40710E+01   0.36103E+04
  176     3.5492  12.0246  -0.17589E+01  -0.33066E+00  -0.29204E+00   0.40696E+01   0.35354E+04
  177     3.5888  12.0481  -0.17756E+01  -0.33437E+00  -0.29575E+00   0.40682E+01   0.34611E+04
  178     3.6287  12.0713  -0.17923E+01  -0.33810E+00  -0.29948E+00   0.40668E+01   0.33875E+04
  179     3.6689  12.0942  -0.18091E+01  -0.34185E+00  -0.30323E+00   0.40655E+01   0.33151E+04
  180     3.7095  12.1169  -0.18259E+01  -0.34563E+00  -0.30701E+00   0.40642E+01   0.32437E+04
  181     3.7505  12.1392  -0.18428E+01  -0.34943E+00  -0.31081E+00   0.40629E+01   0.31734E+04
  182     3.7918  12.1612  -0.18598E+01  -0.35326E+00  -0.31464E+00   0.40616E+01   0.31040E+04
  183     3.8334  12.1830  -0.18769E+01  -0.35711E+00  -0.31849E+00   0.40604E+01   0.30357E+04
  184     3.8754  12.2045  -0.18940E+01  -0.36098E+00  -0.32236E+00   0.40592E+01   0.29688E+04
  185     3.9178  12.2257  -0.19113E+01  -0.36488E+00  -0.32626E+00   0.40581E+01   0.29026E+04
  186     3.9606  12.2467  -0.19286E+01  -0.36880E+00  -0.33018E+00   0.40569E+01   0.28376E+04
  187     4.0037  12.2674  -0.19460E+01  -0.37275E+00  -0.33413E+00   0.40558E+01   0.27735E+04
  188     4.0472  12.2878  -0.19634E+01  -0.37673E+00  -0.33811E+00   0.40547E+01   0.27102E+04
  189     4.0911  12.3080  -0.19810E+01  -0.38073E+00  -0.34211E+00   0.40536E+01   0.26476E+04
  190     4.1353  12.3279  -0.19986E+01  -0.38475E+00  -0.34613E+00   0.40526E+01   0.25864E+04
  191     4.1800  12.3476  -0.20163E+01  -0.38880E+00  -0.35018E+00   0.40516E+01   0.25256E+04
  192     4.2250  12.3670  -0.20340E+01  -0.39288E+00  -0.35426E+00   0.40506E+01   0.24657E+04
  193     4.2705  12.3862  -0.20519E+01  -0.39697E+00  -0.35835E+00   0.40496E+01   0.24067E+04
  194     4.3163  12.4051  -0.20698E+01  -0.40110E+00  -0.36247E+00   0.40486E+01   0.23488E+04
  195     4.3625  12.4238  -0.20878E+01  -0.40524E+00  -0.36662E+00   0.40477E+01   0.22923E+04
  196     4.4091  12.4423  -0.21059E+01  -0.40941E+00  -0.37079E+00   0.40468E+01   0.22369E+04
  197     4.4561  12.4605  -0.21240E+01  -0.41360E+00  -0.37498E+00   0.40459E+01   0.21826E+04
  198     4.5036  12.4785  -0.21422E+01  -0.41782E+00  -0.37920E+00   0.40450E+01   0.21293E+04
  199     4.5514  12.4962  -0.21605E+01  -0.42207E+00  -0.38345E+00   0.40441E+01   0.20769E+04
  200     4.5997  12.5138  -0.21789E+01  -0.42634E+00  -0.38772E+00   0.40433E+01   0.20254E+04
  201     4.6484  12.5311  -0.21974E+01  -0.43065E+00  -0.39203E+00   0.40425E+01   0.19745E+04
  202     4.6975  12.5482  -0.22160E+01  -0.43498E+00  -0.39636E+00   0.40417E+01   0.19245E+04
  203     4.7470  12.5650  -0.22346E+01  -0.43934E+00  -0.40072E+00   0.40409E+01   0.18749E+04
  204     4.7970  12.5817  -0.22533E+01  -0.44371E+00  -0.40509E+00   0.40401E+01   0.18265E+04
  205     4.8474  12.5981  -0.22721E+01  -0.44812E+00  -0.40950E+00   0.40393E+01   0.17790E+04
  206     4.8982  12.6144  -0.22909E+01  -0.45254E+00  -0.41392E+00   0.40386E+01   0.17325E+04
  207     4.9495  12.6304  -0.23098E+01  -0.45699E+00  -0.41837E+00   0.40379E+01   0.16872E+04
  208     5.0012  12.6462  -0.23289E+01  -0.46147E+00  -0.42285E+00   0.40372E+01   0.16426E+04
  209     5.0534  12.6619  -0.23480E+01  -0.46598E+00  -0.42736E+00   0.40365E+01   0.15991E+04
  210     5.1060  12.6773  -0.23671E+01  -0.47051E+00  -0.43189E+00   0.40358E+01   0.15567E+04
  211     5.1591  12.6925  -0.23864E+01  -0.47508E+00  -0.43645E+00   0.40351E+01   0.15146E+04
  212     5.2126  12.7076  -0.24058E+01  -0.47966E+00  -0.44104E+00   0.40345E+01   0.14733E+04
  213     5.2667  12.7224  -0.24252E+01  -0.48428E+00  -0.44566E+00   0.40338E+01   0.14332E+04
  214     5.3211  12.7371  -0.24447E+01  -0.48892E+00  -0.45030E+00   0.40332E+01   0.13938E+04
  215     5.3761  12.7515  -0.24643E+01  -0.49358E+00  -0.45496E+00   0.40326E+01   0.13552E+04
  216     5.4315  12.7658  -0.24839E+01  -0.49828E+00  -0.45966E+00   0.40320E+01   0.13176E+04
  217     5.4874  12.7799  -0.25037E+01  -0.50300E+00  -0.46438E+00   0.40314E+01   0.12807E+04
  218     5.5438  12.7938  -0.25235E+01  -0.50775E+00  -0.46913E+00   0.40308E+01   0.12445E+04
  219     5.6007  12.8076  -0.25435E+01  -0.51253E+00  -0.47391E+00   0.40303E+01   0.12092E+04
  220     5.6581  12.8211  -0.25635E+01  -0.51734E+00  -0.47871E+00   0.40297E+01   0.11745E+04
  221     5.7160  12.8345  -0.25836E+01  -0.52217E+00  -0.48355E+00   0.40292E+01   0.11407E+04
  222     5.7744  12.8477  -0.26037E+01  -0.52702E+00  -0.48840E+00   0.40286E+01   0.11076E+04
  223     5.8333  12.8608  -0.26240E+01  -0.53191E+00  -0.49329E+00   0.40281E+01   0.10752E+04
  224     5.8927  12.8737  -0.26443E+01  -0.53683E+00  -0.49820E+00   0.40276E+01   0.10437E+04
  225     5.9526  12.8864  -0.26648E+01  -0.54177E+00  -0.50315E+00   0.40271E+01   0.10130E+04
  226     6.0131  12.8990  -0.26853E+01  -0.54674E+00  -0.50812E+00   0.40266E+01   0.98294E+03
  227     6.0740  12.9114  -0.27059E+01  -0.55174E+00  -0.51312E+00   0.40261E+01   0.95353E+03
  228     6.1355  12.9236  -0.27266E+01  -0.55677E+00  -0.51815E+00   0.40257E+01   0.92483E+03
  229     6.1976  12.9357  -0.27473E+01  -0.56183E+00  -0.52321E+00   0.40252E+01   0.89666E+03
  230     6.2602  12.9476  -0.27682E+01  -0.56691E+00  -0.52829E+00   0.40248E+01   0.86929E+03
  231     6.3233  12.9594  -0.27891E+01  -0.57203E+00  -0.53341E+00   0.40243E+01   0.84254E+03
  232     6.3869  12.9710  -0.28102E+01  -0.57717E+00  -0.53855E+00   0.40239E+01   0.81655E+03
  233     6.4512  12.9825  -0.28313E+01  -0.58234E+00  -0.54372E+00   0.40235E+01   0.79115E+03
  234     6.5159  12.9938  -0.28525E+01  -0.58754E+00  -0.54892E+00   0.40230E+01   0.76645E+03
  235     6.5813  13.0050  -0.28738E+01  -0.59277E+00  -0.55415E+00   0.40226E+01   0.74245E+03
  236     6.6472  13.0160  -0.28952E+01  -0.59803E+00  -0.55941E+00   0.40222E+01   0.71895E+03
  237     6.7137  13.0269  -0.29166E+01  -0.60332E+00  -0.56470E+00   0.40219E+01   0.69618E+03
  238     6.7807  13.0377  -0.29382E+01  -0.60864E+00  -0.57002E+00   0.40215E+01   0.67384E+03
  239     6.8484  13.0483  -0.29599E+01  -0.61399E+00  -0.57537E+00   0.40211E+01   0.65202E+03
  240     6.9166  13.0588  -0.29816E+01  -0.61937E+00  -0.58075E+00   0.40207E+01   0.63082E+03
  241     6.9854  13.0691  -0.30035E+01  -0.62478E+00  -0.58616E+00   0.40204E+01   0.61014E+03
  242     7.0549  13.0794  -0.30254E+01  -0.63022E+00  -0.59160E+00   0.40200E+01   0.59002E+03
  243     7.1249  13.0894  -0.30474E+01  -0.63569E+00  -0.59706E+00   0.40197E+01   0.57054E+03
  244     7.1955  13.0994  -0.30695E+01  -0.64118E+00  -0.60256E+00   0.40193E+01   0.55163E+03
  245     7.2668  13.1092  -0.30917E+01  -0.64671E+00  -0.60809E+00   0.40190E+01   0.53315E+03
  246     7.3387  13.1189  -0.31140E+01  -0.65227E+00  -0.61365E+00   0.40187E+01   0.51524E+03
  247     7.4112  13.1285  -0.31364E+01  -0.65787E+00  -0.61925E+00   0.40183E+01   0.49790E+03
  248     7.4843  13.1380  -0.31589E+01  -0.66349E+00  -0.62487E+00   0.40180E+01   0.48086E+03
  249     7.5580  13.1473  -0.31815E+01  -0.66914E+00  -0.63052E+00   0.40177E+01   0.46431E+03
  250     7.6324  13.1565  -0.32042E+01  -0.67484E+00  -0.63622E+00   0.40174E+01   0.44827E+03
  251     7.7075  13.1656  -0.32269E+01  -0.68055E+00  -0.64193E+00   0.40171E+01   0.43272E+03
  252     7.7832  13.1746  -0.32498E+01  -0.68629E+00  -0.64767E+00   0.40168E+01   0.41761E+03
  253     7.8596  13.1834  -0.32727E+01  -0.69208E+00  -0.65345E+00   0.40166E+01   0.40294E+03
  254     7.9366  13.1922  -0.32958E+01  -0.69789E+00  -0.65927E+00   0.40163E+01   0.38874E+03
  255     8.0143  13.2008  -0.33189E+01  -0.70373E+00  -0.66511E+00   0.40160E+01   0.37494E+03
  256     8.0926  13.2093  -0.33422E+01  -0.70961E+00  -0.67099E+00   0.40157E+01   0.36150E+03
  257     8.1717  13.2178  -0.33655E+01  -0.71552E+00  -0.67690E+00   0.40155E+01   0.34848E+03
  258     8.2514  13.2261  -0.33890E+01  -0.72146E+00  -0.68284E+00   0.40152E+01   0.33586E+03
  259     8.3319  13.2343  -0.34125E+01  -0.72743E+00  -0.68881E+00   0.40150E+01   0.32370E+03
  260     8.4130  13.2424  -0.34361E+01  -0.73343E+00  -0.69481E+00   0.40147E+01   0.31186E+03
  261     8.4948  13.2503  -0.34599E+01  -0.73947E+00  -0.70085E+00   0.40145E+01   0.30038E+03
  262     8.5774  13.2582  -0.34837E+01  -0.74555E+00  -0.70693E+00   0.40142E+01   0.28926E+03
  263     8.6606  13.2660  -0.35077E+01  -0.75166E+00  -0.71303E+00   0.40140E+01   0.27846E+03
  264     8.7446  13.2737  -0.35317E+01  -0.75780E+00  -0.71918E+00   0.40138E+01   0.26798E+03
  265     8.8293  13.2813  -0.35559E+01  -0.76397E+00  -0.72535E+00   0.40135E+01   0.25788E+03
  266     8.9148  13.2888  -0.35801E+01  -0.77017E+00  -0.73155E+00   0.40133E+01   0.24812E+03
  267     9.0010  13.2962  -0.36044E+01  -0.77641E+00  -0.73779E+00   0.40131E+01   0.23864E+03
  268     9.0879  13.3035  -0.36289E+01  -0.78269E+00  -0.74407E+00   0.40129E+01   0.22879E+03
  269     9.1756  13.3107  -0.36535E+01  -0.78900E+00  -0.75038E+00   0.40127E+01   0.22062E+03
  270     9.2641  13.3178  -0.36781E+01  -0.79535E+00  -0.75673E+00   0.40125E+01   0.21207E+03
  271     9.3534  13.3248  -0.37025E+01  -0.80160E+00  -0.76298E+00   0.40122E+01   0.20391E+03
  272     9.4434  13.3317  -0.37277E+01  -0.80814E+00  -0.76952E+00   0.40121E+01   0.19575E+03
  273     9.5342  13.3386  -0.37527E+01  -0.81459E+00  -0.77597E+00   0.40119E+01   0.18825E+03
  274     9.6257  13.3453  -0.37778E+01  -0.82107E+00  -0.78245E+00   0.40117E+01   0.18047E+03
  275     9.7181  13.3520  -0.38030E+01  -0.82759E+00  -0.78896E+00   0.40115E+01   0.17331E+03
  276     9.8113  13.3586  -0.38282E+01  -0.83414E+00  -0.79552E+00   0.40113E+01   0.16638E+03
  277     9.9053  13.3651  -0.38536E+01  -0.84073E+00  -0.80211E+00   0.40111E+01   0.15966E+03
  278    10.0001  13.3715  -0.38792E+01  -0.84736E+00  -0.80874E+00   0.40109E+01   0.15314E+03
  279    10.0957  13.3778  -0.39048E+01  -0.85402E+00  -0.81540E+00   0.40108E+01   0.14688E+03
  280    10.1922  13.3841  -0.39305E+01  -0.86072E+00  -0.82210E+00   0.40106E+01   0.14085E+03
  281    10.2895  13.3902  -0.39563E+01  -0.86746E+00  -0.82884E+00   0.40104E+01   0.13498E+03
  282    10.3877  13.3963  -0.39823E+01  -0.87423E+00  -0.83561E+00   0.40103E+01   0.12939E+03
  283    10.4867  13.4023  -0.40083E+01  -0.88104E+00  -0.84242E+00   0.40101E+01   0.12398E+03
  284    10.5865  13.4083  -0.40345E+01  -0.88788E+00  -0.84926E+00   0.40099E+01   0.11876E+03
  285    10.6873  13.4141  -0.40608E+01  -0.89476E+00  -0.85614E+00   0.40098E+01   0.11373E+03
  286    10.7889  13.4199  -0.40872E+01  -0.90168E+00  -0.86306E+00   0.40096E+01   0.10887E+03
  287    10.8914  13.4256  -0.41137E+01  -0.90864E+00  -0.87002E+00   0.40095E+01   0.10420E+03
  288    10.9947  13.4312  -0.41403E+01  -0.91564E+00  -0.87702E+00   0.40093E+01   0.99720E+02
  289    11.0990  13.4368  -0.41670E+01  -0.92268E+00  -0.88406E+00   0.40092E+01   0.95399E+02
  290    11.2042  13.4423  -0.41938E+01  -0.92974E+00  -0.89112E+00   0.40090E+01   0.91252E+02
  291    11.3103  13.4477  -0.42208E+01  -0.93686E+00  -0.89823E+00   0.40089E+01   0.87245E+02
  292    11.4173  13.4530  -0.42479E+01  -0.94401E+00  -0.90539E+00   0.40088E+01   0.83412E+02
  293    11.5253  13.4583  -0.42751E+01  -0.95120E+00  -0.91257E+00   0.40086E+01   0.79703E+02
  294    11.6342  13.4635  -0.43024E+01  -0.95842E+00  -0.91980E+00   0.40085E+01   0.76147E+02
  295    11.7440  13.4687  -0.43298E+01  -0.96569E+00  -0.92707E+00   0.40084E+01   0.72738E+02
  296    11.8548  13.4738  -0.43574E+01  -0.97300E+00  -0.93438E+00   0.40082E+01   0.69462E+02
  297    11.9666  13.4788  -0.43851E+01  -0.98034E+00  -0.94172E+00   0.40081E+01   0.66305E+02
  298    12.0793  13.4837  -0.44129E+01  -0.98773E+00  -0.94911E+00   0.40080E+01   0.63279E+02
  299    12.1930  13.4886  -0.44408E+01  -0.99515E+00  -0.95653E+00   0.40079E+01   0.60386E+02
  300    12.3077  13.4934  -0.44688E+01  -0.10026E+01  -0.96401E+00   0.40078E+01   0.57569E+02
  301    12.4234  13.4982  -0.44969E+01  -0.10101E+01  -0.97151E+00   0.40076E+01   0.54919E+02
  302    12.5401  13.5029  -0.45252E+01  -0.10177E+01  -0.97905E+00   0.40075E+01   0.52352E+02
  303    12.6578  13.5075  -0.45536E+01  -0.10253E+01  -0.98665E+00   0.40074E+01   0.49900E+02
  304    12.7766  13.5121  -0.45821E+01  -0.10329E+01  -0.99428E+00   0.40073E+01   0.47544E+02
  305    12.8963  13.5166  -0.46108E+01  -0.10406E+01  -0.10020E+01   0.40072E+01   0.45282E+02
  306    13.0172  13.5211  -0.46396E+01  -0.10483E+01  -0.10097E+01   0.40071E+01   0.43126E+02
  307    13.1390  13.5255  -0.46685E+01  -0.10560E+01  -0.10174E+01   0.40070E+01   0.41046E+02
  308    13.2619  13.5298  -0.46975E+01  -0.10638E+01  -0.10252E+01   0.40069E+01   0.39063E+02
  309    13.3859  13.5341  -0.47266E+01  -0.10717E+01  -0.10331E+01   0.40068E+01   0.37176E+02
  310    13.5110  13.5383  -0.47559E+01  -0.10796E+01  -0.10409E+01   0.40067E+01   0.35358E+02
  311    13.6372  13.5425  -0.47854E+01  -0.10875E+01  -0.10489E+01   0.40066E+01   0.33622E+02
  312    13.7644  13.5466  -0.48149E+01  -0.10955E+01  -0.10568E+01   0.40065E+01   0.31963E+02
  313    13.8928  13.5507  -0.48446E+01  -0.11035E+01  -0.10649E+01   0.40064E+01   0.30368E+02
  314    14.0223  13.5547  -0.48744E+01  -0.11115E+01  -0.10729E+01   0.40063E+01   0.28852E+02
  315    14.1529  13.5587  -0.49043E+01  -0.11196E+01  -0.10810E+01   0.40062E+01   0.27398E+02
  316    14.2846  13.5626  -0.49344E+01  -0.11278E+01  -0.10891E+01   0.40061E+01   0.26025E+02
  317    14.4175  13.5665  -0.49646E+01  -0.11360E+01  -0.10973E+01   0.40060E+01   0.24695E+02
  318    14.5515  13.5703  -0.49949E+01  -0.11442E+01  -0.11056E+01   0.40059E+01   0.23436E+02
  319    14.6867  13.5741  -0.50254E+01  -0.11525E+01  -0.11139E+01   0.40059E+01   0.22238E+02
  320    14.8231  13.5778  -0.50560E+01  -0.11608E+01  -0.11222E+01   0.40058E+01   0.21085E+02
  321    14.9607  13.5815  -0.50867E+01  -0.11692E+01  -0.11305E+01   0.40057E+01   0.19988E+02
  322    15.0994  13.5851  -0.51176E+01  -0.11776E+01  -0.11390E+01   0.40056E+01   0.18946E+02
  323    15.2394  13.5887  -0.51486E+01  -0.11860E+01  -0.11474E+01   0.40055E+01   0.17947E+02
  324    15.3806  13.5922  -0.51798E+01  -0.11945E+01  -0.11559E+01   0.40054E+01   0.16998E+02
  325    15.5230  13.5957  -0.52111E+01  -0.12031E+01  -0.11645E+01   0.40054E+01   0.16096E+02
  326    15.6666  13.5991  -0.52425E+01  -0.12117E+01  -0.11731E+01   0.40053E+01   0.15232E+02
  327    15.8115  13.6025  -0.52741E+01  -0.12203E+01  -0.11817E+01   0.40052E+01   0.14417E+02
  328    15.9577  13.6059  -0.53058E+01  -0.12290E+01  -0.11904E+01   0.40051E+01   0.13641E+02
  329    16.1051  13.6092  -0.53376E+01  -0.12378E+01  -0.11992E+01   0.40051E+01   0.12896E+02
  330    16.2538  13.6124  -0.53696E+01  -0.12466E+01  -0.12080E+01   0.40050E+01   0.12191E+02
  331    16.4038  13.6157  -0.54018E+01  -0.12554E+01  -0.12168E+01   0.40049E+01   0.11521E+02
  332    16.5551  13.6188  -0.54341E+01  -0.12643E+01  -0.12257E+01   0.40049E+01   0.10886E+02
  333    16.7078  13.6220  -0.54665E+01  -0.12732E+01  -0.12346E+01   0.40048E+01   0.10279E+02
  334    16.8617  13.6251  -0.54991E+01  -0.12822E+01  -0.12436E+01   0.40047E+01   0.97021E+01
  335    17.0170  13.6281  -0.55319E+01  -0.12912E+01  -0.12526E+01   0.40047E+01   0.91588E+01
  336    17.1736  13.6312  -0.55647E+01  -0.13003E+01  -0.12617E+01   0.40046E+01   0.86380E+01
  337    17.3316  13.6342  -0.55977E+01  -0.13095E+01  -0.12708E+01   0.40045E+01   0.81494E+01
  338    17.4910  13.6371  -0.56309E+01  -0.13186E+01  -0.12800E+01   0.40045E+01   0.76834E+01
  339    17.6518  13.6400  -0.56643E+01  -0.13279E+01  -0.12893E+01   0.40044E+01   0.72416E+01
  340    17.8139  13.6429  -0.56977E+01  -0.13372E+01  -0.12985E+01   0.40044E+01   0.68238E+01
  341    17.9775  13.6457  -0.57314E+01  -0.13465E+01  -0.13079E+01   0.40043E+01   0.64248E+01
  342    18.1425  13.6485  -0.57652E+01  -0.13559E+01  -0.13173E+01   0.40042E+01   0.60506E+01
  343    18.3089  13.6513  -0.57991E+01  -0.13653E+01  -0.13267E+01   0.40042E+01   0.56947E+01
  344    18.4768  13.6540  -0.58332E+01  -0.13748E+01  -0.13362E+01   0.40041E+01   0.53571E+01
  345    18.6461  13.6567  -0.58675E+01  -0.13843E+01  -0.13457E+01   0.40041E+01   0.50390E+01
  346    18.8169  13.6593  -0.59019E+01  -0.13939E+01  -0.13553E+01   0.40040E+01   0.47374E+01
  347    18.9892  13.6619  -0.59365E+01  -0.14036E+01  -0.13650E+01   0.40040E+01   0.44515E+01
  348    19.1630  13.6645  -0.59712E+01  -0.14133E+01  -0.13746E+01   0.40039E+01   0.41841E+01
  349    19.3383  13.6671  -0.60061E+01  -0.14230E+01  -0.13844E+01   0.40039E+01   0.39289E+01
  350    19.5151  13.6696  -0.60412E+01  -0.14328E+01  -0.13942E+01   0.40038E+01   0.36888E+01
  351    19.6934  13.6721  -0.60764E+01  -0.14427E+01  -0.14041E+01   0.40038E+01   0.34619E+01
  352    19.8734  13.6745  -0.61117E+01  -0.14526E+01  -0.14140E+01   0.40037E+01   0.32461E+01
  353    20.0548  13.6770  -0.61473E+01  -0.14626E+01  -0.14240E+01   0.40037E+01   0.30469E+01
  354    20.2379  13.6794  -0.61830E+01  -0.14726E+01  -0.14340E+01   0.40036E+01   0.28548E+01
  355    20.4225  13.6817  -0.62189E+01  -0.14827E+01  -0.14441E+01   0.40036E+01   0.26753E+01
  356    20.6088  13.6840  -0.62549E+01  -0.14928E+01  -0.14542E+01   0.40035E+01   0.25067E+01
  357    20.7966  13.6863  -0.62911E+01  -0.15030E+01  -0.14644E+01   0.40035E+01   0.23468E+01
  358    20.9861  13.6886  -0.63275E+01  -0.15133E+01  -0.14746E+01   0.40034E+01   0.21951E+01
  359    21.1773  13.6909  -0.63640E+01  -0.15235E+01  -0.14849E+01   0.40034E+01   0.20553E+01
  360    21.3701  13.6931  -0.64007E+01  -0.15339E+01  -0.14953E+01   0.40033E+01   0.19217E+01
  361    21.5646  13.6953  -0.64377E+01  -0.15443E+01  -0.15057E+01   0.40033E+01   0.17960E+01
  362    21.7607  13.6974  -0.64747E+01  -0.15548E+01  -0.15162E+01   0.40033E+01   0.16788E+01
  363    21.9586  13.6995  -0.65119E+01  -0.15653E+01  -0.15267E+01   0.40032E+01   0.15684E+01
  364    22.1582  13.7016  -0.65493E+01  -0.15759E+01  -0.15373E+01   0.40032E+01   0.14649E+01
  365    22.3596  13.7037  -0.65869E+01  -0.15866E+01  -0.15479E+01   0.40031E+01   0.13676E+01
  366    22.5626  13.7058  -0.66248E+01  -0.15973E+01  -0.15587E+01   0.40000E+01   0.12759E+01
  367    22.7675  13.7078  -0.66626E+01  -0.16081E+01  -0.15695E+01   0.40000E+01   0.11884E+01
  368    22.9741  13.7098  -0.67007E+01  -0.16189E+01  -0.15803E+01   0.40000E+01   0.11099E+01
  369    23.1825  13.7117  -0.67390E+01  -0.16298E+01  -0.15912E+01   0.40000E+01   0.10339E+01
  370    23.3928  13.7137  -0.67775E+01  -0.16407E+01  -0.16021E+01   0.40000E+01   0.96286E+00
  371    23.6049  13.7156  -0.68161E+01  -0.16517E+01  -0.16131E+01   0.40000E+01   0.89566E+00
  372    23.8188  13.7175  -0.68550E+01  -0.16628E+01  -0.16242E+01   0.40000E+01   0.83496E+00
  373    24.0345  13.7194  -0.68940E+01  -0.16739E+01  -0.16353E+01   0.40000E+01   0.77598E+00
  374    24.2522  13.7212  -0.69332E+01  -0.16851E+01  -0.16465E+01   0.40000E+01   0.72246E+00
  375    24.4717  13.7230  -0.69726E+01  -0.16964E+01  -0.16577E+01   0.40000E+01   0.67152E+00
  376    24.6932  13.7248  -0.70121E+01  -0.17077E+01  -0.16691E+01   0.40000E+01   0.62358E+00
  377    24.9166  13.7266  -0.70519E+01  -0.17190E+01  -0.16804E+01   0.40000E+01   0.57871E+00
  378    25.1419  13.7284  -0.70918E+01  -0.17305E+01  -0.16918E+01   0.40000E+01   0.53813E+00
  379    25.3691  13.7301  -0.71321E+01  -0.17420E+01  -0.17034E+01   0.40000E+01   0.49922E+00
  380    25.5984  13.7318  -0.71723E+01  -0.17536E+01  -0.17149E+01   0.40000E+01   0.46287E+00
  381    25.8296  13.7335  -0.72128E+01  -0.17652E+01  -0.17266E+01   0.40000E+01   0.42930E+00
  382    26.0629  13.7351  -0.72535E+01  -0.17769E+01  -0.17382E+01   0.40000E+01   0.39797E+00
  383    26.2982  13.7368  -0.72945E+01  -0.17886E+01  -0.17500E+01   0.40000E+01   0.36856E+00
  384    26.5355  13.7384  -0.73356E+01  -0.18005E+01  -0.17618E+01   0.40000E+01   0.34134E+00
  385    26.7749  13.7400  -0.73768E+01  -0.18123E+01  -0.17737E+01   0.40000E+01   0.31576E+00
  386    27.0164  13.7416  -0.74183E+01  -0.18243E+01  -0.17856E+01   0.40000E+01   0.29219E+00
  387    27.2599  13.7431  -0.74600E+01  -0.18363E+01  -0.17977E+01   0.40000E+01   0.27022E+00
  388    27.5056  13.7447  -0.75019E+01  -0.18484E+01  -0.18098E+01   0.40000E+01   0.24978E+00
  389    27.7534  13.7462  -0.75440E+01  -0.18605E+01  -0.18219E+01   0.40000E+01   0.23067E+00
  390    28.0034  13.7477  -0.75862E+01  -0.18727E+01  -0.18341E+01   0.40000E+01   0.21311E+00
  391    28.2556  13.7492  -0.76287E+01  -0.18850E+01  -0.18464E+01   0.40000E+01   0.19667E+00
  392    28.5099  13.7506  -0.76714E+01  -0.18974E+01  -0.18587E+01   0.40000E+01   0.18136E+00
  393    28.7665  13.7521  -0.77143E+01  -0.19098E+01  -0.18711E+01   0.40000E+01   0.16735E+00
  394    29.0253  13.7535  -0.77573E+01  -0.19222E+01  -0.18836E+01   0.40000E+01   0.15421E+00
  395    29.2863  13.7549  -0.78006E+01  -0.19348E+01  -0.18962E+01   0.40000E+01   0.14207E+00
  396    29.5496  13.7563  -0.78440E+01  -0.19474E+01  -0.19088E+01   0.40000E+01   0.13078E+00
  397    29.8152  13.7577  -0.78877E+01  -0.19601E+01  -0.19215E+01   0.40000E+01   0.12037E+00
  398    30.0831  13.7590  -0.79316E+01  -0.19728E+01  -0.19342E+01   0.40000E+01   0.11075E+00
  399    30.3534  13.7604  -0.79757E+01  -0.19856E+01  -0.19470E+01   0.40000E+01   0.10185E+00
  400    30.6259  13.7617  -0.80200E+01  -0.19985E+01  -0.19599E+01   0.40000E+01   0.93640E-01
