    1     0.0001   0.0014  -0.26954E-04  -0.12425E-05   0.36789E-01   0.58919E+01   0.70965E+04
    2     0.0088   0.1221  -0.31491E-02  -0.32623E-03   0.36464E-01   0.58641E+01   0.98028E+04
    3     0.0176   0.2423  -0.65820E-02  -0.73114E-03   0.36060E-01   0.58375E+01   0.10312E+05
    4     0.0264   0.3621  -0.10174E-01  -0.11721E-02   0.35619E-01   0.58115E+01   0.10655E+05
    5     0.0353   0.4814  -0.13889E-01  -0.16388E-02   0.35152E-01   0.57859E+01   0.10951E+05
    6     0.0443   0.6003  -0.17719E-01  -0.21293E-02   0.34661E-01   0.57606E+01   0.11202E+05
    7     0.0534   0.7188  -0.21646E-01  -0.26389E-02   0.34152E-01   0.57357E+01   0.11420E+05
    8     0.0626   0.8368  -0.25666E-01  -0.31659E-02   0.33625E-01   0.57110E+01   0.11621E+05
    9     0.0718   0.9543  -0.29775E-01  -0.37091E-02   0.33082E-01   0.56866E+01   0.11813E+05
   10     0.0811   1.0713  -0.33969E-01  -0.42683E-02   0.32522E-01   0.56625E+01   0.11991E+05
   11     0.0905   1.1879  -0.38247E-01  -0.48431E-02   0.31948E-01   0.56386E+01   0.12161E+05
   12     0.1000   1.3039  -0.42616E-01  -0.54342E-02   0.31357E-01   0.56150E+01   0.12321E+05
   13     0.1096   1.4195  -0.47054E-01  -0.60369E-02   0.30754E-01   0.55916E+01   0.12475E+05
   14     0.1192   1.5346  -0.51573E-01  -0.66544E-02   0.30136E-01   0.55683E+01   0.12625E+05
   15     0.1290   1.6491  -0.56171E-01  -0.72859E-02   0.29505E-01   0.55454E+01   0.12765E+05
   16     0.1388   1.7632  -0.60847E-01  -0.79316E-02   0.28859E-01   0.55226E+01   0.12905E+05
   17     0.1487   1.8767  -0.65603E-01  -0.85918E-02   0.28199E-01   0.55000E+01   0.13036E+05
   18     0.1587   1.9897  -0.70436E-01  -0.92658E-02   0.27525E-01   0.54777E+01   0.13166E+05
   19     0.1687   2.1021  -0.75347E-01  -0.99540E-02   0.26837E-01   0.54556E+01   0.13292E+05
   20     0.1789   2.2140  -0.80335E-01  -0.10656E-01   0.26134E-01   0.54336E+01   0.13410E+05
   21     0.1891   2.3254  -0.85400E-01  -0.11373E-01   0.25418E-01   0.54119E+01   0.13529E+05
   22     0.1995   2.4362  -0.90541E-01  -0.12103E-01   0.24688E-01   0.53904E+01   0.13641E+05
   23     0.2099   2.5465  -0.95759E-01  -0.12847E-01   0.23943E-01   0.53691E+01   0.13750E+05
   24     0.2204   2.6562  -0.10105E+00  -0.13606E-01   0.23185E-01   0.53480E+01   0.13856E+05
   25     0.2310   2.7653  -0.10642E+00  -0.14378E-01   0.22413E-01   0.53271E+01   0.13959E+05
   26     0.2417   2.8738  -0.11186E+00  -0.15165E-01   0.21626E-01   0.53064E+01   0.14060E+05
   27     0.2525   2.9818  -0.11738E+00  -0.15965E-01   0.20826E-01   0.52859E+01   0.14155E+05
   28     0.2634   3.0892  -0.12298E+00  -0.16780E-01   0.20011E-01   0.52656E+01   0.14249E+05
   29     0.2744   3.1959  -0.12865E+00  -0.17609E-01   0.19182E-01   0.52454E+01   0.14340E+05
   30     0.2855   3.3021  -0.13439E+00  -0.18452E-01   0.18339E-01   0.52255E+01   0.14427E+05
   31     0.2967   3.4077  -0.14022E+00  -0.19310E-01   0.17480E-01   0.52058E+01   0.14510E+05
   32     0.3079   3.5127  -0.14611E+00  -0.20184E-01   0.16607E-01   0.51863E+01   0.14591E+05
   33     0.3193   3.6170  -0.15206E+00  -0.21063E-01   0.15728E-01   0.51669E+01   0.14671E+05
   34     0.3308   3.7207  -0.15811E+00  -0.21966E-01   0.14824E-01   0.51478E+01   0.14746E+05
   35     0.3423   3.8238  -0.16424E+00  -0.22885E-01   0.13905E-01   0.51288E+01   0.14815E+05
   36     0.3540   3.9263  -0.17045E+00  -0.23820E-01   0.12971E-01   0.51101E+01   0.14885E+05
   37     0.3658   4.0281  -0.17674E+00  -0.24770E-01   0.12021E-01   0.50916E+01   0.14950E+05
   38     0.3777   4.1293  -0.18310E+00  -0.25736E-01   0.11054E-01   0.50733E+01   0.15013E+05
   39     0.3896   4.2299  -0.18955E+00  -0.26719E-01   0.10072E-01   0.50552E+01   0.15073E+05
   40     0.4017   4.3298  -0.19607E+00  -0.27718E-01   0.90730E-02   0.50373E+01   0.15130E+05
   41     0.4139   4.4291  -0.20267E+00  -0.28733E-01   0.80577E-02   0.50197E+01   0.15185E+05
   42     0.4262   4.5276  -0.20935E+00  -0.29765E-01   0.70258E-02   0.50022E+01   0.15238E+05
   43     0.4386   4.6256  -0.21611E+00  -0.30813E-01   0.59777E-02   0.49849E+01   0.15285E+05
   44     0.4511   4.7229  -0.22295E+00  -0.31878E-01   0.49125E-02   0.49678E+01   0.15330E+05
   45     0.4637   4.8195  -0.22987E+00  -0.32960E-01   0.38307E-02   0.49510E+01   0.15373E+05
   46     0.4764   4.9154  -0.23687E+00  -0.34059E-01   0.27317E-02   0.49343E+01   0.15413E+05
   47     0.4893   5.0106  -0.24395E+00  -0.35175E-01   0.16156E-02   0.49179E+01   0.15449E+05
   48     0.5022   5.1052  -0.25111E+00  -0.36308E-01   0.48249E-03   0.49016E+01   0.15482E+05
   49     0.5153   5.1991  -0.25835E+00  -0.37460E-01  -0.66891E-03   0.48856E+01   0.15510E+05
   50     0.5285   5.2923  -0.26567E+00  -0.38628E-01  -0.18376E-02   0.48697E+01   0.15537E+05
   51     0.5417   5.3849  -0.27307E+00  -0.39816E-01  -0.30248E-02   0.48541E+01   0.15555E+05
   52     0.5552   5.4767  -0.28056E+00  -0.41020E-01  -0.42297E-02   0.48387E+01   0.15572E+05
   53     0.5687   5.5679  -0.28813E+00  -0.42244E-01  -0.54528E-02   0.48234E+01   0.15589E+05
   54     0.5823   5.6583  -0.29577E+00  -0.43485E-01  -0.66939E-02   0.48084E+01   0.15600E+05
   55     0.5961   5.7481  -0.30350E+00  -0.44744E-01  -0.79531E-02   0.47936E+01   0.15608E+05
   56     0.6099   5.8371  -0.31131E+00  -0.46021E-01  -0.92302E-02   0.47790E+01   0.15614E+05
   57     0.6239   5.9255  -0.31920E+00  -0.47316E-01  -0.10526E-01   0.47646E+01   0.15616E+05
   58     0.6381   6.0132  -0.32717E+00  -0.48631E-01  -0.11841E-01   0.47504E+01   0.15615E+05
   59     0.6523   6.1001  -0.33522E+00  -0.49962E-01  -0.13172E-01   0.47364E+01   0.15610E+05
   60     0.6667   6.1864  -0.34333E+00  -0.51304E-01  -0.14514E-01   0.47225E+01   0.15601E+05
   61     0.6812   6.2719  -0.35152E+00  -0.52667E-01  -0.15876E-01   0.47089E+01   0.15590E+05
   62     0.6958   6.3568  -0.35981E+00  -0.54053E-01  -0.17262E-01   0.46955E+01   0.15574E+05
   63     0.7105   6.4409  -0.36817E+00  -0.55456E-01  -0.18665E-01   0.46823E+01   0.15556E+05
   64     0.7254   6.5244  -0.37662E+00  -0.56877E-01  -0.20087E-01   0.46693E+01   0.15532E+05
   65     0.7404   6.6071  -0.38514E+00  -0.58318E-01  -0.21527E-01   0.46564E+01   0.15507E+05
   66     0.7555   6.6891  -0.39375E+00  -0.59777E-01  -0.22986E-01   0.46438E+01   0.15476E+05
   67     0.7708   6.7704  -0.40243E+00  -0.61254E-01  -0.24464E-01   0.46314E+01   0.15448E+05
   68     0.7862   6.8511  -0.41120E+00  -0.62751E-01  -0.25960E-01   0.46191E+01   0.15428E+05
   69     0.8017   6.9310  -0.42004E+00  -0.64266E-01  -0.27475E-01   0.46071E+01   0.15386E+05
   70     0.8174   7.0102  -0.42896E+00  -0.65799E-01  -0.29008E-01   0.45952E+01   0.15338E+05
   71     0.8332   7.0886  -0.43796E+00  -0.67351E-01  -0.30560E-01   0.45835E+01   0.15298E+05
   72     0.8491   7.1664  -0.44704E+00  -0.68921E-01  -0.32131E-01   0.45720E+01   0.15252E+05
   73     0.8652   7.2435  -0.45620E+00  -0.70512E-01  -0.33721E-01   0.45607E+01   0.15205E+05
   74     0.8814   7.3199  -0.46542E+00  -0.72117E-01  -0.35326E-01   0.45495E+01   0.15154E+05
   75     0.8977   7.3956  -0.47477E+00  -0.73754E-01  -0.36963E-01   0.45386E+01   0.15099E+05
   76     0.9142   7.4705  -0.48426E+00  -0.75430E-01  -0.38639E-01   0.45281E+01   0.15040E+05
   77     0.9309   7.5448  -0.49365E+00  -0.77073E-01  -0.40282E-01   0.45173E+01   0.14983E+05
   78     0.9477   7.6184  -0.50317E+00  -0.78748E-01  -0.41957E-01   0.45069E+01   0.14923E+05
   79     0.9646   7.6913  -0.51283E+00  -0.80460E-01  -0.43670E-01   0.44967E+01   0.14857E+05
   80     0.9817   7.7635  -0.52255E+00  -0.82186E-01  -0.45395E-01   0.44867E+01   0.14790E+05
   81     0.9989   7.8350  -0.53235E+00  -0.83933E-01  -0.47142E-01   0.44768E+01   0.14722E+05
   82     1.0163   7.9058  -0.54222E+00  -0.85698E-01  -0.48908E-01   0.44671E+01   0.14637E+05
   83     1.0338   7.9759  -0.55218E+00  -0.87484E-01  -0.50693E-01   0.44577E+01   0.14567E+05
   84     1.0515   8.0453  -0.56221E+00  -0.89288E-01  -0.52498E-01   0.44483E+01   0.14496E+05
   85     1.0693   8.1141  -0.57232E+00  -0.91112E-01  -0.54321E-01   0.44392E+01   0.14414E+05
   86     1.0873   8.1821  -0.58251E+00  -0.92955E-01  -0.56165E-01   0.44302E+01   0.14331E+05
   87     1.1055   8.2495  -0.59277E+00  -0.94818E-01  -0.58027E-01   0.44213E+01   0.14246E+05
   88     1.1238   8.3162  -0.60311E+00  -0.96700E-01  -0.59910E-01   0.44126E+01   0.14159E+05
   89     1.1423   8.3823  -0.61353E+00  -0.98603E-01  -0.61812E-01   0.44041E+01   0.14069E+05
   90     1.1609   8.4477  -0.62402E+00  -0.10052E+00  -0.63734E-01   0.43958E+01   0.13979E+05
   91     1.1797   8.5124  -0.63460E+00  -0.10247E+00  -0.65676E-01   0.43876E+01   0.13886E+05
   92     1.1986   8.5764  -0.64525E+00  -0.10443E+00  -0.67638E-01   0.43795E+01   0.13791E+05
   93     1.2177   8.6398  -0.65598E+00  -0.10641E+00  -0.69620E-01   0.43716E+01   0.13694E+05
   94     1.2370   8.7025  -0.66679E+00  -0.10841E+00  -0.71623E-01   0.43639E+01   0.13596E+05
   95     1.2565   8.7646  -0.67767E+00  -0.11044E+00  -0.73646E-01   0.43563E+01   0.13497E+05
   96     1.2761   8.8260  -0.68863E+00  -0.11248E+00  -0.75688E-01   0.43488E+01   0.13394E+05
   97     1.2959   8.8868  -0.69967E+00  -0.11454E+00  -0.77751E-01   0.43415E+01   0.13291E+05
   98     1.3158   8.9469  -0.71079E+00  -0.11663E+00  -0.79835E-01   0.43344E+01   0.13184E+05
   99     1.3360   9.0065  -0.72198E+00  -0.11873E+00  -0.81940E-01   0.43274E+01   0.13075E+05
  100     1.3563   9.0653  -0.73326E+00  -0.12086E+00  -0.84066E-01   0.43205E+01   0.12965E+05
  101     1.3767   9.1236  -0.74461E+00  -0.12300E+00  -0.86212E-01   0.43138E+01   0.12853E+05
  102     1.3974   9.1812  -0.75603E+00  -0.12517E+00  -0.88378E-01   0.43072E+01   0.12740E+05
  103     1.4183   9.2382  -0.76753E+00  -0.12735E+00  -0.90563E-01   0.43007E+01   0.12626E+05
  104     1.4393   9.2945  -0.77910E+00  -0.12956E+00  -0.92767E-01   0.42944E+01   0.12511E+05
  105     1.4605   9.3503  -0.79074E+00  -0.13178E+00  -0.94990E-01   0.42882E+01   0.12394E+05
  106     1.4819   9.4054  -0.80245E+00  -0.13402E+00  -0.97232E-01   0.42821E+01   0.12277E+05
  107     1.5035   9.4600  -0.81424E+00  -0.13629E+00  -0.99496E-01   0.42761E+01   0.12159E+05
  108     1.5252   9.5139  -0.82610E+00  -0.13857E+00  -0.10178E+00   0.42703E+01   0.12041E+05
  109     1.5472   9.5673  -0.83804E+00  -0.14088E+00  -0.10408E+00   0.42646E+01   0.11921E+05
  110     1.5693   9.6200  -0.85006E+00  -0.14320E+00  -0.10641E+00   0.42590E+01   0.11801E+05
  111     1.5917   9.6722  -0.86216E+00  -0.14555E+00  -0.10876E+00   0.42535E+01   0.11679E+05
  112     1.6142   9.7238  -0.87434E+00  -0.14792E+00  -0.11113E+00   0.42482E+01   0.11557E+05
  113     1.6369   9.7748  -0.88659E+00  -0.15032E+00  -0.11352E+00   0.42429E+01   0.11433E+05
  114     1.6598   9.8252  -0.89892E+00  -0.15273E+00  -0.11594E+00   0.42378E+01   0.11309E+05
  115     1.6830   9.8751  -0.91132E+00  -0.15516E+00  -0.11837E+00   0.42328E+01   0.11182E+05
  116     1.7063   9.9244  -0.92379E+00  -0.15762E+00  -0.12083E+00   0.42278E+01   0.11055E+05
  117     1.7298   9.9731  -0.93634E+00  -0.16009E+00  -0.12330E+00   0.42230E+01   0.10927E+05
  118     1.7536  10.0213  -0.94895E+00  -0.16258E+00  -0.12579E+00   0.42183E+01   0.10799E+05
  119     1.7775  10.0689  -0.96164E+00  -0.16510E+00  -0.12830E+00   0.42137E+01   0.10670E+05
  120     1.8016  10.1160  -0.97439E+00  -0.16763E+00  -0.13084E+00   0.42091E+01   0.10542E+05
  121     1.8260  10.1626  -0.98722E+00  -0.17018E+00  -0.13339E+00   0.42047E+01   0.10414E+05
  122     1.8506  10.2086  -0.10001E+01  -0.17276E+00  -0.13597E+00   0.42004E+01   0.10286E+05
  123     1.8753  10.2541  -0.10131E+01  -0.17535E+00  -0.13856E+00   0.41962E+01   0.10158E+05
  124     1.9003  10.2990  -0.10261E+01  -0.17797E+00  -0.14118E+00   0.41920E+01   0.10030E+05
  125     1.9256  10.3434  -0.10393E+01  -0.18061E+00  -0.14382E+00   0.41880E+01   0.99021E+04
  126     1.9510  10.3873  -0.10525E+01  -0.18327E+00  -0.14648E+00   0.41840E+01   0.97740E+04
  127     1.9766  10.4307  -0.10657E+01  -0.18595E+00  -0.14916E+00   0.41801E+01   0.96464E+04
  128     2.0025  10.4736  -0.10791E+01  -0.18866E+00  -0.15187E+00   0.41763E+01   0.95182E+04
  129     2.0286  10.5160  -0.10925E+01  -0.19138E+00  -0.15459E+00   0.41726E+01   0.93893E+04
  130     2.0550  10.5579  -0.11060E+01  -0.19413E+00  -0.15734E+00   0.41690E+01   0.92607E+04
  131     2.0815  10.5993  -0.11196E+01  -0.19690E+00  -0.16011E+00   0.41655E+01   0.91312E+04
  132     2.1083  10.6402  -0.11332E+01  -0.19969E+00  -0.16290E+00   0.41620E+01   0.90018E+04
  133     2.1353  10.6806  -0.11469E+01  -0.20250E+00  -0.16571E+00   0.41586E+01   0.88729E+04
  134     2.1626  10.7205  -0.11607E+01  -0.20534E+00  -0.16854E+00   0.41553E+01   0.87442E+04
  135     2.1901  10.7600  -0.11746E+01  -0.20819E+00  -0.17140E+00   0.41520E+01   0.86165E+04
  136     2.2178  10.7990  -0.11885E+01  -0.21106E+00  -0.17427E+00   0.41488E+01   0.84890E+04
  137     2.2458  10.8375  -0.12025E+01  -0.21395E+00  -0.17716E+00   0.41457E+01   0.83602E+04
  138     2.2740  10.8756  -0.12166E+01  -0.21687E+00  -0.18008E+00   0.41427E+01   0.82326E+04
  139     2.3025  10.9132  -0.12307E+01  -0.21981E+00  -0.18302E+00   0.41397E+01   0.81071E+04
  140     2.3312  10.9504  -0.12449E+01  -0.22277E+00  -0.18598E+00   0.41368E+01   0.79832E+04
  141     2.3602  10.9871  -0.12592E+01  -0.22575E+00  -0.18896E+00   0.41340E+01   0.78599E+04
  142     2.3894  11.0234  -0.12735E+01  -0.22874E+00  -0.19195E+00   0.41312E+01   0.77371E+04
  143     2.4188  11.0592  -0.12879E+01  -0.23176E+00  -0.19497E+00   0.41284E+01   0.76145E+04
  144     2.4486  11.0946  -0.13025E+01  -0.23481E+00  -0.19802E+00   0.41258E+01   0.74914E+04
  145     2.4785  11.1296  -0.13170E+01  -0.23789E+00  -0.20109E+00   0.41232E+01   0.73694E+04
  146     2.5088  11.1641  -0.13317E+01  -0.24098E+00  -0.20419E+00   0.41206E+01   0.72488E+04
  147     2.5393  11.1982  -0.13464E+01  -0.24410E+00  -0.20731E+00   0.41182E+01   0.71297E+04
  148     2.5701  11.2320  -0.13612E+01  -0.24723E+00  -0.21044E+00   0.41157E+01   0.70095E+04
  149     2.6011  11.2653  -0.13761E+01  -0.25039E+00  -0.21360E+00   0.41134E+01   0.68898E+04
  150     2.6324  11.2982  -0.13910E+01  -0.25357E+00  -0.21678E+00   0.41110E+01   0.67709E+04
  151     2.6640  11.3306  -0.14060E+01  -0.25677E+00  -0.21998E+00   0.41087E+01   0.66535E+04
  152     2.6958  11.3627  -0.14211E+01  -0.25999E+00  -0.22320E+00   0.41065E+01   0.65373E+04
  153     2.7280  11.3944  -0.14363E+01  -0.26324E+00  -0.22644E+00   0.41043E+01   0.64219E+04
  154     2.7604  11.4258  -0.14515E+01  -0.26650E+00  -0.22971E+00   0.41022E+01   0.63078E+04
  155     2.7931  11.4567  -0.14668E+01  -0.26979E+00  -0.23300E+00   0.41001E+01   0.61946E+04
  156     2.8260  11.4872  -0.14821E+01  -0.27310E+00  -0.23631E+00   0.40981E+01   0.60825E+04
  157     2.8593  11.5174  -0.14976E+01  -0.27644E+00  -0.23965E+00   0.40961E+01   0.59710E+04
  158     2.8929  11.5472  -0.15131E+01  -0.27980E+00  -0.24301E+00   0.40941E+01   0.58608E+04
  159     2.9267  11.5766  -0.15287E+01  -0.28318E+00  -0.24639E+00   0.40922E+01   0.57516E+04
  160     2.9608  11.6057  -0.15443E+01  -0.28658E+00  -0.24979E+00   0.40904E+01   0.56429E+04
  161     2.9953  11.6344  -0.15600E+01  -0.29000E+00  -0.25321E+00   0.40886E+01   0.55356E+04
  162     3.0300  11.6628  -0.15758E+01  -0.29345E+00  -0.25666E+00   0.40868E+01   0.54295E+04
  163     3.0651  11.6908  -0.15917E+01  -0.29692E+00  -0.26013E+00   0.40850E+01   0.53246E+04
  164     3.1004  11.7184  -0.16077E+01  -0.30041E+00  -0.26362E+00   0.40833E+01   0.52211E+04
  165     3.1360  11.7458  -0.16237E+01  -0.30392E+00  -0.26713E+00   0.40817E+01   0.51190E+04
  166     3.1720  11.7727  -0.16397E+01  -0.30746E+00  -0.27067E+00   0.40800E+01   0.50180E+04
  167     3.2083  11.7994  -0.16559E+01  -0.31102E+00  -0.27423E+00   0.40784E+01   0.49175E+04
  168     3.2449  11.8257  -0.16721E+01  -0.31461E+00  -0.27782E+00   0.40769E+01   0.48186E+04
  169     3.2818  11.8517  -0.16885E+01  -0.31822E+00  -0.28143E+00   0.40753E+01   0.47205E+04
  170     3.3190  11.8773  -0.17048E+01  -0.32185E+00  -0.28506E+00   0.40738E+01   0.46233E+04
  171     3.3565  11.9026  -0.17213E+01  -0.32550E+00  -0.28871E+00   0.40724E+01   0.45276E+04
  172     3.3944  11.9277  -0.17378E+01  -0.32918E+00  -0.29239E+00   0.40710E+01   0.44332E+04
  173     3.4326  11.9524  -0.17544E+01  -0.33288E+00  -0.29609E+00   0.40696E+01   0.43399E+04
  174     3.4712  11.9768  -0.17711E+01  -0.33660E+00  -0.29981E+00   0.40682E+01   0.42481E+04
  175     3.5100  12.0009  -0.17878E+01  -0.34034E+00  -0.30355E+00   0.40668E+01   0.41576E+04
  176     3.5492  12.0246  -0.18046E+01  -0.34411E+00  -0.30732E+00   0.40655E+01   0.40687E+04
  177     3.5888  12.0481  -0.18215E+01  -0.34791E+00  -0.31111E+00   0.40642E+01   0.39809E+04
  178     3.6287  12.0713  -0.18385E+01  -0.35172E+00  -0.31493E+00   0.40630E+01   0.38943E+04
  179     3.6689  12.0942  -0.18555E+01  -0.35557E+00  -0.31878E+00   0.40618E+01   0.38087E+04
  180     3.7095  12.1169  -0.18727E+01  -0.35943E+00  -0.32264E+00   0.40606E+01   0.37241E+04
  181     3.7505  12.1392  -0.18899E+01  -0.36332E+00  -0.32653E+00   0.40594E+01   0.36404E+04
  182     3.7918  12.1612  -0.19071E+01  -0.36724E+00  -0.33045E+00   0.40582E+01   0.35582E+04
  183     3.8334  12.1830  -0.19245E+01  -0.37117E+00  -0.33438E+00   0.40571E+01   0.34772E+04
  184     3.8754  12.2045  -0.19419E+01  -0.37513E+00  -0.33834E+00   0.40560E+01   0.33979E+04
  185     3.9178  12.2257  -0.19594E+01  -0.37911E+00  -0.34232E+00   0.40549E+01   0.33192E+04
  186     3.9606  12.2467  -0.19769E+01  -0.38312E+00  -0.34633E+00   0.40539E+01   0.32423E+04
  187     4.0037  12.2674  -0.19945E+01  -0.38715E+00  -0.35036E+00   0.40528E+01   0.31669E+04
  188     4.0472  12.2878  -0.20123E+01  -0.39121E+00  -0.35442E+00   0.40518E+01   0.30927E+04
  189     4.0911  12.3080  -0.20300E+01  -0.39529E+00  -0.35850E+00   0.40508E+01   0.30196E+04
  190     4.1353  12.3279  -0.20479E+01  -0.39939E+00  -0.36260E+00   0.40499E+01   0.29479E+04
  191     4.1800  12.3476  -0.20659E+01  -0.40353E+00  -0.36674E+00   0.40489E+01   0.28770E+04
  192     4.2250  12.3670  -0.20839E+01  -0.40768E+00  -0.37089E+00   0.40480E+01   0.28073E+04
  193     4.2705  12.3862  -0.21020E+01  -0.41187E+00  -0.37507E+00   0.40471E+01   0.27388E+04
  194     4.3163  12.4051  -0.21201E+01  -0.41607E+00  -0.37928E+00   0.40462E+01   0.26712E+04
  195     4.3625  12.4238  -0.21384E+01  -0.42030E+00  -0.38351E+00   0.40453E+01   0.26047E+04
  196     4.4091  12.4423  -0.21567E+01  -0.42456E+00  -0.38777E+00   0.40445E+01   0.25394E+04
  197     4.4561  12.4605  -0.21751E+01  -0.42883E+00  -0.39204E+00   0.40436E+01   0.24754E+04
  198     4.5036  12.4785  -0.21936E+01  -0.43314E+00  -0.39634E+00   0.40428E+01   0.24129E+04
  199     4.5514  12.4962  -0.22121E+01  -0.43746E+00  -0.40067E+00   0.40420E+01   0.23517E+04
  200     4.5997  12.5138  -0.22307E+01  -0.44181E+00  -0.40502E+00   0.40412E+01   0.22920E+04
  201     4.6484  12.5311  -0.22494E+01  -0.44619E+00  -0.40940E+00   0.40404E+01   0.22333E+04
  202     4.6975  12.5482  -0.22682E+01  -0.45059E+00  -0.41380E+00   0.40397E+01   0.21757E+04
  203     4.7470  12.5650  -0.22871E+01  -0.45503E+00  -0.41824E+00   0.40390E+01   0.21192E+04
  204     4.7970  12.5817  -0.23061E+01  -0.45949E+00  -0.42270E+00   0.40382E+01   0.20634E+04
  205     4.8474  12.5981  -0.23251E+01  -0.46398E+00  -0.42719E+00   0.40375E+01   0.20086E+04
  206     4.8982  12.6144  -0.23442E+01  -0.46849E+00  -0.43170E+00   0.40368E+01   0.19544E+04
  207     4.9495  12.6304  -0.23634E+01  -0.47303E+00  -0.43624E+00   0.40362E+01   0.19017E+04
  208     5.0012  12.6462  -0.23826E+01  -0.47759E+00  -0.44080E+00   0.40355E+01   0.18500E+04
  209     5.0534  12.6619  -0.24020E+01  -0.48217E+00  -0.44538E+00   0.40349E+01   0.17997E+04
  210     5.1060  12.6773  -0.24214E+01  -0.48678E+00  -0.44999E+00   0.40342E+01   0.17506E+04
  211     5.1591  12.6925  -0.24409E+01  -0.49142E+00  -0.45462E+00   0.40336E+01   0.17023E+04
  212     5.2126  12.7076  -0.24605E+01  -0.49608E+00  -0.45929E+00   0.40330E+01   0.16552E+04
  213     5.2667  12.7224  -0.24801E+01  -0.50078E+00  -0.46398E+00   0.40324E+01   0.16092E+04
  214     5.3211  12.7371  -0.24999E+01  -0.50550E+00  -0.46870E+00   0.40318E+01   0.15640E+04
  215     5.3761  12.7515  -0.25197E+01  -0.51024E+00  -0.47345E+00   0.40312E+01   0.15196E+04
  216     5.4315  12.7658  -0.25396E+01  -0.51501E+00  -0.47822E+00   0.40306E+01   0.14764E+04
  217     5.4874  12.7799  -0.25596E+01  -0.51981E+00  -0.48302E+00   0.40301E+01   0.14341E+04
  218     5.5438  12.7938  -0.25796E+01  -0.52464E+00  -0.48784E+00   0.40296E+01   0.13929E+04
  219     5.6007  12.8076  -0.25998E+01  -0.52949E+00  -0.49270E+00   0.40290E+01   0.13526E+04
  220     5.6581  12.8211  -0.26200E+01  -0.53437E+00  -0.49758E+00   0.40285E+01   0.13130E+04
  221     5.7160  12.8345  -0.26404E+01  -0.53928E+00  -0.50249E+00   0.40280E+01   0.12745E+04
  222     5.7744  12.8477  -0.26608E+01  -0.54422E+00  -0.50743E+00   0.40275E+01   0.12368E+04
  223     5.8333  12.8608  -0.26813E+01  -0.54918E+00  -0.51239E+00   0.40270E+01   0.11999E+04
  224     5.8927  12.8737  -0.27018E+01  -0.55417E+00  -0.51738E+00   0.40265E+01   0.11639E+04
  225     5.9526  12.8864  -0.27225E+01  -0.55919E+00  -0.52240E+00   0.40261E+01   0.11288E+04
  226     6.0131  12.8990  -0.27432E+01  -0.56423E+00  -0.52744E+00   0.40256E+01   0.10946E+04
  227     6.0740  12.9114  -0.27640E+01  -0.56931E+00  -0.53252E+00   0.40251E+01   0.10614E+04
  228     6.1355  12.9236  -0.27849E+01  -0.57441E+00  -0.53762E+00   0.40247E+01   0.10289E+04
  229     6.1976  12.9357  -0.28059E+01  -0.57954E+00  -0.54275E+00   0.40243E+01   0.99700E+03
  230     6.2602  12.9476  -0.28270E+01  -0.58470E+00  -0.54791E+00   0.40238E+01   0.96609E+03
  231     6.3233  12.9594  -0.28482E+01  -0.58990E+00  -0.55311E+00   0.40234E+01   0.93582E+03
  232     6.3869  12.9710  -0.28695E+01  -0.59511E+00  -0.55832E+00   0.40230E+01   0.90641E+03
  233     6.4512  12.9825  -0.28908E+01  -0.60036E+00  -0.56357E+00   0.40226E+01   0.87759E+03
  234     6.5159  12.9938  -0.29122E+01  -0.60563E+00  -0.56884E+00   0.40222E+01   0.84964E+03
  235     6.5813  13.0050  -0.29337E+01  -0.61093E+00  -0.57414E+00   0.40218E+01   0.82250E+03
  236     6.6472  13.0160  -0.29553E+01  -0.61627E+00  -0.57947E+00   0.40215E+01   0.79593E+03
  237     6.7137  13.0269  -0.29770E+01  -0.62163E+00  -0.58484E+00   0.40211E+01   0.77029E+03
  238     6.7807  13.0377  -0.29988E+01  -0.62702E+00  -0.59023E+00   0.40207E+01   0.74521E+03
  239     6.8484  13.0483  -0.30207E+01  -0.63244E+00  -0.59565E+00   0.40204E+01   0.72084E+03
  240     6.9166  13.0588  -0.30427E+01  -0.63789E+00  -0.60110E+00   0.40200E+01   0.69707E+03
  241     6.9854  13.0691  -0.30647E+01  -0.64338E+00  -0.60659E+00   0.40197E+01   0.67381E+03
  242     7.0549  13.0794  -0.30869E+01  -0.64889E+00  -0.61210E+00   0.40193E+01   0.65118E+03
  243     7.1249  13.0894  -0.31091E+01  -0.65443E+00  -0.61764E+00   0.40190E+01   0.62933E+03
  244     7.1955  13.0994  -0.31314E+01  -0.66000E+00  -0.62321E+00   0.40187E+01   0.60804E+03
  245     7.2668  13.1092  -0.31538E+01  -0.66560E+00  -0.62881E+00   0.40184E+01   0.58727E+03
  246     7.3387  13.1189  -0.31764E+01  -0.67123E+00  -0.63444E+00   0.40181E+01   0.56718E+03
  247     7.4112  13.1285  -0.31990E+01  -0.67689E+00  -0.64010E+00   0.40178E+01   0.54781E+03
  248     7.4843  13.1380  -0.32217E+01  -0.68259E+00  -0.64580E+00   0.40175E+01   0.52891E+03
  249     7.5580  13.1473  -0.32445E+01  -0.68831E+00  -0.65152E+00   0.40172E+01   0.51048E+03
  250     7.6324  13.1565  -0.32673E+01  -0.69407E+00  -0.65728E+00   0.40169E+01   0.49251E+03
  251     7.7075  13.1656  -0.32903E+01  -0.69986E+00  -0.66307E+00   0.40166E+01   0.47517E+03
  252     7.7832  13.1746  -0.33134E+01  -0.70568E+00  -0.66889E+00   0.40163E+01   0.45830E+03
  253     7.8596  13.1834  -0.33366E+01  -0.71153E+00  -0.67474E+00   0.40160E+01   0.44200E+03
  254     7.9366  13.1922  -0.33598E+01  -0.71741E+00  -0.68062E+00   0.40158E+01   0.42608E+03
  255     8.0143  13.2008  -0.33832E+01  -0.72332E+00  -0.68653E+00   0.40155E+01   0.41075E+03
  256     8.0926  13.2093  -0.34066E+01  -0.72927E+00  -0.69248E+00   0.40153E+01   0.39592E+03
  257     8.1717  13.2178  -0.34302E+01  -0.73525E+00  -0.69846E+00   0.40150E+01   0.38140E+03
  258     8.2514  13.2261  -0.34539E+01  -0.74126E+00  -0.70447E+00   0.40148E+01   0.36737E+03
  259     8.3319  13.2343  -0.34776E+01  -0.74730E+00  -0.71051E+00   0.40145E+01   0.35388E+03
  260     8.4130  13.2424  -0.35014E+01  -0.75337E+00  -0.71658E+00   0.40143E+01   0.34074E+03
  261     8.4948  13.2503  -0.35254E+01  -0.75948E+00  -0.72269E+00   0.40140E+01   0.32803E+03
  262     8.5774  13.2582  -0.35494E+01  -0.76562E+00  -0.72883E+00   0.40138E+01   0.31571E+03
  263     8.6606  13.2660  -0.35736E+01  -0.77180E+00  -0.73501E+00   0.40136E+01   0.30382E+03
  264     8.7446  13.2737  -0.35978E+01  -0.77801E+00  -0.74122E+00   0.40134E+01   0.29223E+03
  265     8.8293  13.2813  -0.36222E+01  -0.78425E+00  -0.74746E+00   0.40132E+01   0.28105E+03
  266     8.9148  13.2888  -0.36466E+01  -0.79053E+00  -0.75374E+00   0.40129E+01   0.27024E+03
  267     9.0010  13.2962  -0.36712E+01  -0.79683E+00  -0.76004E+00   0.40127E+01   0.25982E+03
  268     9.0879  13.3035  -0.36958E+01  -0.80318E+00  -0.76639E+00   0.40125E+01   0.24972E+03
  269     9.1756  13.3107  -0.37206E+01  -0.80956E+00  -0.77277E+00   0.40123E+01   0.23972E+03
  270     9.2641  13.3178  -0.37455E+01  -0.81597E+00  -0.77918E+00   0.40121E+01   0.23064E+03
  271     9.3534  13.3248  -0.37704E+01  -0.82241E+00  -0.78562E+00   0.40119E+01   0.22141E+03
  272     9.4434  13.3317  -0.37952E+01  -0.82879E+00  -0.79200E+00   0.40117E+01   0.21271E+03
  273     9.5342  13.3386  -0.38207E+01  -0.83542E+00  -0.79863E+00   0.40116E+01   0.20402E+03
  274     9.6257  13.3453  -0.38460E+01  -0.84197E+00  -0.80518E+00   0.40114E+01   0.19575E+03
  275     9.7181  13.3520  -0.38713E+01  -0.84855E+00  -0.81176E+00   0.40112E+01   0.18792E+03
  276     9.8113  13.3586  -0.38968E+01  -0.85517E+00  -0.81838E+00   0.40110E+01   0.18024E+03
  277     9.9053  13.3651  -0.39224E+01  -0.86183E+00  -0.82504E+00   0.40108E+01   0.17293E+03
  278    10.0001  13.3715  -0.39481E+01  -0.86852E+00  -0.83173E+00   0.40107E+01   0.16578E+03
  279    10.0957  13.3778  -0.39739E+01  -0.87525E+00  -0.83846E+00   0.40105E+01   0.15894E+03
  280    10.1922  13.3841  -0.39999E+01  -0.88202E+00  -0.84523E+00   0.40103E+01   0.15233E+03
  281    10.2895  13.3902  -0.40259E+01  -0.88882E+00  -0.85203E+00   0.40102E+01   0.14592E+03
  282    10.3877  13.3963  -0.40520E+01  -0.89566E+00  -0.85887E+00   0.40100E+01   0.13978E+03
  283    10.4867  13.4023  -0.40783E+01  -0.90253E+00  -0.86574E+00   0.40099E+01   0.13386E+03
  284    10.5865  13.4083  -0.41047E+01  -0.90944E+00  -0.87265E+00   0.40097E+01   0.12817E+03
  285    10.6873  13.4141  -0.41311E+01  -0.91639E+00  -0.87960E+00   0.40096E+01   0.12267E+03
  286    10.7889  13.4199  -0.41577E+01  -0.92338E+00  -0.88659E+00   0.40094E+01   0.11739E+03
  287    10.8914  13.4256  -0.41844E+01  -0.93041E+00  -0.89361E+00   0.40093E+01   0.11229E+03
  288    10.9947  13.4312  -0.42112E+01  -0.93747E+00  -0.90068E+00   0.40091E+01   0.10741E+03
  289    11.0990  13.4368  -0.42382E+01  -0.94457E+00  -0.90778E+00   0.40090E+01   0.10271E+03
  290    11.2042  13.4423  -0.42652E+01  -0.95171E+00  -0.91492E+00   0.40088E+01   0.98178E+02
  291    11.3103  13.4477  -0.42924E+01  -0.95888E+00  -0.92209E+00   0.40087E+01   0.93832E+02
  292    11.4173  13.4530  -0.43197E+01  -0.96610E+00  -0.92931E+00   0.40086E+01   0.89663E+02
  293    11.5253  13.4583  -0.43470E+01  -0.97335E+00  -0.93656E+00   0.40084E+01   0.85645E+02
  294    11.6342  13.4635  -0.43746E+01  -0.98065E+00  -0.94386E+00   0.40083E+01   0.81775E+02
  295    11.7440  13.4687  -0.44022E+01  -0.98797E+00  -0.95118E+00   0.40082E+01   0.78072E+02
  296    11.8548  13.4738  -0.44299E+01  -0.99535E+00  -0.95856E+00   0.40081E+01   0.74522E+02
  297    11.9666  13.4788  -0.44578E+01  -0.10028E+01  -0.96597E+00   0.40079E+01   0.71104E+02
  298    12.0793  13.4837  -0.44858E+01  -0.10102E+01  -0.97343E+00   0.40078E+01   0.67825E+02
  299    12.1930  13.4886  -0.45139E+01  -0.10177E+01  -0.98092E+00   0.40077E+01   0.64692E+02
  300    12.3077  13.4934  -0.45421E+01  -0.10252E+01  -0.98845E+00   0.40076E+01   0.61650E+02
  301    12.4234  13.4982  -0.45705E+01  -0.10328E+01  -0.99603E+00   0.40075E+01   0.58763E+02
  302    12.5401  13.5029  -0.45989E+01  -0.10404E+01  -0.10036E+01   0.40074E+01   0.56009E+02
  303    12.6578  13.5075  -0.46275E+01  -0.10481E+01  -0.10113E+01   0.40073E+01   0.53344E+02
  304    12.7766  13.5121  -0.46563E+01  -0.10558E+01  -0.10190E+01   0.40072E+01   0.50807E+02
  305    12.8963  13.5166  -0.46851E+01  -0.10635E+01  -0.10267E+01   0.40070E+01   0.48375E+02
  306    13.0172  13.5211  -0.47141E+01  -0.10713E+01  -0.10345E+01   0.40069E+01   0.46045E+02
  307    13.1390  13.5255  -0.47432E+01  -0.10791E+01  -0.10423E+01   0.40068E+01   0.43803E+02
  308    13.2619  13.5298  -0.47724E+01  -0.10870E+01  -0.10502E+01   0.40067E+01   0.41664E+02
  309    13.3859  13.5341  -0.48018E+01  -0.10949E+01  -0.10581E+01   0.40066E+01   0.39630E+02
  310    13.5110  13.5383  -0.48312E+01  -0.11028E+01  -0.10660E+01   0.40065E+01   0.37679E+02
  311    13.6372  13.5425  -0.48608E+01  -0.11108E+01  -0.10740E+01   0.40064E+01   0.35806E+02
  312    13.7644  13.5466  -0.48906E+01  -0.11189E+01  -0.10821E+01   0.40064E+01   0.34027E+02
  313    13.8928  13.5507  -0.49204E+01  -0.11269E+01  -0.10901E+01   0.40063E+01   0.32321E+02
  314    14.0223  13.5547  -0.49505E+01  -0.11351E+01  -0.10983E+01   0.40062E+01   0.30682E+02
  315    14.1529  13.5587  -0.49806E+01  -0.11432E+01  -0.11064E+01   0.40061E+01   0.29130E+02
  316    14.2846  13.5626  -0.50108E+01  -0.11514E+01  -0.11146E+01   0.40060E+01   0.27650E+02
  317    14.4175  13.5665  -0.50412E+01  -0.11597E+01  -0.11229E+01   0.40059E+01   0.26234E+02
  318    14.5515  13.5703  -0.50718E+01  -0.11680E+01  -0.11312E+01   0.40058E+01   0.24876E+02
  319    14.6867  13.5741  -0.51024E+01  -0.11763E+01  -0.11395E+01   0.40057E+01   0.23595E+02
  320    14.8231  13.5778  -0.51332E+01  -0.11847E+01  -0.11479E+01   0.40057E+01   0.22362E+02
  321    14.9607  13.5815  -0.51642E+01  -0.11932E+01  -0.11564E+01   0.40056E+01   0.21187E+02
  322    15.0994  13.5851  -0.51952E+01  -0.12016E+01  -0.11648E+01   0.40055E+01   0.20073E+02
  323    15.2394  13.5887  -0.52264E+01  -0.12102E+01  -0.11734E+01   0.40054E+01   0.19007E+02
  324    15.3806  13.5922  -0.52578E+01  -0.12187E+01  -0.11819E+01   0.40053E+01   0.17995E+02
  325    15.5230  13.5957  -0.52893E+01  -0.12274E+01  -0.11906E+01   0.40053E+01   0.17028E+02
  326    15.6666  13.5991  -0.53209E+01  -0.12360E+01  -0.11992E+01   0.40052E+01   0.16108E+02
  327    15.8115  13.6025  -0.53527E+01  -0.12447E+01  -0.12079E+01   0.40051E+01   0.15239E+02
  328    15.9577  13.6059  -0.53846E+01  -0.12535E+01  -0.12167E+01   0.40051E+01   0.14410E+02
  329    16.1051  13.6092  -0.54167E+01  -0.12623E+01  -0.12255E+01   0.40050E+01   0.13620E+02
  330    16.2538  13.6124  -0.54489E+01  -0.12712E+01  -0.12344E+01   0.40049E+01   0.12867E+02
  331    16.4038  13.6157  -0.54812E+01  -0.12801E+01  -0.12433E+01   0.40048E+01   0.12152E+02
  332    16.5551  13.6188  -0.55137E+01  -0.12890E+01  -0.12522E+01   0.40048E+01   0.11478E+02
  333    16.7078  13.6220  -0.55463E+01  -0.12980E+01  -0.12612E+01   0.40047E+01   0.10833E+02
  334    16.8617  13.6251  -0.55791E+01  -0.13071E+01  -0.12703E+01   0.40047E+01   0.10221E+02
  335    17.0170  13.6281  -0.56121E+01  -0.13162E+01  -0.12794E+01   0.40046E+01   0.96454E+01
  336    17.1736  13.6312  -0.56451E+01  -0.13253E+01  -0.12885E+01   0.40045E+01   0.90904E+01
  337    17.3316  13.6342  -0.56784E+01  -0.13345E+01  -0.12977E+01   0.40045E+01   0.85687E+01
  338    17.4910  13.6371  -0.57117E+01  -0.13437E+01  -0.13069E+01   0.40044E+01   0.80775E+01
  339    17.6518  13.6400  -0.57452E+01  -0.13530E+01  -0.13162E+01   0.40043E+01   0.76119E+01
  340    17.8139  13.6429  -0.57789E+01  -0.13624E+01  -0.13256E+01   0.40043E+01   0.71676E+01
  341    17.9775  13.6457  -0.58128E+01  -0.13718E+01  -0.13350E+01   0.40042E+01   0.67495E+01
  342    18.1425  13.6485  -0.58468E+01  -0.13812E+01  -0.13445E+01   0.40042E+01   0.63498E+01
  343    18.3089  13.6513  -0.58809E+01  -0.13908E+01  -0.13540E+01   0.40041E+01   0.59706E+01
  344    18.4768  13.6540  -0.59152E+01  -0.14003E+01  -0.13635E+01   0.40041E+01   0.56161E+01
  345    18.6461  13.6567  -0.59497E+01  -0.14099E+01  -0.13731E+01   0.40040E+01   0.52805E+01
  346    18.8169  13.6593  -0.59843E+01  -0.14196E+01  -0.13828E+01   0.40040E+01   0.49588E+01
  347    18.9892  13.6619  -0.60191E+01  -0.14293E+01  -0.13925E+01   0.40039E+01   0.46611E+01
  348    19.1630  13.6645  -0.60539E+01  -0.14390E+01  -0.14022E+01   0.40038E+01   0.43780E+01
  349    19.3383  13.6671  -0.60891E+01  -0.14489E+01  -0.14121E+01   0.40038E+01   0.41080E+01
  350    19.5151  13.6696  -0.61243E+01  -0.14587E+01  -0.14219E+01   0.40037E+01   0.38582E+01
  351    19.6934  13.6721  -0.61598E+01  -0.14687E+01  -0.14319E+01   0.40037E+01   0.36168E+01
  352    19.8734  13.6745  -0.61953E+01  -0.14786E+01  -0.14419E+01   0.40037E+01   0.33910E+01
  353    20.0548  13.6770  -0.62311E+01  -0.14887E+01  -0.14519E+01   0.40036E+01   0.31790E+01
  354    20.2379  13.6794  -0.62670E+01  -0.14988E+01  -0.14620E+01   0.40036E+01   0.29781E+01
  355    20.4225  13.6817  -0.63031E+01  -0.15089E+01  -0.14721E+01   0.40035E+01   0.27905E+01
  356    20.6088  13.6840  -0.63393E+01  -0.15191E+01  -0.14823E+01   0.40035E+01   0.26124E+01
  357    20.7966  13.6863  -0.63757E+01  -0.15294E+01  -0.14926E+01   0.40034E+01   0.24443E+01
  358    20.9861  13.6886  -0.64123E+01  -0.15397E+01  -0.15029E+01   0.40034E+01   0.22871E+01
  359    21.1773  13.6909  -0.64491E+01  -0.15501E+01  -0.15133E+01   0.40033E+01   0.21383E+01
  360    21.3701  13.6931  -0.64860E+01  -0.15605E+01  -0.15237E+01   0.40033E+01   0.19990E+01
  361    21.5646  13.6953  -0.65231E+01  -0.15710E+01  -0.15342E+01   0.40033E+01   0.18688E+01
  362    21.7607  13.6974  -0.65603E+01  -0.15815E+01  -0.15447E+01   0.40032E+01   0.17450E+01
  363    21.9586  13.6995  -0.65978E+01  -0.15921E+01  -0.15553E+01   0.40032E+01   0.16290E+01
  364    22.1582  13.7016  -0.66354E+01  -0.16028E+01  -0.15660E+01   0.40031E+01   0.15217E+01
  365    22.3596  13.7037  -0.66732E+01  -0.16135E+01  -0.15767E+01   0.40031E+01   0.14193E+01
  366    22.5626  13.7058  -0.67111E+01  -0.16243E+01  -0.15875E+01   0.40031E+01   0.13235E+01
  367    22.7675  13.7078  -0.67493E+01  -0.16351E+01  -0.15984E+01   0.40000E+01   0.12338E+01
  368    22.9741  13.7098  -0.67876E+01  -0.16460E+01  -0.16092E+01   0.40000E+01   0.11507E+01
  369    23.1825  13.7117  -0.68261E+01  -0.16570E+01  -0.16202E+01   0.40000E+01   0.10710E+01
  370    23.3928  13.7137  -0.68649E+01  -0.16680E+01  -0.16312E+01   0.40000E+01   0.99731E+00
  371    23.6049  13.7156  -0.69036E+01  -0.16791E+01  -0.16423E+01   0.40000E+01   0.92751E+00
  372    23.8188  13.7175  -0.69427E+01  -0.16902E+01  -0.16534E+01   0.40000E+01   0.86366E+00
  373    24.0345  13.7194  -0.69819E+01  -0.17014E+01  -0.16646E+01   0.40000E+01   0.80260E+00
  374    24.2522  13.7212  -0.70213E+01  -0.17127E+01  -0.16759E+01   0.40000E+01   0.74750E+00
  375    24.4717  13.7230  -0.70610E+01  -0.17240E+01  -0.16872E+01   0.40000E+01   0.69354E+00
  376    24.6932  13.7248  -0.71008E+01  -0.17354E+01  -0.16986E+01   0.40000E+01   0.64392E+00
  377    24.9166  13.7266  -0.71407E+01  -0.17468E+01  -0.17100E+01   0.40000E+01   0.59779E+00
  378    25.1419  13.7284  -0.71808E+01  -0.17583E+01  -0.17215E+01   0.40000E+01   0.55479E+00
  379    25.3691  13.7301  -0.72213E+01  -0.17699E+01  -0.17331E+01   0.40000E+01   0.51478E+00
  380    25.5984  13.7318  -0.72618E+01  -0.17815E+01  -0.17447E+01   0.40000E+01   0.47704E+00
  381    25.8296  13.7335  -0.73025E+01  -0.17932E+01  -0.17564E+01   0.40000E+01   0.44187E+00
  382    26.0629  13.7351  -0.73434E+01  -0.18050E+01  -0.17682E+01   0.40000E+01   0.40948E+00
  383    26.2982  13.7368  -0.73845E+01  -0.18168E+01  -0.17800E+01   0.40000E+01   0.37912E+00
  384    26.5355  13.7384  -0.74259E+01  -0.18287E+01  -0.17919E+01   0.40000E+01   0.35097E+00
  385    26.7749  13.7400  -0.74674E+01  -0.18407E+01  -0.18039E+01   0.40000E+01   0.32434E+00
  386    27.0164  13.7416  -0.75090E+01  -0.18527E+01  -0.18159E+01   0.40000E+01   0.30005E+00
  387    27.2599  13.7431  -0.75510E+01  -0.18648E+01  -0.18280E+01   0.40000E+01   0.27733E+00
  388    27.5056  13.7447  -0.75931E+01  -0.18769E+01  -0.18401E+01   0.40000E+01   0.25612E+00
  389    27.7534  13.7462  -0.76354E+01  -0.18892E+01  -0.18524E+01   0.40000E+01   0.23664E+00
  390    28.0034  13.7477  -0.76778E+01  -0.19014E+01  -0.18646E+01   0.40000E+01   0.21834E+00
  391    28.2556  13.7492  -0.77206E+01  -0.19138E+01  -0.18770E+01   0.40000E+01   0.20148E+00
  392    28.5099  13.7506  -0.77635E+01  -0.19262E+01  -0.18894E+01   0.40000E+01   0.18557E+00
  393    28.7665  13.7521  -0.78065E+01  -0.19387E+01  -0.19019E+01   0.40000E+01   0.17117E+00
  394    29.0253  13.7535  -0.78498E+01  -0.19512E+01  -0.19145E+01   0.40000E+01   0.15769E+00
  395    29.2863  13.7549  -0.78934E+01  -0.19639E+01  -0.19271E+01   0.40000E+01   0.14521E+00
  396    29.5496  13.7563  -0.79370E+01  -0.19765E+01  -0.19397E+01   0.40000E+01   0.13369E+00
  397    29.8152  13.7577  -0.79809E+01  -0.19893E+01  -0.19525E+01   0.40000E+01   0.12291E+00
  398    30.0831  13.7590  -0.80250E+01  -0.20021E+01  -0.19653E+01   0.40000E+01   0.11307E+00
  399    30.3534  13.7604  -0.80694E+01  -0.20150E+01  -0.19782E+01   0.40000E+01   0.10391E+00
  400    30.6259  13.7617  -0.81139E+01  -0.20280E+01  -0.19912E+01   0.40000E+01   0.95456E-01
