    1     0.0001   0.0014  -0.27582E-04  -0.12943E-05   0.35889E-01   0.58157E+01   0.82214E+04
    2     0.0088   0.1221  -0.32115E-02  -0.33929E-03   0.35551E-01   0.57887E+01   0.11227E+05
    3     0.0176   0.2423  -0.67115E-02  -0.75899E-03   0.35131E-01   0.57628E+01   0.11805E+05
    4     0.0264   0.3621  -0.10374E-01  -0.12161E-02   0.34674E-01   0.57374E+01   0.12194E+05
    5     0.0353   0.4814  -0.14162E-01  -0.16998E-02   0.34190E-01   0.57125E+01   0.12529E+05
    6     0.0443   0.6003  -0.18066E-01  -0.22074E-02   0.33683E-01   0.56879E+01   0.12813E+05
    7     0.0534   0.7188  -0.22069E-01  -0.27345E-02   0.33156E-01   0.56637E+01   0.13058E+05
    8     0.0626   0.8368  -0.26166E-01  -0.32799E-02   0.32610E-01   0.56397E+01   0.13284E+05
    9     0.0718   0.9543  -0.30354E-01  -0.38417E-02   0.32049E-01   0.56160E+01   0.13500E+05
   10     0.0811   1.0713  -0.34629E-01  -0.44200E-02   0.31470E-01   0.55925E+01   0.13699E+05
   11     0.0905   1.1879  -0.38989E-01  -0.50138E-02   0.30876E-01   0.55693E+01   0.13890E+05
   12     0.1000   1.3039  -0.43440E-01  -0.56253E-02   0.30265E-01   0.55464E+01   0.14069E+05
   13     0.1096   1.4195  -0.47963E-01  -0.62483E-02   0.29642E-01   0.55237E+01   0.14242E+05
   14     0.1192   1.5346  -0.52569E-01  -0.68866E-02   0.29004E-01   0.55011E+01   0.14409E+05
   15     0.1290   1.6491  -0.57256E-01  -0.75399E-02   0.28350E-01   0.54788E+01   0.14567E+05
   16     0.1388   1.7632  -0.62022E-01  -0.82075E-02   0.27683E-01   0.54568E+01   0.14724E+05
   17     0.1487   1.8767  -0.66869E-01  -0.88896E-02   0.27001E-01   0.54349E+01   0.14871E+05
   18     0.1587   1.9897  -0.71794E-01  -0.95866E-02   0.26304E-01   0.54133E+01   0.15018E+05
   19     0.1687   2.1021  -0.76799E-01  -0.10298E-01   0.25592E-01   0.53919E+01   0.15158E+05
   20     0.1789   2.2140  -0.81882E-01  -0.11024E-01   0.24867E-01   0.53707E+01   0.15291E+05
   21     0.1891   2.3254  -0.87044E-01  -0.11764E-01   0.24126E-01   0.53496E+01   0.15424E+05
   22     0.1995   2.4362  -0.92285E-01  -0.12520E-01   0.23371E-01   0.53288E+01   0.15549E+05
   23     0.2099   2.5465  -0.97603E-01  -0.13289E-01   0.22601E-01   0.53083E+01   0.15671E+05
   24     0.2204   2.6562  -0.10300E+00  -0.14074E-01   0.21817E-01   0.52879E+01   0.15789E+05
   25     0.2310   2.7653  -0.10848E+00  -0.14873E-01   0.21017E-01   0.52677E+01   0.15903E+05
   26     0.2417   2.8738  -0.11403E+00  -0.15688E-01   0.20203E-01   0.52477E+01   0.16014E+05
   27     0.2525   2.9818  -0.11966E+00  -0.16517E-01   0.19373E-01   0.52279E+01   0.16118E+05
   28     0.2634   3.0892  -0.12537E+00  -0.17362E-01   0.18528E-01   0.52083E+01   0.16220E+05
   29     0.2744   3.1959  -0.13117E+00  -0.18223E-01   0.17667E-01   0.51890E+01   0.16318E+05
   30     0.2855   3.3021  -0.13703E+00  -0.19099E-01   0.16792E-01   0.51698E+01   0.16413E+05
   31     0.2967   3.4077  -0.14298E+00  -0.19989E-01   0.15901E-01   0.51508E+01   0.16502E+05
   32     0.3079   3.5127  -0.14900E+00  -0.20896E-01   0.14995E-01   0.51320E+01   0.16588E+05
   33     0.3193   3.6170  -0.15507E+00  -0.21807E-01   0.14083E-01   0.51134E+01   0.16673E+05
   34     0.3308   3.7207  -0.16125E+00  -0.22744E-01   0.13146E-01   0.50950E+01   0.16752E+05
   35     0.3423   3.8238  -0.16751E+00  -0.23696E-01   0.12194E-01   0.50768E+01   0.16824E+05
   36     0.3540   3.9263  -0.17384E+00  -0.24664E-01   0.11227E-01   0.50588E+01   0.16896E+05
   37     0.3658   4.0281  -0.18025E+00  -0.25647E-01   0.10244E-01   0.50410E+01   0.16964E+05
   38     0.3777   4.1293  -0.18674E+00  -0.26645E-01   0.92448E-02   0.50234E+01   0.17027E+05
   39     0.3896   4.2299  -0.19331E+00  -0.27660E-01   0.82300E-02   0.50061E+01   0.17088E+05
   40     0.4017   4.3298  -0.19995E+00  -0.28692E-01   0.71988E-02   0.49888E+01   0.17144E+05
   41     0.4139   4.4291  -0.20667E+00  -0.29739E-01   0.61515E-02   0.49719E+01   0.17198E+05
   42     0.4262   4.5276  -0.21348E+00  -0.30803E-01   0.50871E-02   0.49551E+01   0.17248E+05
   43     0.4386   4.6256  -0.22036E+00  -0.31884E-01   0.40064E-02   0.49385E+01   0.17293E+05
   44     0.4511   4.7229  -0.22732E+00  -0.32982E-01   0.29086E-02   0.49221E+01   0.17336E+05
   45     0.4637   4.8195  -0.23437E+00  -0.34097E-01   0.17937E-02   0.49059E+01   0.17376E+05
   46     0.4764   4.9154  -0.24149E+00  -0.35229E-01   0.66114E-03   0.48899E+01   0.17413E+05
   47     0.4893   5.0106  -0.24870E+00  -0.36379E-01  -0.48891E-03   0.48741E+01   0.17446E+05
   48     0.5022   5.1052  -0.25598E+00  -0.37546E-01  -0.16560E-02   0.48586E+01   0.17475E+05
   49     0.5153   5.1991  -0.26335E+00  -0.38732E-01  -0.28416E-02   0.48432E+01   0.17500E+05
   50     0.5285   5.2923  -0.27080E+00  -0.39934E-01  -0.40441E-02   0.48280E+01   0.17524E+05
   51     0.5417   5.3849  -0.27832E+00  -0.41155E-01  -0.52648E-02   0.48130E+01   0.17542E+05
   52     0.5552   5.4767  -0.28593E+00  -0.42394E-01  -0.65032E-02   0.47983E+01   0.17557E+05
   53     0.5687   5.5679  -0.29362E+00  -0.43650E-01  -0.77600E-02   0.47837E+01   0.17571E+05
   54     0.5823   5.6583  -0.30140E+00  -0.44925E-01  -0.90348E-02   0.47693E+01   0.17577E+05
   55     0.5961   5.7481  -0.30925E+00  -0.46219E-01  -0.10328E-01   0.47551E+01   0.17582E+05
   56     0.6099   5.8371  -0.31719E+00  -0.47531E-01  -0.11641E-01   0.47412E+01   0.17582E+05
   57     0.6239   5.9255  -0.32521E+00  -0.48863E-01  -0.12972E-01   0.47274E+01   0.17575E+05
   58     0.6381   6.0132  -0.33331E+00  -0.50213E-01  -0.14323E-01   0.47138E+01   0.17567E+05
   59     0.6523   6.1001  -0.34150E+00  -0.51582E-01  -0.15692E-01   0.47004E+01   0.17556E+05
   60     0.6667   6.1864  -0.34977E+00  -0.52970E-01  -0.17080E-01   0.46873E+01   0.17539E+05
   61     0.6812   6.2719  -0.35811E+00  -0.54377E-01  -0.18487E-01   0.46743E+01   0.17520E+05
   62     0.6958   6.3568  -0.36654E+00  -0.55803E-01  -0.19912E-01   0.46615E+01   0.17497E+05
   63     0.7105   6.4409  -0.37506E+00  -0.57249E-01  -0.21358E-01   0.46489E+01   0.17471E+05
   64     0.7254   6.5244  -0.38365E+00  -0.58713E-01  -0.22822E-01   0.46365E+01   0.17438E+05
   65     0.7404   6.6071  -0.39230E+00  -0.60187E-01  -0.24297E-01   0.46242E+01   0.17405E+05
   66     0.7555   6.6891  -0.40104E+00  -0.61682E-01  -0.25792E-01   0.46122E+01   0.17366E+05
   67     0.7708   6.7704  -0.40987E+00  -0.63201E-01  -0.27311E-01   0.46004E+01   0.17324E+05
   68     0.7862   6.8511  -0.41878E+00  -0.64738E-01  -0.28848E-01   0.45887E+01   0.17278E+05
   69     0.8017   6.9310  -0.42777E+00  -0.66295E-01  -0.30404E-01   0.45773E+01   0.17228E+05
   70     0.8174   7.0102  -0.43683E+00  -0.67870E-01  -0.31980E-01   0.45660E+01   0.17175E+05
   71     0.8332   7.0886  -0.44598E+00  -0.69465E-01  -0.33574E-01   0.45549E+01   0.17117E+05
   72     0.8491   7.1664  -0.45521E+00  -0.71079E-01  -0.35188E-01   0.45440E+01   0.17067E+05
   73     0.8652   7.2435  -0.46452E+00  -0.72712E-01  -0.36821E-01   0.45332E+01   0.17017E+05
   74     0.8814   7.3199  -0.47391E+00  -0.74364E-01  -0.38473E-01   0.45227E+01   0.16939E+05
   75     0.8977   7.3956  -0.48338E+00  -0.76035E-01  -0.40145E-01   0.45123E+01   0.16869E+05
   76     0.9142   7.4705  -0.49292E+00  -0.77725E-01  -0.41834E-01   0.45020E+01   0.16800E+05
   77     0.9309   7.5448  -0.50254E+00  -0.79434E-01  -0.43544E-01   0.44920E+01   0.16726E+05
   78     0.9477   7.6184  -0.51224E+00  -0.81162E-01  -0.45272E-01   0.44821E+01   0.16650E+05
   79     0.9646   7.6913  -0.52202E+00  -0.82910E-01  -0.47020E-01   0.44724E+01   0.16570E+05
   80     0.9817   7.7635  -0.53199E+00  -0.84711E-01  -0.48821E-01   0.44630E+01   0.16485E+05
   81     0.9989   7.8350  -0.54188E+00  -0.86485E-01  -0.50594E-01   0.44536E+01   0.16403E+05
   82     1.0163   7.9058  -0.55184E+00  -0.88274E-01  -0.52383E-01   0.44443E+01   0.16317E+05
   83     1.0338   7.9759  -0.56197E+00  -0.90109E-01  -0.54219E-01   0.44354E+01   0.16226E+05
   84     1.0515   8.0453  -0.57215E+00  -0.91957E-01  -0.56067E-01   0.44265E+01   0.16132E+05
   85     1.0693   8.1141  -0.58241E+00  -0.93827E-01  -0.57936E-01   0.44178E+01   0.16038E+05
   86     1.0873   8.1821  -0.59275E+00  -0.95716E-01  -0.59825E-01   0.44093E+01   0.15925E+05
   87     1.1055   8.2495  -0.60317E+00  -0.97625E-01  -0.61734E-01   0.44009E+01   0.15833E+05
   88     1.1238   8.3162  -0.61366E+00  -0.99553E-01  -0.63662E-01   0.43927E+01   0.15734E+05
   89     1.1423   8.3823  -0.62424E+00  -0.10150E+00  -0.65611E-01   0.43847E+01   0.15626E+05
   90     1.1609   8.4477  -0.63489E+00  -0.10347E+00  -0.67578E-01   0.43767E+01   0.15519E+05
   91     1.1797   8.5124  -0.64561E+00  -0.10546E+00  -0.69565E-01   0.43690E+01   0.15408E+05
   92     1.1986   8.5764  -0.65642E+00  -0.10746E+00  -0.71573E-01   0.43614E+01   0.15295E+05
   93     1.2177   8.6398  -0.66730E+00  -0.10949E+00  -0.73600E-01   0.43539E+01   0.15180E+05
   94     1.2370   8.7025  -0.67825E+00  -0.11154E+00  -0.75648E-01   0.43466E+01   0.15064E+05
   95     1.2565   8.7646  -0.68929E+00  -0.11361E+00  -0.77716E-01   0.43394E+01   0.14946E+05
   96     1.2761   8.8260  -0.70040E+00  -0.11569E+00  -0.79804E-01   0.43323E+01   0.14826E+05
   97     1.2959   8.8868  -0.71159E+00  -0.11780E+00  -0.81913E-01   0.43254E+01   0.14706E+05
   98     1.3158   8.9469  -0.72286E+00  -0.11993E+00  -0.84043E-01   0.43187E+01   0.14583E+05
   99     1.3360   9.0065  -0.73420E+00  -0.12208E+00  -0.86192E-01   0.43120E+01   0.14458E+05
  100     1.3563   9.0653  -0.74562E+00  -0.12425E+00  -0.88362E-01   0.43055E+01   0.14331E+05
  101     1.3767   9.1236  -0.75712E+00  -0.12644E+00  -0.90553E-01   0.42991E+01   0.14203E+05
  102     1.3974   9.1812  -0.76869E+00  -0.12866E+00  -0.92765E-01   0.42929E+01   0.14072E+05
  103     1.4183   9.2382  -0.78035E+00  -0.13089E+00  -0.94998E-01   0.42868E+01   0.13939E+05
  104     1.4393   9.2945  -0.79208E+00  -0.13314E+00  -0.97253E-01   0.42808E+01   0.13805E+05
  105     1.4605   9.3503  -0.80388E+00  -0.13542E+00  -0.99527E-01   0.42749E+01   0.13670E+05
  106     1.4819   9.4054  -0.81576E+00  -0.13771E+00  -0.10182E+00   0.42692E+01   0.13534E+05
  107     1.5035   9.4600  -0.82771E+00  -0.14002E+00  -0.10413E+00   0.42636E+01   0.13397E+05
  108     1.5252   9.5139  -0.83972E+00  -0.14235E+00  -0.10646E+00   0.42580E+01   0.13260E+05
  109     1.5472   9.5673  -0.85182E+00  -0.14471E+00  -0.10882E+00   0.42526E+01   0.13121E+05
  110     1.5693   9.6200  -0.86398E+00  -0.14708E+00  -0.11119E+00   0.42473E+01   0.12982E+05
  111     1.5917   9.6722  -0.87622E+00  -0.14947E+00  -0.11358E+00   0.42422E+01   0.12843E+05
  112     1.6142   9.7238  -0.88854E+00  -0.15188E+00  -0.11599E+00   0.42371E+01   0.12703E+05
  113     1.6369   9.7748  -0.90093E+00  -0.15432E+00  -0.11843E+00   0.42321E+01   0.12563E+05
  114     1.6598   9.8252  -0.91341E+00  -0.15678E+00  -0.12089E+00   0.42273E+01   0.12421E+05
  115     1.6830   9.8751  -0.92596E+00  -0.15926E+00  -0.12337E+00   0.42225E+01   0.12279E+05
  116     1.7063   9.9244  -0.93859E+00  -0.16176E+00  -0.12587E+00   0.42178E+01   0.12136E+05
  117     1.7298   9.9731  -0.95129E+00  -0.16429E+00  -0.12840E+00   0.42133E+01   0.11992E+05
  118     1.7536  10.0213  -0.96406E+00  -0.16683E+00  -0.13094E+00   0.42088E+01   0.11846E+05
  119     1.7775  10.0689  -0.97691E+00  -0.16939E+00  -0.13350E+00   0.42044E+01   0.11700E+05
  120     1.8016  10.1160  -0.98982E+00  -0.17198E+00  -0.13609E+00   0.42002E+01   0.11553E+05
  121     1.8260  10.1626  -0.10028E+01  -0.17458E+00  -0.13869E+00   0.41960E+01   0.11406E+05
  122     1.8506  10.2086  -0.10159E+01  -0.17720E+00  -0.14131E+00   0.41919E+01   0.11260E+05
  123     1.8753  10.2541  -0.10290E+01  -0.17985E+00  -0.14396E+00   0.41879E+01   0.11114E+05
  124     1.9003  10.2990  -0.10422E+01  -0.18251E+00  -0.14662E+00   0.41839E+01   0.10969E+05
  125     1.9256  10.3434  -0.10555E+01  -0.18519E+00  -0.14930E+00   0.41801E+01   0.10824E+05
  126     1.9510  10.3873  -0.10688E+01  -0.18790E+00  -0.15201E+00   0.41764E+01   0.10679E+05
  127     1.9766  10.4307  -0.10822E+01  -0.19063E+00  -0.15474E+00   0.41727E+01   0.10535E+05
  128     2.0025  10.4736  -0.10957E+01  -0.19338E+00  -0.15749E+00   0.41691E+01   0.10391E+05
  129     2.0286  10.5160  -0.11093E+01  -0.19615E+00  -0.16026E+00   0.41656E+01   0.10246E+05
  130     2.0550  10.5579  -0.11229E+01  -0.19895E+00  -0.16306E+00   0.41621E+01   0.10103E+05
  131     2.0815  10.5993  -0.11367E+01  -0.20176E+00  -0.16587E+00   0.41588E+01   0.99588E+04
  132     2.1083  10.6402  -0.11504E+01  -0.20460E+00  -0.16871E+00   0.41555E+01   0.98147E+04
  133     2.1353  10.6806  -0.11643E+01  -0.20746E+00  -0.17157E+00   0.41523E+01   0.96709E+04
  134     2.1626  10.7205  -0.11782E+01  -0.21034E+00  -0.17445E+00   0.41491E+01   0.95263E+04
  135     2.1901  10.7600  -0.11922E+01  -0.21324E+00  -0.17735E+00   0.41460E+01   0.93826E+04
  136     2.2178  10.7990  -0.12063E+01  -0.21617E+00  -0.18028E+00   0.41430E+01   0.92392E+04
  137     2.2458  10.8375  -0.12205E+01  -0.21911E+00  -0.18322E+00   0.41401E+01   0.90970E+04
  138     2.2740  10.8756  -0.12347E+01  -0.22207E+00  -0.18618E+00   0.41372E+01   0.89557E+04
  139     2.3025  10.9132  -0.12490E+01  -0.22506E+00  -0.18917E+00   0.41344E+01   0.88143E+04
  140     2.3312  10.9504  -0.12633E+01  -0.22806E+00  -0.19217E+00   0.41316E+01   0.86723E+04
  141     2.3602  10.9871  -0.12778E+01  -0.23109E+00  -0.19520E+00   0.41289E+01   0.85338E+04
  142     2.3894  11.0234  -0.12923E+01  -0.23414E+00  -0.19825E+00   0.41262E+01   0.83965E+04
  143     2.4188  11.0592  -0.13068E+01  -0.23721E+00  -0.20132E+00   0.41237E+01   0.82606E+04
  144     2.4486  11.0946  -0.13215E+01  -0.24030E+00  -0.20441E+00   0.41211E+01   0.81251E+04
  145     2.4785  11.1296  -0.13362E+01  -0.24341E+00  -0.20752E+00   0.41186E+01   0.79908E+04
  146     2.5088  11.1641  -0.13509E+01  -0.24655E+00  -0.21066E+00   0.41162E+01   0.78562E+04
  147     2.5393  11.1982  -0.13658E+01  -0.24971E+00  -0.21382E+00   0.41139E+01   0.77224E+04
  148     2.5701  11.2320  -0.13808E+01  -0.25290E+00  -0.21701E+00   0.41115E+01   0.75899E+04
  149     2.6011  11.2653  -0.13958E+01  -0.25610E+00  -0.22021E+00   0.41093E+01   0.74601E+04
  150     2.6324  11.2982  -0.14109E+01  -0.25933E+00  -0.22344E+00   0.41071E+01   0.73289E+04
  151     2.6640  11.3306  -0.14260E+01  -0.26258E+00  -0.22669E+00   0.41049E+01   0.71983E+04
  152     2.6958  11.3627  -0.14412E+01  -0.26584E+00  -0.22995E+00   0.41028E+01   0.70688E+04
  153     2.7280  11.3944  -0.14565E+01  -0.26913E+00  -0.23324E+00   0.41007E+01   0.69411E+04
  154     2.7604  11.4258  -0.14719E+01  -0.27245E+00  -0.23656E+00   0.40987E+01   0.68148E+04
  155     2.7931  11.4567  -0.14873E+01  -0.27578E+00  -0.23989E+00   0.40967E+01   0.66896E+04
  156     2.8260  11.4872  -0.15028E+01  -0.27914E+00  -0.24325E+00   0.40947E+01   0.65661E+04
  157     2.8593  11.5174  -0.15184E+01  -0.28252E+00  -0.24663E+00   0.40928E+01   0.64435E+04
  158     2.8929  11.5472  -0.15340E+01  -0.28592E+00  -0.25003E+00   0.40910E+01   0.63221E+04
  159     2.9267  11.5766  -0.15498E+01  -0.28935E+00  -0.25346E+00   0.40892E+01   0.62020E+04
  160     2.9608  11.6057  -0.15656E+01  -0.29280E+00  -0.25691E+00   0.40874E+01   0.60829E+04
  161     2.9953  11.6344  -0.15814E+01  -0.29627E+00  -0.26038E+00   0.40857E+01   0.59650E+04
  162     3.0300  11.6628  -0.15974E+01  -0.29976E+00  -0.26387E+00   0.40840E+01   0.58484E+04
  163     3.0651  11.6908  -0.16134E+01  -0.30327E+00  -0.26738E+00   0.40823E+01   0.57329E+04
  164     3.1004  11.7184  -0.16295E+01  -0.30681E+00  -0.27092E+00   0.40807E+01   0.56188E+04
  165     3.1360  11.7458  -0.16456E+01  -0.31037E+00  -0.27448E+00   0.40791E+01   0.55065E+04
  166     3.1720  11.7727  -0.16618E+01  -0.31395E+00  -0.27806E+00   0.40775E+01   0.53958E+04
  167     3.2083  11.7994  -0.16781E+01  -0.31755E+00  -0.28166E+00   0.40760E+01   0.52862E+04
  168     3.2449  11.8257  -0.16945E+01  -0.32118E+00  -0.28529E+00   0.40745E+01   0.51782E+04
  169     3.2818  11.8517  -0.17109E+01  -0.32483E+00  -0.28894E+00   0.40730E+01   0.50711E+04
  170     3.3190  11.8773  -0.17275E+01  -0.32851E+00  -0.29262E+00   0.40716E+01   0.49650E+04
  171     3.3565  11.9026  -0.17441E+01  -0.33221E+00  -0.29632E+00   0.40702E+01   0.48605E+04
  172     3.3944  11.9277  -0.17607E+01  -0.33593E+00  -0.30004E+00   0.40688E+01   0.47574E+04
  173     3.4326  11.9524  -0.17775E+01  -0.33968E+00  -0.30379E+00   0.40675E+01   0.46554E+04
  174     3.4712  11.9768  -0.17943E+01  -0.34344E+00  -0.30755E+00   0.40662E+01   0.45549E+04
  175     3.5100  12.0009  -0.18111E+01  -0.34723E+00  -0.31134E+00   0.40649E+01   0.44562E+04
  176     3.5492  12.0246  -0.18281E+01  -0.35104E+00  -0.31515E+00   0.40636E+01   0.43589E+04
  177     3.5888  12.0481  -0.18451E+01  -0.35488E+00  -0.31899E+00   0.40624E+01   0.42631E+04
  178     3.6287  12.0713  -0.18622E+01  -0.35874E+00  -0.32285E+00   0.40612E+01   0.41690E+04
  179     3.6689  12.0942  -0.18794E+01  -0.36262E+00  -0.32673E+00   0.40600E+01   0.40761E+04
  180     3.7095  12.1169  -0.18966E+01  -0.36653E+00  -0.33064E+00   0.40589E+01   0.39846E+04
  181     3.7505  12.1392  -0.19139E+01  -0.37046E+00  -0.33457E+00   0.40577E+01   0.38941E+04
  182     3.7918  12.1612  -0.19313E+01  -0.37442E+00  -0.33853E+00   0.40566E+01   0.38049E+04
  183     3.8334  12.1830  -0.19488E+01  -0.37840E+00  -0.34251E+00   0.40555E+01   0.37167E+04
  184     3.8754  12.2045  -0.19663E+01  -0.38241E+00  -0.34652E+00   0.40545E+01   0.36304E+04
  185     3.9178  12.2257  -0.19840E+01  -0.38643E+00  -0.35054E+00   0.40534E+01   0.35452E+04
  186     3.9606  12.2467  -0.20016E+01  -0.39048E+00  -0.35459E+00   0.40524E+01   0.34618E+04
  187     4.0037  12.2674  -0.20194E+01  -0.39455E+00  -0.35866E+00   0.40514E+01   0.33796E+04
  188     4.0472  12.2878  -0.20372E+01  -0.39865E+00  -0.36276E+00   0.40505E+01   0.32991E+04
  189     4.0911  12.3080  -0.20551E+01  -0.40277E+00  -0.36688E+00   0.40495E+01   0.32200E+04
  190     4.1353  12.3279  -0.20731E+01  -0.40692E+00  -0.37103E+00   0.40486E+01   0.31426E+04
  191     4.1800  12.3476  -0.20912E+01  -0.41109E+00  -0.37520E+00   0.40477E+01   0.30662E+04
  192     4.2250  12.3670  -0.21094E+01  -0.41529E+00  -0.37940E+00   0.40468E+01   0.29911E+04
  193     4.2705  12.3862  -0.21276E+01  -0.41951E+00  -0.38362E+00   0.40459E+01   0.29170E+04
  194     4.3163  12.4051  -0.21459E+01  -0.42376E+00  -0.38787E+00   0.40450E+01   0.28445E+04
  195     4.3625  12.4238  -0.21642E+01  -0.42803E+00  -0.39214E+00   0.40442E+01   0.27730E+04
  196     4.4091  12.4423  -0.21827E+01  -0.43233E+00  -0.39644E+00   0.40434E+01   0.27026E+04
  197     4.4561  12.4605  -0.22012E+01  -0.43665E+00  -0.40076E+00   0.40426E+01   0.26334E+04
  198     4.5036  12.4785  -0.22198E+01  -0.44100E+00  -0.40511E+00   0.40418E+01   0.25656E+04
  199     4.5514  12.4962  -0.22385E+01  -0.44536E+00  -0.40947E+00   0.40410E+01   0.24995E+04
  200     4.5997  12.5138  -0.22572E+01  -0.44975E+00  -0.41386E+00   0.40402E+01   0.24348E+04
  201     4.6484  12.5311  -0.22760E+01  -0.45417E+00  -0.41828E+00   0.40395E+01   0.23716E+04
  202     4.6975  12.5482  -0.22949E+01  -0.45861E+00  -0.42272E+00   0.40388E+01   0.23098E+04
  203     4.7470  12.5650  -0.23139E+01  -0.46308E+00  -0.42719E+00   0.40380E+01   0.22492E+04
  204     4.7970  12.5817  -0.23330E+01  -0.46758E+00  -0.43169E+00   0.40374E+01   0.21896E+04
  205     4.8474  12.5981  -0.23522E+01  -0.47211E+00  -0.43622E+00   0.40367E+01   0.21311E+04
  206     4.8982  12.6144  -0.23714E+01  -0.47667E+00  -0.44078E+00   0.40360E+01   0.20734E+04
  207     4.9495  12.6304  -0.23907E+01  -0.48125E+00  -0.44536E+00   0.40354E+01   0.20165E+04
  208     5.0012  12.6462  -0.24101E+01  -0.48585E+00  -0.44996E+00   0.40347E+01   0.19609E+04
  209     5.0534  12.6619  -0.24296E+01  -0.49047E+00  -0.45458E+00   0.40341E+01   0.19068E+04
  210     5.1060  12.6773  -0.24491E+01  -0.49512E+00  -0.45923E+00   0.40335E+01   0.18541E+04
  211     5.1591  12.6925  -0.24687E+01  -0.49979E+00  -0.46390E+00   0.40329E+01   0.18023E+04
  212     5.2126  12.7076  -0.24884E+01  -0.50450E+00  -0.46861E+00   0.40323E+01   0.17518E+04
  213     5.2667  12.7224  -0.25082E+01  -0.50923E+00  -0.47334E+00   0.40317E+01   0.17026E+04
  214     5.3211  12.7371  -0.25280E+01  -0.51399E+00  -0.47810E+00   0.40311E+01   0.16545E+04
  215     5.3761  12.7515  -0.25480E+01  -0.51877E+00  -0.48288E+00   0.40306E+01   0.16071E+04
  216     5.4315  12.7658  -0.25680E+01  -0.52358E+00  -0.48769E+00   0.40300E+01   0.15608E+04
  217     5.4874  12.7799  -0.25881E+01  -0.52842E+00  -0.49253E+00   0.40295E+01   0.15156E+04
  218     5.5438  12.7938  -0.26083E+01  -0.53329E+00  -0.49740E+00   0.40289E+01   0.14715E+04
  219     5.6007  12.8076  -0.26285E+01  -0.53817E+00  -0.50228E+00   0.40284E+01   0.14284E+04
  220     5.6581  12.8211  -0.26489E+01  -0.54309E+00  -0.50720E+00   0.40279E+01   0.13863E+04
  221     5.7160  12.8345  -0.26693E+01  -0.54804E+00  -0.51215E+00   0.40274E+01   0.13453E+04
  222     5.7744  12.8477  -0.26898E+01  -0.55302E+00  -0.51713E+00   0.40269E+01   0.13051E+04
  223     5.8333  12.8608  -0.27105E+01  -0.55802E+00  -0.52213E+00   0.40265E+01   0.12658E+04
  224     5.8927  12.8737  -0.27311E+01  -0.56305E+00  -0.52716E+00   0.40260E+01   0.12275E+04
  225     5.9526  12.8864  -0.27519E+01  -0.56810E+00  -0.53221E+00   0.40256E+01   0.11901E+04
  226     6.0131  12.8990  -0.27728E+01  -0.57319E+00  -0.53730E+00   0.40251E+01   0.11536E+04
  227     6.0740  12.9114  -0.27937E+01  -0.57830E+00  -0.54241E+00   0.40247E+01   0.11181E+04
  228     6.1355  12.9236  -0.28147E+01  -0.58344E+00  -0.54755E+00   0.40242E+01   0.10836E+04
  229     6.1976  12.9357  -0.28358E+01  -0.58861E+00  -0.55272E+00   0.40238E+01   0.10499E+04
  230     6.2602  12.9476  -0.28570E+01  -0.59380E+00  -0.55791E+00   0.40234E+01   0.10170E+04
  231     6.3233  12.9594  -0.28783E+01  -0.59903E+00  -0.56314E+00   0.40230E+01   0.98490E+03
  232     6.3869  12.9710  -0.28997E+01  -0.60429E+00  -0.56840E+00   0.40226E+01   0.95370E+03
  233     6.4512  12.9825  -0.29211E+01  -0.60957E+00  -0.57368E+00   0.40222E+01   0.92309E+03
  234     6.5159  12.9938  -0.29427E+01  -0.61488E+00  -0.57899E+00   0.40218E+01   0.89342E+03
  235     6.5813  13.0050  -0.29643E+01  -0.62022E+00  -0.58433E+00   0.40215E+01   0.86455E+03
  236     6.6472  13.0160  -0.29860E+01  -0.62559E+00  -0.58970E+00   0.40211E+01   0.83638E+03
  237     6.7137  13.0269  -0.30078E+01  -0.63099E+00  -0.59510E+00   0.40207E+01   0.80916E+03
  238     6.7807  13.0377  -0.30297E+01  -0.63641E+00  -0.60052E+00   0.40204E+01   0.78258E+03
  239     6.8484  13.0483  -0.30517E+01  -0.64187E+00  -0.60598E+00   0.40200E+01   0.75677E+03
  240     6.9166  13.0588  -0.30738E+01  -0.64736E+00  -0.61147E+00   0.40197E+01   0.73170E+03
  241     6.9854  13.0691  -0.30959E+01  -0.65288E+00  -0.61699E+00   0.40193E+01   0.70717E+03
  242     7.0549  13.0794  -0.31182E+01  -0.65843E+00  -0.62254E+00   0.40190E+01   0.68322E+03
  243     7.1249  13.0894  -0.31405E+01  -0.66401E+00  -0.62812E+00   0.40187E+01   0.65999E+03
  244     7.1955  13.0994  -0.31630E+01  -0.66962E+00  -0.63373E+00   0.40184E+01   0.63757E+03
  245     7.2668  13.1092  -0.31855E+01  -0.67525E+00  -0.63936E+00   0.40181E+01   0.61559E+03
  246     7.3387  13.1189  -0.32081E+01  -0.68091E+00  -0.64502E+00   0.40178E+01   0.59434E+03
  247     7.4112  13.1285  -0.32308E+01  -0.68661E+00  -0.65072E+00   0.40175E+01   0.57379E+03
  248     7.4843  13.1380  -0.32536E+01  -0.69234E+00  -0.65645E+00   0.40172E+01   0.55381E+03
  249     7.5580  13.1473  -0.32765E+01  -0.69810E+00  -0.66221E+00   0.40169E+01   0.53454E+03
  250     7.6324  13.1565  -0.32995E+01  -0.70389E+00  -0.66800E+00   0.40166E+01   0.51562E+03
  251     7.7075  13.1656  -0.33226E+01  -0.70972E+00  -0.67383E+00   0.40163E+01   0.49725E+03
  252     7.7832  13.1746  -0.33458E+01  -0.71558E+00  -0.67969E+00   0.40161E+01   0.47946E+03
  253     7.8596  13.1834  -0.33691E+01  -0.72146E+00  -0.68557E+00   0.40158E+01   0.46225E+03
  254     7.9366  13.1922  -0.33924E+01  -0.72737E+00  -0.69148E+00   0.40155E+01   0.44558E+03
  255     8.0143  13.2008  -0.34159E+01  -0.73332E+00  -0.69743E+00   0.40153E+01   0.42934E+03
  256     8.0926  13.2093  -0.34394E+01  -0.73930E+00  -0.70341E+00   0.40150E+01   0.41371E+03
  257     8.1717  13.2178  -0.34631E+01  -0.74532E+00  -0.70943E+00   0.40148E+01   0.39849E+03
  258     8.2514  13.2261  -0.34869E+01  -0.75136E+00  -0.71547E+00   0.40145E+01   0.38372E+03
  259     8.3319  13.2343  -0.35107E+01  -0.75744E+00  -0.72155E+00   0.40143E+01   0.36951E+03
  260     8.4130  13.2424  -0.35347E+01  -0.76355E+00  -0.72766E+00   0.40141E+01   0.35569E+03
  261     8.4948  13.2503  -0.35587E+01  -0.76969E+00  -0.73380E+00   0.40138E+01   0.34233E+03
  262     8.5774  13.2582  -0.35828E+01  -0.77586E+00  -0.73997E+00   0.40136E+01   0.32940E+03
  263     8.6606  13.2660  -0.36071E+01  -0.78207E+00  -0.74618E+00   0.40134E+01   0.31688E+03
  264     8.7446  13.2737  -0.36315E+01  -0.78832E+00  -0.75243E+00   0.40132E+01   0.30477E+03
  265     8.8293  13.2813  -0.36559E+01  -0.79460E+00  -0.75870E+00   0.40130E+01   0.29301E+03
  266     8.9148  13.2888  -0.36805E+01  -0.80091E+00  -0.76502E+00   0.40128E+01   0.28166E+03
  267     9.0010  13.2962  -0.37051E+01  -0.80725E+00  -0.77136E+00   0.40126E+01   0.27072E+03
  268     9.0879  13.3035  -0.37299E+01  -0.81362E+00  -0.77773E+00   0.40124E+01   0.26014E+03
  269     9.1756  13.3107  -0.37547E+01  -0.82003E+00  -0.78414E+00   0.40122E+01   0.24987E+03
  270     9.2641  13.3178  -0.37797E+01  -0.82648E+00  -0.79059E+00   0.40120E+01   0.23927E+03
  271     9.3534  13.3248  -0.38048E+01  -0.83297E+00  -0.79708E+00   0.40118E+01   0.23043E+03
  272     9.4434  13.3317  -0.38300E+01  -0.83949E+00  -0.80360E+00   0.40116E+01   0.22121E+03
  273     9.5342  13.3386  -0.38549E+01  -0.84594E+00  -0.81005E+00   0.40114E+01   0.21243E+03
  274     9.6257  13.3453  -0.38806E+01  -0.85261E+00  -0.81672E+00   0.40112E+01   0.20370E+03
  275     9.7181  13.3520  -0.39061E+01  -0.85923E+00  -0.82334E+00   0.40110E+01   0.19588E+03
  276     9.8113  13.3586  -0.39317E+01  -0.86589E+00  -0.83000E+00   0.40109E+01   0.18737E+03
  277     9.9053  13.3651  -0.39574E+01  -0.87258E+00  -0.83669E+00   0.40107E+01   0.17969E+03
  278    10.0001  13.3715  -0.39832E+01  -0.87930E+00  -0.84341E+00   0.40105E+01   0.17226E+03
  279    10.0957  13.3778  -0.40091E+01  -0.88607E+00  -0.85018E+00   0.40104E+01   0.16510E+03
  280    10.1922  13.3841  -0.40351E+01  -0.89287E+00  -0.85698E+00   0.40102E+01   0.15820E+03
  281    10.2895  13.3902  -0.40612E+01  -0.89970E+00  -0.86381E+00   0.40100E+01   0.15151E+03
  282    10.3877  13.3963  -0.40875E+01  -0.90658E+00  -0.87069E+00   0.40099E+01   0.14511E+03
  283    10.4867  13.4023  -0.41139E+01  -0.91349E+00  -0.87760E+00   0.40097E+01   0.13891E+03
  284    10.5865  13.4083  -0.41403E+01  -0.92043E+00  -0.88454E+00   0.40096E+01   0.13296E+03
  285    10.6873  13.4141  -0.41669E+01  -0.92741E+00  -0.89152E+00   0.40094E+01   0.12724E+03
  286    10.7889  13.4199  -0.41936E+01  -0.93443E+00  -0.89854E+00   0.40093E+01   0.12173E+03
  287    10.8914  13.4256  -0.42204E+01  -0.94149E+00  -0.90560E+00   0.40092E+01   0.11642E+03
  288    10.9947  13.4312  -0.42473E+01  -0.94858E+00  -0.91269E+00   0.40090E+01   0.11135E+03
  289    11.0990  13.4368  -0.42743E+01  -0.95572E+00  -0.91983E+00   0.40089E+01   0.10643E+03
  290    11.2042  13.4423  -0.43014E+01  -0.96288E+00  -0.92699E+00   0.40087E+01   0.10172E+03
  291    11.3103  13.4477  -0.43287E+01  -0.97010E+00  -0.93421E+00   0.40086E+01   0.97173E+02
  292    11.4173  13.4530  -0.43561E+01  -0.97734E+00  -0.94145E+00   0.40085E+01   0.92838E+02
  293    11.5253  13.4583  -0.43836E+01  -0.98463E+00  -0.94874E+00   0.40083E+01   0.88620E+02
  294    11.6342  13.4635  -0.44112E+01  -0.99196E+00  -0.95607E+00   0.40082E+01   0.84628E+02
  295    11.7440  13.4687  -0.44389E+01  -0.99933E+00  -0.96344E+00   0.40081E+01   0.80780E+02
  296    11.8548  13.4738  -0.44668E+01  -0.10067E+01  -0.97084E+00   0.40080E+01   0.77083E+02
  297    11.9666  13.4788  -0.44947E+01  -0.10142E+01  -0.97828E+00   0.40079E+01   0.73531E+02
  298    12.0793  13.4837  -0.45228E+01  -0.10217E+01  -0.98577E+00   0.40077E+01   0.70129E+02
  299    12.1930  13.4886  -0.45510E+01  -0.10292E+01  -0.99330E+00   0.40076E+01   0.66878E+02
  300    12.3077  13.4934  -0.45794E+01  -0.10367E+01  -0.10009E+01   0.40075E+01   0.63711E+02
  301    12.4234  13.4982  -0.46078E+01  -0.10444E+01  -0.10085E+01   0.40074E+01   0.60709E+02
  302    12.5401  13.5029  -0.46364E+01  -0.10520E+01  -0.10161E+01   0.40073E+01   0.57848E+02
  303    12.6578  13.5075  -0.46651E+01  -0.10597E+01  -0.10238E+01   0.40072E+01   0.55085E+02
  304    12.7766  13.5121  -0.46939E+01  -0.10674E+01  -0.10315E+01   0.40071E+01   0.52452E+02
  305    12.8963  13.5166  -0.47228E+01  -0.10752E+01  -0.10393E+01   0.40070E+01   0.49927E+02
  306    13.0172  13.5211  -0.47519E+01  -0.10830E+01  -0.10471E+01   0.40069E+01   0.47517E+02
  307    13.1390  13.5255  -0.47811E+01  -0.10909E+01  -0.10550E+01   0.40068E+01   0.45192E+02
  308    13.2619  13.5298  -0.48104E+01  -0.10988E+01  -0.10629E+01   0.40067E+01   0.42974E+02
  309    13.3859  13.5341  -0.48399E+01  -0.11067E+01  -0.10708E+01   0.40066E+01   0.40863E+02
  310    13.5110  13.5383  -0.48694E+01  -0.11147E+01  -0.10788E+01   0.40065E+01   0.38846E+02
  311    13.6372  13.5425  -0.48991E+01  -0.11227E+01  -0.10868E+01   0.40064E+01   0.36907E+02
  312    13.7644  13.5466  -0.49290E+01  -0.11308E+01  -0.10949E+01   0.40063E+01   0.35063E+02
  313    13.8928  13.5507  -0.49590E+01  -0.11389E+01  -0.11030E+01   0.40062E+01   0.33296E+02
  314    14.0223  13.5547  -0.49890E+01  -0.11470E+01  -0.11111E+01   0.40061E+01   0.31603E+02
  315    14.1529  13.5587  -0.50193E+01  -0.11552E+01  -0.11193E+01   0.40060E+01   0.29993E+02
  316    14.2846  13.5626  -0.50496E+01  -0.11635E+01  -0.11276E+01   0.40059E+01   0.28464E+02
  317    14.4175  13.5665  -0.50801E+01  -0.11717E+01  -0.11359E+01   0.40059E+01   0.26995E+02
  318    14.5515  13.5703  -0.51108E+01  -0.11801E+01  -0.11442E+01   0.40058E+01   0.25595E+02
  319    14.6867  13.5741  -0.51415E+01  -0.11885E+01  -0.11526E+01   0.40057E+01   0.24273E+02
  320    14.8231  13.5778  -0.51724E+01  -0.11969E+01  -0.11610E+01   0.40056E+01   0.22997E+02
  321    14.9607  13.5815  -0.52034E+01  -0.12053E+01  -0.11695E+01   0.40055E+01   0.21783E+02
  322    15.0994  13.5851  -0.52346E+01  -0.12139E+01  -0.11780E+01   0.40054E+01   0.20631E+02
  323    15.2394  13.5887  -0.52659E+01  -0.12224E+01  -0.11865E+01   0.40054E+01   0.19536E+02
  324    15.3806  13.5922  -0.52974E+01  -0.12310E+01  -0.11951E+01   0.40053E+01   0.18488E+02
  325    15.5230  13.5957  -0.53290E+01  -0.12397E+01  -0.12038E+01   0.40052E+01   0.17491E+02
  326    15.6666  13.5991  -0.53607E+01  -0.12484E+01  -0.12125E+01   0.40052E+01   0.16544E+02
  327    15.8115  13.6025  -0.53926E+01  -0.12571E+01  -0.12212E+01   0.40051E+01   0.15644E+02
  328    15.9577  13.6059  -0.54246E+01  -0.12659E+01  -0.12300E+01   0.40050E+01   0.14792E+02
  329    16.1051  13.6092  -0.54567E+01  -0.12747E+01  -0.12389E+01   0.40049E+01   0.13979E+02
  330    16.2538  13.6124  -0.54890E+01  -0.12836E+01  -0.12478E+01   0.40049E+01   0.13201E+02
  331    16.4038  13.6157  -0.55215E+01  -0.12926E+01  -0.12567E+01   0.40048E+01   0.12468E+02
  332    16.5551  13.6188  -0.55541E+01  -0.13016E+01  -0.12657E+01   0.40047E+01   0.11770E+02
  333    16.7078  13.6220  -0.55868E+01  -0.13106E+01  -0.12747E+01   0.40047E+01   0.11105E+02
  334    16.8617  13.6251  -0.56197E+01  -0.13197E+01  -0.12838E+01   0.40046E+01   0.10478E+02
  335    17.0170  13.6281  -0.56527E+01  -0.13288E+01  -0.12929E+01   0.40045E+01   0.98827E+01
  336    17.1736  13.6312  -0.56859E+01  -0.13380E+01  -0.13021E+01   0.40045E+01   0.93145E+01
  337    17.3316  13.6342  -0.57192E+01  -0.13472E+01  -0.13113E+01   0.40044E+01   0.87780E+01
  338    17.4910  13.6371  -0.57527E+01  -0.13565E+01  -0.13206E+01   0.40044E+01   0.82733E+01
  339    17.6518  13.6400  -0.57863E+01  -0.13658E+01  -0.13299E+01   0.40043E+01   0.77916E+01
  340    17.8139  13.6429  -0.58201E+01  -0.13752E+01  -0.13393E+01   0.40042E+01   0.73355E+01
  341    17.9775  13.6457  -0.58540E+01  -0.13846E+01  -0.13488E+01   0.40042E+01   0.69077E+01
  342    18.1425  13.6485  -0.58881E+01  -0.13941E+01  -0.13582E+01   0.40041E+01   0.64962E+01
  343    18.3089  13.6513  -0.59224E+01  -0.14037E+01  -0.13678E+01   0.40041E+01   0.61080E+01
  344    18.4768  13.6540  -0.59568E+01  -0.14133E+01  -0.13774E+01   0.40040E+01   0.57445E+01
  345    18.6461  13.6567  -0.59913E+01  -0.14229E+01  -0.13870E+01   0.40040E+01   0.53966E+01
  346    18.8169  13.6593  -0.60261E+01  -0.14326E+01  -0.13967E+01   0.40039E+01   0.50715E+01
  347    18.9892  13.6619  -0.60609E+01  -0.14423E+01  -0.14064E+01   0.40039E+01   0.47626E+01
  348    19.1630  13.6645  -0.60959E+01  -0.14521E+01  -0.14162E+01   0.40038E+01   0.44717E+01
  349    19.3383  13.6671  -0.61311E+01  -0.14620E+01  -0.14261E+01   0.40038E+01   0.41968E+01
  350    19.5151  13.6696  -0.61665E+01  -0.14719E+01  -0.14360E+01   0.40037E+01   0.39405E+01
  351    19.6934  13.6721  -0.62021E+01  -0.14819E+01  -0.14460E+01   0.40037E+01   0.36920E+01
  352    19.8734  13.6745  -0.62377E+01  -0.14919E+01  -0.14560E+01   0.40036E+01   0.34613E+01
  353    20.0548  13.6770  -0.62736E+01  -0.15019E+01  -0.14660E+01   0.40036E+01   0.32439E+01
  354    20.2379  13.6794  -0.63096E+01  -0.15121E+01  -0.14762E+01   0.40035E+01   0.30378E+01
  355    20.4225  13.6817  -0.63457E+01  -0.15222E+01  -0.14864E+01   0.40035E+01   0.28464E+01
  356    20.6088  13.6840  -0.63820E+01  -0.15325E+01  -0.14966E+01   0.40034E+01   0.26636E+01
  357    20.7966  13.6863  -0.64186E+01  -0.15428E+01  -0.15069E+01   0.40034E+01   0.24919E+01
  358    20.9861  13.6886  -0.64553E+01  -0.15531E+01  -0.15172E+01   0.40034E+01   0.23309E+01
  359    21.1773  13.6909  -0.64921E+01  -0.15635E+01  -0.15276E+01   0.40033E+01   0.21786E+01
  360    21.3701  13.6931  -0.65292E+01  -0.15740E+01  -0.15381E+01   0.40033E+01   0.20366E+01
  361    21.5646  13.6953  -0.65663E+01  -0.15845E+01  -0.15486E+01   0.40032E+01   0.19037E+01
  362    21.7607  13.6974  -0.66037E+01  -0.15951E+01  -0.15592E+01   0.40032E+01   0.17761E+01
  363    21.9586  13.6995  -0.66413E+01  -0.16057E+01  -0.15698E+01   0.40032E+01   0.16583E+01
  364    22.1582  13.7016  -0.66790E+01  -0.16164E+01  -0.15805E+01   0.40031E+01   0.15495E+01
  365    22.3596  13.7037  -0.67169E+01  -0.16272E+01  -0.15913E+01   0.40031E+01   0.14439E+01
  366    22.5626  13.7058  -0.67550E+01  -0.16380E+01  -0.16021E+01   0.40030E+01   0.13461E+01
  367    22.7675  13.7078  -0.67932E+01  -0.16489E+01  -0.16130E+01   0.40000E+01   0.12546E+01
  368    22.9741  13.7098  -0.68316E+01  -0.16598E+01  -0.16239E+01   0.40000E+01   0.11699E+01
  369    23.1825  13.7117  -0.68702E+01  -0.16708E+01  -0.16349E+01   0.40000E+01   0.10884E+01
  370    23.3928  13.7137  -0.69092E+01  -0.16819E+01  -0.16460E+01   0.40000E+01   0.10135E+01
  371    23.6049  13.7156  -0.69480E+01  -0.16930E+01  -0.16571E+01   0.40000E+01   0.94301E+00
  372    23.8188  13.7175  -0.69872E+01  -0.17042E+01  -0.16683E+01   0.40000E+01   0.87705E+00
  373    24.0345  13.7194  -0.70264E+01  -0.17153E+01  -0.16795E+01   0.40000E+01   0.81515E+00
  374    24.2522  13.7212  -0.70660E+01  -0.17267E+01  -0.16908E+01   0.40000E+01   0.75844E+00
  375    24.4717  13.7230  -0.71057E+01  -0.17380E+01  -0.17021E+01   0.40000E+01   0.70377E+00
  376    24.6932  13.7248  -0.71458E+01  -0.17495E+01  -0.17136E+01   0.40000E+01   0.65294E+00
  377    24.9166  13.7266  -0.71857E+01  -0.17609E+01  -0.17250E+01   0.40000E+01   0.60640E+00
  378    25.1419  13.7284  -0.72260E+01  -0.17725E+01  -0.17366E+01   0.40000E+01   0.56255E+00
  379    25.3691  13.7301  -0.72665E+01  -0.17841E+01  -0.17482E+01   0.40000E+01   0.52191E+00
  380    25.5984  13.7318  -0.73071E+01  -0.17957E+01  -0.17598E+01   0.40000E+01   0.48364E+00
  381    25.8296  13.7335  -0.73479E+01  -0.18075E+01  -0.17716E+01   0.40000E+01   0.44767E+00
  382    26.0629  13.7351  -0.73889E+01  -0.18193E+01  -0.17834E+01   0.40000E+01   0.41486E+00
  383    26.2982  13.7368  -0.74301E+01  -0.18311E+01  -0.17952E+01   0.40000E+01   0.38402E+00
  384    26.5355  13.7384  -0.74716E+01  -0.18431E+01  -0.18072E+01   0.40000E+01   0.35532E+00
  385    26.7749  13.7400  -0.75132E+01  -0.18550E+01  -0.18192E+01   0.40000E+01   0.32836E+00
  386    27.0164  13.7416  -0.75550E+01  -0.18671E+01  -0.18312E+01   0.40000E+01   0.30362E+00
  387    27.2599  13.7431  -0.75970E+01  -0.18792E+01  -0.18433E+01   0.40000E+01   0.28065E+00
  388    27.5056  13.7447  -0.76393E+01  -0.18914E+01  -0.18555E+01   0.40000E+01   0.25903E+00
  389    27.7534  13.7462  -0.76816E+01  -0.19037E+01  -0.18678E+01   0.40000E+01   0.23934E+00
  390    28.0034  13.7477  -0.77243E+01  -0.19160E+01  -0.18801E+01   0.40000E+01   0.22069E+00
  391    28.2556  13.7492  -0.77671E+01  -0.19284E+01  -0.18925E+01   0.40000E+01   0.20364E+00
  392    28.5099  13.7506  -0.78101E+01  -0.19409E+01  -0.19050E+01   0.40000E+01   0.18754E+00
  393    28.7665  13.7521  -0.78533E+01  -0.19534E+01  -0.19175E+01   0.40000E+01   0.17289E+00
  394    29.0253  13.7535  -0.78967E+01  -0.19660E+01  -0.19301E+01   0.40000E+01   0.15924E+00
  395    29.2863  13.7549  -0.79404E+01  -0.19786E+01  -0.19427E+01   0.40000E+01   0.14660E+00
  396    29.5496  13.7563  -0.79841E+01  -0.19913E+01  -0.19554E+01   0.40000E+01   0.13495E+00
  397    29.8152  13.7577  -0.80281E+01  -0.20041E+01  -0.19683E+01   0.40000E+01   0.12403E+00
  398    30.0831  13.7590  -0.80723E+01  -0.20170E+01  -0.19811E+01   0.40000E+01   0.11408E+00
  399    30.3534  13.7604  -0.81168E+01  -0.20299E+01  -0.19940E+01   0.40000E+01   0.10479E+00
  400    30.6259  13.7617  -0.81614E+01  -0.20429E+01  -0.20070E+01   0.40000E+01   0.96244E-01
