    1     0.0001   0.0014  -0.28751E-04  -0.14755E-05   0.34116E-01   0.56662E+01   0.10939E+05
    2     0.0088   0.1221  -0.33629E-02  -0.37344E-03   0.33744E-01   0.56406E+01   0.14768E+05
    3     0.0176   0.2423  -0.70225E-02  -0.83023E-03   0.33287E-01   0.56162E+01   0.15509E+05
    4     0.0264   0.3621  -0.10855E-01  -0.13271E-02   0.32790E-01   0.55923E+01   0.16014E+05
    5     0.0353   0.4814  -0.14818E-01  -0.18522E-02   0.32265E-01   0.55689E+01   0.16445E+05
    6     0.0443   0.6003  -0.18901E-01  -0.24030E-02   0.31714E-01   0.55458E+01   0.16808E+05
    7     0.0534   0.7188  -0.23088E-01  -0.29747E-02   0.31142E-01   0.55230E+01   0.17120E+05
    8     0.0626   0.8368  -0.27373E-01  -0.35649E-02   0.30552E-01   0.55006E+01   0.17407E+05
    9     0.0718   0.9543  -0.31750E-01  -0.41728E-02   0.29944E-01   0.54784E+01   0.17678E+05
   10     0.0811   1.0713  -0.36217E-01  -0.47981E-02   0.29319E-01   0.54564E+01   0.17927E+05
   11     0.0905   1.1879  -0.40772E-01  -0.54398E-02   0.28677E-01   0.54347E+01   0.18165E+05
   12     0.1000   1.3039  -0.45419E-01  -0.60995E-02   0.28018E-01   0.54132E+01   0.18387E+05
   13     0.1096   1.4195  -0.50139E-01  -0.67718E-02   0.27345E-01   0.53919E+01   0.18600E+05
   14     0.1192   1.5346  -0.54943E-01  -0.74598E-02   0.26657E-01   0.53708E+01   0.18805E+05
   15     0.1290   1.6491  -0.59830E-01  -0.81628E-02   0.25954E-01   0.53500E+01   0.18995E+05
   16     0.1388   1.7632  -0.64798E-01  -0.88810E-02   0.25236E-01   0.53294E+01   0.19186E+05
   17     0.1487   1.8767  -0.69845E-01  -0.96139E-02   0.24503E-01   0.53089E+01   0.19362E+05
   18     0.1587   1.9897  -0.74972E-01  -0.10361E-01   0.23756E-01   0.52887E+01   0.19538E+05
   19     0.1687   2.1021  -0.80179E-01  -0.11124E-01   0.22994E-01   0.52687E+01   0.19705E+05
   20     0.1789   2.2140  -0.85465E-01  -0.11901E-01   0.22216E-01   0.52488E+01   0.19862E+05
   21     0.1891   2.3254  -0.90832E-01  -0.12693E-01   0.21424E-01   0.52293E+01   0.20020E+05
   22     0.1995   2.4362  -0.96276E-01  -0.13499E-01   0.20618E-01   0.52098E+01   0.20167E+05
   23     0.2099   2.5465  -0.10180E+00  -0.14321E-01   0.19797E-01   0.51906E+01   0.20311E+05
   24     0.2204   2.6562  -0.10740E+00  -0.15157E-01   0.18960E-01   0.51716E+01   0.20450E+05
   25     0.2310   2.7653  -0.11308E+00  -0.16009E-01   0.18108E-01   0.51528E+01   0.20584E+05
   26     0.2417   2.8738  -0.11885E+00  -0.16877E-01   0.17240E-01   0.51342E+01   0.20715E+05
   27     0.2525   2.9818  -0.12469E+00  -0.17761E-01   0.16356E-01   0.51159E+01   0.20837E+05
   28     0.2634   3.0892  -0.13062E+00  -0.18661E-01   0.15456E-01   0.50977E+01   0.20957E+05
   29     0.2744   3.1959  -0.13662E+00  -0.19576E-01   0.14541E-01   0.50797E+01   0.21073E+05
   30     0.2855   3.3021  -0.14271E+00  -0.20509E-01   0.13609E-01   0.50619E+01   0.21184E+05
   31     0.2967   3.4077  -0.14888E+00  -0.21457E-01   0.12660E-01   0.50443E+01   0.21288E+05
   32     0.3079   3.5127  -0.15513E+00  -0.22422E-01   0.11695E-01   0.50270E+01   0.21389E+05
   33     0.3193   3.6170  -0.16143E+00  -0.23395E-01   0.10723E-01   0.50097E+01   0.21489E+05
   34     0.3308   3.7207  -0.16785E+00  -0.24393E-01   0.97237E-02   0.49928E+01   0.21581E+05
   35     0.3423   3.8238  -0.17435E+00  -0.25409E-01   0.87077E-02   0.49760E+01   0.21663E+05
   36     0.3540   3.9263  -0.18093E+00  -0.26443E-01   0.76744E-02   0.49594E+01   0.21745E+05
   37     0.3658   4.0281  -0.18759E+00  -0.27493E-01   0.66244E-02   0.49431E+01   0.21820E+05
   38     0.3777   4.1293  -0.19434E+00  -0.28561E-01   0.55566E-02   0.49269E+01   0.21889E+05
   39     0.3896   4.2299  -0.20117E+00  -0.29645E-01   0.44718E-02   0.49109E+01   0.21954E+05
   40     0.4017   4.3298  -0.20808E+00  -0.30748E-01   0.33694E-02   0.48952E+01   0.22012E+05
   41     0.4139   4.4291  -0.21507E+00  -0.31868E-01   0.22492E-02   0.48796E+01   0.22066E+05
   42     0.4262   4.5276  -0.22215E+00  -0.33006E-01   0.11111E-02   0.48642E+01   0.22115E+05
   43     0.4386   4.6256  -0.22931E+00  -0.34162E-01  -0.44849E-04   0.48491E+01   0.22155E+05
   44     0.4511   4.7229  -0.23655E+00  -0.35336E-01  -0.12185E-02   0.48341E+01   0.22191E+05
   45     0.4637   4.8195  -0.24387E+00  -0.36527E-01  -0.24100E-02   0.48193E+01   0.22223E+05
   46     0.4764   4.9154  -0.25128E+00  -0.37736E-01  -0.36185E-02   0.48047E+01   0.22250E+05
   47     0.4893   5.0106  -0.25876E+00  -0.38962E-01  -0.48447E-02   0.47903E+01   0.22271E+05
   48     0.5022   5.1052  -0.26632E+00  -0.40205E-01  -0.60877E-02   0.47761E+01   0.22287E+05
   49     0.5153   5.1991  -0.27396E+00  -0.41466E-01  -0.73484E-02   0.47621E+01   0.22297E+05
   50     0.5285   5.2923  -0.28169E+00  -0.42743E-01  -0.86263E-02   0.47482E+01   0.22305E+05
   51     0.5417   5.3849  -0.28949E+00  -0.44039E-01  -0.99219E-02   0.47346E+01   0.22304E+05
   52     0.5552   5.4767  -0.29737E+00  -0.45353E-01  -0.11236E-01   0.47211E+01   0.22300E+05
   53     0.5687   5.5679  -0.30533E+00  -0.46685E-01  -0.12568E-01   0.47078E+01   0.22294E+05
   54     0.5823   5.6583  -0.31338E+00  -0.48035E-01  -0.13918E-01   0.46947E+01   0.22279E+05
   55     0.5961   5.7481  -0.32151E+00  -0.49404E-01  -0.15287E-01   0.46818E+01   0.22263E+05
   56     0.6099   5.8371  -0.32971E+00  -0.50791E-01  -0.16674E-01   0.46691E+01   0.22244E+05
   57     0.6239   5.9255  -0.33801E+00  -0.52198E-01  -0.18081E-01   0.46566E+01   0.22219E+05
   58     0.6381   6.0132  -0.34638E+00  -0.53624E-01  -0.19507E-01   0.46443E+01   0.22191E+05
   59     0.6523   6.1001  -0.35484E+00  -0.55069E-01  -0.20952E-01   0.46321E+01   0.22159E+05
   60     0.6667   6.1864  -0.36338E+00  -0.56533E-01  -0.22416E-01   0.46202E+01   0.22122E+05
   61     0.6812   6.2719  -0.37200E+00  -0.58017E-01  -0.23900E-01   0.46084E+01   0.22081E+05
   62     0.6958   6.3568  -0.38071E+00  -0.59519E-01  -0.25402E-01   0.45968E+01   0.22035E+05
   63     0.7105   6.4409  -0.38950E+00  -0.61042E-01  -0.26925E-01   0.45854E+01   0.21988E+05
   64     0.7254   6.5244  -0.39837E+00  -0.62584E-01  -0.28467E-01   0.45742E+01   0.21932E+05
   65     0.7404   6.6071  -0.40732E+00  -0.64146E-01  -0.30028E-01   0.45631E+01   0.21875E+05
   66     0.7555   6.6891  -0.41636E+00  -0.65728E-01  -0.31611E-01   0.45523E+01   0.21810E+05
   67     0.7708   6.7704  -0.42548E+00  -0.67331E-01  -0.33213E-01   0.45416E+01   0.21737E+05
   68     0.7862   6.8511  -0.43469E+00  -0.68953E-01  -0.34836E-01   0.45311E+01   0.21663E+05
   69     0.8017   6.9310  -0.44398E+00  -0.70597E-01  -0.36480E-01   0.45207E+01   0.21586E+05
   70     0.8174   7.0102  -0.45335E+00  -0.72259E-01  -0.38142E-01   0.45106E+01   0.21504E+05
   71     0.8332   7.0886  -0.46281E+00  -0.73943E-01  -0.39825E-01   0.45006E+01   0.21419E+05
   72     0.8491   7.1664  -0.47235E+00  -0.75646E-01  -0.41529E-01   0.44908E+01   0.21327E+05
   73     0.8652   7.2435  -0.48197E+00  -0.77370E-01  -0.43253E-01   0.44811E+01   0.21232E+05
   74     0.8814   7.3199  -0.49165E+00  -0.79106E-01  -0.44989E-01   0.44716E+01   0.21133E+05
   75     0.8977   7.3956  -0.50140E+00  -0.80861E-01  -0.46744E-01   0.44623E+01   0.21030E+05
   76     0.9142   7.4705  -0.51126E+00  -0.82642E-01  -0.48525E-01   0.44531E+01   0.20922E+05
   77     0.9309   7.5448  -0.52119E+00  -0.84442E-01  -0.50325E-01   0.44442E+01   0.20809E+05
   78     0.9477   7.6184  -0.53120E+00  -0.86262E-01  -0.52145E-01   0.44353E+01   0.20694E+05
   79     0.9646   7.6913  -0.54130E+00  -0.88102E-01  -0.53985E-01   0.44267E+01   0.20572E+05
   80     0.9817   7.7635  -0.55147E+00  -0.89962E-01  -0.55845E-01   0.44181E+01   0.20452E+05
   81     0.9989   7.8350  -0.56172E+00  -0.91842E-01  -0.57725E-01   0.44098E+01   0.20349E+05
   82     1.0163   7.9058  -0.57205E+00  -0.93741E-01  -0.59624E-01   0.44015E+01   0.20210E+05
   83     1.0338   7.9759  -0.58246E+00  -0.95661E-01  -0.61544E-01   0.43934E+01   0.20073E+05
   84     1.0515   8.0453  -0.59295E+00  -0.97599E-01  -0.63482E-01   0.43855E+01   0.19941E+05
   85     1.0693   8.1141  -0.60351E+00  -0.99558E-01  -0.65441E-01   0.43777E+01   0.19805E+05
   86     1.0873   8.1821  -0.61414E+00  -0.10153E+00  -0.67417E-01   0.43701E+01   0.19666E+05
   87     1.1055   8.2495  -0.62489E+00  -0.10354E+00  -0.69425E-01   0.43626E+01   0.19524E+05
   88     1.1238   8.3162  -0.63578E+00  -0.10559E+00  -0.71472E-01   0.43554E+01   0.19376E+05
   89     1.1423   8.3823  -0.64656E+00  -0.10760E+00  -0.73480E-01   0.43480E+01   0.19233E+05
   90     1.1609   8.4477  -0.65752E+00  -0.10966E+00  -0.75541E-01   0.43410E+01   0.19084E+05
   91     1.1797   8.5124  -0.66856E+00  -0.11174E+00  -0.77625E-01   0.43340E+01   0.18931E+05
   92     1.1986   8.5764  -0.67968E+00  -0.11384E+00  -0.79728E-01   0.43272E+01   0.18780E+05
   93     1.2177   8.6398  -0.69088E+00  -0.11597E+00  -0.81851E-01   0.43206E+01   0.18607E+05
   94     1.2370   8.7025  -0.70215E+00  -0.11811E+00  -0.83995E-01   0.43140E+01   0.18453E+05
   95     1.2565   8.7646  -0.71350E+00  -0.12028E+00  -0.86159E-01   0.43076E+01   0.18300E+05
   96     1.2761   8.8260  -0.72493E+00  -0.12246E+00  -0.88342E-01   0.43014E+01   0.18134E+05
   97     1.2959   8.8868  -0.73643E+00  -0.12466E+00  -0.90545E-01   0.42952E+01   0.17969E+05
   98     1.3158   8.9469  -0.74800E+00  -0.12689E+00  -0.92769E-01   0.42892E+01   0.17800E+05
   99     1.3360   9.0065  -0.75966E+00  -0.12913E+00  -0.95013E-01   0.42832E+01   0.17631E+05
  100     1.3563   9.0653  -0.77138E+00  -0.13140E+00  -0.97278E-01   0.42774E+01   0.17460E+05
  101     1.3767   9.1236  -0.78319E+00  -0.13368E+00  -0.99563E-01   0.42718E+01   0.17288E+05
  102     1.3974   9.1812  -0.79507E+00  -0.13599E+00  -0.10187E+00   0.42662E+01   0.17115E+05
  103     1.4183   9.2382  -0.80703E+00  -0.13831E+00  -0.10420E+00   0.42607E+01   0.16941E+05
  104     1.4393   9.2945  -0.81906E+00  -0.14066E+00  -0.10654E+00   0.42554E+01   0.16766E+05
  105     1.4605   9.3503  -0.83117E+00  -0.14303E+00  -0.10891E+00   0.42501E+01   0.16589E+05
  106     1.4819   9.4054  -0.84336E+00  -0.14542E+00  -0.11130E+00   0.42450E+01   0.16411E+05
  107     1.5035   9.4600  -0.85562E+00  -0.14783E+00  -0.11371E+00   0.42400E+01   0.16232E+05
  108     1.5252   9.5139  -0.86796E+00  -0.15026E+00  -0.11614E+00   0.42350E+01   0.16050E+05
  109     1.5472   9.5673  -0.88037E+00  -0.15271E+00  -0.11860E+00   0.42302E+01   0.15867E+05
  110     1.5693   9.6200  -0.89287E+00  -0.15519E+00  -0.12107E+00   0.42255E+01   0.15683E+05
  111     1.5917   9.6722  -0.90543E+00  -0.15768E+00  -0.12356E+00   0.42209E+01   0.15499E+05
  112     1.6142   9.7238  -0.91807E+00  -0.16020E+00  -0.12608E+00   0.42164E+01   0.15314E+05
  113     1.6369   9.7748  -0.93077E+00  -0.16273E+00  -0.12861E+00   0.42119E+01   0.15130E+05
  114     1.6598   9.8252  -0.94354E+00  -0.16528E+00  -0.13116E+00   0.42076E+01   0.14945E+05
  115     1.6830   9.8751  -0.95638E+00  -0.16785E+00  -0.13373E+00   0.42033E+01   0.14760E+05
  116     1.7063   9.9244  -0.96930E+00  -0.17044E+00  -0.13633E+00   0.41992E+01   0.14575E+05
  117     1.7298   9.9731  -0.98229E+00  -0.17306E+00  -0.13894E+00   0.41951E+01   0.14391E+05
  118     1.7536  10.0213  -0.99536E+00  -0.17570E+00  -0.14158E+00   0.41911E+01   0.14206E+05
  119     1.7775  10.0689  -0.10085E+01  -0.17835E+00  -0.14424E+00   0.41872E+01   0.14022E+05
  120     1.8016  10.1160  -0.10217E+01  -0.18104E+00  -0.14692E+00   0.41834E+01   0.13837E+05
  121     1.8260  10.1626  -0.10350E+01  -0.18374E+00  -0.14962E+00   0.41796E+01   0.13651E+05
  122     1.8506  10.2086  -0.10484E+01  -0.18647E+00  -0.15235E+00   0.41760E+01   0.13466E+05
  123     1.8753  10.2541  -0.10619E+01  -0.18921E+00  -0.15509E+00   0.41724E+01   0.13280E+05
  124     1.9003  10.2990  -0.10754E+01  -0.19198E+00  -0.15786E+00   0.41689E+01   0.13093E+05
  125     1.9256  10.3434  -0.10890E+01  -0.19476E+00  -0.16064E+00   0.41654E+01   0.12906E+05
  126     1.9510  10.3873  -0.11026E+01  -0.19757E+00  -0.16345E+00   0.41621E+01   0.12719E+05
  127     1.9766  10.4307  -0.11163E+01  -0.20039E+00  -0.16627E+00   0.41588E+01   0.12535E+05
  128     2.0025  10.4736  -0.11301E+01  -0.20324E+00  -0.16912E+00   0.41555E+01   0.12351E+05
  129     2.0286  10.5160  -0.11440E+01  -0.20610E+00  -0.17198E+00   0.41524E+01   0.12168E+05
  130     2.0550  10.5579  -0.11579E+01  -0.20899E+00  -0.17487E+00   0.41493E+01   0.11987E+05
  131     2.0815  10.5993  -0.11719E+01  -0.21190E+00  -0.17778E+00   0.41463E+01   0.11806E+05
  132     2.1083  10.6402  -0.11860E+01  -0.21483E+00  -0.18071E+00   0.41433E+01   0.11626E+05
  133     2.1353  10.6806  -0.12002E+01  -0.21778E+00  -0.18366E+00   0.41404E+01   0.11448E+05
  134     2.1626  10.7205  -0.12144E+01  -0.22076E+00  -0.18664E+00   0.41376E+01   0.11270E+05
  135     2.1901  10.7600  -0.12287E+01  -0.22375E+00  -0.18964E+00   0.41348E+01   0.11093E+05
  136     2.2178  10.7990  -0.12431E+01  -0.22677E+00  -0.19266E+00   0.41321E+01   0.10916E+05
  137     2.2458  10.8375  -0.12575E+01  -0.22981E+00  -0.19570E+00   0.41294E+01   0.10739E+05
  138     2.2740  10.8756  -0.12721E+01  -0.23288E+00  -0.19876E+00   0.41268E+01   0.10563E+05
  139     2.3025  10.9132  -0.12866E+01  -0.23596E+00  -0.20184E+00   0.41243E+01   0.10388E+05
  140     2.3312  10.9504  -0.13013E+01  -0.23906E+00  -0.20494E+00   0.41218E+01   0.10214E+05
  141     2.3602  10.9871  -0.13160E+01  -0.24219E+00  -0.20807E+00   0.41194E+01   0.10041E+05
  142     2.3894  11.0234  -0.13308E+01  -0.24533E+00  -0.21121E+00   0.41170E+01   0.98702E+04
  143     2.4188  11.0592  -0.13457E+01  -0.24850E+00  -0.21438E+00   0.41147E+01   0.97006E+04
  144     2.4486  11.0946  -0.13606E+01  -0.25168E+00  -0.21756E+00   0.41124E+01   0.95285E+04
  145     2.4785  11.1296  -0.13756E+01  -0.25489E+00  -0.22077E+00   0.41101E+01   0.93624E+04
  146     2.5088  11.1641  -0.13907E+01  -0.25812E+00  -0.22401E+00   0.41080E+01   0.91981E+04
  147     2.5393  11.1982  -0.14059E+01  -0.26138E+00  -0.22726E+00   0.41058E+01   0.90357E+04
  148     2.5701  11.2320  -0.14211E+01  -0.26465E+00  -0.23053E+00   0.41037E+01   0.88748E+04
  149     2.6011  11.2653  -0.14363E+01  -0.26793E+00  -0.23381E+00   0.41016E+01   0.87149E+04
  150     2.6324  11.2982  -0.14517E+01  -0.27125E+00  -0.23713E+00   0.40996E+01   0.85554E+04
  151     2.6640  11.3306  -0.14672E+01  -0.27460E+00  -0.24048E+00   0.40977E+01   0.83972E+04
  152     2.6958  11.3627  -0.14827E+01  -0.27796E+00  -0.24385E+00   0.40958E+01   0.82415E+04
  153     2.7280  11.3944  -0.14983E+01  -0.28135E+00  -0.24723E+00   0.40939E+01   0.80879E+04
  154     2.7604  11.4258  -0.15139E+01  -0.28476E+00  -0.25064E+00   0.40920E+01   0.79340E+04
  155     2.7931  11.4567  -0.15296E+01  -0.28819E+00  -0.25407E+00   0.40902E+01   0.77810E+04
  156     2.8260  11.4872  -0.15454E+01  -0.29163E+00  -0.25752E+00   0.40885E+01   0.76301E+04
  157     2.8593  11.5174  -0.15613E+01  -0.29511E+00  -0.26099E+00   0.40867E+01   0.74814E+04
  158     2.8929  11.5472  -0.15772E+01  -0.29860E+00  -0.26448E+00   0.40851E+01   0.73344E+04
  159     2.9267  11.5766  -0.15932E+01  -0.30211E+00  -0.26800E+00   0.40834E+01   0.71898E+04
  160     2.9608  11.6057  -0.16093E+01  -0.30565E+00  -0.27153E+00   0.40818E+01   0.70462E+04
  161     2.9953  11.6344  -0.16254E+01  -0.30921E+00  -0.27510E+00   0.40802E+01   0.69048E+04
  162     3.0300  11.6628  -0.16416E+01  -0.31280E+00  -0.27868E+00   0.40786E+01   0.67650E+04
  163     3.0651  11.6908  -0.16579E+01  -0.31640E+00  -0.28229E+00   0.40771E+01   0.66268E+04
  164     3.1004  11.7184  -0.16743E+01  -0.32003E+00  -0.28591E+00   0.40756E+01   0.64901E+04
  165     3.1360  11.7458  -0.16907E+01  -0.32368E+00  -0.28956E+00   0.40742E+01   0.63552E+04
  166     3.1720  11.7727  -0.17072E+01  -0.32735E+00  -0.29324E+00   0.40728E+01   0.62220E+04
  167     3.2083  11.7994  -0.17238E+01  -0.33105E+00  -0.29693E+00   0.40714E+01   0.60901E+04
  168     3.2449  11.8257  -0.17404E+01  -0.33477E+00  -0.30065E+00   0.40700E+01   0.59609E+04
  169     3.2818  11.8517  -0.17571E+01  -0.33851E+00  -0.30439E+00   0.40686E+01   0.58335E+04
  170     3.3190  11.8773  -0.17739E+01  -0.34227E+00  -0.30815E+00   0.40673E+01   0.57079E+04
  171     3.3565  11.9026  -0.17907E+01  -0.34605E+00  -0.31193E+00   0.40660E+01   0.55842E+04
  172     3.3944  11.9277  -0.18077E+01  -0.34986E+00  -0.31574E+00   0.40648E+01   0.54621E+04
  173     3.4326  11.9524  -0.18247E+01  -0.35369E+00  -0.31958E+00   0.40636E+01   0.53413E+04
  174     3.4712  11.9768  -0.18418E+01  -0.35755E+00  -0.32343E+00   0.40624E+01   0.52223E+04
  175     3.5100  12.0009  -0.18589E+01  -0.36143E+00  -0.32731E+00   0.40612E+01   0.51050E+04
  176     3.5492  12.0246  -0.18761E+01  -0.36533E+00  -0.33122E+00   0.40600E+01   0.49896E+04
  177     3.5888  12.0481  -0.18934E+01  -0.36926E+00  -0.33514E+00   0.40589E+01   0.48759E+04
  178     3.6287  12.0713  -0.19108E+01  -0.37320E+00  -0.33908E+00   0.40578E+01   0.47643E+04
  179     3.6689  12.0942  -0.19282E+01  -0.37717E+00  -0.34305E+00   0.40567E+01   0.46544E+04
  180     3.7095  12.1169  -0.19457E+01  -0.38116E+00  -0.34704E+00   0.40556E+01   0.45465E+04
  181     3.7505  12.1392  -0.19633E+01  -0.38518E+00  -0.35106E+00   0.40546E+01   0.44407E+04
  182     3.7918  12.1612  -0.19809E+01  -0.38922E+00  -0.35510E+00   0.40536E+01   0.43366E+04
  183     3.8334  12.1830  -0.19987E+01  -0.39328E+00  -0.35917E+00   0.40526E+01   0.42339E+04
  184     3.8754  12.2045  -0.20165E+01  -0.39737E+00  -0.36326E+00   0.40516E+01   0.41329E+04
  185     3.9178  12.2257  -0.20344E+01  -0.40149E+00  -0.36737E+00   0.40506E+01   0.40330E+04
  186     3.9606  12.2467  -0.20523E+01  -0.40562E+00  -0.37151E+00   0.40497E+01   0.39349E+04
  187     4.0037  12.2674  -0.20703E+01  -0.40978E+00  -0.37567E+00   0.40488E+01   0.38387E+04
  188     4.0472  12.2878  -0.20884E+01  -0.41397E+00  -0.37985E+00   0.40479E+01   0.37443E+04
  189     4.0911  12.3080  -0.21066E+01  -0.41817E+00  -0.38405E+00   0.40470E+01   0.36515E+04
  190     4.1353  12.3279  -0.21248E+01  -0.42240E+00  -0.38828E+00   0.40461E+01   0.35608E+04
  191     4.1800  12.3476  -0.21431E+01  -0.42665E+00  -0.39253E+00   0.40453E+01   0.34718E+04
  192     4.2250  12.3670  -0.21615E+01  -0.43093E+00  -0.39682E+00   0.40444E+01   0.33845E+04
  193     4.2705  12.3862  -0.21800E+01  -0.43523E+00  -0.40112E+00   0.40436E+01   0.32991E+04
  194     4.3163  12.4051  -0.21985E+01  -0.43956E+00  -0.40545E+00   0.40428E+01   0.32150E+04
  195     4.3625  12.4238  -0.22171E+01  -0.44392E+00  -0.40980E+00   0.40420E+01   0.31325E+04
  196     4.4091  12.4423  -0.22359E+01  -0.44830E+00  -0.41418E+00   0.40413E+01   0.30515E+04
  197     4.4561  12.4605  -0.22546E+01  -0.45270E+00  -0.41858E+00   0.40405E+01   0.29718E+04
  198     4.5036  12.4785  -0.22735E+01  -0.45713E+00  -0.42301E+00   0.40398E+01   0.28934E+04
  199     4.5514  12.4962  -0.22924E+01  -0.46158E+00  -0.42747E+00   0.40391E+01   0.28164E+04
  200     4.5997  12.5138  -0.23114E+01  -0.46606E+00  -0.43194E+00   0.40384E+01   0.27411E+04
  201     4.6484  12.5311  -0.23305E+01  -0.47056E+00  -0.43644E+00   0.40377E+01   0.26675E+04
  202     4.6975  12.5482  -0.23496E+01  -0.47508E+00  -0.44096E+00   0.40370E+01   0.25958E+04
  203     4.7470  12.5650  -0.23688E+01  -0.47963E+00  -0.44551E+00   0.40363E+01   0.25259E+04
  204     4.7970  12.5817  -0.23881E+01  -0.48420E+00  -0.45008E+00   0.40357E+01   0.24576E+04
  205     4.8474  12.5981  -0.24075E+01  -0.48880E+00  -0.45468E+00   0.40350E+01   0.23908E+04
  206     4.8982  12.6144  -0.24270E+01  -0.49343E+00  -0.45931E+00   0.40344E+01   0.23251E+04
  207     4.9495  12.6304  -0.24465E+01  -0.49809E+00  -0.46397E+00   0.40338E+01   0.22608E+04
  208     5.0012  12.6462  -0.24662E+01  -0.50278E+00  -0.46866E+00   0.40332E+01   0.21974E+04
  209     5.0534  12.6619  -0.24859E+01  -0.50749E+00  -0.47337E+00   0.40326E+01   0.21350E+04
  210     5.1060  12.6773  -0.25056E+01  -0.51222E+00  -0.47810E+00   0.40320E+01   0.20743E+04
  211     5.1591  12.6925  -0.25255E+01  -0.51697E+00  -0.48286E+00   0.40315E+01   0.20147E+04
  212     5.2126  12.7076  -0.25454E+01  -0.52175E+00  -0.48764E+00   0.40309E+01   0.19568E+04
  213     5.2667  12.7224  -0.25654E+01  -0.52655E+00  -0.49244E+00   0.40304E+01   0.19006E+04
  214     5.3211  12.7371  -0.25855E+01  -0.53139E+00  -0.49727E+00   0.40298E+01   0.18456E+04
  215     5.3761  12.7515  -0.26057E+01  -0.53625E+00  -0.50213E+00   0.40293E+01   0.17918E+04
  216     5.4315  12.7658  -0.26259E+01  -0.54114E+00  -0.50702E+00   0.40288E+01   0.17395E+04
  217     5.4874  12.7799  -0.26463E+01  -0.54606E+00  -0.51194E+00   0.40283E+01   0.16880E+04
  218     5.5438  12.7938  -0.26667E+01  -0.55100E+00  -0.51688E+00   0.40278E+01   0.16377E+04
  219     5.6007  12.8076  -0.26872E+01  -0.55597E+00  -0.52185E+00   0.40273E+01   0.15888E+04
  220     5.6581  12.8211  -0.27078E+01  -0.56096E+00  -0.52684E+00   0.40268E+01   0.15410E+04
  221     5.7160  12.8345  -0.27284E+01  -0.56598E+00  -0.53186E+00   0.40264E+01   0.14945E+04
  222     5.7744  12.8477  -0.27492E+01  -0.57103E+00  -0.53691E+00   0.40259E+01   0.14491E+04
  223     5.8333  12.8608  -0.27700E+01  -0.57610E+00  -0.54199E+00   0.40255E+01   0.14047E+04
  224     5.8927  12.8737  -0.27909E+01  -0.58121E+00  -0.54709E+00   0.40250E+01   0.13614E+04
  225     5.9526  12.8864  -0.28119E+01  -0.58635E+00  -0.55223E+00   0.40246E+01   0.13192E+04
  226     6.0131  12.8990  -0.28330E+01  -0.59150E+00  -0.55739E+00   0.40242E+01   0.12779E+04
  227     6.0740  12.9114  -0.28541E+01  -0.59669E+00  -0.56257E+00   0.40238E+01   0.12378E+04
  228     6.1355  12.9236  -0.28754E+01  -0.60190E+00  -0.56778E+00   0.40233E+01   0.11987E+04
  229     6.1976  12.9357  -0.28967E+01  -0.60714E+00  -0.57303E+00   0.40229E+01   0.11606E+04
  230     6.2602  12.9476  -0.29181E+01  -0.61241E+00  -0.57830E+00   0.40226E+01   0.11238E+04
  231     6.3233  12.9594  -0.29396E+01  -0.61771E+00  -0.58359E+00   0.40222E+01   0.10878E+04
  232     6.3869  12.9710  -0.29612E+01  -0.62304E+00  -0.58892E+00   0.40218E+01   0.10527E+04
  233     6.4512  12.9825  -0.29829E+01  -0.62840E+00  -0.59428E+00   0.40214E+01   0.10184E+04
  234     6.5159  12.9938  -0.30047E+01  -0.63379E+00  -0.59967E+00   0.40211E+01   0.98517E+03
  235     6.5813  13.0050  -0.30265E+01  -0.63920E+00  -0.60508E+00   0.40207E+01   0.95277E+03
  236     6.6472  13.0160  -0.30485E+01  -0.64464E+00  -0.61052E+00   0.40204E+01   0.92109E+03
  237     6.7137  13.0269  -0.30705E+01  -0.65011E+00  -0.61599E+00   0.40200E+01   0.89055E+03
  238     6.7807  13.0377  -0.30926E+01  -0.65561E+00  -0.62149E+00   0.40197E+01   0.86068E+03
  239     6.8484  13.0483  -0.31148E+01  -0.66114E+00  -0.62702E+00   0.40193E+01   0.83183E+03
  240     6.9166  13.0588  -0.31371E+01  -0.66670E+00  -0.63258E+00   0.40190E+01   0.80382E+03
  241     6.9854  13.0691  -0.31594E+01  -0.67228E+00  -0.63817E+00   0.40187E+01   0.77652E+03
  242     7.0549  13.0794  -0.31819E+01  -0.67790E+00  -0.64379E+00   0.40184E+01   0.74998E+03
  243     7.1249  13.0894  -0.32045E+01  -0.68355E+00  -0.64944E+00   0.40181E+01   0.72416E+03
  244     7.1955  13.0994  -0.32271E+01  -0.68924E+00  -0.65512E+00   0.40178E+01   0.69909E+03
  245     7.2668  13.1092  -0.32499E+01  -0.69495E+00  -0.66083E+00   0.40175E+01   0.67453E+03
  246     7.3387  13.1189  -0.32727E+01  -0.70068E+00  -0.66657E+00   0.40172E+01   0.65088E+03
  247     7.4112  13.1285  -0.32956E+01  -0.70645E+00  -0.67233E+00   0.40169E+01   0.62802E+03
  248     7.4843  13.1380  -0.33186E+01  -0.71224E+00  -0.67813E+00   0.40166E+01   0.60574E+03
  249     7.5580  13.1473  -0.33417E+01  -0.71808E+00  -0.68396E+00   0.40164E+01   0.58424E+03
  250     7.6324  13.1565  -0.33649E+01  -0.72394E+00  -0.68982E+00   0.40161E+01   0.56337E+03
  251     7.7075  13.1656  -0.33882E+01  -0.72983E+00  -0.69571E+00   0.40158E+01   0.54318E+03
  252     7.7832  13.1746  -0.34116E+01  -0.73576E+00  -0.70164E+00   0.40156E+01   0.52344E+03
  253     7.8596  13.1834  -0.34351E+01  -0.74171E+00  -0.70759E+00   0.40153E+01   0.50433E+03
  254     7.9366  13.1922  -0.34587E+01  -0.74770E+00  -0.71359E+00   0.40151E+01   0.48583E+03
  255     8.0143  13.2008  -0.34824E+01  -0.75372E+00  -0.71960E+00   0.40148E+01   0.46793E+03
  256     8.0926  13.2093  -0.35061E+01  -0.75976E+00  -0.72565E+00   0.40146E+01   0.45058E+03
  257     8.1717  13.2178  -0.35300E+01  -0.76585E+00  -0.73173E+00   0.40144E+01   0.43375E+03
  258     8.2514  13.2261  -0.35540E+01  -0.77196E+00  -0.73784E+00   0.40141E+01   0.41757E+03
  259     8.3319  13.2343  -0.35780E+01  -0.77811E+00  -0.74399E+00   0.40139E+01   0.40186E+03
  260     8.4130  13.2424  -0.36022E+01  -0.78429E+00  -0.75017E+00   0.40137E+01   0.38658E+03
  261     8.4948  13.2503  -0.36264E+01  -0.79050E+00  -0.75638E+00   0.40135E+01   0.37187E+03
  262     8.5774  13.2582  -0.36508E+01  -0.79674E+00  -0.76262E+00   0.40132E+01   0.35762E+03
  263     8.6606  13.2660  -0.36752E+01  -0.80301E+00  -0.76890E+00   0.40130E+01   0.34387E+03
  264     8.7446  13.2737  -0.36998E+01  -0.80932E+00  -0.77521E+00   0.40128E+01   0.33053E+03
  265     8.8293  13.2813  -0.37244E+01  -0.81567E+00  -0.78155E+00   0.40126E+01   0.31768E+03
  266     8.9148  13.2888  -0.37492E+01  -0.82205E+00  -0.78793E+00   0.40124E+01   0.30521E+03
  267     9.0010  13.2962  -0.37741E+01  -0.82846E+00  -0.79434E+00   0.40122E+01   0.29319E+03
  268     9.0879  13.3035  -0.37990E+01  -0.83490E+00  -0.80079E+00   0.40120E+01   0.28156E+03
  269     9.1756  13.3107  -0.38241E+01  -0.84138E+00  -0.80726E+00   0.40118E+01   0.27033E+03
  270     9.2641  13.3178  -0.38492E+01  -0.84789E+00  -0.81378E+00   0.40117E+01   0.25951E+03
  271     9.3534  13.3248  -0.38745E+01  -0.85444E+00  -0.82033E+00   0.40115E+01   0.24846E+03
  272     9.4434  13.3317  -0.38999E+01  -0.86103E+00  -0.82691E+00   0.40113E+01   0.23903E+03
  273     9.5342  13.3386  -0.39254E+01  -0.86764E+00  -0.83353E+00   0.40111E+01   0.22924E+03
  274     9.6257  13.3453  -0.39505E+01  -0.87416E+00  -0.84004E+00   0.40109E+01   0.22001E+03
  275     9.7181  13.3520  -0.39766E+01  -0.88098E+00  -0.84686E+00   0.40108E+01   0.21073E+03
  276     9.8113  13.3586  -0.40024E+01  -0.88770E+00  -0.85359E+00   0.40106E+01   0.20224E+03
  277     9.9053  13.3651  -0.40283E+01  -0.89446E+00  -0.86034E+00   0.40104E+01   0.19353E+03
  278    10.0001  13.3715  -0.40543E+01  -0.90125E+00  -0.86713E+00   0.40103E+01   0.18547E+03
  279    10.0957  13.3778  -0.40804E+01  -0.90808E+00  -0.87396E+00   0.40101E+01   0.17772E+03
  280    10.1922  13.3841  -0.41067E+01  -0.91495E+00  -0.88083E+00   0.40100E+01   0.17020E+03
  281    10.2895  13.3902  -0.41330E+01  -0.92185E+00  -0.88773E+00   0.40098E+01   0.16292E+03
  282    10.3877  13.3963  -0.41594E+01  -0.92879E+00  -0.89467E+00   0.40097E+01   0.15596E+03
  283    10.4867  13.4023  -0.41860E+01  -0.93576E+00  -0.90165E+00   0.40095E+01   0.14924E+03
  284    10.5865  13.4083  -0.42127E+01  -0.94278E+00  -0.90866E+00   0.40094E+01   0.14276E+03
  285    10.6873  13.4141  -0.42394E+01  -0.94982E+00  -0.91570E+00   0.40092E+01   0.13655E+03
  286    10.7889  13.4199  -0.42663E+01  -0.95690E+00  -0.92279E+00   0.40091E+01   0.13057E+03
  287    10.8914  13.4256  -0.42933E+01  -0.96403E+00  -0.92991E+00   0.40089E+01   0.12482E+03
  288    10.9947  13.4312  -0.43204E+01  -0.97119E+00  -0.93707E+00   0.40088E+01   0.11930E+03
  289    11.0990  13.4368  -0.43476E+01  -0.97839E+00  -0.94427E+00   0.40087E+01   0.11402E+03
  290    11.2042  13.4423  -0.43750E+01  -0.98562E+00  -0.95151E+00   0.40085E+01   0.10889E+03
  291    11.3103  13.4477  -0.44024E+01  -0.99290E+00  -0.95878E+00   0.40084E+01   0.10398E+03
  292    11.4173  13.4530  -0.44300E+01  -0.10002E+01  -0.96610E+00   0.40083E+01   0.99283E+02
  293    11.5253  13.4583  -0.44577E+01  -0.10076E+01  -0.97345E+00   0.40082E+01   0.94772E+02
  294    11.6342  13.4635  -0.44855E+01  -0.10150E+01  -0.98084E+00   0.40080E+01   0.90398E+02
  295    11.7440  13.4687  -0.45134E+01  -0.10224E+01  -0.98827E+00   0.40079E+01   0.86262E+02
  296    11.8548  13.4738  -0.45415E+01  -0.10299E+01  -0.99574E+00   0.40078E+01   0.82281E+02
  297    11.9666  13.4788  -0.45696E+01  -0.10374E+01  -0.10033E+01   0.40077E+01   0.78448E+02
  298    12.0793  13.4837  -0.45979E+01  -0.10449E+01  -0.10108E+01   0.40076E+01   0.74781E+02
  299    12.1930  13.4886  -0.46263E+01  -0.10525E+01  -0.10184E+01   0.40075E+01   0.71280E+02
  300    12.3077  13.4934  -0.46549E+01  -0.10601E+01  -0.10260E+01   0.40074E+01   0.67883E+02
  301    12.4234  13.4982  -0.46835E+01  -0.10678E+01  -0.10337E+01   0.40072E+01   0.64658E+02
  302    12.5401  13.5029  -0.47123E+01  -0.10755E+01  -0.10414E+01   0.40071E+01   0.61558E+02
  303    12.6578  13.5075  -0.47411E+01  -0.10833E+01  -0.10492E+01   0.40070E+01   0.58610E+02
  304    12.7766  13.5121  -0.47701E+01  -0.10911E+01  -0.10569E+01   0.40069E+01   0.55767E+02
  305    12.8963  13.5166  -0.47993E+01  -0.10989E+01  -0.10648E+01   0.40068E+01   0.53066E+02
  306    13.0172  13.5211  -0.48286E+01  -0.11068E+01  -0.10727E+01   0.40067E+01   0.50481E+02
  307    13.1390  13.5255  -0.48579E+01  -0.11147E+01  -0.10806E+01   0.40066E+01   0.47987E+02
  308    13.2619  13.5298  -0.48875E+01  -0.11227E+01  -0.10885E+01   0.40065E+01   0.45610E+02
  309    13.3859  13.5341  -0.49171E+01  -0.11307E+01  -0.10965E+01   0.40064E+01   0.43348E+02
  310    13.5110  13.5383  -0.49469E+01  -0.11387E+01  -0.11046E+01   0.40064E+01   0.41181E+02
  311    13.6372  13.5425  -0.49768E+01  -0.11468E+01  -0.11127E+01   0.40063E+01   0.39112E+02
  312    13.7644  13.5466  -0.50068E+01  -0.11549E+01  -0.11208E+01   0.40062E+01   0.37135E+02
  313    13.8928  13.5507  -0.50370E+01  -0.11631E+01  -0.11290E+01   0.40061E+01   0.35251E+02
  314    14.0223  13.5547  -0.50673E+01  -0.11713E+01  -0.11372E+01   0.40060E+01   0.33448E+02
  315    14.1529  13.5587  -0.50977E+01  -0.11796E+01  -0.11455E+01   0.40059E+01   0.31722E+02
  316    14.2846  13.5626  -0.51282E+01  -0.11879E+01  -0.11538E+01   0.40058E+01   0.30096E+02
  317    14.4175  13.5665  -0.51589E+01  -0.11962E+01  -0.11621E+01   0.40057E+01   0.28525E+02
  318    14.5515  13.5703  -0.51897E+01  -0.12046E+01  -0.11705E+01   0.40057E+01   0.27041E+02
  319    14.6867  13.5741  -0.52207E+01  -0.12131E+01  -0.11790E+01   0.40056E+01   0.25624E+02
  320    14.8231  13.5778  -0.52518E+01  -0.12216E+01  -0.11875E+01   0.40055E+01   0.24268E+02
  321    14.9607  13.5815  -0.52830E+01  -0.12301E+01  -0.11960E+01   0.40054E+01   0.22978E+02
  322    15.0994  13.5851  -0.53144E+01  -0.12387E+01  -0.12046E+01   0.40054E+01   0.21751E+02
  323    15.2394  13.5887  -0.53459E+01  -0.12473E+01  -0.12132E+01   0.40053E+01   0.20586E+02
  324    15.3806  13.5922  -0.53775E+01  -0.12560E+01  -0.12219E+01   0.40052E+01   0.19473E+02
  325    15.5230  13.5957  -0.54093E+01  -0.12647E+01  -0.12306E+01   0.40051E+01   0.18417E+02
  326    15.6666  13.5991  -0.54413E+01  -0.12735E+01  -0.12393E+01   0.40051E+01   0.17406E+02
  327    15.8115  13.6025  -0.54733E+01  -0.12823E+01  -0.12481E+01   0.40050E+01   0.16453E+02
  328    15.9577  13.6059  -0.55055E+01  -0.12911E+01  -0.12570E+01   0.40049E+01   0.15550E+02
  329    16.1051  13.6092  -0.55379E+01  -0.13000E+01  -0.12659E+01   0.40049E+01   0.14686E+02
  330    16.2538  13.6124  -0.55704E+01  -0.13090E+01  -0.12749E+01   0.40048E+01   0.13865E+02
  331    16.4038  13.6157  -0.56030E+01  -0.13180E+01  -0.12839E+01   0.40047E+01   0.13090E+02
  332    16.5551  13.6188  -0.56358E+01  -0.13270E+01  -0.12929E+01   0.40047E+01   0.12348E+02
  333    16.7078  13.6220  -0.56687E+01  -0.13361E+01  -0.13020E+01   0.40046E+01   0.11647E+02
  334    16.8617  13.6251  -0.57018E+01  -0.13453E+01  -0.13112E+01   0.40045E+01   0.10985E+02
  335    17.0170  13.6281  -0.57351E+01  -0.13545E+01  -0.13204E+01   0.40045E+01   0.10355E+02
  336    17.1736  13.6312  -0.57684E+01  -0.13637E+01  -0.13296E+01   0.40044E+01   0.97574E+01
  337    17.3316  13.6342  -0.58020E+01  -0.13730E+01  -0.13389E+01   0.40044E+01   0.91894E+01
  338    17.4910  13.6371  -0.58356E+01  -0.13824E+01  -0.13483E+01   0.40043E+01   0.86540E+01
  339    17.6518  13.6400  -0.58694E+01  -0.13918E+01  -0.13576E+01   0.40042E+01   0.81466E+01
  340    17.8139  13.6429  -0.59034E+01  -0.14012E+01  -0.13671E+01   0.40042E+01   0.76699E+01
  341    17.9775  13.6457  -0.59376E+01  -0.14107E+01  -0.13766E+01   0.40041E+01   0.72155E+01
  342    18.1425  13.6485  -0.59719E+01  -0.14203E+01  -0.13862E+01   0.40041E+01   0.67816E+01
  343    18.3089  13.6513  -0.60063E+01  -0.14299E+01  -0.13958E+01   0.40040E+01   0.63763E+01
  344    18.4768  13.6540  -0.60409E+01  -0.14395E+01  -0.14054E+01   0.40040E+01   0.59910E+01
  345    18.6461  13.6567  -0.60757E+01  -0.14492E+01  -0.14151E+01   0.40039E+01   0.56273E+01
  346    18.8169  13.6593  -0.61106E+01  -0.14590E+01  -0.14249E+01   0.40039E+01   0.52892E+01
  347    18.9892  13.6619  -0.61457E+01  -0.14688E+01  -0.14347E+01   0.40038E+01   0.49606E+01
  348    19.1630  13.6645  -0.61809E+01  -0.14787E+01  -0.14446E+01   0.40038E+01   0.46560E+01
  349    19.3383  13.6671  -0.62162E+01  -0.14886E+01  -0.14545E+01   0.40037E+01   0.43683E+01
  350    19.5151  13.6696  -0.62518E+01  -0.14986E+01  -0.14644E+01   0.40037E+01   0.40961E+01
  351    19.6934  13.6721  -0.62876E+01  -0.15086E+01  -0.14745E+01   0.40036E+01   0.38392E+01
  352    19.8734  13.6745  -0.63234E+01  -0.15187E+01  -0.14846E+01   0.40036E+01   0.35975E+01
  353    20.0548  13.6770  -0.63595E+01  -0.15288E+01  -0.14947E+01   0.40035E+01   0.33688E+01
  354    20.2379  13.6794  -0.63957E+01  -0.15390E+01  -0.15049E+01   0.40035E+01   0.31560E+01
  355    20.4225  13.6817  -0.64321E+01  -0.15492E+01  -0.15151E+01   0.40034E+01   0.29528E+01
  356    20.6088  13.6840  -0.64687E+01  -0.15596E+01  -0.15254E+01   0.40034E+01   0.27632E+01
  357    20.7966  13.6863  -0.65054E+01  -0.15699E+01  -0.15358E+01   0.40034E+01   0.25841E+01
  358    20.9861  13.6886  -0.65422E+01  -0.15803E+01  -0.15462E+01   0.40033E+01   0.24159E+01
  359    21.1773  13.6909  -0.65793E+01  -0.15908E+01  -0.15567E+01   0.40033E+01   0.22556E+01
  360    21.3701  13.6931  -0.66165E+01  -0.16013E+01  -0.15672E+01   0.40032E+01   0.21091E+01
  361    21.5646  13.6953  -0.66539E+01  -0.16119E+01  -0.15778E+01   0.40032E+01   0.19688E+01
  362    21.7607  13.6974  -0.66915E+01  -0.16226E+01  -0.15885E+01   0.40031E+01   0.18365E+01
  363    21.9586  13.6995  -0.67293E+01  -0.16333E+01  -0.15992E+01   0.40031E+01   0.17148E+01
  364    22.1582  13.7016  -0.67672E+01  -0.16440E+01  -0.16099E+01   0.40031E+01   0.15988E+01
  365    22.3596  13.7037  -0.68053E+01  -0.16549E+01  -0.16207E+01   0.40030E+01   0.14919E+01
  366    22.5626  13.7058  -0.68436E+01  -0.16658E+01  -0.16316E+01   0.40030E+01   0.13895E+01
  367    22.7675  13.7078  -0.68820E+01  -0.16767E+01  -0.16426E+01   0.40000E+01   0.12943E+01
  368    22.9741  13.7098  -0.69207E+01  -0.16877E+01  -0.16536E+01   0.40000E+01   0.12055E+01
  369    23.1825  13.7117  -0.69595E+01  -0.16988E+01  -0.16647E+01   0.40000E+01   0.11216E+01
  370    23.3928  13.7137  -0.69986E+01  -0.17099E+01  -0.16758E+01   0.40000E+01   0.10430E+01
  371    23.6049  13.7156  -0.70377E+01  -0.17211E+01  -0.16870E+01   0.40000E+01   0.97100E+00
  372    23.8188  13.7175  -0.70771E+01  -0.17324E+01  -0.16982E+01   0.40000E+01   0.90176E+00
  373    24.0345  13.7194  -0.71166E+01  -0.17436E+01  -0.17095E+01   0.40000E+01   0.83839E+00
  374    24.2522  13.7212  -0.71563E+01  -0.17550E+01  -0.17209E+01   0.40000E+01   0.77889E+00
  375    24.4717  13.7230  -0.71962E+01  -0.17664E+01  -0.17323E+01   0.40000E+01   0.72322E+00
  376    24.6932  13.7248  -0.72365E+01  -0.17780E+01  -0.17438E+01   0.40000E+01   0.67047E+00
  377    24.9166  13.7266  -0.72766E+01  -0.17895E+01  -0.17553E+01   0.40000E+01   0.62216E+00
  378    25.1419  13.7284  -0.73171E+01  -0.18011E+01  -0.17670E+01   0.40000E+01   0.57735E+00
  379    25.3691  13.7301  -0.73578E+01  -0.18128E+01  -0.17786E+01   0.40000E+01   0.53513E+00
  380    25.5984  13.7318  -0.73987E+01  -0.18245E+01  -0.17904E+01   0.40000E+01   0.49585E+00
  381    25.8296  13.7335  -0.74397E+01  -0.18363E+01  -0.18022E+01   0.40000E+01   0.45858E+00
  382    26.0629  13.7351  -0.74810E+01  -0.18482E+01  -0.18141E+01   0.40000E+01   0.42483E+00
  383    26.2982  13.7368  -0.75224E+01  -0.18601E+01  -0.18260E+01   0.40000E+01   0.39306E+00
  384    26.5355  13.7384  -0.75641E+01  -0.18721E+01  -0.18380E+01   0.40000E+01   0.36337E+00
  385    26.7749  13.7400  -0.76059E+01  -0.18842E+01  -0.18501E+01   0.40000E+01   0.33576E+00
  386    27.0164  13.7416  -0.76480E+01  -0.18963E+01  -0.18622E+01   0.40000E+01   0.31014E+00
  387    27.2599  13.7431  -0.76901E+01  -0.19085E+01  -0.18744E+01   0.40000E+01   0.28671E+00
  388    27.5056  13.7447  -0.77326E+01  -0.19208E+01  -0.18867E+01   0.40000E+01   0.26447E+00
  389    27.7534  13.7462  -0.77752E+01  -0.19331E+01  -0.18990E+01   0.40000E+01   0.24413E+00
  390    28.0034  13.7477  -0.78181E+01  -0.19455E+01  -0.19114E+01   0.40000E+01   0.22499E+00
  391    28.2556  13.7492  -0.78611E+01  -0.19580E+01  -0.19239E+01   0.40000E+01   0.20755E+00
  392    28.5099  13.7506  -0.79044E+01  -0.19705E+01  -0.19364E+01   0.40000E+01   0.19116E+00
  393    28.7665  13.7521  -0.79477E+01  -0.19831E+01  -0.19490E+01   0.40000E+01   0.17601E+00
  394    29.0253  13.7535  -0.79914E+01  -0.19958E+01  -0.19616E+01   0.40000E+01   0.16201E+00
  395    29.2863  13.7549  -0.80353E+01  -0.20085E+01  -0.19744E+01   0.40000E+01   0.14909E+00
  396    29.5496  13.7563  -0.80793E+01  -0.20213E+01  -0.19872E+01   0.40000E+01   0.13717E+00
  397    29.8152  13.7577  -0.81235E+01  -0.20342E+01  -0.20000E+01   0.40000E+01   0.12602E+00
  398    30.0831  13.7590  -0.81680E+01  -0.20471E+01  -0.20130E+01   0.40000E+01   0.11582E+00
  399    30.3534  13.7604  -0.82126E+01  -0.20601E+01  -0.20260E+01   0.40000E+01   0.10630E+00
  400    30.6259  13.7617  -0.82574E+01  -0.20732E+01  -0.20390E+01   0.40000E+01   0.97614E-01
