    1     0.0001   0.0014  -0.30078E-04  -0.17085E-05   0.32387E-01   0.55210E+01   0.14005E+05
    2     0.0088   0.1221  -0.35076E-02  -0.40543E-03   0.31983E-01   0.54968E+01   0.19396E+05
    3     0.0176   0.2423  -0.73243E-02  -0.89795E-03   0.31491E-01   0.54738E+01   0.20362E+05
    4     0.0264   0.3621  -0.11320E-01  -0.14332E-02   0.30955E-01   0.54513E+01   0.21014E+05
    5     0.0353   0.4814  -0.15452E-01  -0.19984E-02   0.30390E-01   0.54293E+01   0.21570E+05
    6     0.0443   0.6003  -0.19707E-01  -0.25906E-02   0.29798E-01   0.54076E+01   0.22035E+05
    7     0.0534   0.7188  -0.24070E-01  -0.32042E-02   0.29184E-01   0.53863E+01   0.22433E+05
    8     0.0626   0.8368  -0.28534E-01  -0.38383E-02   0.28550E-01   0.53652E+01   0.22797E+05
    9     0.0718   0.9543  -0.33095E-01  -0.44912E-02   0.27897E-01   0.53444E+01   0.23142E+05
   10     0.0811   1.0713  -0.37748E-01  -0.51620E-02   0.27227E-01   0.53239E+01   0.23457E+05
   11     0.0905   1.1879  -0.42492E-01  -0.58502E-02   0.26538E-01   0.53036E+01   0.23758E+05
   12     0.1000   1.3039  -0.47331E-01  -0.65572E-02   0.25831E-01   0.52836E+01   0.24036E+05
   13     0.1096   1.4195  -0.52249E-01  -0.72782E-02   0.25110E-01   0.52637E+01   0.24304E+05
   14     0.1192   1.5346  -0.57252E-01  -0.80153E-02   0.24373E-01   0.52441E+01   0.24560E+05
   15     0.1290   1.6491  -0.62343E-01  -0.87694E-02   0.23619E-01   0.52247E+01   0.24798E+05
   16     0.1388   1.7632  -0.67520E-01  -0.95397E-02   0.22849E-01   0.52056E+01   0.25035E+05
   17     0.1487   1.8767  -0.72781E-01  -0.10326E-01   0.22062E-01   0.51866E+01   0.25252E+05
   18     0.1587   1.9897  -0.78126E-01  -0.11129E-01   0.21259E-01   0.51679E+01   0.25468E+05
   19     0.1687   2.1021  -0.83558E-01  -0.11948E-01   0.20440E-01   0.51493E+01   0.25672E+05
   20     0.1789   2.2140  -0.89073E-01  -0.12784E-01   0.19605E-01   0.51310E+01   0.25863E+05
   21     0.1891   2.3254  -0.94673E-01  -0.13637E-01   0.18752E-01   0.51129E+01   0.26052E+05
   22     0.1995   2.4362  -0.10036E+00  -0.14505E-01   0.17883E-01   0.50950E+01   0.26228E+05
   23     0.2099   2.5465  -0.10613E+00  -0.15391E-01   0.16998E-01   0.50773E+01   0.26398E+05
   24     0.2204   2.6562  -0.11198E+00  -0.16293E-01   0.16095E-01   0.50598E+01   0.26560E+05
   25     0.2310   2.7653  -0.11792E+00  -0.17211E-01   0.15177E-01   0.50426E+01   0.26715E+05
   26     0.2417   2.8738  -0.12394E+00  -0.18146E-01   0.14243E-01   0.50255E+01   0.26864E+05
   27     0.2525   2.9818  -0.13004E+00  -0.19097E-01   0.13291E-01   0.50086E+01   0.27000E+05
   28     0.2634   3.0892  -0.13622E+00  -0.20065E-01   0.12324E-01   0.49920E+01   0.27133E+05
   29     0.2744   3.1959  -0.14249E+00  -0.21049E-01   0.11339E-01   0.49755E+01   0.27259E+05
   30     0.2855   3.3021  -0.14883E+00  -0.22049E-01   0.10339E-01   0.49592E+01   0.27377E+05
   31     0.2967   3.4077  -0.15526E+00  -0.23067E-01   0.93219E-02   0.49430E+01   0.27486E+05
   32     0.3079   3.5127  -0.16177E+00  -0.24100E-01   0.82880E-02   0.49271E+01   0.27590E+05
   33     0.3193   3.6170  -0.16832E+00  -0.25140E-01   0.72485E-02   0.49112E+01   0.27691E+05
   34     0.3308   3.7207  -0.17499E+00  -0.26207E-01   0.61815E-02   0.48956E+01   0.27781E+05
   35     0.3423   3.8238  -0.18175E+00  -0.27290E-01   0.50982E-02   0.48803E+01   0.27859E+05
   36     0.3540   3.9263  -0.18858E+00  -0.28391E-01   0.39974E-02   0.48651E+01   0.27938E+05
   37     0.3658   4.0281  -0.19549E+00  -0.29508E-01   0.28801E-02   0.48501E+01   0.28008E+05
   38     0.3777   4.1293  -0.20249E+00  -0.30642E-01   0.17461E-02   0.48353E+01   0.28073E+05
   39     0.3896   4.2299  -0.20956E+00  -0.31794E-01   0.59437E-03   0.48206E+01   0.28132E+05
   40     0.4017   4.3298  -0.21673E+00  -0.32964E-01  -0.57557E-03   0.48062E+01   0.28185E+05
   41     0.4139   4.4291  -0.22397E+00  -0.34152E-01  -0.17640E-02   0.47920E+01   0.28233E+05
   42     0.4262   4.5276  -0.23130E+00  -0.35359E-01  -0.29705E-02   0.47780E+01   0.28276E+05
   43     0.4386   4.6256  -0.23872E+00  -0.36584E-01  -0.41960E-02   0.47641E+01   0.28309E+05
   44     0.4511   4.7229  -0.24622E+00  -0.37829E-01  -0.54400E-02   0.47505E+01   0.28338E+05
   45     0.4637   4.8195  -0.25381E+00  -0.39092E-01  -0.67034E-02   0.47370E+01   0.28363E+05
   46     0.4764   4.9154  -0.26148E+00  -0.40374E-01  -0.79860E-02   0.47238E+01   0.28382E+05
   47     0.4893   5.0106  -0.26924E+00  -0.41676E-01  -0.92877E-02   0.47107E+01   0.28394E+05
   48     0.5022   5.1052  -0.27709E+00  -0.42997E-01  -0.10609E-01   0.46978E+01   0.28398E+05
   49     0.5153   5.1991  -0.28502E+00  -0.44338E-01  -0.11949E-01   0.46851E+01   0.28394E+05
   50     0.5285   5.2923  -0.29303E+00  -0.45698E-01  -0.13309E-01   0.46726E+01   0.28386E+05
   51     0.5417   5.3849  -0.30113E+00  -0.47077E-01  -0.14688E-01   0.46603E+01   0.28366E+05
   52     0.5552   5.4767  -0.30932E+00  -0.48475E-01  -0.16087E-01   0.46482E+01   0.28341E+05
   53     0.5687   5.5679  -0.31759E+00  -0.49894E-01  -0.17505E-01   0.46362E+01   0.28311E+05
   54     0.5823   5.6583  -0.32595E+00  -0.51332E-01  -0.18944E-01   0.46244E+01   0.28268E+05
   55     0.5961   5.7481  -0.33439E+00  -0.52790E-01  -0.20402E-01   0.46128E+01   0.28222E+05
   56     0.6099   5.8371  -0.34292E+00  -0.54267E-01  -0.21879E-01   0.46014E+01   0.28171E+05
   57     0.6239   5.9255  -0.35152E+00  -0.55763E-01  -0.23375E-01   0.45902E+01   0.28111E+05
   58     0.6381   6.0132  -0.36021E+00  -0.57278E-01  -0.24889E-01   0.45791E+01   0.28046E+05
   59     0.6523   6.1001  -0.36897E+00  -0.58811E-01  -0.26422E-01   0.45682E+01   0.27975E+05
   60     0.6667   6.1864  -0.37782E+00  -0.60362E-01  -0.27974E-01   0.45574E+01   0.27897E+05
   61     0.6812   6.2719  -0.38675E+00  -0.61932E-01  -0.29544E-01   0.45468E+01   0.27814E+05
   62     0.6958   6.3568  -0.39575E+00  -0.63521E-01  -0.31133E-01   0.45364E+01   0.27724E+05
   63     0.7105   6.4409  -0.40484E+00  -0.65130E-01  -0.32742E-01   0.45262E+01   0.27632E+05
   64     0.7254   6.5244  -0.41401E+00  -0.66758E-01  -0.34369E-01   0.45161E+01   0.27531E+05
   65     0.7404   6.6071  -0.42327E+00  -0.68406E-01  -0.36017E-01   0.45062E+01   0.27428E+05
   66     0.7555   6.6891  -0.43260E+00  -0.70073E-01  -0.37685E-01   0.44965E+01   0.27320E+05
   67     0.7708   6.7704  -0.44202E+00  -0.71761E-01  -0.39373E-01   0.44869E+01   0.27208E+05
   68     0.7862   6.8511  -0.45153E+00  -0.73470E-01  -0.41081E-01   0.44775E+01   0.27093E+05
   69     0.8017   6.9310  -0.46111E+00  -0.75199E-01  -0.42810E-01   0.44682E+01   0.26973E+05
   70     0.8174   7.0102  -0.47078E+00  -0.76947E-01  -0.44559E-01   0.44591E+01   0.26849E+05
   71     0.8332   7.0886  -0.48053E+00  -0.78717E-01  -0.46328E-01   0.44502E+01   0.26721E+05
   72     0.8491   7.1664  -0.49037E+00  -0.80507E-01  -0.48118E-01   0.44414E+01   0.26587E+05
   73     0.8652   7.2435  -0.50028E+00  -0.82317E-01  -0.49928E-01   0.44328E+01   0.26450E+05
   74     0.8814   7.3199  -0.51029E+00  -0.84148E-01  -0.51760E-01   0.44243E+01   0.26308E+05
   75     0.8977   7.3956  -0.52037E+00  -0.86001E-01  -0.53612E-01   0.44160E+01   0.26155E+05
   76     0.9142   7.4705  -0.53054E+00  -0.87875E-01  -0.55486E-01   0.44078E+01   0.25997E+05
   77     0.9309   7.5448  -0.54080E+00  -0.89770E-01  -0.57382E-01   0.43998E+01   0.25839E+05
   78     0.9477   7.6184  -0.55113E+00  -0.91686E-01  -0.59298E-01   0.43919E+01   0.25675E+05
   79     0.9646   7.6913  -0.56155E+00  -0.93623E-01  -0.61235E-01   0.43842E+01   0.25507E+05
   80     0.9817   7.7635  -0.57205E+00  -0.95581E-01  -0.63192E-01   0.43766E+01   0.25335E+05
   81     0.9989   7.8350  -0.58263E+00  -0.97561E-01  -0.65172E-01   0.43692E+01   0.25159E+05
   82     1.0163   7.9058  -0.59327E+00  -0.99550E-01  -0.67161E-01   0.43619E+01   0.24979E+05
   83     1.0338   7.9759  -0.60399E+00  -0.10156E+00  -0.69174E-01   0.43547E+01   0.24793E+05
   84     1.0515   8.0453  -0.61480E+00  -0.10360E+00  -0.71211E-01   0.43476E+01   0.24603E+05
   85     1.0693   8.1141  -0.62569E+00  -0.10566E+00  -0.73268E-01   0.43407E+01   0.24410E+05
   86     1.0873   8.1821  -0.63666E+00  -0.10773E+00  -0.75346E-01   0.43340E+01   0.24212E+05
   87     1.1055   8.2495  -0.64771E+00  -0.10983E+00  -0.77444E-01   0.43273E+01   0.24010E+05
   88     1.1238   8.3162  -0.65883E+00  -0.11195E+00  -0.79563E-01   0.43208E+01   0.23830E+05
   89     1.1423   8.3823  -0.67004E+00  -0.11409E+00  -0.81701E-01   0.43144E+01   0.23622E+05
   90     1.1609   8.4477  -0.68132E+00  -0.11625E+00  -0.83860E-01   0.43081E+01   0.23404E+05
   91     1.1797   8.5124  -0.69267E+00  -0.11843E+00  -0.86038E-01   0.43019E+01   0.23199E+05
   92     1.1986   8.5764  -0.70411E+00  -0.12063E+00  -0.88237E-01   0.42959E+01   0.22987E+05
   93     1.2177   8.6398  -0.71561E+00  -0.12284E+00  -0.90452E-01   0.42899E+01   0.22774E+05
   94     1.2370   8.7025  -0.72725E+00  -0.12510E+00  -0.92711E-01   0.42842E+01   0.22556E+05
   95     1.2565   8.7646  -0.73896E+00  -0.12737E+00  -0.94983E-01   0.42785E+01   0.22338E+05
   96     1.2761   8.8260  -0.75061E+00  -0.12962E+00  -0.97235E-01   0.42728E+01   0.22122E+05
   97     1.2959   8.8868  -0.76245E+00  -0.13193E+00  -0.99545E-01   0.42674E+01   0.21900E+05
   98     1.3158   8.9469  -0.77435E+00  -0.13426E+00  -0.10187E+00   0.42620E+01   0.21678E+05
   99     1.3360   9.0065  -0.78633E+00  -0.13660E+00  -0.10421E+00   0.42568E+01   0.21446E+05
  100     1.3563   9.0653  -0.79839E+00  -0.13897E+00  -0.10658E+00   0.42516E+01   0.21207E+05
  101     1.3767   9.1236  -0.81052E+00  -0.14135E+00  -0.10897E+00   0.42466E+01   0.20996E+05
  102     1.3974   9.1812  -0.82272E+00  -0.14376E+00  -0.11137E+00   0.42417E+01   0.20762E+05
  103     1.4183   9.2382  -0.83500E+00  -0.14619E+00  -0.11380E+00   0.42368E+01   0.20531E+05
  104     1.4393   9.2945  -0.84735E+00  -0.14863E+00  -0.11625E+00   0.42321E+01   0.20298E+05
  105     1.4605   9.3503  -0.85978E+00  -0.15110E+00  -0.11871E+00   0.42274E+01   0.20064E+05
  106     1.4819   9.4054  -0.87228E+00  -0.15359E+00  -0.12120E+00   0.42228E+01   0.19829E+05
  107     1.5035   9.4600  -0.88486E+00  -0.15610E+00  -0.12371E+00   0.42184E+01   0.19594E+05
  108     1.5252   9.5139  -0.89751E+00  -0.15863E+00  -0.12624E+00   0.42140E+01   0.19359E+05
  109     1.5472   9.5673  -0.91024E+00  -0.16118E+00  -0.12879E+00   0.42097E+01   0.19124E+05
  110     1.5693   9.6200  -0.92304E+00  -0.16375E+00  -0.13136E+00   0.42055E+01   0.18888E+05
  111     1.5917   9.6722  -0.93592E+00  -0.16634E+00  -0.13395E+00   0.42014E+01   0.18652E+05
  112     1.6142   9.7238  -0.94887E+00  -0.16895E+00  -0.13657E+00   0.41973E+01   0.18415E+05
  113     1.6369   9.7748  -0.96189E+00  -0.17159E+00  -0.13920E+00   0.41934E+01   0.18177E+05
  114     1.6598   9.8252  -0.97500E+00  -0.17425E+00  -0.14186E+00   0.41895E+01   0.17937E+05
  115     1.6830   9.8751  -0.98817E+00  -0.17692E+00  -0.14453E+00   0.41858E+01   0.17697E+05
  116     1.7063   9.9244  -0.10014E+01  -0.17962E+00  -0.14723E+00   0.41821E+01   0.17458E+05
  117     1.7298   9.9731  -0.10147E+01  -0.18234E+00  -0.14995E+00   0.41784E+01   0.17219E+05
  118     1.7536  10.0213  -0.10281E+01  -0.18508E+00  -0.15269E+00   0.41749E+01   0.16980E+05
  119     1.7775  10.0689  -0.10416E+01  -0.18783E+00  -0.15544E+00   0.41714E+01   0.16743E+05
  120     1.8016  10.1160  -0.10551E+01  -0.19061E+00  -0.15822E+00   0.41680E+01   0.16506E+05
  121     1.8260  10.1626  -0.10687E+01  -0.19340E+00  -0.16102E+00   0.41646E+01   0.16271E+05
  122     1.8506  10.2086  -0.10824E+01  -0.19622E+00  -0.16383E+00   0.41614E+01   0.16037E+05
  123     1.8753  10.2541  -0.10961E+01  -0.19906E+00  -0.16668E+00   0.41582E+01   0.15804E+05
  124     1.9003  10.2990  -0.11099E+01  -0.20193E+00  -0.16954E+00   0.41550E+01   0.15571E+05
  125     1.9256  10.3434  -0.11238E+01  -0.20481E+00  -0.17243E+00   0.41520E+01   0.15339E+05
  126     1.9510  10.3873  -0.11378E+01  -0.20772E+00  -0.17533E+00   0.41490E+01   0.15106E+05
  127     1.9766  10.4307  -0.11519E+01  -0.21065E+00  -0.17826E+00   0.41460E+01   0.14875E+05
  128     2.0025  10.4736  -0.11660E+01  -0.21360E+00  -0.18121E+00   0.41431E+01   0.14643E+05
  129     2.0286  10.5160  -0.11802E+01  -0.21657E+00  -0.18418E+00   0.41403E+01   0.14411E+05
  130     2.0550  10.5579  -0.11944E+01  -0.21956E+00  -0.18717E+00   0.41375E+01   0.14181E+05
  131     2.0815  10.5993  -0.12087E+01  -0.22256E+00  -0.19018E+00   0.41348E+01   0.13953E+05
  132     2.1083  10.6402  -0.12231E+01  -0.22559E+00  -0.19321E+00   0.41322E+01   0.13726E+05
  133     2.1353  10.6806  -0.12376E+01  -0.22864E+00  -0.19625E+00   0.41296E+01   0.13502E+05
  134     2.1626  10.7205  -0.12521E+01  -0.23171E+00  -0.19932E+00   0.41270E+01   0.13280E+05
  135     2.1901  10.7600  -0.12667E+01  -0.23480E+00  -0.20241E+00   0.41245E+01   0.13060E+05
  136     2.2178  10.7990  -0.12813E+01  -0.23791E+00  -0.20552E+00   0.41221E+01   0.12841E+05
  137     2.2458  10.8375  -0.12961E+01  -0.24105E+00  -0.20866E+00   0.41197E+01   0.12624E+05
  138     2.2740  10.8756  -0.13109E+01  -0.24421E+00  -0.21182E+00   0.41174E+01   0.12410E+05
  139     2.3025  10.9132  -0.13258E+01  -0.24739E+00  -0.21500E+00   0.41151E+01   0.12196E+05
  140     2.3312  10.9504  -0.13408E+01  -0.25059E+00  -0.21820E+00   0.41128E+01   0.11984E+05
  141     2.3602  10.9871  -0.13558E+01  -0.25381E+00  -0.22142E+00   0.41106E+01   0.11772E+05
  142     2.3894  11.0234  -0.13709E+01  -0.25705E+00  -0.22467E+00   0.41085E+01   0.11561E+05
  143     2.4188  11.0592  -0.13861E+01  -0.26032E+00  -0.22793E+00   0.41064E+01   0.11352E+05
  144     2.4486  11.0946  -0.14013E+01  -0.26361E+00  -0.23122E+00   0.41043E+01   0.11144E+05
  145     2.4785  11.1296  -0.14166E+01  -0.26691E+00  -0.23452E+00   0.41023E+01   0.10940E+05
  146     2.5088  11.1641  -0.14320E+01  -0.27024E+00  -0.23785E+00   0.41003E+01   0.10738E+05
  147     2.5393  11.1982  -0.14474E+01  -0.27358E+00  -0.24120E+00   0.40984E+01   0.10537E+05
  148     2.5701  11.2320  -0.14629E+01  -0.27695E+00  -0.24456E+00   0.40965E+01   0.10336E+05
  149     2.6011  11.2653  -0.14785E+01  -0.28034E+00  -0.24795E+00   0.40947E+01   0.10140E+05
  150     2.6324  11.2982  -0.14942E+01  -0.28375E+00  -0.25137E+00   0.40928E+01   0.99478E+04
  151     2.6640  11.3306  -0.15099E+01  -0.28719E+00  -0.25480E+00   0.40911E+01   0.97578E+04
  152     2.6958  11.3627  -0.15256E+01  -0.29063E+00  -0.25825E+00   0.40893E+01   0.95702E+04
  153     2.7280  11.3944  -0.15415E+01  -0.29411E+00  -0.26172E+00   0.40876E+01   0.93832E+04
  154     2.7604  11.4258  -0.15574E+01  -0.29761E+00  -0.26522E+00   0.40859E+01   0.91980E+04
  155     2.7931  11.4567  -0.15735E+01  -0.30114E+00  -0.26875E+00   0.40843E+01   0.90142E+04
  156     2.8260  11.4872  -0.15895E+01  -0.30468E+00  -0.27230E+00   0.40827E+01   0.88363E+04
  157     2.8593  11.5174  -0.16057E+01  -0.30825E+00  -0.27586E+00   0.40811E+01   0.86570E+04
  158     2.8929  11.5472  -0.16219E+01  -0.31184E+00  -0.27945E+00   0.40796E+01   0.84797E+04
  159     2.9267  11.5766  -0.16382E+01  -0.31545E+00  -0.28306E+00   0.40781E+01   0.83044E+04
  160     2.9608  11.6057  -0.16545E+01  -0.31907E+00  -0.28669E+00   0.40766E+01   0.81315E+04
  161     2.9953  11.6344  -0.16710E+01  -0.32273E+00  -0.29034E+00   0.40751E+01   0.79617E+04
  162     3.0300  11.6628  -0.16875E+01  -0.32640E+00  -0.29401E+00   0.40737E+01   0.77945E+04
  163     3.0651  11.6908  -0.17040E+01  -0.33009E+00  -0.29771E+00   0.40723E+01   0.76296E+04
  164     3.1004  11.7184  -0.17206E+01  -0.33381E+00  -0.30143E+00   0.40710E+01   0.74667E+04
  165     3.1360  11.7458  -0.17374E+01  -0.33756E+00  -0.30517E+00   0.40697E+01   0.73064E+04
  166     3.1720  11.7727  -0.17541E+01  -0.34132E+00  -0.30893E+00   0.40683E+01   0.71481E+04
  167     3.2083  11.7994  -0.17710E+01  -0.34510E+00  -0.31272E+00   0.40671E+01   0.69918E+04
  168     3.2449  11.8257  -0.17879E+01  -0.34891E+00  -0.31652E+00   0.40658E+01   0.68380E+04
  169     3.2818  11.8517  -0.18049E+01  -0.35274E+00  -0.32035E+00   0.40646E+01   0.66861E+04
  170     3.3190  11.8773  -0.18219E+01  -0.35659E+00  -0.32421E+00   0.40634E+01   0.65363E+04
  171     3.3565  11.9026  -0.18391E+01  -0.36047E+00  -0.32808E+00   0.40622E+01   0.63894E+04
  172     3.3944  11.9277  -0.18563E+01  -0.36437E+00  -0.33198E+00   0.40611E+01   0.62453E+04
  173     3.4326  11.9524  -0.18735E+01  -0.36828E+00  -0.33590E+00   0.40599E+01   0.61034E+04
  174     3.4712  11.9768  -0.18908E+01  -0.37222E+00  -0.33984E+00   0.40588E+01   0.59635E+04
  175     3.5100  12.0009  -0.19083E+01  -0.37619E+00  -0.34380E+00   0.40577E+01   0.58258E+04
  176     3.5492  12.0246  -0.19257E+01  -0.38018E+00  -0.34779E+00   0.40567E+01   0.56903E+04
  177     3.5888  12.0481  -0.19433E+01  -0.38419E+00  -0.35181E+00   0.40556E+01   0.55566E+04
  178     3.6287  12.0713  -0.19609E+01  -0.38823E+00  -0.35584E+00   0.40546E+01   0.54251E+04
  179     3.6689  12.0942  -0.19786E+01  -0.39229E+00  -0.35990E+00   0.40536E+01   0.52958E+04
  180     3.7095  12.1169  -0.19964E+01  -0.39637E+00  -0.36398E+00   0.40526E+01   0.51689E+04
  181     3.7505  12.1392  -0.20142E+01  -0.40047E+00  -0.36808E+00   0.40517E+01   0.50444E+04
  182     3.7918  12.1612  -0.20321E+01  -0.40459E+00  -0.37220E+00   0.40507E+01   0.49222E+04
  183     3.8334  12.1830  -0.20501E+01  -0.40874E+00  -0.37635E+00   0.40498E+01   0.48023E+04
  184     3.8754  12.2045  -0.20682E+01  -0.41291E+00  -0.38052E+00   0.40489E+01   0.46850E+04
  185     3.9178  12.2257  -0.20863E+01  -0.41711E+00  -0.38472E+00   0.40480E+01   0.45694E+04
  186     3.9606  12.2467  -0.21045E+01  -0.42133E+00  -0.38894E+00   0.40471E+01   0.44559E+04
  187     4.0037  12.2674  -0.21228E+01  -0.42558E+00  -0.39319E+00   0.40463E+01   0.43440E+04
  188     4.0472  12.2878  -0.21412E+01  -0.42985E+00  -0.39746E+00   0.40455E+01   0.42339E+04
  189     4.0911  12.3080  -0.21596E+01  -0.43414E+00  -0.40175E+00   0.40446E+01   0.41259E+04
  190     4.1353  12.3279  -0.21781E+01  -0.43845E+00  -0.40606E+00   0.40438E+01   0.40204E+04
  191     4.1800  12.3476  -0.21966E+01  -0.44279E+00  -0.41040E+00   0.40430E+01   0.39170E+04
  192     4.2250  12.3670  -0.22153E+01  -0.44715E+00  -0.41476E+00   0.40423E+01   0.38152E+04
  193     4.2705  12.3862  -0.22340E+01  -0.45153E+00  -0.41914E+00   0.40415E+01   0.37161E+04
  194     4.3163  12.4051  -0.22528E+01  -0.45594E+00  -0.42355E+00   0.40408E+01   0.36190E+04
  195     4.3625  12.4238  -0.22716E+01  -0.46038E+00  -0.42799E+00   0.40400E+01   0.35241E+04
  196     4.4091  12.4423  -0.22906E+01  -0.46484E+00  -0.43245E+00   0.40393E+01   0.34310E+04
  197     4.4561  12.4605  -0.23096E+01  -0.46932E+00  -0.43693E+00   0.40386E+01   0.33396E+04
  198     4.5036  12.4785  -0.23287E+01  -0.47383E+00  -0.44144E+00   0.40380E+01   0.32495E+04
  199     4.5514  12.4962  -0.23479E+01  -0.47837E+00  -0.44598E+00   0.40373E+01   0.31618E+04
  200     4.5997  12.5138  -0.23671E+01  -0.48293E+00  -0.45054E+00   0.40366E+01   0.30754E+04
  201     4.6484  12.5311  -0.23864E+01  -0.48751E+00  -0.45512E+00   0.40360E+01   0.29905E+04
  202     4.6975  12.5482  -0.24058E+01  -0.49212E+00  -0.45973E+00   0.40353E+01   0.29076E+04
  203     4.7470  12.5650  -0.24253E+01  -0.49675E+00  -0.46436E+00   0.40347E+01   0.28267E+04
  204     4.7970  12.5817  -0.24448E+01  -0.50140E+00  -0.46901E+00   0.40341E+01   0.27479E+04
  205     4.8474  12.5981  -0.24644E+01  -0.50607E+00  -0.47369E+00   0.40335E+01   0.26712E+04
  206     4.8982  12.6144  -0.24841E+01  -0.51078E+00  -0.47839E+00   0.40329E+01   0.25963E+04
  207     4.9495  12.6304  -0.25039E+01  -0.51551E+00  -0.48312E+00   0.40323E+01   0.25233E+04
  208     5.0012  12.6462  -0.25238E+01  -0.52027E+00  -0.48788E+00   0.40318E+01   0.24514E+04
  209     5.0534  12.6619  -0.25437E+01  -0.52506E+00  -0.49267E+00   0.40312E+01   0.23813E+04
  210     5.1060  12.6773  -0.25637E+01  -0.52987E+00  -0.49748E+00   0.40307E+01   0.23125E+04
  211     5.1591  12.6925  -0.25838E+01  -0.53471E+00  -0.50232E+00   0.40302E+01   0.22445E+04
  212     5.2126  12.7076  -0.26040E+01  -0.53957E+00  -0.50718E+00   0.40296E+01   0.21783E+04
  213     5.2667  12.7224  -0.26243E+01  -0.54446E+00  -0.51207E+00   0.40291E+01   0.21139E+04
  214     5.3211  12.7371  -0.26446E+01  -0.54937E+00  -0.51698E+00   0.40287E+01   0.20513E+04
  215     5.3761  12.7515  -0.26650E+01  -0.55430E+00  -0.52191E+00   0.40281E+01   0.19902E+04
  216     5.4315  12.7658  -0.26854E+01  -0.55926E+00  -0.52687E+00   0.40276E+01   0.19307E+04
  217     5.4874  12.7799  -0.27060E+01  -0.56425E+00  -0.53186E+00   0.40272E+01   0.18726E+04
  218     5.5438  12.7938  -0.27267E+01  -0.56927E+00  -0.53688E+00   0.40267E+01   0.18161E+04
  219     5.6007  12.8076  -0.27474E+01  -0.57432E+00  -0.54193E+00   0.40263E+01   0.17608E+04
  220     5.6581  12.8211  -0.27682E+01  -0.57939E+00  -0.54700E+00   0.40258E+01   0.17065E+04
  221     5.7160  12.8345  -0.27891E+01  -0.58448E+00  -0.55210E+00   0.40254E+01   0.16540E+04
  222     5.7744  12.8477  -0.28101E+01  -0.58961E+00  -0.55722E+00   0.40249E+01   0.16027E+04
  223     5.8333  12.8608  -0.28311E+01  -0.59476E+00  -0.56237E+00   0.40245E+01   0.15528E+04
  224     5.8927  12.8737  -0.28522E+01  -0.59993E+00  -0.56755E+00   0.40241E+01   0.15041E+04
  225     5.9526  12.8864  -0.28735E+01  -0.60514E+00  -0.57275E+00   0.40237E+01   0.14566E+04
  226     6.0131  12.8990  -0.28948E+01  -0.61038E+00  -0.57799E+00   0.40233E+01   0.14104E+04
  227     6.0740  12.9114  -0.29162E+01  -0.61564E+00  -0.58325E+00   0.40229E+01   0.13653E+04
  228     6.1355  12.9236  -0.29376E+01  -0.62093E+00  -0.58854E+00   0.40225E+01   0.13213E+04
  229     6.1976  12.9357  -0.29592E+01  -0.62624E+00  -0.59385E+00   0.40221E+01   0.12785E+04
  230     6.2602  12.9476  -0.29808E+01  -0.63159E+00  -0.59920E+00   0.40218E+01   0.12370E+04
  231     6.3233  12.9594  -0.30025E+01  -0.63696E+00  -0.60457E+00   0.40214E+01   0.11967E+04
  232     6.3869  12.9710  -0.30243E+01  -0.64236E+00  -0.60997E+00   0.40210E+01   0.11576E+04
  233     6.4512  12.9825  -0.30462E+01  -0.64778E+00  -0.61540E+00   0.40207E+01   0.11193E+04
  234     6.5159  12.9938  -0.30682E+01  -0.65324E+00  -0.62086E+00   0.40203E+01   0.10822E+04
  235     6.5813  13.0050  -0.30903E+01  -0.65873E+00  -0.62634E+00   0.40200E+01   0.10461E+04
  236     6.6472  13.0160  -0.31124E+01  -0.66425E+00  -0.63186E+00   0.40197E+01   0.10107E+04
  237     6.7137  13.0269  -0.31347E+01  -0.66979E+00  -0.63740E+00   0.40193E+01   0.97660E+03
  238     6.7807  13.0377  -0.31570E+01  -0.67536E+00  -0.64297E+00   0.40190E+01   0.94327E+03
  239     6.8484  13.0483  -0.31794E+01  -0.68096E+00  -0.64857E+00   0.40187E+01   0.91107E+03
  240     6.9166  13.0588  -0.32019E+01  -0.68659E+00  -0.65420E+00   0.40184E+01   0.87979E+03
  241     6.9854  13.0691  -0.32245E+01  -0.69225E+00  -0.65986E+00   0.40181E+01   0.84946E+03
  242     7.0549  13.0794  -0.32472E+01  -0.69794E+00  -0.66555E+00   0.40178E+01   0.82001E+03
  243     7.1249  13.0894  -0.32699E+01  -0.70365E+00  -0.67127E+00   0.40175E+01   0.79149E+03
  244     7.1955  13.0994  -0.32928E+01  -0.70941E+00  -0.67702E+00   0.40172E+01   0.76375E+03
  245     7.2668  13.1092  -0.33158E+01  -0.71519E+00  -0.68280E+00   0.40169E+01   0.73655E+03
  246     7.3387  13.1189  -0.33388E+01  -0.72100E+00  -0.68861E+00   0.40167E+01   0.71024E+03
  247     7.4112  13.1285  -0.33620E+01  -0.72684E+00  -0.69445E+00   0.40164E+01   0.68493E+03
  248     7.4843  13.1380  -0.33852E+01  -0.73271E+00  -0.70032E+00   0.40161E+01   0.66020E+03
  249     7.5580  13.1473  -0.34085E+01  -0.73860E+00  -0.70621E+00   0.40159E+01   0.63635E+03
  250     7.6324  13.1565  -0.34319E+01  -0.74453E+00  -0.71215E+00   0.40156E+01   0.61323E+03
  251     7.7075  13.1656  -0.34554E+01  -0.75049E+00  -0.71811E+00   0.40154E+01   0.59096E+03
  252     7.7832  13.1746  -0.34790E+01  -0.75649E+00  -0.72410E+00   0.40151E+01   0.56939E+03
  253     7.8596  13.1834  -0.35027E+01  -0.76251E+00  -0.73012E+00   0.40149E+01   0.54833E+03
  254     7.9366  13.1922  -0.35265E+01  -0.76857E+00  -0.73618E+00   0.40146E+01   0.52783E+03
  255     8.0143  13.2008  -0.35504E+01  -0.77466E+00  -0.74227E+00   0.40144E+01   0.50812E+03
  256     8.0926  13.2093  -0.35743E+01  -0.78078E+00  -0.74839E+00   0.40142E+01   0.48902E+03
  257     8.1717  13.2178  -0.35984E+01  -0.78692E+00  -0.75453E+00   0.40139E+01   0.47052E+03
  258     8.2514  13.2261  -0.36226E+01  -0.79311E+00  -0.76072E+00   0.40137E+01   0.45262E+03
  259     8.3319  13.2343  -0.36468E+01  -0.79932E+00  -0.76693E+00   0.40135E+01   0.43546E+03
  260     8.4130  13.2424  -0.36712E+01  -0.80557E+00  -0.77318E+00   0.40133E+01   0.41873E+03
  261     8.4948  13.2503  -0.36957E+01  -0.81185E+00  -0.77946E+00   0.40131E+01   0.40250E+03
  262     8.5774  13.2582  -0.37202E+01  -0.81816E+00  -0.78577E+00   0.40129E+01   0.38690E+03
  263     8.6606  13.2660  -0.37449E+01  -0.82450E+00  -0.79211E+00   0.40127E+01   0.37179E+03
  264     8.7446  13.2737  -0.37696E+01  -0.83088E+00  -0.79849E+00   0.40125E+01   0.35722E+03
  265     8.8293  13.2813  -0.37945E+01  -0.83729E+00  -0.80490E+00   0.40123E+01   0.34312E+03
  266     8.9148  13.2888  -0.38194E+01  -0.84373E+00  -0.81135E+00   0.40121E+01   0.32955E+03
  267     9.0010  13.2962  -0.38445E+01  -0.85021E+00  -0.81783E+00   0.40119E+01   0.31639E+03
  268     9.0879  13.3035  -0.38697E+01  -0.85673E+00  -0.82434E+00   0.40117E+01   0.30369E+03
  269     9.1756  13.3107  -0.38949E+01  -0.86327E+00  -0.83088E+00   0.40115E+01   0.29140E+03
  270     9.2641  13.3178  -0.39203E+01  -0.86985E+00  -0.83746E+00   0.40114E+01   0.27962E+03
  271     9.3534  13.3248  -0.39457E+01  -0.87646E+00  -0.84407E+00   0.40112E+01   0.26820E+03
  272     9.4434  13.3317  -0.39713E+01  -0.88311E+00  -0.85073E+00   0.40110E+01   0.25691E+03
  273     9.5342  13.3386  -0.39970E+01  -0.88980E+00  -0.85741E+00   0.40108E+01   0.24672E+03
  274     9.6257  13.3453  -0.40228E+01  -0.89651E+00  -0.86412E+00   0.40107E+01   0.23642E+03
  275     9.7181  13.3520  -0.40483E+01  -0.90313E+00  -0.87074E+00   0.40105E+01   0.22670E+03
  276     9.8113  13.3586  -0.40747E+01  -0.91006E+00  -0.87767E+00   0.40103E+01   0.21698E+03
  277     9.9053  13.3651  -0.41008E+01  -0.91688E+00  -0.88449E+00   0.40102E+01   0.20799E+03
  278    10.0001  13.3715  -0.41270E+01  -0.92374E+00  -0.89135E+00   0.40100E+01   0.19895E+03
  279    10.0957  13.3778  -0.41533E+01  -0.93063E+00  -0.89824E+00   0.40099E+01   0.19057E+03
  280    10.1922  13.3841  -0.41797E+01  -0.93756E+00  -0.90517E+00   0.40097E+01   0.18248E+03
  281    10.2895  13.3902  -0.42062E+01  -0.94453E+00  -0.91214E+00   0.40096E+01   0.17459E+03
  282    10.3877  13.3963  -0.42329E+01  -0.95154E+00  -0.91915E+00   0.40094E+01   0.16704E+03
  283    10.4867  13.4023  -0.42596E+01  -0.95858E+00  -0.92619E+00   0.40093E+01   0.15976E+03
  284    10.5865  13.4083  -0.42865E+01  -0.96565E+00  -0.93326E+00   0.40091E+01   0.15277E+03
  285    10.6873  13.4141  -0.43135E+01  -0.97277E+00  -0.94038E+00   0.40090E+01   0.14603E+03
  286    10.7889  13.4199  -0.43405E+01  -0.97992E+00  -0.94753E+00   0.40089E+01   0.13956E+03
  287    10.8914  13.4256  -0.43677E+01  -0.98710E+00  -0.95471E+00   0.40087E+01   0.13335E+03
  288    10.9947  13.4312  -0.43950E+01  -0.99433E+00  -0.96194E+00   0.40086E+01   0.12740E+03
  289    11.0990  13.4368  -0.44224E+01  -0.10016E+01  -0.96921E+00   0.40085E+01   0.12167E+03
  290    11.2042  13.4423  -0.44500E+01  -0.10089E+01  -0.97651E+00   0.40084E+01   0.11620E+03
  291    11.3103  13.4477  -0.44776E+01  -0.10162E+01  -0.98385E+00   0.40082E+01   0.11088E+03
  292    11.4173  13.4530  -0.45054E+01  -0.10236E+01  -0.99122E+00   0.40081E+01   0.10582E+03
  293    11.5253  13.4583  -0.45333E+01  -0.10310E+01  -0.99864E+00   0.40080E+01   0.10095E+03
  294    11.6342  13.4635  -0.45613E+01  -0.10385E+01  -0.10061E+01   0.40079E+01   0.96295E+02
  295    11.7440  13.4687  -0.45894E+01  -0.10460E+01  -0.10136E+01   0.40078E+01   0.91796E+02
  296    11.8548  13.4738  -0.46176E+01  -0.10535E+01  -0.10211E+01   0.40076E+01   0.87521E+02
  297    11.9666  13.4788  -0.46460E+01  -0.10611E+01  -0.10287E+01   0.40075E+01   0.83410E+02
  298    12.0793  13.4837  -0.46745E+01  -0.10687E+01  -0.10363E+01   0.40074E+01   0.79471E+02
  299    12.1930  13.4886  -0.47031E+01  -0.10764E+01  -0.10440E+01   0.40073E+01   0.75713E+02
  300    12.3077  13.4934  -0.47318E+01  -0.10841E+01  -0.10517E+01   0.40072E+01   0.72067E+02
  301    12.4234  13.4982  -0.47606E+01  -0.10918E+01  -0.10594E+01   0.40071E+01   0.68616E+02
  302    12.5401  13.5029  -0.47896E+01  -0.10996E+01  -0.10672E+01   0.40070E+01   0.65306E+02
  303    12.6578  13.5075  -0.48187E+01  -0.11074E+01  -0.10750E+01   0.40069E+01   0.62124E+02
  304    12.7766  13.5121  -0.48479E+01  -0.11152E+01  -0.10829E+01   0.40068E+01   0.59104E+02
  305    12.8963  13.5166  -0.48772E+01  -0.11231E+01  -0.10908E+01   0.40067E+01   0.56197E+02
  306    13.0172  13.5211  -0.49067E+01  -0.11311E+01  -0.10987E+01   0.40066E+01   0.53441E+02
  307    13.1390  13.5255  -0.49362E+01  -0.11391E+01  -0.11067E+01   0.40065E+01   0.50784E+02
  308    13.2619  13.5298  -0.49660E+01  -0.11471E+01  -0.11147E+01   0.40064E+01   0.48241E+02
  309    13.3859  13.5341  -0.49958E+01  -0.11552E+01  -0.11228E+01   0.40063E+01   0.45826E+02
  310    13.5110  13.5383  -0.50258E+01  -0.11633E+01  -0.11309E+01   0.40062E+01   0.43511E+02
  311    13.6372  13.5425  -0.50559E+01  -0.11714E+01  -0.11390E+01   0.40061E+01   0.41308E+02
  312    13.7644  13.5466  -0.50861E+01  -0.11796E+01  -0.11472E+01   0.40061E+01   0.39204E+02
  313    13.8928  13.5507  -0.51164E+01  -0.11879E+01  -0.11555E+01   0.40060E+01   0.37195E+02
  314    14.0223  13.5547  -0.51469E+01  -0.11962E+01  -0.11638E+01   0.40059E+01   0.35278E+02
  315    14.1529  13.5587  -0.51775E+01  -0.12045E+01  -0.11721E+01   0.40058E+01   0.33450E+02
  316    14.2846  13.5626  -0.52083E+01  -0.12129E+01  -0.11805E+01   0.40057E+01   0.31708E+02
  317    14.4175  13.5665  -0.52392E+01  -0.12213E+01  -0.11889E+01   0.40056E+01   0.30046E+02
  318    14.5515  13.5703  -0.52702E+01  -0.12297E+01  -0.11973E+01   0.40056E+01   0.28462E+02
  319    14.6867  13.5741  -0.53014E+01  -0.12382E+01  -0.12059E+01   0.40055E+01   0.26964E+02
  320    14.8231  13.5778  -0.53326E+01  -0.12468E+01  -0.12144E+01   0.40054E+01   0.25522E+02
  321    14.9607  13.5815  -0.53641E+01  -0.12554E+01  -0.12230E+01   0.40053E+01   0.24151E+02
  322    15.0994  13.5851  -0.53956E+01  -0.12640E+01  -0.12316E+01   0.40053E+01   0.22851E+02
  323    15.2394  13.5887  -0.54273E+01  -0.12727E+01  -0.12403E+01   0.40052E+01   0.21612E+02
  324    15.3806  13.5922  -0.54592E+01  -0.12815E+01  -0.12491E+01   0.40051E+01   0.20442E+02
  325    15.5230  13.5957  -0.54912E+01  -0.12902E+01  -0.12578E+01   0.40050E+01   0.19321E+02
  326    15.6666  13.5991  -0.55233E+01  -0.12991E+01  -0.12667E+01   0.40050E+01   0.18254E+02
  327    15.8115  13.6025  -0.55555E+01  -0.13079E+01  -0.12756E+01   0.40049E+01   0.17248E+02
  328    15.9577  13.6059  -0.55879E+01  -0.13169E+01  -0.12845E+01   0.40048E+01   0.16288E+02
  329    16.1051  13.6092  -0.56205E+01  -0.13258E+01  -0.12934E+01   0.40048E+01   0.15379E+02
  330    16.2538  13.6124  -0.56532E+01  -0.13348E+01  -0.13025E+01   0.40047E+01   0.14514E+02
  331    16.4038  13.6157  -0.56860E+01  -0.13439E+01  -0.13115E+01   0.40046E+01   0.13692E+02
  332    16.5551  13.6188  -0.57190E+01  -0.13530E+01  -0.13206E+01   0.40046E+01   0.12917E+02
  333    16.7078  13.6220  -0.57521E+01  -0.13622E+01  -0.13298E+01   0.40045E+01   0.12172E+02
  334    16.8617  13.6251  -0.57854E+01  -0.13714E+01  -0.13390E+01   0.40045E+01   0.11474E+02
  335    17.0170  13.6281  -0.58188E+01  -0.13807E+01  -0.13483E+01   0.40044E+01   0.10814E+02
  336    17.1736  13.6312  -0.58524E+01  -0.13900E+01  -0.13576E+01   0.40043E+01   0.10182E+02
  337    17.3316  13.6342  -0.58861E+01  -0.13994E+01  -0.13670E+01   0.40043E+01   0.95874E+01
  338    17.4910  13.6371  -0.59200E+01  -0.14088E+01  -0.13764E+01   0.40042E+01   0.90231E+01
  339    17.6518  13.6400  -0.59540E+01  -0.14182E+01  -0.13858E+01   0.40042E+01   0.84914E+01
  340    17.8139  13.6429  -0.59882E+01  -0.14277E+01  -0.13954E+01   0.40041E+01   0.79882E+01
  341    17.9775  13.6457  -0.60226E+01  -0.14373E+01  -0.14049E+01   0.40041E+01   0.75120E+01
  342    18.1425  13.6485  -0.60570E+01  -0.14469E+01  -0.14145E+01   0.40040E+01   0.70632E+01
  343    18.3089  13.6513  -0.60917E+01  -0.14566E+01  -0.14242E+01   0.40040E+01   0.66333E+01
  344    18.4768  13.6540  -0.61265E+01  -0.14663E+01  -0.14339E+01   0.40039E+01   0.62289E+01
  345    18.6461  13.6567  -0.61614E+01  -0.14761E+01  -0.14437E+01   0.40039E+01   0.58488E+01
  346    18.8169  13.6593  -0.61966E+01  -0.14859E+01  -0.14535E+01   0.40038E+01   0.54924E+01
  347    18.9892  13.6619  -0.62318E+01  -0.14958E+01  -0.14634E+01   0.40038E+01   0.51487E+01
  348    19.1630  13.6645  -0.62673E+01  -0.15057E+01  -0.14734E+01   0.40037E+01   0.48320E+01
  349    19.3383  13.6671  -0.63028E+01  -0.15157E+01  -0.14833E+01   0.40037E+01   0.45312E+01
  350    19.5151  13.6696  -0.63386E+01  -0.15258E+01  -0.14934E+01   0.40036E+01   0.42459E+01
  351    19.6934  13.6721  -0.63746E+01  -0.15359E+01  -0.15035E+01   0.40036E+01   0.39802E+01
  352    19.8734  13.6745  -0.64107E+01  -0.15460E+01  -0.15136E+01   0.40035E+01   0.37259E+01
  353    20.0548  13.6770  -0.64469E+01  -0.15562E+01  -0.15238E+01   0.40035E+01   0.34882E+01
  354    20.2379  13.6794  -0.64833E+01  -0.15665E+01  -0.15341E+01   0.40034E+01   0.32641E+01
  355    20.4225  13.6817  -0.65199E+01  -0.15768E+01  -0.15444E+01   0.40034E+01   0.30537E+01
  356    20.6088  13.6840  -0.65567E+01  -0.15872E+01  -0.15548E+01   0.40033E+01   0.28565E+01
  357    20.7966  13.6863  -0.65936E+01  -0.15976E+01  -0.15652E+01   0.40033E+01   0.26699E+01
  358    20.9861  13.6886  -0.66307E+01  -0.16081E+01  -0.15757E+01   0.40033E+01   0.24939E+01
  359    21.1773  13.6909  -0.66680E+01  -0.16186E+01  -0.15862E+01   0.40032E+01   0.23294E+01
  360    21.3701  13.6931  -0.67054E+01  -0.16292E+01  -0.15968E+01   0.40032E+01   0.21753E+01
  361    21.5646  13.6953  -0.67430E+01  -0.16399E+01  -0.16075E+01   0.40031E+01   0.20299E+01
  362    21.7607  13.6974  -0.67808E+01  -0.16506E+01  -0.16182E+01   0.40031E+01   0.18934E+01
  363    21.9586  13.6995  -0.68187E+01  -0.16614E+01  -0.16290E+01   0.40031E+01   0.17667E+01
  364    22.1582  13.7016  -0.68568E+01  -0.16722E+01  -0.16398E+01   0.40030E+01   0.16465E+01
  365    22.3596  13.7037  -0.68952E+01  -0.16831E+01  -0.16507E+01   0.40030E+01   0.15339E+01
  366    22.5626  13.7058  -0.69337E+01  -0.16940E+01  -0.16617E+01   0.40030E+01   0.14300E+01
  367    22.7675  13.7078  -0.69725E+01  -0.17051E+01  -0.16727E+01   0.40000E+01   0.13305E+01
  368    22.9741  13.7098  -0.70112E+01  -0.17162E+01  -0.16838E+01   0.40000E+01   0.12373E+01
  369    23.1825  13.7117  -0.70502E+01  -0.17273E+01  -0.16949E+01   0.40000E+01   0.11527E+01
  370    23.3928  13.7137  -0.70894E+01  -0.17385E+01  -0.17061E+01   0.40000E+01   0.10711E+01
  371    23.6049  13.7156  -0.71288E+01  -0.17497E+01  -0.17173E+01   0.40000E+01   0.99623E+00
  372    23.8188  13.7175  -0.71684E+01  -0.17610E+01  -0.17287E+01   0.40000E+01   0.92435E+00
  373    24.0345  13.7194  -0.72082E+01  -0.17724E+01  -0.17400E+01   0.40000E+01   0.85938E+00
  374    24.2522  13.7212  -0.72481E+01  -0.17839E+01  -0.17515E+01   0.40000E+01   0.79761E+00
  375    24.4717  13.7230  -0.72883E+01  -0.17954E+01  -0.17630E+01   0.40000E+01   0.74069E+00
  376    24.6932  13.7248  -0.73286E+01  -0.18069E+01  -0.17745E+01   0.40000E+01   0.68663E+00
  377    24.9166  13.7266  -0.73691E+01  -0.18186E+01  -0.17862E+01   0.40000E+01   0.63636E+00
  378    25.1419  13.7284  -0.74098E+01  -0.18302E+01  -0.17978E+01   0.40000E+01   0.58997E+00
  379    25.3691  13.7301  -0.74507E+01  -0.18420E+01  -0.18096E+01   0.40000E+01   0.54688E+00
  380    25.5984  13.7318  -0.74918E+01  -0.18538E+01  -0.18214E+01   0.40000E+01   0.50632E+00
  381    25.8296  13.7335  -0.75331E+01  -0.18657E+01  -0.18333E+01   0.40000E+01   0.46820E+00
  382    26.0629  13.7351  -0.75745E+01  -0.18776E+01  -0.18452E+01   0.40000E+01   0.43343E+00
  383    26.2982  13.7368  -0.76162E+01  -0.18896E+01  -0.18572E+01   0.40000E+01   0.40085E+00
  384    26.5355  13.7384  -0.76581E+01  -0.19017E+01  -0.18693E+01   0.40000E+01   0.37040E+00
  385    26.7749  13.7400  -0.77001E+01  -0.19139E+01  -0.18815E+01   0.40000E+01   0.34203E+00
  386    27.0164  13.7416  -0.77424E+01  -0.19261E+01  -0.18937E+01   0.40000E+01   0.31576E+00
  387    27.2599  13.7431  -0.77848E+01  -0.19383E+01  -0.19059E+01   0.40000E+01   0.29177E+00
  388    27.5056  13.7447  -0.78275E+01  -0.19507E+01  -0.19183E+01   0.40000E+01   0.26908E+00
  389    27.7534  13.7462  -0.78703E+01  -0.19631E+01  -0.19307E+01   0.40000E+01   0.24809E+00
  390    28.0034  13.7477  -0.79134E+01  -0.19755E+01  -0.19432E+01   0.40000E+01   0.22863E+00
  391    28.2556  13.7492  -0.79567E+01  -0.19881E+01  -0.19557E+01   0.40000E+01   0.21078E+00
  392    28.5099  13.7506  -0.80001E+01  -0.20007E+01  -0.19683E+01   0.40000E+01   0.19411E+00
  393    28.7665  13.7521  -0.80438E+01  -0.20134E+01  -0.19810E+01   0.40000E+01   0.17857E+00
  394    29.0253  13.7535  -0.80876E+01  -0.20261E+01  -0.19937E+01   0.40000E+01   0.16425E+00
  395    29.2863  13.7549  -0.81318E+01  -0.20389E+01  -0.20065E+01   0.40000E+01   0.15108E+00
  396    29.5496  13.7563  -0.81760E+01  -0.20518E+01  -0.20194E+01   0.40000E+01   0.13892E+00
  397    29.8152  13.7577  -0.82205E+01  -0.20647E+01  -0.20324E+01   0.40000E+01   0.12758E+00
  398    30.0831  13.7590  -0.82652E+01  -0.20778E+01  -0.20454E+01   0.40000E+01   0.11717E+00
  399    30.3534  13.7604  -0.83100E+01  -0.20908E+01  -0.20585E+01   0.40000E+01   0.10747E+00
  400    30.6259  13.7617  -0.83551E+01  -0.21040E+01  -0.20716E+01   0.40000E+01   0.98656E-01
