    1     0.0001   0.0014  -0.29381E-04  -0.16049E-05   0.33245E-01   0.55930E+01   0.12125E+05
    2     0.0088   0.1221  -0.34199E-02  -0.38471E-03   0.32862E-01   0.55681E+01   0.16872E+05
    3     0.0176   0.2423  -0.71625E-02  -0.86058E-03   0.32386E-01   0.55444E+01   0.17770E+05
    4     0.0264   0.3621  -0.11070E-01  -0.13749E-02   0.31872E-01   0.55212E+01   0.18344E+05
    5     0.0353   0.4814  -0.15111E-01  -0.19182E-02   0.31328E-01   0.54984E+01   0.18835E+05
    6     0.0443   0.6003  -0.19275E-01  -0.24879E-02   0.30759E-01   0.54761E+01   0.19247E+05
    7     0.0534   0.7188  -0.23544E-01  -0.30789E-02   0.30168E-01   0.54540E+01   0.19600E+05
    8     0.0626   0.8368  -0.27913E-01  -0.36899E-02   0.29557E-01   0.54322E+01   0.19924E+05
    9     0.0718   0.9543  -0.32378E-01  -0.43192E-02   0.28927E-01   0.54107E+01   0.20231E+05
   10     0.0811   1.0713  -0.36936E-01  -0.49667E-02   0.28280E-01   0.53894E+01   0.20512E+05
   11     0.0905   1.1879  -0.41585E-01  -0.56318E-02   0.27615E-01   0.53684E+01   0.20780E+05
   12     0.1000   1.3039  -0.46329E-01  -0.63155E-02   0.26931E-01   0.53476E+01   0.21029E+05
   13     0.1096   1.4195  -0.51151E-01  -0.70128E-02   0.26234E-01   0.53271E+01   0.21268E+05
   14     0.1192   1.5346  -0.56059E-01  -0.77268E-02   0.25520E-01   0.53068E+01   0.21497E+05
   15     0.1290   1.6491  -0.61054E-01  -0.84571E-02   0.24789E-01   0.52867E+01   0.21710E+05
   16     0.1388   1.7632  -0.66133E-01  -0.92028E-02   0.24044E-01   0.52668E+01   0.21923E+05
   17     0.1487   1.8767  -0.71295E-01  -0.99645E-02   0.23282E-01   0.52472E+01   0.22119E+05
   18     0.1587   1.9897  -0.76539E-01  -0.10742E-01   0.22505E-01   0.52278E+01   0.22313E+05
   19     0.1687   2.1021  -0.81865E-01  -0.11534E-01   0.21713E-01   0.52086E+01   0.22497E+05
   20     0.1789   2.2140  -0.87273E-01  -0.12342E-01   0.20905E-01   0.51895E+01   0.22669E+05
   21     0.1891   2.3254  -0.92761E-01  -0.13166E-01   0.20081E-01   0.51707E+01   0.22841E+05
   22     0.1995   2.4362  -0.98329E-01  -0.14004E-01   0.19242E-01   0.51521E+01   0.23001E+05
   23     0.2099   2.5465  -0.10398E+00  -0.14859E-01   0.18388E-01   0.51336E+01   0.23156E+05
   24     0.2204   2.6562  -0.10971E+00  -0.15729E-01   0.17518E-01   0.51154E+01   0.23304E+05
   25     0.2310   2.7653  -0.11552E+00  -0.16614E-01   0.16633E-01   0.50973E+01   0.23447E+05
   26     0.2417   2.8738  -0.12140E+00  -0.17515E-01   0.15732E-01   0.50794E+01   0.23585E+05
   27     0.2525   2.9818  -0.12737E+00  -0.18431E-01   0.14816E-01   0.50618E+01   0.23712E+05
   28     0.2634   3.0892  -0.13342E+00  -0.19363E-01   0.13884E-01   0.50443E+01   0.23837E+05
   29     0.2744   3.1959  -0.13955E+00  -0.20311E-01   0.12936E-01   0.50270E+01   0.23957E+05
   30     0.2855   3.3021  -0.14575E+00  -0.21274E-01   0.11973E-01   0.50100E+01   0.24071E+05
   31     0.2967   3.4077  -0.15204E+00  -0.22253E-01   0.10993E-01   0.49931E+01   0.24178E+05
   32     0.3079   3.5127  -0.15841E+00  -0.23249E-01   0.99978E-02   0.49764E+01   0.24280E+05
   33     0.3193   3.6170  -0.16483E+00  -0.24251E-01   0.89952E-02   0.49598E+01   0.24381E+05
   34     0.3308   3.7207  -0.17136E+00  -0.25281E-01   0.79653E-02   0.49435E+01   0.24473E+05
   35     0.3423   3.8238  -0.17798E+00  -0.26328E-01   0.69185E-02   0.49275E+01   0.24555E+05
   36     0.3540   3.9263  -0.18468E+00  -0.27393E-01   0.58539E-02   0.49116E+01   0.24638E+05
   37     0.3658   4.0281  -0.19146E+00  -0.28474E-01   0.47722E-02   0.48959E+01   0.24714E+05
   38     0.3777   4.1293  -0.19833E+00  -0.29574E-01   0.36724E-02   0.48804E+01   0.24784E+05
   39     0.3896   4.2299  -0.20528E+00  -0.30692E-01   0.25547E-02   0.48651E+01   0.24850E+05
   40     0.4017   4.3298  -0.21231E+00  -0.31828E-01   0.14188E-02   0.48500E+01   0.24910E+05
   41     0.4139   4.4291  -0.21943E+00  -0.32982E-01   0.26482E-03   0.48351E+01   0.24966E+05
   42     0.4262   4.5276  -0.22664E+00  -0.34154E-01  -0.90730E-03   0.48205E+01   0.25016E+05
   43     0.4386   4.6256  -0.23392E+00  -0.35345E-01  -0.20981E-02   0.48059E+01   0.25056E+05
   44     0.4511   4.7229  -0.24130E+00  -0.36553E-01  -0.33068E-02   0.47917E+01   0.25091E+05
   45     0.4637   4.8195  -0.24875E+00  -0.37781E-01  -0.45344E-02   0.47775E+01   0.25122E+05
   46     0.4764   4.9154  -0.25629E+00  -0.39027E-01  -0.57802E-02   0.47636E+01   0.25145E+05
   47     0.4893   5.0106  -0.26392E+00  -0.40292E-01  -0.70451E-02   0.47499E+01   0.25161E+05
   48     0.5022   5.1052  -0.27162E+00  -0.41575E-01  -0.83285E-02   0.47364E+01   0.25171E+05
   49     0.5153   5.1991  -0.27942E+00  -0.42878E-01  -0.96314E-02   0.47230E+01   0.25172E+05
   50     0.5285   5.2923  -0.28729E+00  -0.44199E-01  -0.10953E-01   0.47099E+01   0.25172E+05
   51     0.5417   5.3849  -0.29525E+00  -0.45539E-01  -0.12292E-01   0.46969E+01   0.25160E+05
   52     0.5552   5.4767  -0.30329E+00  -0.46897E-01  -0.13650E-01   0.46841E+01   0.25145E+05
   53     0.5687   5.5679  -0.31141E+00  -0.48273E-01  -0.15026E-01   0.46715E+01   0.25127E+05
   54     0.5823   5.6583  -0.31961E+00  -0.49667E-01  -0.16420E-01   0.46591E+01   0.25099E+05
   55     0.5961   5.7481  -0.32789E+00  -0.51078E-01  -0.17832E-01   0.46468E+01   0.25068E+05
   56     0.6099   5.8371  -0.33625E+00  -0.52508E-01  -0.19262E-01   0.46348E+01   0.25033E+05
   57     0.6239   5.9255  -0.34469E+00  -0.53957E-01  -0.20710E-01   0.46229E+01   0.24991E+05
   58     0.6381   6.0132  -0.35321E+00  -0.55424E-01  -0.22177E-01   0.46112E+01   0.24945E+05
   59     0.6523   6.1001  -0.36182E+00  -0.56910E-01  -0.23664E-01   0.45996E+01   0.24893E+05
   60     0.6667   6.1864  -0.37050E+00  -0.58416E-01  -0.25169E-01   0.45883E+01   0.24837E+05
   61     0.6812   6.2719  -0.37927E+00  -0.59941E-01  -0.26694E-01   0.45771E+01   0.24777E+05
   62     0.6958   6.3568  -0.38812E+00  -0.61485E-01  -0.28238E-01   0.45661E+01   0.24711E+05
   63     0.7105   6.4409  -0.39706E+00  -0.63050E-01  -0.29803E-01   0.45553E+01   0.24644E+05
   64     0.7254   6.5244  -0.40608E+00  -0.64634E-01  -0.31387E-01   0.45446E+01   0.24570E+05
   65     0.7404   6.6071  -0.41518E+00  -0.66238E-01  -0.32991E-01   0.45341E+01   0.24494E+05
   66     0.7555   6.6891  -0.42437E+00  -0.67862E-01  -0.34615E-01   0.45239E+01   0.24412E+05
   67     0.7708   6.7704  -0.43363E+00  -0.69506E-01  -0.36259E-01   0.45137E+01   0.24326E+05
   68     0.7862   6.8511  -0.44298E+00  -0.71169E-01  -0.37922E-01   0.45038E+01   0.24236E+05
   69     0.8017   6.9310  -0.45241E+00  -0.72853E-01  -0.39607E-01   0.44940E+01   0.24141E+05
   70     0.8174   7.0102  -0.46193E+00  -0.74558E-01  -0.41311E-01   0.44844E+01   0.24042E+05
   71     0.8332   7.0886  -0.47153E+00  -0.76284E-01  -0.43037E-01   0.44749E+01   0.23933E+05
   72     0.8491   7.1664  -0.48122E+00  -0.78030E-01  -0.44784E-01   0.44656E+01   0.23819E+05
   73     0.8652   7.2435  -0.49099E+00  -0.79798E-01  -0.46551E-01   0.44565E+01   0.23705E+05
   74     0.8814   7.3199  -0.50084E+00  -0.81585E-01  -0.48339E-01   0.44475E+01   0.23585E+05
   75     0.8977   7.3956  -0.51078E+00  -0.83394E-01  -0.50147E-01   0.44387E+01   0.23460E+05
   76     0.9142   7.4705  -0.52079E+00  -0.85222E-01  -0.51976E-01   0.44300E+01   0.23332E+05
   77     0.9309   7.5448  -0.53090E+00  -0.87073E-01  -0.53826E-01   0.44216E+01   0.23197E+05
   78     0.9477   7.6184  -0.54105E+00  -0.88935E-01  -0.55689E-01   0.44132E+01   0.23060E+05
   79     0.9646   7.6913  -0.55129E+00  -0.90816E-01  -0.57570E-01   0.44050E+01   0.22919E+05
   80     0.9817   7.7635  -0.56162E+00  -0.92724E-01  -0.59477E-01   0.43969E+01   0.22772E+05
   81     0.9989   7.8350  -0.57203E+00  -0.94651E-01  -0.61405E-01   0.43890E+01   0.22623E+05
   82     1.0163   7.9058  -0.58252E+00  -0.96598E-01  -0.63352E-01   0.43813E+01   0.22469E+05
   83     1.0338   7.9759  -0.59309E+00  -0.98566E-01  -0.65320E-01   0.43737E+01   0.22308E+05
   84     1.0515   8.0453  -0.60374E+00  -0.10055E+00  -0.67307E-01   0.43662E+01   0.22155E+05
   85     1.0693   8.1141  -0.61447E+00  -0.10256E+00  -0.69315E-01   0.43589E+01   0.22011E+05
   86     1.0873   8.1821  -0.62527E+00  -0.10459E+00  -0.71344E-01   0.43517E+01   0.21827E+05
   87     1.1055   8.2495  -0.63616E+00  -0.10664E+00  -0.73391E-01   0.43446E+01   0.21660E+05
   88     1.1238   8.3162  -0.64711E+00  -0.10870E+00  -0.75458E-01   0.43377E+01   0.21489E+05
   89     1.1423   8.3823  -0.65815E+00  -0.11079E+00  -0.77547E-01   0.43309E+01   0.21316E+05
   90     1.1609   8.4477  -0.66925E+00  -0.11290E+00  -0.79650E-01   0.43242E+01   0.21142E+05
   91     1.1797   8.5124  -0.68055E+00  -0.11506E+00  -0.81811E-01   0.43177E+01   0.20959E+05
   92     1.1986   8.5764  -0.69179E+00  -0.11720E+00  -0.83949E-01   0.43113E+01   0.20781E+05
   93     1.2177   8.6398  -0.70308E+00  -0.11935E+00  -0.86101E-01   0.43049E+01   0.20599E+05
   94     1.2370   8.7025  -0.71453E+00  -0.12155E+00  -0.88299E-01   0.42988E+01   0.20414E+05
   95     1.2565   8.7646  -0.72603E+00  -0.12376E+00  -0.90510E-01   0.42927E+01   0.20230E+05
   96     1.2761   8.8260  -0.73762E+00  -0.12599E+00  -0.92744E-01   0.42868E+01   0.20030E+05
   97     1.2959   8.8868  -0.74929E+00  -0.12824E+00  -0.94998E-01   0.42810E+01   0.19832E+05
   98     1.3158   8.9469  -0.76103E+00  -0.13052E+00  -0.97272E-01   0.42753E+01   0.19653E+05
   99     1.3360   9.0065  -0.77284E+00  -0.13281E+00  -0.99567E-01   0.42697E+01   0.19454E+05
  100     1.3563   9.0653  -0.78473E+00  -0.13513E+00  -0.10188E+00   0.42643E+01   0.19256E+05
  101     1.3767   9.1236  -0.79670E+00  -0.13746E+00  -0.10422E+00   0.42589E+01   0.19057E+05
  102     1.3974   9.1812  -0.80874E+00  -0.13982E+00  -0.10657E+00   0.42536E+01   0.18856E+05
  103     1.4183   9.2382  -0.82085E+00  -0.14219E+00  -0.10895E+00   0.42485E+01   0.18655E+05
  104     1.4393   9.2945  -0.83304E+00  -0.14459E+00  -0.11134E+00   0.42435E+01   0.18452E+05
  105     1.4605   9.3503  -0.84531E+00  -0.14701E+00  -0.11376E+00   0.42385E+01   0.18249E+05
  106     1.4819   9.4054  -0.85765E+00  -0.14944E+00  -0.11620E+00   0.42337E+01   0.18046E+05
  107     1.5035   9.4600  -0.87007E+00  -0.15190E+00  -0.11866E+00   0.42289E+01   0.17841E+05
  108     1.5252   9.5139  -0.88256E+00  -0.15438E+00  -0.12114E+00   0.42243E+01   0.17636E+05
  109     1.5472   9.5673  -0.89513E+00  -0.15688E+00  -0.12364E+00   0.42197E+01   0.17429E+05
  110     1.5693   9.6200  -0.90777E+00  -0.15940E+00  -0.12616E+00   0.42153E+01   0.17221E+05
  111     1.5917   9.6722  -0.92049E+00  -0.16195E+00  -0.12870E+00   0.42109E+01   0.17011E+05
  112     1.6142   9.7238  -0.93329E+00  -0.16451E+00  -0.13127E+00   0.42066E+01   0.16800E+05
  113     1.6369   9.7748  -0.94616E+00  -0.16710E+00  -0.13385E+00   0.42025E+01   0.16590E+05
  114     1.6598   9.8252  -0.95911E+00  -0.16971E+00  -0.13646E+00   0.41984E+01   0.16379E+05
  115     1.6830   9.8751  -0.97212E+00  -0.17233E+00  -0.13908E+00   0.41944E+01   0.16167E+05
  116     1.7063   9.9244  -0.98520E+00  -0.17497E+00  -0.14173E+00   0.41904E+01   0.15957E+05
  117     1.7298   9.9731  -0.99835E+00  -0.17764E+00  -0.14439E+00   0.41866E+01   0.15747E+05
  118     1.7536  10.0213  -0.10116E+01  -0.18032E+00  -0.14708E+00   0.41828E+01   0.15536E+05
  119     1.7775  10.0689  -0.10249E+01  -0.18303E+00  -0.14978E+00   0.41791E+01   0.15327E+05
  120     1.8016  10.1160  -0.10382E+01  -0.18575E+00  -0.15251E+00   0.41755E+01   0.15119E+05
  121     1.8260  10.1626  -0.10517E+01  -0.18850E+00  -0.15526E+00   0.41720E+01   0.14911E+05
  122     1.8506  10.2086  -0.10652E+01  -0.19128E+00  -0.15803E+00   0.41685E+01   0.14703E+05
  123     1.8753  10.2541  -0.10788E+01  -0.19407E+00  -0.16082E+00   0.41651E+01   0.14495E+05
  124     1.9003  10.2990  -0.10925E+01  -0.19689E+00  -0.16364E+00   0.41618E+01   0.14287E+05
  125     1.9256  10.3434  -0.11062E+01  -0.19972E+00  -0.16648E+00   0.41585E+01   0.14078E+05
  126     1.9510  10.3873  -0.11200E+01  -0.20258E+00  -0.16933E+00   0.41554E+01   0.13869E+05
  127     1.9766  10.4307  -0.11339E+01  -0.20546E+00  -0.17221E+00   0.41522E+01   0.13661E+05
  128     2.0025  10.4736  -0.11479E+01  -0.20835E+00  -0.17511E+00   0.41492E+01   0.13453E+05
  129     2.0286  10.5160  -0.11619E+01  -0.21127E+00  -0.17802E+00   0.41462E+01   0.13246E+05
  130     2.0550  10.5579  -0.11760E+01  -0.21421E+00  -0.18096E+00   0.41433E+01   0.13042E+05
  131     2.0815  10.5993  -0.11901E+01  -0.21716E+00  -0.18392E+00   0.41404E+01   0.12839E+05
  132     2.1083  10.6402  -0.12044E+01  -0.22014E+00  -0.18689E+00   0.41376E+01   0.12637E+05
  133     2.1353  10.6806  -0.12187E+01  -0.22314E+00  -0.18989E+00   0.41349E+01   0.12438E+05
  134     2.1626  10.7205  -0.12330E+01  -0.22616E+00  -0.19292E+00   0.41322E+01   0.12239E+05
  135     2.1901  10.7600  -0.12475E+01  -0.22921E+00  -0.19596E+00   0.41296E+01   0.12042E+05
  136     2.2178  10.7990  -0.12620E+01  -0.23227E+00  -0.19903E+00   0.41270E+01   0.11845E+05
  137     2.2458  10.8375  -0.12766E+01  -0.23536E+00  -0.20212E+00   0.41245E+01   0.11650E+05
  138     2.2740  10.8756  -0.12913E+01  -0.23847E+00  -0.20523E+00   0.41220E+01   0.11456E+05
  139     2.3025  10.9132  -0.13060E+01  -0.24160E+00  -0.20836E+00   0.41196E+01   0.11262E+05
  140     2.3312  10.9504  -0.13208E+01  -0.24476E+00  -0.21151E+00   0.41172E+01   0.11069E+05
  141     2.3602  10.9871  -0.13357E+01  -0.24793E+00  -0.21468E+00   0.41149E+01   0.10877E+05
  142     2.3894  11.0234  -0.13507E+01  -0.25113E+00  -0.21788E+00   0.41127E+01   0.10687E+05
  143     2.4188  11.0592  -0.13657E+01  -0.25434E+00  -0.22109E+00   0.41104E+01   0.10498E+05
  144     2.4486  11.0946  -0.13808E+01  -0.25758E+00  -0.22433E+00   0.41083E+01   0.10311E+05
  145     2.4785  11.1296  -0.13959E+01  -0.26083E+00  -0.22758E+00   0.41062E+01   0.10127E+05
  146     2.5088  11.1641  -0.14111E+01  -0.26411E+00  -0.23086E+00   0.41041E+01   0.99402E+04
  147     2.5393  11.1982  -0.14264E+01  -0.26741E+00  -0.23416E+00   0.41020E+01   0.97594E+04
  148     2.5701  11.2320  -0.14418E+01  -0.27073E+00  -0.23748E+00   0.41000E+01   0.95809E+04
  149     2.6011  11.2653  -0.14572E+01  -0.27407E+00  -0.24083E+00   0.40981E+01   0.94049E+04
  150     2.6324  11.2982  -0.14727E+01  -0.27743E+00  -0.24419E+00   0.40962E+01   0.92308E+04
  151     2.6640  11.3306  -0.14883E+01  -0.28081E+00  -0.24756E+00   0.40943E+01   0.90575E+04
  152     2.6958  11.3627  -0.15039E+01  -0.28422E+00  -0.25098E+00   0.40925E+01   0.88852E+04
  153     2.7280  11.3944  -0.15197E+01  -0.28766E+00  -0.25441E+00   0.40907E+01   0.87142E+04
  154     2.7604  11.4258  -0.15355E+01  -0.29112E+00  -0.25787E+00   0.40889E+01   0.85473E+04
  155     2.7931  11.4567  -0.15514E+01  -0.29459E+00  -0.26135E+00   0.40872E+01   0.83810E+04
  156     2.8260  11.4872  -0.15673E+01  -0.29809E+00  -0.26484E+00   0.40855E+01   0.82157E+04
  157     2.8593  11.5174  -0.15833E+01  -0.30161E+00  -0.26836E+00   0.40839E+01   0.80512E+04
  158     2.8929  11.5472  -0.15994E+01  -0.30515E+00  -0.27190E+00   0.40823E+01   0.78893E+04
  159     2.9267  11.5766  -0.16155E+01  -0.30871E+00  -0.27546E+00   0.40807E+01   0.77304E+04
  160     2.9608  11.6057  -0.16317E+01  -0.31229E+00  -0.27904E+00   0.40791E+01   0.75729E+04
  161     2.9953  11.6344  -0.16480E+01  -0.31590E+00  -0.28265E+00   0.40776E+01   0.74179E+04
  162     3.0300  11.6628  -0.16643E+01  -0.31953E+00  -0.28628E+00   0.40761E+01   0.72651E+04
  163     3.0651  11.6908  -0.16808E+01  -0.32318E+00  -0.28993E+00   0.40747E+01   0.71141E+04
  164     3.1004  11.7184  -0.16973E+01  -0.32685E+00  -0.29360E+00   0.40733E+01   0.69646E+04
  165     3.1360  11.7458  -0.17138E+01  -0.33055E+00  -0.29730E+00   0.40719E+01   0.68177E+04
  166     3.1720  11.7727  -0.17305E+01  -0.33426E+00  -0.30102E+00   0.40705E+01   0.66726E+04
  167     3.2083  11.7994  -0.17472E+01  -0.33800E+00  -0.30476E+00   0.40692E+01   0.65286E+04
  168     3.2449  11.8257  -0.17639E+01  -0.34177E+00  -0.30852E+00   0.40679E+01   0.63873E+04
  169     3.2818  11.8517  -0.17808E+01  -0.34555E+00  -0.31231E+00   0.40666E+01   0.62479E+04
  170     3.3190  11.8773  -0.17977E+01  -0.34936E+00  -0.31611E+00   0.40653E+01   0.61107E+04
  171     3.3565  11.9026  -0.18147E+01  -0.35319E+00  -0.31994E+00   0.40641E+01   0.59762E+04
  172     3.3944  11.9277  -0.18318E+01  -0.35704E+00  -0.32379E+00   0.40629E+01   0.58437E+04
  173     3.4326  11.9524  -0.18489E+01  -0.36091E+00  -0.32767E+00   0.40617E+01   0.57127E+04
  174     3.4712  11.9768  -0.18661E+01  -0.36481E+00  -0.33157E+00   0.40606E+01   0.55836E+04
  175     3.5100  12.0009  -0.18834E+01  -0.36874E+00  -0.33549E+00   0.40594E+01   0.54563E+04
  176     3.5492  12.0246  -0.19007E+01  -0.37269E+00  -0.33944E+00   0.40583E+01   0.53311E+04
  177     3.5888  12.0481  -0.19182E+01  -0.37665E+00  -0.34341E+00   0.40572E+01   0.52077E+04
  178     3.6287  12.0713  -0.19357E+01  -0.38064E+00  -0.34740E+00   0.40562E+01   0.50862E+04
  179     3.6689  12.0942  -0.19532E+01  -0.38466E+00  -0.35141E+00   0.40551E+01   0.49670E+04
  180     3.7095  12.1169  -0.19708E+01  -0.38869E+00  -0.35544E+00   0.40541E+01   0.48500E+04
  181     3.7505  12.1392  -0.19886E+01  -0.39275E+00  -0.35950E+00   0.40531E+01   0.47349E+04
  182     3.7918  12.1612  -0.20063E+01  -0.39683E+00  -0.36358E+00   0.40521E+01   0.46224E+04
  183     3.8334  12.1830  -0.20242E+01  -0.40094E+00  -0.36769E+00   0.40512E+01   0.45115E+04
  184     3.8754  12.2045  -0.20421E+01  -0.40507E+00  -0.37182E+00   0.40502E+01   0.44027E+04
  185     3.9178  12.2257  -0.20601E+01  -0.40922E+00  -0.37598E+00   0.40493E+01   0.42953E+04
  186     3.9606  12.2467  -0.20782E+01  -0.41341E+00  -0.38016E+00   0.40484E+01   0.41895E+04
  187     4.0037  12.2674  -0.20964E+01  -0.41761E+00  -0.38436E+00   0.40475E+01   0.40854E+04
  188     4.0472  12.2878  -0.21146E+01  -0.42183E+00  -0.38859E+00   0.40466E+01   0.39835E+04
  189     4.0911  12.3080  -0.21329E+01  -0.42608E+00  -0.39284E+00   0.40458E+01   0.38832E+04
  190     4.1353  12.3279  -0.21512E+01  -0.43035E+00  -0.39711E+00   0.40450E+01   0.37856E+04
  191     4.1800  12.3476  -0.21697E+01  -0.43465E+00  -0.40140E+00   0.40441E+01   0.36892E+04
  192     4.2250  12.3670  -0.21882E+01  -0.43897E+00  -0.40572E+00   0.40433E+01   0.35951E+04
  193     4.2705  12.3862  -0.22068E+01  -0.44331E+00  -0.41006E+00   0.40426E+01   0.35031E+04
  194     4.3163  12.4051  -0.22255E+01  -0.44768E+00  -0.41443E+00   0.40418E+01   0.34127E+04
  195     4.3625  12.4238  -0.22442E+01  -0.45207E+00  -0.41883E+00   0.40410E+01   0.33243E+04
  196     4.4091  12.4423  -0.22630E+01  -0.45649E+00  -0.42325E+00   0.40403E+01   0.32374E+04
  197     4.4561  12.4605  -0.22819E+01  -0.46094E+00  -0.42769E+00   0.40396E+01   0.31518E+04
  198     4.5036  12.4785  -0.23009E+01  -0.46541E+00  -0.43216E+00   0.40389E+01   0.30681E+04
  199     4.5514  12.4962  -0.23199E+01  -0.46990E+00  -0.43666E+00   0.40382E+01   0.29857E+04
  200     4.5997  12.5138  -0.23391E+01  -0.47442E+00  -0.44117E+00   0.40375E+01   0.29048E+04
  201     4.6484  12.5311  -0.23583E+01  -0.47896E+00  -0.44572E+00   0.40368E+01   0.28256E+04
  202     4.6975  12.5482  -0.23775E+01  -0.48353E+00  -0.45028E+00   0.40362E+01   0.27484E+04
  203     4.7470  12.5650  -0.23969E+01  -0.48812E+00  -0.45487E+00   0.40355E+01   0.26732E+04
  204     4.7970  12.5817  -0.24163E+01  -0.49273E+00  -0.45948E+00   0.40349E+01   0.25998E+04
  205     4.8474  12.5981  -0.24358E+01  -0.49736E+00  -0.46412E+00   0.40343E+01   0.25283E+04
  206     4.8982  12.6144  -0.24553E+01  -0.50203E+00  -0.46878E+00   0.40337E+01   0.24582E+04
  207     4.9495  12.6304  -0.24750E+01  -0.50672E+00  -0.47348E+00   0.40331E+01   0.23897E+04
  208     5.0012  12.6462  -0.24948E+01  -0.51145E+00  -0.47820E+00   0.40325E+01   0.23222E+04
  209     5.0534  12.6619  -0.25146E+01  -0.51620E+00  -0.48295E+00   0.40319E+01   0.22562E+04
  210     5.1060  12.6773  -0.25345E+01  -0.52097E+00  -0.48773E+00   0.40314E+01   0.21911E+04
  211     5.1591  12.6925  -0.25545E+01  -0.52577E+00  -0.49252E+00   0.40308E+01   0.21275E+04
  212     5.2126  12.7076  -0.25745E+01  -0.53059E+00  -0.49735E+00   0.40303E+01   0.20654E+04
  213     5.2667  12.7224  -0.25947E+01  -0.53544E+00  -0.50219E+00   0.40297E+01   0.20053E+04
  214     5.3211  12.7371  -0.26148E+01  -0.54030E+00  -0.50706E+00   0.40292E+01   0.19467E+04
  215     5.3761  12.7515  -0.26351E+01  -0.54520E+00  -0.51196E+00   0.40287E+01   0.18893E+04
  216     5.4315  12.7658  -0.26555E+01  -0.55013E+00  -0.51688E+00   0.40282E+01   0.18334E+04
  217     5.4874  12.7799  -0.26759E+01  -0.55508E+00  -0.52184E+00   0.40277E+01   0.17790E+04
  218     5.5438  12.7938  -0.26965E+01  -0.56006E+00  -0.52682E+00   0.40272E+01   0.17255E+04
  219     5.6007  12.8076  -0.27171E+01  -0.56507E+00  -0.53182E+00   0.40268E+01   0.16733E+04
  220     5.6581  12.8211  -0.27378E+01  -0.57010E+00  -0.53686E+00   0.40263E+01   0.16224E+04
  221     5.7160  12.8345  -0.27586E+01  -0.57516E+00  -0.54191E+00   0.40259E+01   0.15730E+04
  222     5.7744  12.8477  -0.27794E+01  -0.58024E+00  -0.54700E+00   0.40254E+01   0.15247E+04
  223     5.8333  12.8608  -0.28004E+01  -0.58536E+00  -0.55211E+00   0.40250E+01   0.14776E+04
  224     5.8927  12.8737  -0.28214E+01  -0.59050E+00  -0.55725E+00   0.40246E+01   0.14316E+04
  225     5.9526  12.8864  -0.28425E+01  -0.59567E+00  -0.56243E+00   0.40241E+01   0.13869E+04
  226     6.0131  12.8990  -0.28637E+01  -0.60087E+00  -0.56762E+00   0.40237E+01   0.13432E+04
  227     6.0740  12.9114  -0.28850E+01  -0.60609E+00  -0.57285E+00   0.40233E+01   0.13006E+04
  228     6.1355  12.9236  -0.29063E+01  -0.61134E+00  -0.57810E+00   0.40229E+01   0.12591E+04
  229     6.1976  12.9357  -0.29278E+01  -0.61662E+00  -0.58338E+00   0.40225E+01   0.12187E+04
  230     6.2602  12.9476  -0.29493E+01  -0.62193E+00  -0.58868E+00   0.40222E+01   0.11796E+04
  231     6.3233  12.9594  -0.29709E+01  -0.62726E+00  -0.59402E+00   0.40218E+01   0.11415E+04
  232     6.3869  12.9710  -0.29926E+01  -0.63263E+00  -0.59938E+00   0.40214E+01   0.11045E+04
  233     6.4512  12.9825  -0.30144E+01  -0.63802E+00  -0.60477E+00   0.40211E+01   0.10682E+04
  234     6.5159  12.9938  -0.30362E+01  -0.64344E+00  -0.61020E+00   0.40207E+01   0.10330E+04
  235     6.5813  13.0050  -0.30582E+01  -0.64890E+00  -0.61565E+00   0.40204E+01   0.99881E+03
  236     6.6472  13.0160  -0.30803E+01  -0.65437E+00  -0.62113E+00   0.40200E+01   0.96533E+03
  237     6.7137  13.0269  -0.31024E+01  -0.65988E+00  -0.62663E+00   0.40197E+01   0.93298E+03
  238     6.7807  13.0377  -0.31246E+01  -0.66541E+00  -0.63217E+00   0.40193E+01   0.90149E+03
  239     6.8484  13.0483  -0.31469E+01  -0.67098E+00  -0.63773E+00   0.40190E+01   0.87090E+03
  240     6.9166  13.0588  -0.31693E+01  -0.67657E+00  -0.64332E+00   0.40187E+01   0.84134E+03
  241     6.9854  13.0691  -0.31918E+01  -0.68220E+00  -0.64895E+00   0.40184E+01   0.81257E+03
  242     7.0549  13.0794  -0.32143E+01  -0.68785E+00  -0.65460E+00   0.40181E+01   0.78458E+03
  243     7.1249  13.0894  -0.32370E+01  -0.69353E+00  -0.66029E+00   0.40178E+01   0.75746E+03
  244     7.1955  13.0994  -0.32598E+01  -0.69925E+00  -0.66601E+00   0.40175E+01   0.73101E+03
  245     7.2668  13.1092  -0.32826E+01  -0.70500E+00  -0.67175E+00   0.40172E+01   0.70521E+03
  246     7.3387  13.1189  -0.33056E+01  -0.71077E+00  -0.67753E+00   0.40169E+01   0.68026E+03
  247     7.4112  13.1285  -0.33286E+01  -0.71657E+00  -0.68333E+00   0.40167E+01   0.65613E+03
  248     7.4843  13.1380  -0.33517E+01  -0.72240E+00  -0.68916E+00   0.40164E+01   0.63265E+03
  249     7.5580  13.1473  -0.33749E+01  -0.72827E+00  -0.69502E+00   0.40161E+01   0.60998E+03
  250     7.6324  13.1565  -0.33982E+01  -0.73416E+00  -0.70092E+00   0.40159E+01   0.58807E+03
  251     7.7075  13.1656  -0.34216E+01  -0.74009E+00  -0.70685E+00   0.40156E+01   0.56690E+03
  252     7.7832  13.1746  -0.34451E+01  -0.74605E+00  -0.71281E+00   0.40153E+01   0.54617E+03
  253     7.8596  13.1834  -0.34687E+01  -0.75204E+00  -0.71880E+00   0.40151E+01   0.52606E+03
  254     7.9366  13.1922  -0.34924E+01  -0.75807E+00  -0.72482E+00   0.40149E+01   0.50661E+03
  255     8.0143  13.2008  -0.35162E+01  -0.76412E+00  -0.73088E+00   0.40146E+01   0.48783E+03
  256     8.0926  13.2093  -0.35400E+01  -0.77020E+00  -0.73695E+00   0.40144E+01   0.46968E+03
  257     8.1717  13.2178  -0.35640E+01  -0.77632E+00  -0.74307E+00   0.40142E+01   0.45194E+03
  258     8.2514  13.2261  -0.35881E+01  -0.78246E+00  -0.74922E+00   0.40139E+01   0.43492E+03
  259     8.3319  13.2343  -0.36122E+01  -0.78864E+00  -0.75540E+00   0.40137E+01   0.41852E+03
  260     8.4130  13.2424  -0.36365E+01  -0.79486E+00  -0.76161E+00   0.40135E+01   0.40251E+03
  261     8.4948  13.2503  -0.36609E+01  -0.80110E+00  -0.76786E+00   0.40133E+01   0.38706E+03
  262     8.5774  13.2582  -0.36853E+01  -0.80738E+00  -0.77413E+00   0.40131E+01   0.37213E+03
  263     8.6606  13.2660  -0.37099E+01  -0.81369E+00  -0.78044E+00   0.40128E+01   0.35772E+03
  264     8.7446  13.2737  -0.37345E+01  -0.82003E+00  -0.78678E+00   0.40126E+01   0.34377E+03
  265     8.8293  13.2813  -0.37593E+01  -0.82641E+00  -0.79316E+00   0.40124E+01   0.33030E+03
  266     8.9148  13.2888  -0.37841E+01  -0.83282E+00  -0.79958E+00   0.40123E+01   0.31730E+03
  267     9.0010  13.2962  -0.38091E+01  -0.83927E+00  -0.80602E+00   0.40121E+01   0.30470E+03
  268     9.0879  13.3035  -0.38342E+01  -0.84575E+00  -0.81250E+00   0.40119E+01   0.29252E+03
  269     9.1756  13.3107  -0.38593E+01  -0.85226E+00  -0.81901E+00   0.40117E+01   0.28080E+03
  270     9.2641  13.3178  -0.38846E+01  -0.85880E+00  -0.82556E+00   0.40115E+01   0.26952E+03
  271     9.3534  13.3248  -0.39099E+01  -0.86538E+00  -0.83214E+00   0.40113E+01   0.25864E+03
  272     9.4434  13.3317  -0.39354E+01  -0.87200E+00  -0.83875E+00   0.40111E+01   0.24764E+03
  273     9.5342  13.3386  -0.39610E+01  -0.87866E+00  -0.84541E+00   0.40110E+01   0.23788E+03
  274     9.6257  13.3453  -0.39867E+01  -0.88535E+00  -0.85210E+00   0.40108E+01   0.22804E+03
  275     9.7181  13.3520  -0.40125E+01  -0.89207E+00  -0.85882E+00   0.40106E+01   0.21857E+03
  276     9.8113  13.3586  -0.40384E+01  -0.89882E+00  -0.86557E+00   0.40105E+01   0.20943E+03
  277     9.9053  13.3651  -0.40643E+01  -0.90560E+00  -0.87235E+00   0.40103E+01   0.20122E+03
  278    10.0001  13.3715  -0.40904E+01  -0.91243E+00  -0.87918E+00   0.40101E+01   0.19224E+03
  279    10.0957  13.3778  -0.41167E+01  -0.91929E+00  -0.88604E+00   0.40100E+01   0.18412E+03
  280    10.1922  13.3841  -0.41430E+01  -0.92619E+00  -0.89294E+00   0.40098E+01   0.17629E+03
  281    10.2895  13.3902  -0.41694E+01  -0.93312E+00  -0.89987E+00   0.40097E+01   0.16874E+03
  282    10.3877  13.3963  -0.41960E+01  -0.94010E+00  -0.90685E+00   0.40095E+01   0.16149E+03
  283    10.4867  13.4023  -0.42226E+01  -0.94710E+00  -0.91385E+00   0.40094E+01   0.15448E+03
  284    10.5865  13.4083  -0.42494E+01  -0.95414E+00  -0.92090E+00   0.40093E+01   0.14773E+03
  285    10.6873  13.4141  -0.42762E+01  -0.96122E+00  -0.92798E+00   0.40091E+01   0.14127E+03
  286    10.7889  13.4199  -0.43032E+01  -0.96834E+00  -0.93510E+00   0.40090E+01   0.13505E+03
  287    10.8914  13.4256  -0.43303E+01  -0.97550E+00  -0.94225E+00   0.40088E+01   0.12906E+03
  288    10.9947  13.4312  -0.43575E+01  -0.98269E+00  -0.94944E+00   0.40087E+01   0.12334E+03
  289    11.0990  13.4368  -0.43849E+01  -0.98992E+00  -0.95668E+00   0.40086E+01   0.11781E+03
  290    11.2042  13.4423  -0.44123E+01  -0.99719E+00  -0.96395E+00   0.40084E+01   0.11252E+03
  291    11.3103  13.4477  -0.44399E+01  -0.10045E+01  -0.97125E+00   0.40083E+01   0.10741E+03
  292    11.4173  13.4530  -0.44675E+01  -0.10119E+01  -0.97861E+00   0.40082E+01   0.10253E+03
  293    11.5253  13.4583  -0.44953E+01  -0.10192E+01  -0.98598E+00   0.40081E+01   0.97854E+02
  294    11.6342  13.4635  -0.45232E+01  -0.10267E+01  -0.99341E+00   0.40080E+01   0.93344E+02
  295    11.7440  13.4687  -0.45512E+01  -0.10341E+01  -0.10009E+01   0.40078E+01   0.89043E+02
  296    11.8548  13.4738  -0.45794E+01  -0.10416E+01  -0.10084E+01   0.40077E+01   0.84898E+02
  297    11.9666  13.4788  -0.46076E+01  -0.10492E+01  -0.10159E+01   0.40076E+01   0.80926E+02
  298    12.0793  13.4837  -0.46360E+01  -0.10567E+01  -0.10235E+01   0.40075E+01   0.77128E+02
  299    12.1930  13.4886  -0.46645E+01  -0.10644E+01  -0.10311E+01   0.40074E+01   0.73493E+02
  300    12.3077  13.4934  -0.46931E+01  -0.10720E+01  -0.10388E+01   0.40073E+01   0.69976E+02
  301    12.4234  13.4982  -0.47219E+01  -0.10797E+01  -0.10465E+01   0.40072E+01   0.66632E+02
  302    12.5401  13.5029  -0.47507E+01  -0.10875E+01  -0.10542E+01   0.40071E+01   0.63428E+02
  303    12.6578  13.5075  -0.47797E+01  -0.10953E+01  -0.10620E+01   0.40070E+01   0.60366E+02
  304    12.7766  13.5121  -0.48088E+01  -0.11031E+01  -0.10698E+01   0.40069E+01   0.57429E+02
  305    12.8963  13.5166  -0.48381E+01  -0.11110E+01  -0.10777E+01   0.40068E+01   0.54626E+02
  306    13.0172  13.5211  -0.48674E+01  -0.11189E+01  -0.10856E+01   0.40067E+01   0.51958E+02
  307    13.1390  13.5255  -0.48969E+01  -0.11268E+01  -0.10936E+01   0.40066E+01   0.49385E+02
  308    13.2619  13.5298  -0.49265E+01  -0.11348E+01  -0.11016E+01   0.40065E+01   0.46927E+02
  309    13.3859  13.5341  -0.49563E+01  -0.11429E+01  -0.11096E+01   0.40064E+01   0.44587E+02
  310    13.5110  13.5383  -0.49861E+01  -0.11509E+01  -0.11177E+01   0.40063E+01   0.42346E+02
  311    13.6372  13.5425  -0.50161E+01  -0.11590E+01  -0.11258E+01   0.40062E+01   0.40214E+02
  312    13.7644  13.5466  -0.50463E+01  -0.11672E+01  -0.11340E+01   0.40061E+01   0.38174E+02
  313    13.8928  13.5507  -0.50765E+01  -0.11754E+01  -0.11422E+01   0.40060E+01   0.36227E+02
  314    14.0223  13.5547  -0.51069E+01  -0.11837E+01  -0.11504E+01   0.40059E+01   0.34366E+02
  315    14.1529  13.5587  -0.51374E+01  -0.11920E+01  -0.11587E+01   0.40059E+01   0.32587E+02
  316    14.2846  13.5626  -0.51681E+01  -0.12003E+01  -0.11671E+01   0.40058E+01   0.30905E+02
  317    14.4175  13.5665  -0.51989E+01  -0.12087E+01  -0.11754E+01   0.40057E+01   0.29286E+02
  318    14.5515  13.5703  -0.52298E+01  -0.12171E+01  -0.11839E+01   0.40056E+01   0.27751E+02
  319    14.6867  13.5741  -0.52608E+01  -0.12256E+01  -0.11923E+01   0.40055E+01   0.26293E+02
  320    14.8231  13.5778  -0.52920E+01  -0.12341E+01  -0.12009E+01   0.40055E+01   0.24899E+02
  321    14.9607  13.5815  -0.53234E+01  -0.12427E+01  -0.12094E+01   0.40054E+01   0.23567E+02
  322    15.0994  13.5851  -0.53548E+01  -0.12513E+01  -0.12180E+01   0.40053E+01   0.22303E+02
  323    15.2394  13.5887  -0.53864E+01  -0.12599E+01  -0.12267E+01   0.40052E+01   0.21101E+02
  324    15.3806  13.5922  -0.54182E+01  -0.12686E+01  -0.12354E+01   0.40052E+01   0.19961E+02
  325    15.5230  13.5957  -0.54501E+01  -0.12774E+01  -0.12441E+01   0.40051E+01   0.18870E+02
  326    15.6666  13.5991  -0.54821E+01  -0.12862E+01  -0.12529E+01   0.40050E+01   0.17832E+02
  327    15.8115  13.6025  -0.55142E+01  -0.12950E+01  -0.12618E+01   0.40049E+01   0.16854E+02
  328    15.9577  13.6059  -0.55465E+01  -0.13039E+01  -0.12707E+01   0.40049E+01   0.15922E+02
  329    16.1051  13.6092  -0.55790E+01  -0.13129E+01  -0.12796E+01   0.40048E+01   0.15035E+02
  330    16.2538  13.6124  -0.56116E+01  -0.13218E+01  -0.12886E+01   0.40047E+01   0.14194E+02
  331    16.4038  13.6157  -0.56443E+01  -0.13309E+01  -0.12976E+01   0.40047E+01   0.13394E+02
  332    16.5551  13.6188  -0.56772E+01  -0.13400E+01  -0.13067E+01   0.40046E+01   0.12633E+02
  333    16.7078  13.6220  -0.57103E+01  -0.13491E+01  -0.13159E+01   0.40046E+01   0.11912E+02
  334    16.8617  13.6251  -0.57434E+01  -0.13583E+01  -0.13250E+01   0.40045E+01   0.11230E+02
  335    17.0170  13.6281  -0.57768E+01  -0.13675E+01  -0.13343E+01   0.40044E+01   0.10586E+02
  336    17.1736  13.6312  -0.58102E+01  -0.13768E+01  -0.13435E+01   0.40044E+01   0.99720E+01
  337    17.3316  13.6342  -0.58439E+01  -0.13861E+01  -0.13529E+01   0.40043E+01   0.93897E+01
  338    17.4910  13.6371  -0.58776E+01  -0.13955E+01  -0.13623E+01   0.40043E+01   0.88391E+01
  339    17.6518  13.6400  -0.59115E+01  -0.14049E+01  -0.13717E+01   0.40042E+01   0.83198E+01
  340    17.8139  13.6429  -0.59456E+01  -0.14144E+01  -0.13812E+01   0.40041E+01   0.78312E+01
  341    17.9775  13.6457  -0.59799E+01  -0.14239E+01  -0.13907E+01   0.40041E+01   0.73658E+01
  342    18.1425  13.6485  -0.60143E+01  -0.14335E+01  -0.14003E+01   0.40040E+01   0.69247E+01
  343    18.3089  13.6513  -0.60488E+01  -0.14432E+01  -0.14099E+01   0.40040E+01   0.65061E+01
  344    18.4768  13.6540  -0.60835E+01  -0.14529E+01  -0.14196E+01   0.40039E+01   0.61105E+01
  345    18.6461  13.6567  -0.61184E+01  -0.14626E+01  -0.14293E+01   0.40039E+01   0.57387E+01
  346    18.8169  13.6593  -0.61534E+01  -0.14724E+01  -0.14391E+01   0.40038E+01   0.53929E+01
  347    18.9892  13.6619  -0.61886E+01  -0.14822E+01  -0.14490E+01   0.40038E+01   0.50546E+01
  348    19.1630  13.6645  -0.62239E+01  -0.14921E+01  -0.14589E+01   0.40037E+01   0.47455E+01
  349    19.3383  13.6671  -0.62593E+01  -0.15021E+01  -0.14688E+01   0.40037E+01   0.44508E+01
  350    19.5151  13.6696  -0.62951E+01  -0.15121E+01  -0.14789E+01   0.40036E+01   0.41720E+01
  351    19.6934  13.6721  -0.63309E+01  -0.15222E+01  -0.14889E+01   0.40036E+01   0.39103E+01
  352    19.8734  13.6745  -0.63669E+01  -0.15323E+01  -0.14990E+01   0.40035E+01   0.36624E+01
  353    20.0548  13.6770  -0.64030E+01  -0.15424E+01  -0.15092E+01   0.40035E+01   0.34296E+01
  354    20.2379  13.6794  -0.64393E+01  -0.15527E+01  -0.15194E+01   0.40035E+01   0.32110E+01
  355    20.4225  13.6817  -0.64758E+01  -0.15630E+01  -0.15297E+01   0.40034E+01   0.30044E+01
  356    20.6088  13.6840  -0.65125E+01  -0.15733E+01  -0.15400E+01   0.40034E+01   0.28103E+01
  357    20.7966  13.6863  -0.65493E+01  -0.15837E+01  -0.15504E+01   0.40033E+01   0.26281E+01
  358    20.9861  13.6886  -0.65863E+01  -0.15941E+01  -0.15609E+01   0.40033E+01   0.24555E+01
  359    21.1773  13.6909  -0.66235E+01  -0.16047E+01  -0.15714E+01   0.40032E+01   0.22931E+01
  360    21.3701  13.6931  -0.66608E+01  -0.16152E+01  -0.15820E+01   0.40032E+01   0.21430E+01
  361    21.5646  13.6953  -0.66983E+01  -0.16258E+01  -0.15926E+01   0.40032E+01   0.19999E+01
  362    21.7607  13.6974  -0.67360E+01  -0.16365E+01  -0.16033E+01   0.40031E+01   0.18655E+01
  363    21.9586  13.6995  -0.67738E+01  -0.16473E+01  -0.16140E+01   0.40031E+01   0.17412E+01
  364    22.1582  13.7016  -0.68118E+01  -0.16580E+01  -0.16248E+01   0.40030E+01   0.16231E+01
  365    22.3596  13.7037  -0.68501E+01  -0.16689E+01  -0.16357E+01   0.40030E+01   0.15135E+01
  366    22.5626  13.7058  -0.68884E+01  -0.16798E+01  -0.16466E+01   0.40030E+01   0.14103E+01
  367    22.7675  13.7078  -0.69271E+01  -0.16909E+01  -0.16576E+01   0.40000E+01   0.13129E+01
  368    22.9741  13.7098  -0.69657E+01  -0.17019E+01  -0.16686E+01   0.40000E+01   0.12214E+01
  369    23.1825  13.7117  -0.70047E+01  -0.17130E+01  -0.16797E+01   0.40000E+01   0.11374E+01
  370    23.3928  13.7137  -0.70438E+01  -0.17241E+01  -0.16909E+01   0.40000E+01   0.10573E+01
  371    23.6049  13.7156  -0.70830E+01  -0.17353E+01  -0.17021E+01   0.40000E+01   0.98394E+00
  372    23.8188  13.7175  -0.71226E+01  -0.17466E+01  -0.17134E+01   0.40000E+01   0.91333E+00
  373    24.0345  13.7194  -0.71622E+01  -0.17580E+01  -0.17247E+01   0.40000E+01   0.84921E+00
  374    24.2522  13.7212  -0.72020E+01  -0.17694E+01  -0.17361E+01   0.40000E+01   0.78859E+00
  375    24.4717  13.7230  -0.72420E+01  -0.17808E+01  -0.17476E+01   0.40000E+01   0.73224E+00
  376    24.6932  13.7248  -0.72824E+01  -0.17924E+01  -0.17591E+01   0.40000E+01   0.67883E+00
  377    24.9166  13.7266  -0.73227E+01  -0.18039E+01  -0.17707E+01   0.40000E+01   0.62946E+00
  378    25.1419  13.7284  -0.73633E+01  -0.18156E+01  -0.17823E+01   0.40000E+01   0.58398E+00
  379    25.3691  13.7301  -0.74041E+01  -0.18273E+01  -0.17941E+01   0.40000E+01   0.54120E+00
  380    25.5984  13.7318  -0.74450E+01  -0.18391E+01  -0.18058E+01   0.40000E+01   0.50131E+00
  381    25.8296  13.7335  -0.74862E+01  -0.18509E+01  -0.18177E+01   0.40000E+01   0.46358E+00
  382    26.0629  13.7351  -0.75276E+01  -0.18628E+01  -0.18296E+01   0.40000E+01   0.42930E+00
  383    26.2982  13.7368  -0.75691E+01  -0.18748E+01  -0.18415E+01   0.40000E+01   0.39712E+00
  384    26.5355  13.7384  -0.76109E+01  -0.18868E+01  -0.18536E+01   0.40000E+01   0.36702E+00
  385    26.7749  13.7400  -0.76528E+01  -0.18990E+01  -0.18657E+01   0.40000E+01   0.33903E+00
  386    27.0164  13.7416  -0.76950E+01  -0.19111E+01  -0.18779E+01   0.40000E+01   0.31306E+00
  387    27.2599  13.7431  -0.77373E+01  -0.19233E+01  -0.18901E+01   0.40000E+01   0.28936E+00
  388    27.5056  13.7447  -0.77799E+01  -0.19357E+01  -0.19024E+01   0.40000E+01   0.26689E+00
  389    27.7534  13.7462  -0.78226E+01  -0.19480E+01  -0.19148E+01   0.40000E+01   0.24621E+00
  390    28.0034  13.7477  -0.78655E+01  -0.19605E+01  -0.19272E+01   0.40000E+01   0.22690E+00
  391    28.2556  13.7492  -0.79087E+01  -0.19730E+01  -0.19397E+01   0.40000E+01   0.20925E+00
  392    28.5099  13.7506  -0.79521E+01  -0.19855E+01  -0.19523E+01   0.40000E+01   0.19273E+00
  393    28.7665  13.7521  -0.79956E+01  -0.19982E+01  -0.19649E+01   0.40000E+01   0.17736E+00
  394    29.0253  13.7535  -0.80393E+01  -0.20109E+01  -0.19776E+01   0.40000E+01   0.16320E+00
  395    29.2863  13.7549  -0.80833E+01  -0.20237E+01  -0.19904E+01   0.40000E+01   0.15015E+00
  396    29.5496  13.7563  -0.81274E+01  -0.20365E+01  -0.20032E+01   0.40000E+01   0.13810E+00
  397    29.8152  13.7577  -0.81718E+01  -0.20494E+01  -0.20161E+01   0.40000E+01   0.12685E+00
  398    30.0831  13.7590  -0.82164E+01  -0.20624E+01  -0.20291E+01   0.40000E+01   0.11654E+00
  399    30.3534  13.7604  -0.82611E+01  -0.20754E+01  -0.20422E+01   0.40000E+01   0.10693E+00
  400    30.6259  13.7617  -0.83061E+01  -0.20885E+01  -0.20553E+01   0.40000E+01   0.98178E-01
