    1     0.0001   0.0014  -0.30518E-04  -0.17861E-05   0.30711E-01   0.53805E+01   0.18103E+05
    2     0.0088   0.1221  -0.36739E-02  -0.44303E-03   0.30269E-01   0.53578E+01   0.25556E+05
    3     0.0176   0.2423  -0.76671E-02  -0.97736E-03   0.29735E-01   0.53363E+01   0.26801E+05
    4     0.0264   0.3621  -0.11849E-01  -0.15574E-02   0.29155E-01   0.53153E+01   0.27643E+05
    5     0.0353   0.4814  -0.16171E-01  -0.21691E-02   0.28543E-01   0.52948E+01   0.28357E+05
    6     0.0443   0.6003  -0.20624E-01  -0.28092E-02   0.27903E-01   0.52746E+01   0.28952E+05
    7     0.0534   0.7188  -0.25187E-01  -0.34727E-02   0.27240E-01   0.52547E+01   0.29456E+05
    8     0.0626   0.8368  -0.29856E-01  -0.41579E-02   0.26555E-01   0.52351E+01   0.29914E+05
    9     0.0718   0.9543  -0.34625E-01  -0.48625E-02   0.25850E-01   0.52159E+01   0.30346E+05
   10     0.0811   1.0713  -0.39491E-01  -0.55867E-02   0.25126E-01   0.51968E+01   0.30738E+05
   11     0.0905   1.1879  -0.44451E-01  -0.63296E-02   0.24383E-01   0.51780E+01   0.31108E+05
   12     0.1000   1.3039  -0.49509E-01  -0.70919E-02   0.23621E-01   0.51594E+01   0.31449E+05
   13     0.1096   1.4195  -0.54648E-01  -0.78693E-02   0.22843E-01   0.51411E+01   0.31775E+05
   14     0.1192   1.5346  -0.59877E-01  -0.86644E-02   0.22048E-01   0.51229E+01   0.32085E+05
   15     0.1290   1.6491  -0.65195E-01  -0.94764E-02   0.21236E-01   0.51050E+01   0.32371E+05
   16     0.1388   1.7632  -0.70601E-01  -0.10306E-01   0.20407E-01   0.50873E+01   0.32653E+05
   17     0.1487   1.8767  -0.76093E-01  -0.11152E-01   0.19561E-01   0.50698E+01   0.32911E+05
   18     0.1587   1.9897  -0.81671E-01  -0.12014E-01   0.18698E-01   0.50526E+01   0.33166E+05
   19     0.1687   2.1021  -0.87335E-01  -0.12894E-01   0.17819E-01   0.50355E+01   0.33406E+05
   20     0.1789   2.2140  -0.93084E-01  -0.13790E-01   0.16922E-01   0.50186E+01   0.33627E+05
   21     0.1891   2.3254  -0.98919E-01  -0.14703E-01   0.16009E-01   0.50020E+01   0.33848E+05
   22     0.1995   2.4362  -0.10484E+00  -0.15634E-01   0.15079E-01   0.49855E+01   0.34051E+05
   23     0.2099   2.5465  -0.11085E+00  -0.16581E-01   0.14131E-01   0.49692E+01   0.34246E+05
   24     0.2204   2.6562  -0.11694E+00  -0.17545E-01   0.13167E-01   0.49532E+01   0.34431E+05
   25     0.2310   2.7653  -0.12311E+00  -0.18527E-01   0.12186E-01   0.49373E+01   0.34608E+05
   26     0.2417   2.8738  -0.12937E+00  -0.19525E-01   0.11187E-01   0.49216E+01   0.34778E+05
   27     0.2525   2.9818  -0.13572E+00  -0.20541E-01   0.10172E-01   0.49062E+01   0.34933E+05
   28     0.2634   3.0892  -0.14215E+00  -0.21573E-01   0.91391E-02   0.48909E+01   0.35083E+05
   29     0.2744   3.1959  -0.14866E+00  -0.22623E-01   0.80894E-02   0.48758E+01   0.35226E+05
   30     0.2855   3.3021  -0.15526E+00  -0.23690E-01   0.70220E-02   0.48609E+01   0.35358E+05
   31     0.2967   3.4077  -0.16194E+00  -0.24775E-01   0.59371E-02   0.48462E+01   0.35478E+05
   32     0.3079   3.5127  -0.16871E+00  -0.25879E-01   0.48337E-02   0.48317E+01   0.35591E+05
   33     0.3193   3.6170  -0.17553E+00  -0.26990E-01   0.37229E-02   0.48173E+01   0.35699E+05
   34     0.3308   3.7207  -0.18248E+00  -0.28130E-01   0.25827E-02   0.48032E+01   0.35793E+05
   35     0.3423   3.8238  -0.18951E+00  -0.29289E-01   0.14234E-02   0.47892E+01   0.35869E+05
   36     0.3540   3.9263  -0.19663E+00  -0.30467E-01   0.24505E-03   0.47755E+01   0.35945E+05
   37     0.3658   4.0281  -0.20384E+00  -0.31665E-01  -0.95272E-03   0.47619E+01   0.36009E+05
   38     0.3777   4.1293  -0.21113E+00  -0.32882E-01  -0.21693E-02   0.47486E+01   0.36062E+05
   39     0.3896   4.2299  -0.21851E+00  -0.34118E-01  -0.34051E-02   0.47354E+01   0.36107E+05
   40     0.4017   4.3298  -0.22598E+00  -0.35372E-01  -0.46591E-02   0.47225E+01   0.36142E+05
   41     0.4139   4.4291  -0.23353E+00  -0.36644E-01  -0.59319E-02   0.47097E+01   0.36169E+05
   42     0.4262   4.5276  -0.24117E+00  -0.37936E-01  -0.72233E-02   0.46971E+01   0.36187E+05
   43     0.4386   4.6256  -0.24889E+00  -0.39246E-01  -0.85331E-02   0.46846E+01   0.36192E+05
   44     0.4511   4.7229  -0.25669E+00  -0.40574E-01  -0.98615E-02   0.46723E+01   0.36189E+05
   45     0.4637   4.8195  -0.26458E+00  -0.41921E-01  -0.11208E-01   0.46602E+01   0.36179E+05
   46     0.4764   4.9154  -0.27255E+00  -0.43286E-01  -0.12573E-01   0.46482E+01   0.36161E+05
   47     0.4893   5.0106  -0.28060E+00  -0.44669E-01  -0.13957E-01   0.46364E+01   0.36134E+05
   48     0.5022   5.1052  -0.28873E+00  -0.46071E-01  -0.15359E-01   0.46248E+01   0.36098E+05
   49     0.5153   5.1991  -0.29695E+00  -0.47492E-01  -0.16779E-01   0.46134E+01   0.36054E+05
   50     0.5285   5.2923  -0.30525E+00  -0.48931E-01  -0.18218E-01   0.46021E+01   0.36008E+05
   51     0.5417   5.3849  -0.31363E+00  -0.50389E-01  -0.19677E-01   0.45910E+01   0.35949E+05
   52     0.5552   5.4767  -0.32210E+00  -0.51868E-01  -0.21156E-01   0.45801E+01   0.35886E+05
   53     0.5687   5.5679  -0.33066E+00  -0.53367E-01  -0.22654E-01   0.45693E+01   0.35819E+05
   54     0.5823   5.6583  -0.33930E+00  -0.54886E-01  -0.24174E-01   0.45588E+01   0.35739E+05
   55     0.5961   5.7481  -0.34803E+00  -0.56426E-01  -0.25714E-01   0.45484E+01   0.35657E+05
   56     0.6099   5.8371  -0.35685E+00  -0.57987E-01  -0.27275E-01   0.45381E+01   0.35570E+05
   57     0.6239   5.9255  -0.36576E+00  -0.59569E-01  -0.28857E-01   0.45281E+01   0.35474E+05
   58     0.6381   6.0132  -0.37476E+00  -0.61172E-01  -0.30460E-01   0.45182E+01   0.35372E+05
   59     0.6523   6.1001  -0.38384E+00  -0.62796E-01  -0.32083E-01   0.45085E+01   0.35260E+05
   60     0.6667   6.1864  -0.39301E+00  -0.64440E-01  -0.33728E-01   0.44989E+01   0.35138E+05
   61     0.6812   6.2719  -0.40226E+00  -0.66105E-01  -0.35393E-01   0.44895E+01   0.35008E+05
   62     0.6958   6.3568  -0.41160E+00  -0.67791E-01  -0.37079E-01   0.44803E+01   0.34867E+05
   63     0.7105   6.4409  -0.42103E+00  -0.69499E-01  -0.38786E-01   0.44712E+01   0.34721E+05
   64     0.7254   6.5244  -0.43054E+00  -0.71227E-01  -0.40514E-01   0.44622E+01   0.34562E+05
   65     0.7404   6.6071  -0.44014E+00  -0.72975E-01  -0.42263E-01   0.44534E+01   0.34398E+05
   66     0.7555   6.6891  -0.44981E+00  -0.74744E-01  -0.44031E-01   0.44448E+01   0.34226E+05
   67     0.7708   6.7704  -0.45957E+00  -0.76532E-01  -0.45819E-01   0.44363E+01   0.34048E+05
   68     0.7862   6.8511  -0.46941E+00  -0.78338E-01  -0.47626E-01   0.44280E+01   0.33864E+05
   69     0.8017   6.9310  -0.47932E+00  -0.80164E-01  -0.49452E-01   0.44198E+01   0.33674E+05
   70     0.8174   7.0102  -0.48932E+00  -0.82009E-01  -0.51297E-01   0.44117E+01   0.33477E+05
   71     0.8332   7.0886  -0.49939E+00  -0.83874E-01  -0.53161E-01   0.44038E+01   0.33277E+05
   72     0.8491   7.1664  -0.50955E+00  -0.85759E-01  -0.55047E-01   0.43960E+01   0.33068E+05
   73     0.8652   7.2435  -0.51979E+00  -0.87664E-01  -0.56952E-01   0.43883E+01   0.32858E+05
   74     0.8814   7.3199  -0.53010E+00  -0.89590E-01  -0.58877E-01   0.43808E+01   0.32643E+05
   75     0.8977   7.3956  -0.54051E+00  -0.91537E-01  -0.60824E-01   0.43734E+01   0.32424E+05
   76     0.9142   7.4705  -0.55099E+00  -0.93505E-01  -0.62792E-01   0.43662E+01   0.32203E+05
   77     0.9309   7.5448  -0.56156E+00  -0.95493E-01  -0.64781E-01   0.43591E+01   0.31977E+05
   78     0.9477   7.6184  -0.57221E+00  -0.97503E-01  -0.66791E-01   0.43521E+01   0.31748E+05
   79     0.9646   7.6913  -0.58294E+00  -0.99534E-01  -0.68821E-01   0.43452E+01   0.31514E+05
   80     0.9817   7.7635  -0.59375E+00  -0.10159E+00  -0.70873E-01   0.43385E+01   0.31276E+05
   81     0.9989   7.8350  -0.60464E+00  -0.10366E+00  -0.72946E-01   0.43319E+01   0.31037E+05
   82     1.0163   7.9058  -0.61562E+00  -0.10575E+00  -0.75040E-01   0.43255E+01   0.30789E+05
   83     1.0338   7.9759  -0.62669E+00  -0.10787E+00  -0.77157E-01   0.43191E+01   0.30528E+05
   84     1.0515   8.0453  -0.63783E+00  -0.11001E+00  -0.79296E-01   0.43129E+01   0.30269E+05
   85     1.0693   8.1141  -0.64906E+00  -0.11217E+00  -0.81456E-01   0.43068E+01   0.30008E+05
   86     1.0873   8.1821  -0.66037E+00  -0.11435E+00  -0.83637E-01   0.43008E+01   0.29742E+05
   87     1.1055   8.2495  -0.67176E+00  -0.11655E+00  -0.85840E-01   0.42949E+01   0.29473E+05
   88     1.1238   8.3162  -0.68323E+00  -0.11878E+00  -0.88064E-01   0.42892E+01   0.29197E+05
   89     1.1423   8.3823  -0.69475E+00  -0.12101E+00  -0.90297E-01   0.42835E+01   0.28920E+05
   90     1.1609   8.4477  -0.70635E+00  -0.12327E+00  -0.92557E-01   0.42780E+01   0.28640E+05
   91     1.1797   8.5124  -0.71805E+00  -0.12555E+00  -0.94840E-01   0.42725E+01   0.28354E+05
   92     1.1986   8.5764  -0.72982E+00  -0.12786E+00  -0.97143E-01   0.42672E+01   0.28065E+05
   93     1.2177   8.6398  -0.74167E+00  -0.13018E+00  -0.99467E-01   0.42620E+01   0.27770E+05
   94     1.2370   8.7025  -0.75360E+00  -0.13252E+00  -0.10181E+00   0.42569E+01   0.27488E+05
   95     1.2565   8.7646  -0.76560E+00  -0.13489E+00  -0.10418E+00   0.42518E+01   0.27218E+05
   96     1.2761   8.8260  -0.77768E+00  -0.13727E+00  -0.10656E+00   0.42469E+01   0.26898E+05
   97     1.2959   8.8868  -0.78983E+00  -0.13968E+00  -0.10897E+00   0.42421E+01   0.26606E+05
   98     1.3158   8.9469  -0.80206E+00  -0.14210E+00  -0.11139E+00   0.42373E+01   0.26308E+05
   99     1.3360   9.0065  -0.81435E+00  -0.14455E+00  -0.11383E+00   0.42326E+01   0.26011E+05
  100     1.3563   9.0653  -0.82678E+00  -0.14703E+00  -0.11632E+00   0.42281E+01   0.25708E+05
  101     1.3767   9.1236  -0.83927E+00  -0.14953E+00  -0.11882E+00   0.42237E+01   0.25406E+05
  102     1.3974   9.1812  -0.85171E+00  -0.15201E+00  -0.12130E+00   0.42192E+01   0.25109E+05
  103     1.4183   9.2382  -0.86434E+00  -0.15454E+00  -0.12383E+00   0.42150E+01   0.24805E+05
  104     1.4393   9.2945  -0.87702E+00  -0.15710E+00  -0.12638E+00   0.42108E+01   0.24505E+05
  105     1.4605   9.3503  -0.88979E+00  -0.15967E+00  -0.12896E+00   0.42066E+01   0.24183E+05
  106     1.4819   9.4054  -0.90262E+00  -0.16226E+00  -0.13155E+00   0.42026E+01   0.23883E+05
  107     1.5035   9.4600  -0.91553E+00  -0.16487E+00  -0.13416E+00   0.41987E+01   0.23586E+05
  108     1.5252   9.5139  -0.92851E+00  -0.16751E+00  -0.13679E+00   0.41948E+01   0.23278E+05
  109     1.5472   9.5673  -0.94156E+00  -0.17016E+00  -0.13945E+00   0.41910E+01   0.22971E+05
  110     1.5693   9.6200  -0.95469E+00  -0.17283E+00  -0.14212E+00   0.41873E+01   0.22664E+05
  111     1.5917   9.6722  -0.96789E+00  -0.17553E+00  -0.14482E+00   0.41836E+01   0.22358E+05
  112     1.6142   9.7238  -0.98116E+00  -0.17824E+00  -0.14753E+00   0.41800E+01   0.22052E+05
  113     1.6369   9.7748  -0.99450E+00  -0.18098E+00  -0.15027E+00   0.41765E+01   0.21749E+05
  114     1.6598   9.8252  -0.10079E+01  -0.18374E+00  -0.15302E+00   0.41731E+01   0.21445E+05
  115     1.6830   9.8751  -0.10214E+01  -0.18651E+00  -0.15580E+00   0.41697E+01   0.21143E+05
  116     1.7063   9.9244  -0.10350E+01  -0.18931E+00  -0.15860E+00   0.41664E+01   0.20841E+05
  117     1.7298   9.9731  -0.10486E+01  -0.19213E+00  -0.16142E+00   0.41632E+01   0.20539E+05
  118     1.7536  10.0213  -0.10623E+01  -0.19497E+00  -0.16426E+00   0.41601E+01   0.20236E+05
  119     1.7775  10.0689  -0.10761E+01  -0.19783E+00  -0.16712E+00   0.41570E+01   0.19934E+05
  120     1.8016  10.1160  -0.10900E+01  -0.20072E+00  -0.17001E+00   0.41539E+01   0.19632E+05
  121     1.8260  10.1626  -0.11039E+01  -0.20362E+00  -0.17291E+00   0.41510E+01   0.19332E+05
  122     1.8506  10.2086  -0.11179E+01  -0.20655E+00  -0.17583E+00   0.41480E+01   0.19033E+05
  123     1.8753  10.2541  -0.11320E+01  -0.20949E+00  -0.17878E+00   0.41452E+01   0.18737E+05
  124     1.9003  10.2990  -0.11461E+01  -0.21245E+00  -0.18174E+00   0.41424E+01   0.18442E+05
  125     1.9256  10.3434  -0.11603E+01  -0.21543E+00  -0.18472E+00   0.41397E+01   0.18150E+05
  126     1.9510  10.3873  -0.11746E+01  -0.21843E+00  -0.18772E+00   0.41370E+01   0.17860E+05
  127     1.9766  10.4307  -0.11889E+01  -0.22146E+00  -0.19074E+00   0.41343E+01   0.17573E+05
  128     2.0025  10.4736  -0.12033E+01  -0.22450E+00  -0.19379E+00   0.41318E+01   0.17287E+05
  129     2.0286  10.5160  -0.12178E+01  -0.22757E+00  -0.19686E+00   0.41292E+01   0.17002E+05
  130     2.0550  10.5579  -0.12324E+01  -0.23066E+00  -0.19995E+00   0.41268E+01   0.16719E+05
  131     2.0815  10.5993  -0.12470E+01  -0.23378E+00  -0.20306E+00   0.41243E+01   0.16438E+05
  132     2.1083  10.6402  -0.12617E+01  -0.23691E+00  -0.20620E+00   0.41220E+01   0.16157E+05
  133     2.1353  10.6806  -0.12765E+01  -0.24006E+00  -0.20935E+00   0.41196E+01   0.15877E+05
  134     2.1626  10.7205  -0.12914E+01  -0.24324E+00  -0.21252E+00   0.41174E+01   0.15599E+05
  135     2.1901  10.7600  -0.13063E+01  -0.24643E+00  -0.21572E+00   0.41151E+01   0.15324E+05
  136     2.2178  10.7990  -0.13212E+01  -0.24964E+00  -0.21893E+00   0.41129E+01   0.15051E+05
  137     2.2458  10.8375  -0.13363E+01  -0.25287E+00  -0.22216E+00   0.41108E+01   0.14782E+05
  138     2.2740  10.8756  -0.13514E+01  -0.25612E+00  -0.22541E+00   0.41087E+01   0.14517E+05
  139     2.3025  10.9132  -0.13666E+01  -0.25940E+00  -0.22868E+00   0.41066E+01   0.14255E+05
  140     2.3312  10.9504  -0.13818E+01  -0.26269E+00  -0.23198E+00   0.41046E+01   0.13995E+05
  141     2.3602  10.9871  -0.13971E+01  -0.26601E+00  -0.23530E+00   0.41026E+01   0.13738E+05
  142     2.3894  11.0234  -0.14125E+01  -0.26935E+00  -0.23864E+00   0.41007E+01   0.13484E+05
  143     2.4188  11.0592  -0.14280E+01  -0.27271E+00  -0.24200E+00   0.40988E+01   0.13232E+05
  144     2.4486  11.0946  -0.14436E+01  -0.27610E+00  -0.24538E+00   0.40970E+01   0.12981E+05
  145     2.4785  11.1296  -0.14592E+01  -0.27950E+00  -0.24879E+00   0.40951E+01   0.12733E+05
  146     2.5088  11.1641  -0.14748E+01  -0.28293E+00  -0.25221E+00   0.40934E+01   0.12487E+05
  147     2.5393  11.1982  -0.14906E+01  -0.28637E+00  -0.25566E+00   0.40916E+01   0.12242E+05
  148     2.5701  11.2320  -0.15064E+01  -0.28984E+00  -0.25913E+00   0.40899E+01   0.12001E+05
  149     2.6011  11.2653  -0.15223E+01  -0.29333E+00  -0.26261E+00   0.40882E+01   0.11764E+05
  150     2.6324  11.2982  -0.15382E+01  -0.29683E+00  -0.26612E+00   0.40866E+01   0.11529E+05
  151     2.6640  11.3306  -0.15542E+01  -0.30036E+00  -0.26965E+00   0.40850E+01   0.11295E+05
  152     2.6958  11.3627  -0.15703E+01  -0.30391E+00  -0.27320E+00   0.40834E+01   0.11065E+05
  153     2.7280  11.3944  -0.15864E+01  -0.30748E+00  -0.27677E+00   0.40818E+01   0.10840E+05
  154     2.7604  11.4258  -0.16027E+01  -0.31107E+00  -0.28036E+00   0.40803E+01   0.10619E+05
  155     2.7931  11.4567  -0.16190E+01  -0.31469E+00  -0.28397E+00   0.40788E+01   0.10401E+05
  156     2.8260  11.4872  -0.16353E+01  -0.31831E+00  -0.28760E+00   0.40774E+01   0.10186E+05
  157     2.8593  11.5174  -0.16517E+01  -0.32197E+00  -0.29126E+00   0.40759E+01   0.99723E+04
  158     2.8929  11.5472  -0.16682E+01  -0.32565E+00  -0.29494E+00   0.40745E+01   0.97608E+04
  159     2.9267  11.5766  -0.16848E+01  -0.32936E+00  -0.29865E+00   0.40732E+01   0.95548E+04
  160     2.9608  11.6057  -0.17014E+01  -0.33309E+00  -0.30237E+00   0.40718E+01   0.93499E+04
  161     2.9953  11.6344  -0.17181E+01  -0.33683E+00  -0.30612E+00   0.40705E+01   0.91471E+04
  162     3.0300  11.6628  -0.17349E+01  -0.34060E+00  -0.30989E+00   0.40692E+01   0.89464E+04
  163     3.0651  11.6908  -0.17518E+01  -0.34439E+00  -0.31367E+00   0.40679E+01   0.87492E+04
  164     3.1004  11.7184  -0.17687E+01  -0.34819E+00  -0.31748E+00   0.40667E+01   0.85555E+04
  165     3.1360  11.7458  -0.17856E+01  -0.35202E+00  -0.32131E+00   0.40655E+01   0.83652E+04
  166     3.1720  11.7727  -0.18027E+01  -0.35588E+00  -0.32516E+00   0.40643E+01   0.81781E+04
  167     3.2083  11.7994  -0.18198E+01  -0.35975E+00  -0.32904E+00   0.40631E+01   0.79934E+04
  168     3.2449  11.8257  -0.18370E+01  -0.36365E+00  -0.33294E+00   0.40620E+01   0.78122E+04
  169     3.2818  11.8517  -0.18543E+01  -0.36757E+00  -0.33686E+00   0.40609E+01   0.76332E+04
  170     3.3190  11.8773  -0.18716E+01  -0.37151E+00  -0.34080E+00   0.40597E+01   0.74572E+04
  171     3.3565  11.9026  -0.18890E+01  -0.37548E+00  -0.34477E+00   0.40587E+01   0.72839E+04
  172     3.3944  11.9277  -0.19065E+01  -0.37946E+00  -0.34875E+00   0.40576E+01   0.71134E+04
  173     3.4326  11.9524  -0.19240E+01  -0.38347E+00  -0.35276E+00   0.40566E+01   0.69456E+04
  174     3.4712  11.9768  -0.19416E+01  -0.38750E+00  -0.35679E+00   0.40556E+01   0.67811E+04
  175     3.5100  12.0009  -0.19593E+01  -0.39155E+00  -0.36084E+00   0.40546E+01   0.66199E+04
  176     3.5492  12.0246  -0.19770E+01  -0.39563E+00  -0.36492E+00   0.40536E+01   0.64619E+04
  177     3.5888  12.0481  -0.19948E+01  -0.39972E+00  -0.36901E+00   0.40526E+01   0.63062E+04
  178     3.6287  12.0713  -0.20127E+01  -0.40385E+00  -0.37313E+00   0.40517E+01   0.61529E+04
  179     3.6689  12.0942  -0.20307E+01  -0.40799E+00  -0.37728E+00   0.40507E+01   0.60022E+04
  180     3.7095  12.1169  -0.20487E+01  -0.41216E+00  -0.38145E+00   0.40498E+01   0.58542E+04
  181     3.7505  12.1392  -0.20668E+01  -0.41635E+00  -0.38564E+00   0.40490E+01   0.57087E+04
  182     3.7918  12.1612  -0.20850E+01  -0.42056E+00  -0.38985E+00   0.40481E+01   0.55661E+04
  183     3.8334  12.1830  -0.21032E+01  -0.42480E+00  -0.39408E+00   0.40472E+01   0.54260E+04
  184     3.8754  12.2045  -0.21215E+01  -0.42905E+00  -0.39834E+00   0.40464E+01   0.52893E+04
  185     3.9178  12.2257  -0.21399E+01  -0.43333E+00  -0.40262E+00   0.40456E+01   0.51548E+04
  186     3.9606  12.2467  -0.21584E+01  -0.43763E+00  -0.40692E+00   0.40448E+01   0.50236E+04
  187     4.0037  12.2674  -0.21769E+01  -0.44196E+00  -0.41125E+00   0.40440E+01   0.48948E+04
  188     4.0472  12.2878  -0.21955E+01  -0.44631E+00  -0.41560E+00   0.40432E+01   0.47685E+04
  189     4.0911  12.3080  -0.22142E+01  -0.45069E+00  -0.41998E+00   0.40424E+01   0.46440E+04
  190     4.1353  12.3279  -0.22330E+01  -0.45509E+00  -0.42438E+00   0.40417E+01   0.45221E+04
  191     4.1800  12.3476  -0.22518E+01  -0.45951E+00  -0.42880E+00   0.40410E+01   0.44022E+04
  192     4.2250  12.3670  -0.22707E+01  -0.46396E+00  -0.43325E+00   0.40402E+01   0.42850E+04
  193     4.2705  12.3862  -0.22896E+01  -0.46843E+00  -0.43771E+00   0.40396E+01   0.41705E+04
  194     4.3163  12.4051  -0.23087E+01  -0.47292E+00  -0.44220E+00   0.40389E+01   0.40581E+04
  195     4.3625  12.4238  -0.23278E+01  -0.47743E+00  -0.44672E+00   0.40382E+01   0.39486E+04
  196     4.4091  12.4423  -0.23469E+01  -0.48197E+00  -0.45126E+00   0.40375E+01   0.38417E+04
  197     4.4561  12.4605  -0.23662E+01  -0.48654E+00  -0.45582E+00   0.40369E+01   0.37370E+04
  198     4.5036  12.4785  -0.23855E+01  -0.49112E+00  -0.46041E+00   0.40362E+01   0.36346E+04
  199     4.5514  12.4962  -0.24050E+01  -0.49574E+00  -0.46502E+00   0.40356E+01   0.35342E+04
  200     4.5997  12.5138  -0.24244E+01  -0.50038E+00  -0.46966E+00   0.40350E+01   0.34355E+04
  201     4.6484  12.5311  -0.24440E+01  -0.50504E+00  -0.47433E+00   0.40344E+01   0.33395E+04
  202     4.6975  12.5482  -0.24637E+01  -0.50973E+00  -0.47902E+00   0.40338E+01   0.32451E+04
  203     4.7470  12.5650  -0.24834E+01  -0.51444E+00  -0.48373E+00   0.40332E+01   0.31526E+04
  204     4.7970  12.5817  -0.25032E+01  -0.51918E+00  -0.48847E+00   0.40326E+01   0.30620E+04
  205     4.8474  12.5981  -0.25230E+01  -0.52394E+00  -0.49323E+00   0.40321E+01   0.29739E+04
  206     4.8982  12.6144  -0.25429E+01  -0.52872E+00  -0.49801E+00   0.40315E+01   0.28880E+04
  207     4.9495  12.6304  -0.25629E+01  -0.53352E+00  -0.50281E+00   0.40310E+01   0.28047E+04
  208     5.0012  12.6462  -0.25830E+01  -0.53835E+00  -0.50764E+00   0.40305E+01   0.27233E+04
  209     5.0534  12.6619  -0.26032E+01  -0.54321E+00  -0.51250E+00   0.40299E+01   0.26441E+04
  210     5.1060  12.6773  -0.26234E+01  -0.54810E+00  -0.51739E+00   0.40294E+01   0.25666E+04
  211     5.1591  12.6925  -0.26438E+01  -0.55302E+00  -0.52231E+00   0.40289E+01   0.24905E+04
  212     5.2126  12.7076  -0.26642E+01  -0.55796E+00  -0.52725E+00   0.40284E+01   0.24160E+04
  213     5.2667  12.7224  -0.26847E+01  -0.56293E+00  -0.53222E+00   0.40280E+01   0.23429E+04
  214     5.3211  12.7371  -0.27052E+01  -0.56792E+00  -0.53721E+00   0.40275E+01   0.22718E+04
  215     5.3761  12.7515  -0.27259E+01  -0.57293E+00  -0.54222E+00   0.40270E+01   0.22023E+04
  216     5.4315  12.7658  -0.27466E+01  -0.57797E+00  -0.54726E+00   0.40266E+01   0.21349E+04
  217     5.4874  12.7799  -0.27673E+01  -0.58303E+00  -0.55232E+00   0.40261E+01   0.20694E+04
  218     5.5438  12.7938  -0.27882E+01  -0.58812E+00  -0.55741E+00   0.40257E+01   0.20056E+04
  219     5.6007  12.8076  -0.28092E+01  -0.59324E+00  -0.56253E+00   0.40253E+01   0.19435E+04
  220     5.6581  12.8211  -0.28302E+01  -0.59839E+00  -0.56768E+00   0.40248E+01   0.18829E+04
  221     5.7160  12.8345  -0.28513E+01  -0.60356E+00  -0.57285E+00   0.40244E+01   0.18238E+04
  222     5.7744  12.8477  -0.28725E+01  -0.60876E+00  -0.57805E+00   0.40240E+01   0.17660E+04
  223     5.8333  12.8608  -0.28938E+01  -0.61399E+00  -0.58328E+00   0.40236E+01   0.17099E+04
  224     5.8927  12.8737  -0.29151E+01  -0.61924E+00  -0.58853E+00   0.40232E+01   0.16552E+04
  225     5.9526  12.8864  -0.29366E+01  -0.62452E+00  -0.59380E+00   0.40228E+01   0.16022E+04
  226     6.0131  12.8990  -0.29581E+01  -0.62982E+00  -0.59911E+00   0.40224E+01   0.15505E+04
  227     6.0740  12.9114  -0.29797E+01  -0.63516E+00  -0.60445E+00   0.40221E+01   0.15001E+04
  228     6.1355  12.9236  -0.30014E+01  -0.64052E+00  -0.60981E+00   0.40217E+01   0.14511E+04
  229     6.1976  12.9357  -0.30232E+01  -0.64591E+00  -0.61520E+00   0.40214E+01   0.14032E+04
  230     6.2602  12.9476  -0.30450E+01  -0.65133E+00  -0.62062E+00   0.40210E+01   0.13568E+04
  231     6.3233  12.9594  -0.30670E+01  -0.65677E+00  -0.62606E+00   0.40207E+01   0.13116E+04
  232     6.3869  12.9710  -0.30890E+01  -0.66224E+00  -0.63153E+00   0.40203E+01   0.12680E+04
  233     6.4512  12.9825  -0.31111E+01  -0.66774E+00  -0.63703E+00   0.40200E+01   0.12255E+04
  234     6.5159  12.9938  -0.31333E+01  -0.67327E+00  -0.64256E+00   0.40197E+01   0.11843E+04
  235     6.5813  13.0050  -0.31556E+01  -0.67883E+00  -0.64812E+00   0.40193E+01   0.11441E+04
  236     6.6472  13.0160  -0.31780E+01  -0.68442E+00  -0.65370E+00   0.40190E+01   0.11049E+04
  237     6.7137  13.0269  -0.32004E+01  -0.69003E+00  -0.65932E+00   0.40187E+01   0.10671E+04
  238     6.7807  13.0377  -0.32230E+01  -0.69568E+00  -0.66496E+00   0.40184E+01   0.10301E+04
  239     6.8484  13.0483  -0.32456E+01  -0.70135E+00  -0.67064E+00   0.40181E+01   0.99422E+03
  240     6.9166  13.0588  -0.32683E+01  -0.70705E+00  -0.67633E+00   0.40178E+01   0.95953E+03
  241     6.9854  13.0691  -0.32911E+01  -0.71277E+00  -0.68206E+00   0.40175E+01   0.92582E+03
  242     7.0549  13.0794  -0.33140E+01  -0.71853E+00  -0.68782E+00   0.40172E+01   0.89321E+03
  243     7.1249  13.0894  -0.33370E+01  -0.72432E+00  -0.69361E+00   0.40170E+01   0.86169E+03
  244     7.1955  13.0994  -0.33600E+01  -0.73014E+00  -0.69943E+00   0.40167E+01   0.83110E+03
  245     7.2668  13.1092  -0.33832E+01  -0.73599E+00  -0.70528E+00   0.40164E+01   0.80127E+03
  246     7.3387  13.1189  -0.34065E+01  -0.74187E+00  -0.71116E+00   0.40162E+01   0.77228E+03
  247     7.4112  13.1285  -0.34298E+01  -0.74778E+00  -0.71707E+00   0.40159E+01   0.74427E+03
  248     7.4843  13.1380  -0.34532E+01  -0.75373E+00  -0.72301E+00   0.40157E+01   0.71698E+03
  249     7.5580  13.1473  -0.34768E+01  -0.75969E+00  -0.72898E+00   0.40154E+01   0.69066E+03
  250     7.6324  13.1565  -0.35004E+01  -0.76569E+00  -0.73497E+00   0.40152E+01   0.66520E+03
  251     7.7075  13.1656  -0.35241E+01  -0.77171E+00  -0.74100E+00   0.40149E+01   0.64062E+03
  252     7.7832  13.1746  -0.35479E+01  -0.77778E+00  -0.74706E+00   0.40147E+01   0.61684E+03
  253     7.8596  13.1834  -0.35718E+01  -0.78387E+00  -0.75316E+00   0.40144E+01   0.59390E+03
  254     7.9366  13.1922  -0.35958E+01  -0.78999E+00  -0.75928E+00   0.40142E+01   0.57148E+03
  255     8.0143  13.2008  -0.36199E+01  -0.79615E+00  -0.76544E+00   0.40140E+01   0.54976E+03
  256     8.0926  13.2093  -0.36440E+01  -0.80234E+00  -0.77163E+00   0.40138E+01   0.52884E+03
  257     8.1717  13.2178  -0.36683E+01  -0.80856E+00  -0.77785E+00   0.40136E+01   0.50853E+03
  258     8.2514  13.2261  -0.36927E+01  -0.81480E+00  -0.78409E+00   0.40133E+01   0.48900E+03
  259     8.3319  13.2343  -0.37171E+01  -0.82109E+00  -0.79037E+00   0.40131E+01   0.47007E+03
  260     8.4130  13.2424  -0.37417E+01  -0.82740E+00  -0.79669E+00   0.40129E+01   0.45183E+03
  261     8.4948  13.2503  -0.37664E+01  -0.83375E+00  -0.80303E+00   0.40127E+01   0.43418E+03
  262     8.5774  13.2582  -0.37911E+01  -0.84013E+00  -0.80941E+00   0.40125E+01   0.41706E+03
  263     8.6606  13.2660  -0.38160E+01  -0.84654E+00  -0.81582E+00   0.40123E+01   0.40060E+03
  264     8.7446  13.2737  -0.38409E+01  -0.85298E+00  -0.82227E+00   0.40121E+01   0.38465E+03
  265     8.8293  13.2813  -0.38660E+01  -0.85945E+00  -0.82874E+00   0.40120E+01   0.36931E+03
  266     8.9148  13.2888  -0.38911E+01  -0.86597E+00  -0.83525E+00   0.40118E+01   0.35450E+03
  267     9.0010  13.2962  -0.39164E+01  -0.87251E+00  -0.84180E+00   0.40116E+01   0.34023E+03
  268     9.0879  13.3035  -0.39418E+01  -0.87909E+00  -0.84838E+00   0.40114E+01   0.32640E+03
  269     9.1756  13.3107  -0.39672E+01  -0.88570E+00  -0.85499E+00   0.40112E+01   0.31304E+03
  270     9.2641  13.3178  -0.39928E+01  -0.89235E+00  -0.86164E+00   0.40111E+01   0.30019E+03
  271     9.3534  13.3248  -0.40185E+01  -0.89903E+00  -0.86832E+00   0.40109E+01   0.28780E+03
  272     9.4434  13.3317  -0.40442E+01  -0.90574E+00  -0.87503E+00   0.40107E+01   0.27590E+03
  273     9.5342  13.3386  -0.40701E+01  -0.91249E+00  -0.88178E+00   0.40106E+01   0.26418E+03
  274     9.6257  13.3453  -0.40961E+01  -0.91928E+00  -0.88857E+00   0.40104E+01   0.25343E+03
  275     9.7181  13.3520  -0.41222E+01  -0.92609E+00  -0.89538E+00   0.40102E+01   0.24264E+03
  276     9.8113  13.3586  -0.41479E+01  -0.93281E+00  -0.90210E+00   0.40101E+01   0.23251E+03
  277     9.9053  13.3651  -0.41747E+01  -0.93984E+00  -0.90913E+00   0.40099E+01   0.22239E+03
  278    10.0001  13.3715  -0.42011E+01  -0.94677E+00  -0.91605E+00   0.40098E+01   0.21299E+03
  279    10.0957  13.3778  -0.42276E+01  -0.95372E+00  -0.92301E+00   0.40096E+01   0.20362E+03
  280    10.1922  13.3841  -0.42542E+01  -0.96072E+00  -0.93001E+00   0.40095E+01   0.19490E+03
  281    10.2895  13.3902  -0.42809E+01  -0.96775E+00  -0.93704E+00   0.40094E+01   0.18643E+03
  282    10.3877  13.3963  -0.43077E+01  -0.97482E+00  -0.94411E+00   0.40092E+01   0.17829E+03
  283    10.4867  13.4023  -0.43347E+01  -0.98193E+00  -0.95122E+00   0.40091E+01   0.17044E+03
  284    10.5865  13.4083  -0.43617E+01  -0.98907E+00  -0.95836E+00   0.40089E+01   0.16289E+03
  285    10.6873  13.4141  -0.43889E+01  -0.99625E+00  -0.96554E+00   0.40088E+01   0.15564E+03
  286    10.7889  13.4199  -0.44162E+01  -0.10035E+01  -0.97276E+00   0.40087E+01   0.14866E+03
  287    10.8914  13.4256  -0.44436E+01  -0.10107E+01  -0.98000E+00   0.40085E+01   0.14197E+03
  288    10.9947  13.4312  -0.44711E+01  -0.10180E+01  -0.98729E+00   0.40084E+01   0.13556E+03
  289    11.0990  13.4368  -0.44987E+01  -0.10253E+01  -0.99462E+00   0.40083E+01   0.12942E+03
  290    11.2042  13.4423  -0.45264E+01  -0.10327E+01  -0.10020E+01   0.40082E+01   0.12350E+03
  291    11.3103  13.4477  -0.45543E+01  -0.10401E+01  -0.10094E+01   0.40081E+01   0.11785E+03
  292    11.4173  13.4530  -0.45822E+01  -0.10476E+01  -0.10168E+01   0.40079E+01   0.11239E+03
  293    11.5253  13.4583  -0.46103E+01  -0.10550E+01  -0.10243E+01   0.40078E+01   0.10717E+03
  294    11.6342  13.4635  -0.46385E+01  -0.10626E+01  -0.10318E+01   0.40077E+01   0.10218E+03
  295    11.7440  13.4687  -0.46668E+01  -0.10701E+01  -0.10394E+01   0.40076E+01   0.97391E+02
  296    11.8548  13.4738  -0.46952E+01  -0.10777E+01  -0.10470E+01   0.40075E+01   0.92794E+02
  297    11.9666  13.4788  -0.47238E+01  -0.10854E+01  -0.10546E+01   0.40074E+01   0.88381E+02
  298    12.0793  13.4837  -0.47525E+01  -0.10930E+01  -0.10623E+01   0.40073E+01   0.84168E+02
  299    12.1930  13.4886  -0.47812E+01  -0.11008E+01  -0.10700E+01   0.40072E+01   0.80153E+02
  300    12.3077  13.4934  -0.48102E+01  -0.11085E+01  -0.10778E+01   0.40071E+01   0.76258E+02
  301    12.4234  13.4982  -0.48392E+01  -0.11163E+01  -0.10856E+01   0.40070E+01   0.72571E+02
  302    12.5401  13.5029  -0.48684E+01  -0.11242E+01  -0.10934E+01   0.40069E+01   0.69033E+02
  303    12.6578  13.5075  -0.48976E+01  -0.11320E+01  -0.11013E+01   0.40068E+01   0.65644E+02
  304    12.7766  13.5121  -0.49270E+01  -0.11400E+01  -0.11092E+01   0.40067E+01   0.62409E+02
  305    12.8963  13.5166  -0.49566E+01  -0.11479E+01  -0.11172E+01   0.40066E+01   0.59321E+02
  306    13.0172  13.5211  -0.49862E+01  -0.11559E+01  -0.11252E+01   0.40065E+01   0.56377E+02
  307    13.1390  13.5255  -0.50160E+01  -0.11640E+01  -0.11333E+01   0.40064E+01   0.53551E+02
  308    13.2619  13.5298  -0.50459E+01  -0.11721E+01  -0.11414E+01   0.40063E+01   0.50856E+02
  309    13.3859  13.5341  -0.50759E+01  -0.11802E+01  -0.11495E+01   0.40062E+01   0.48284E+02
  310    13.5110  13.5383  -0.51061E+01  -0.11884E+01  -0.11577E+01   0.40061E+01   0.45825E+02
  311    13.6372  13.5425  -0.51364E+01  -0.11966E+01  -0.11659E+01   0.40060E+01   0.43474E+02
  312    13.7644  13.5466  -0.51668E+01  -0.12049E+01  -0.11741E+01   0.40059E+01   0.41250E+02
  313    13.8928  13.5507  -0.51973E+01  -0.12132E+01  -0.11824E+01   0.40059E+01   0.39114E+02
  314    14.0223  13.5547  -0.52280E+01  -0.12215E+01  -0.11908E+01   0.40058E+01   0.37081E+02
  315    14.1529  13.5587  -0.52588E+01  -0.12299E+01  -0.11992E+01   0.40057E+01   0.35141E+02
  316    14.2846  13.5626  -0.52898E+01  -0.12383E+01  -0.12076E+01   0.40056E+01   0.33298E+02
  317    14.4175  13.5665  -0.53209E+01  -0.12468E+01  -0.12161E+01   0.40055E+01   0.31536E+02
  318    14.5515  13.5703  -0.53521E+01  -0.12553E+01  -0.12246E+01   0.40055E+01   0.29857E+02
  319    14.6867  13.5741  -0.53834E+01  -0.12639E+01  -0.12332E+01   0.40054E+01   0.28274E+02
  320    14.8231  13.5778  -0.54149E+01  -0.12725E+01  -0.12418E+01   0.40053E+01   0.26748E+02
  321    14.9607  13.5815  -0.54465E+01  -0.12812E+01  -0.12505E+01   0.40052E+01   0.25306E+02
  322    15.0994  13.5851  -0.54783E+01  -0.12899E+01  -0.12592E+01   0.40052E+01   0.23931E+02
  323    15.2394  13.5887  -0.55102E+01  -0.12987E+01  -0.12679E+01   0.40051E+01   0.22625E+02
  324    15.3806  13.5922  -0.55422E+01  -0.13075E+01  -0.12767E+01   0.40050E+01   0.21386E+02
  325    15.5230  13.5957  -0.55744E+01  -0.13163E+01  -0.12856E+01   0.40050E+01   0.20206E+02
  326    15.6666  13.5991  -0.56067E+01  -0.13252E+01  -0.12945E+01   0.40049E+01   0.19081E+02
  327    15.8115  13.6025  -0.56392E+01  -0.13341E+01  -0.13034E+01   0.40048E+01   0.18018E+02
  328    15.9577  13.6059  -0.56718E+01  -0.13431E+01  -0.13124E+01   0.40048E+01   0.17010E+02
  329    16.1051  13.6092  -0.57045E+01  -0.13522E+01  -0.13214E+01   0.40047E+01   0.16053E+02
  330    16.2538  13.6124  -0.57374E+01  -0.13612E+01  -0.13305E+01   0.40046E+01   0.15141E+02
  331    16.4038  13.6157  -0.57704E+01  -0.13704E+01  -0.13397E+01   0.40046E+01   0.14279E+02
  332    16.5551  13.6188  -0.58036E+01  -0.13796E+01  -0.13489E+01   0.40045E+01   0.13463E+02
  333    16.7078  13.6220  -0.58369E+01  -0.13888E+01  -0.13581E+01   0.40044E+01   0.12679E+02
  334    16.8617  13.6251  -0.58704E+01  -0.13981E+01  -0.13674E+01   0.40044E+01   0.11948E+02
  335    17.0170  13.6281  -0.59040E+01  -0.14074E+01  -0.13767E+01   0.40043E+01   0.11257E+02
  336    17.1736  13.6312  -0.59378E+01  -0.14168E+01  -0.13861E+01   0.40043E+01   0.10593E+02
  337    17.3316  13.6342  -0.59717E+01  -0.14262E+01  -0.13955E+01   0.40042E+01   0.99714E+01
  338    17.4910  13.6371  -0.60058E+01  -0.14357E+01  -0.14050E+01   0.40042E+01   0.93795E+01
  339    17.6518  13.6400  -0.60400E+01  -0.14452E+01  -0.14145E+01   0.40041E+01   0.88205E+01
  340    17.8139  13.6429  -0.60744E+01  -0.14548E+01  -0.14241E+01   0.40040E+01   0.82927E+01
  341    17.9775  13.6457  -0.61090E+01  -0.14644E+01  -0.14337E+01   0.40040E+01   0.77975E+01
  342    18.1425  13.6485  -0.61436E+01  -0.14741E+01  -0.14434E+01   0.40039E+01   0.73248E+01
  343    18.3089  13.6513  -0.61785E+01  -0.14839E+01  -0.14532E+01   0.40039E+01   0.68745E+01
  344    18.4768  13.6540  -0.62135E+01  -0.14937E+01  -0.14629E+01   0.40038E+01   0.64569E+01
  345    18.6461  13.6567  -0.62486E+01  -0.15035E+01  -0.14728E+01   0.40038E+01   0.60591E+01
  346    18.8169  13.6593  -0.62840E+01  -0.15134E+01  -0.14827E+01   0.40037E+01   0.56855E+01
  347    18.9892  13.6619  -0.63195E+01  -0.15233E+01  -0.14926E+01   0.40037E+01   0.53328E+01
  348    19.1630  13.6645  -0.63551E+01  -0.15333E+01  -0.15026E+01   0.40036E+01   0.49978E+01
  349    19.3383  13.6671  -0.63909E+01  -0.15434E+01  -0.15127E+01   0.40036E+01   0.46830E+01
  350    19.5151  13.6696  -0.64268E+01  -0.15535E+01  -0.15228E+01   0.40036E+01   0.43894E+01
  351    19.6934  13.6721  -0.64630E+01  -0.15637E+01  -0.15329E+01   0.40035E+01   0.41111E+01
  352    19.8734  13.6745  -0.64993E+01  -0.15739E+01  -0.15432E+01   0.40035E+01   0.38460E+01
  353    20.0548  13.6770  -0.65357E+01  -0.15841E+01  -0.15534E+01   0.40034E+01   0.36000E+01
  354    20.2379  13.6794  -0.65724E+01  -0.15945E+01  -0.15638E+01   0.40034E+01   0.33664E+01
  355    20.4225  13.6817  -0.66091E+01  -0.16049E+01  -0.15741E+01   0.40033E+01   0.31473E+01
  356    20.6088  13.6840  -0.66461E+01  -0.16153E+01  -0.15846E+01   0.40033E+01   0.29440E+01
  357    20.7966  13.6863  -0.66832E+01  -0.16258E+01  -0.15951E+01   0.40033E+01   0.27489E+01
  358    20.9861  13.6886  -0.67206E+01  -0.16364E+01  -0.16057E+01   0.40032E+01   0.25674E+01
  359    21.1773  13.6909  -0.67580E+01  -0.16470E+01  -0.16163E+01   0.40032E+01   0.23968E+01
  360    21.3701  13.6931  -0.67957E+01  -0.16576E+01  -0.16269E+01   0.40031E+01   0.22365E+01
  361    21.5646  13.6953  -0.68335E+01  -0.16684E+01  -0.16377E+01   0.40031E+01   0.20863E+01
  362    21.7607  13.6974  -0.68715E+01  -0.16792E+01  -0.16484E+01   0.40031E+01   0.19462E+01
  363    21.9586  13.6995  -0.69096E+01  -0.16900E+01  -0.16593E+01   0.40030E+01   0.18139E+01
  364    22.1582  13.7016  -0.69480E+01  -0.17009E+01  -0.16702E+01   0.40030E+01   0.16893E+01
  365    22.3596  13.7037  -0.69865E+01  -0.17119E+01  -0.16811E+01   0.40029E+01   0.15746E+01
  366    22.5626  13.7058  -0.70252E+01  -0.17229E+01  -0.16922E+01   0.40029E+01   0.14660E+01
  367    22.7675  13.7078  -0.70641E+01  -0.17340E+01  -0.17033E+01   0.40000E+01   0.13634E+01
  368    22.9741  13.7098  -0.71032E+01  -0.17451E+01  -0.17144E+01   0.40000E+01   0.12685E+01
  369    23.1825  13.7117  -0.71424E+01  -0.17563E+01  -0.17256E+01   0.40000E+01   0.11807E+01
  370    23.3928  13.7137  -0.71818E+01  -0.17676E+01  -0.17369E+01   0.40000E+01   0.10963E+01
  371    23.6049  13.7156  -0.72214E+01  -0.17789E+01  -0.17482E+01   0.40000E+01   0.10189E+01
  372    23.8188  13.7175  -0.72612E+01  -0.17903E+01  -0.17596E+01   0.40000E+01   0.94467E+00
  373    24.0345  13.7194  -0.73012E+01  -0.18018E+01  -0.17710E+01   0.40000E+01   0.87796E+00
  374    24.2522  13.7212  -0.73414E+01  -0.18133E+01  -0.17826E+01   0.40000E+01   0.81403E+00
  375    24.4717  13.7230  -0.73817E+01  -0.18248E+01  -0.17941E+01   0.40000E+01   0.75621E+00
  376    24.6932  13.7248  -0.74223E+01  -0.18365E+01  -0.18058E+01   0.40000E+01   0.70055E+00
  377    24.9166  13.7266  -0.74630E+01  -0.18482E+01  -0.18175E+01   0.40000E+01   0.64903E+00
  378    25.1419  13.7284  -0.75039E+01  -0.18599E+01  -0.18292E+01   0.40000E+01   0.60067E+00
  379    25.3691  13.7301  -0.75450E+01  -0.18717E+01  -0.18410E+01   0.40000E+01   0.55709E+00
  380    25.5984  13.7318  -0.75864E+01  -0.18837E+01  -0.18530E+01   0.40000E+01   0.51521E+00
  381    25.8296  13.7335  -0.76279E+01  -0.18956E+01  -0.18649E+01   0.40000E+01   0.47638E+00
  382    26.0629  13.7351  -0.76695E+01  -0.19076E+01  -0.18769E+01   0.40000E+01   0.44073E+00
  383    26.2982  13.7368  -0.77114E+01  -0.19197E+01  -0.18890E+01   0.40000E+01   0.40740E+00
  384    26.5355  13.7384  -0.77536E+01  -0.19319E+01  -0.19012E+01   0.40000E+01   0.37629E+00
  385    26.7749  13.7400  -0.77958E+01  -0.19441E+01  -0.19134E+01   0.40000E+01   0.34727E+00
  386    27.0164  13.7416  -0.78383E+01  -0.19564E+01  -0.19257E+01   0.40000E+01   0.32047E+00
  387    27.2599  13.7431  -0.78810E+01  -0.19687E+01  -0.19380E+01   0.40000E+01   0.29592E+00
  388    27.5056  13.7447  -0.79239E+01  -0.19811E+01  -0.19504E+01   0.40000E+01   0.27279E+00
  389    27.7534  13.7462  -0.79669E+01  -0.19936E+01  -0.19629E+01   0.40000E+01   0.25134E+00
  390    28.0034  13.7477  -0.80102E+01  -0.20061E+01  -0.19754E+01   0.40000E+01   0.23155E+00
  391    28.2556  13.7492  -0.80538E+01  -0.20188E+01  -0.19881E+01   0.40000E+01   0.21335E+00
  392    28.5099  13.7506  -0.80974E+01  -0.20315E+01  -0.20007E+01   0.40000E+01   0.19638E+00
  393    28.7665  13.7521  -0.81413E+01  -0.20442E+01  -0.20135E+01   0.40000E+01   0.18055E+00
  394    29.0253  13.7535  -0.81854E+01  -0.20570E+01  -0.20263E+01   0.40000E+01   0.16596E+00
  395    29.2863  13.7549  -0.82297E+01  -0.20699E+01  -0.20392E+01   0.40000E+01   0.15258E+00
  396    29.5496  13.7563  -0.82742E+01  -0.20829E+01  -0.20521E+01   0.40000E+01   0.14022E+00
  397    29.8152  13.7577  -0.83189E+01  -0.20959E+01  -0.20652E+01   0.40000E+01   0.12871E+00
  398    30.0831  13.7590  -0.83638E+01  -0.21090E+01  -0.20783E+01   0.40000E+01   0.11815E+00
  399    30.3534  13.7604  -0.84089E+01  -0.21221E+01  -0.20914E+01   0.40000E+01   0.10829E+00
  400    30.6259  13.7617  -0.84542E+01  -0.21354E+01  -0.21046E+01   0.40000E+01   0.99368E-01
