    1     0.0001   0.0014  -0.30518E-04  -0.16567E-05   0.29892E-01   0.53120E+01   0.20257E+05
    2     0.0088   0.1221  -0.37553E-02  -0.46153E-03   0.29432E-01   0.52901E+01   0.29316E+05
    3     0.0176   0.2423  -0.78378E-02  -0.10167E-02   0.28877E-01   0.52693E+01   0.30742E+05
    4     0.0264   0.3621  -0.12112E-01  -0.16187E-02   0.28275E-01   0.52491E+01   0.31698E+05
    5     0.0353   0.4814  -0.16532E-01  -0.22539E-02   0.27640E-01   0.52293E+01   0.32510E+05
    6     0.0443   0.6003  -0.21085E-01  -0.29186E-02   0.26975E-01   0.52099E+01   0.33183E+05
    7     0.0534   0.7188  -0.25751E-01  -0.36072E-02   0.26287E-01   0.51908E+01   0.33753E+05
    8     0.0626   0.8368  -0.30526E-01  -0.43184E-02   0.25576E-01   0.51720E+01   0.34269E+05
    9     0.0718   0.9543  -0.35403E-01  -0.50507E-02   0.24843E-01   0.51534E+01   0.34755E+05
   10     0.0811   1.0713  -0.40381E-01  -0.58028E-02   0.24091E-01   0.51351E+01   0.35193E+05
   11     0.0905   1.1879  -0.45454E-01  -0.65742E-02   0.23320E-01   0.51171E+01   0.35608E+05
   12     0.1000   1.3039  -0.50627E-01  -0.73663E-02   0.22528E-01   0.50992E+01   0.35987E+05
   13     0.1096   1.4195  -0.55885E-01  -0.81739E-02   0.21720E-01   0.50817E+01   0.36349E+05
   14     0.1192   1.5346  -0.61234E-01  -0.89996E-02   0.20894E-01   0.50643E+01   0.36693E+05
   15     0.1290   1.6491  -0.66673E-01  -0.98433E-02   0.20051E-01   0.50471E+01   0.37007E+05
   16     0.1388   1.7632  -0.72201E-01  -0.10704E-01   0.19190E-01   0.50302E+01   0.37319E+05
   17     0.1487   1.8767  -0.77818E-01  -0.11583E-01   0.18311E-01   0.50134E+01   0.37600E+05
   18     0.1587   1.9897  -0.83522E-01  -0.12479E-01   0.17415E-01   0.49969E+01   0.37879E+05
   19     0.1687   2.1021  -0.89313E-01  -0.13391E-01   0.16503E-01   0.49806E+01   0.38139E+05
   20     0.1789   2.2140  -0.95191E-01  -0.14321E-01   0.15572E-01   0.49645E+01   0.38378E+05
   21     0.1891   2.3254  -0.10116E+00  -0.15269E-01   0.14625E-01   0.49485E+01   0.38615E+05
   22     0.1995   2.4362  -0.10721E+00  -0.16234E-01   0.13660E-01   0.49328E+01   0.38830E+05
   23     0.2099   2.5465  -0.11334E+00  -0.17216E-01   0.12678E-01   0.49173E+01   0.39037E+05
   24     0.2204   2.6562  -0.11957E+00  -0.18215E-01   0.11679E-01   0.49020E+01   0.39230E+05
   25     0.2310   2.7653  -0.12587E+00  -0.19231E-01   0.10663E-01   0.48868E+01   0.39412E+05
   26     0.2417   2.8738  -0.13227E+00  -0.20266E-01   0.96282E-02   0.48719E+01   0.39586E+05
   27     0.2525   2.9818  -0.13875E+00  -0.21317E-01   0.85767E-02   0.48571E+01   0.39741E+05
   28     0.2634   3.0892  -0.14531E+00  -0.22387E-01   0.75071E-02   0.48426E+01   0.39891E+05
   29     0.2744   3.1959  -0.15197E+00  -0.23474E-01   0.64198E-02   0.48282E+01   0.40031E+05
   30     0.2855   3.3021  -0.15870E+00  -0.24579E-01   0.53145E-02   0.48140E+01   0.40160E+05
   31     0.2967   3.4077  -0.16553E+00  -0.25703E-01   0.41908E-02   0.48000E+01   0.40276E+05
   32     0.3079   3.5127  -0.17244E+00  -0.26845E-01   0.30489E-02   0.47862E+01   0.40385E+05
   33     0.3193   3.6170  -0.17940E+00  -0.27994E-01   0.19000E-02   0.47725E+01   0.40490E+05
   34     0.3308   3.7207  -0.18648E+00  -0.29172E-01   0.72213E-03   0.47591E+01   0.40580E+05
   35     0.3423   3.8238  -0.19365E+00  -0.30368E-01  -0.47432E-03   0.47458E+01   0.40652E+05
   36     0.3540   3.9263  -0.20090E+00  -0.31583E-01  -0.16887E-02   0.47328E+01   0.40725E+05
   37     0.3658   4.0281  -0.20824E+00  -0.32816E-01  -0.29222E-02   0.47199E+01   0.40784E+05
   38     0.3777   4.1293  -0.21567E+00  -0.34069E-01  -0.41747E-02   0.47072E+01   0.40832E+05
   39     0.3896   4.2299  -0.22318E+00  -0.35341E-01  -0.54466E-02   0.46947E+01   0.40869E+05
   40     0.4017   4.3298  -0.23079E+00  -0.36632E-01  -0.67384E-02   0.46824E+01   0.40896E+05
   41     0.4139   4.4291  -0.23848E+00  -0.37944E-01  -0.80500E-02   0.46702E+01   0.40913E+05
   42     0.4262   4.5276  -0.24626E+00  -0.39276E-01  -0.93822E-02   0.46582E+01   0.40922E+05
   43     0.4386   4.6256  -0.25413E+00  -0.40628E-01  -0.10734E-01   0.46464E+01   0.40913E+05
   44     0.4511   4.7229  -0.26209E+00  -0.42001E-01  -0.12107E-01   0.46348E+01   0.40895E+05
   45     0.4637   4.8195  -0.27014E+00  -0.43393E-01  -0.13499E-01   0.46234E+01   0.40871E+05
   46     0.4764   4.9154  -0.27828E+00  -0.44805E-01  -0.14911E-01   0.46122E+01   0.40834E+05
   47     0.4893   5.0106  -0.28650E+00  -0.46236E-01  -0.16343E-01   0.46011E+01   0.40786E+05
   48     0.5022   5.1052  -0.29480E+00  -0.47687E-01  -0.17793E-01   0.45902E+01   0.40726E+05
   49     0.5153   5.1991  -0.30319E+00  -0.49157E-01  -0.19263E-01   0.45794E+01   0.40655E+05
   50     0.5285   5.2923  -0.31166E+00  -0.50646E-01  -0.20752E-01   0.45688E+01   0.40580E+05
   51     0.5417   5.3849  -0.32022E+00  -0.52153E-01  -0.22260E-01   0.45583E+01   0.40488E+05
   52     0.5552   5.4767  -0.32885E+00  -0.53680E-01  -0.23786E-01   0.45480E+01   0.40392E+05
   53     0.5687   5.5679  -0.33757E+00  -0.55226E-01  -0.25332E-01   0.45379E+01   0.40291E+05
   54     0.5823   5.6583  -0.34637E+00  -0.56791E-01  -0.26897E-01   0.45279E+01   0.40174E+05
   55     0.5961   5.7481  -0.35526E+00  -0.58374E-01  -0.28480E-01   0.45181E+01   0.40057E+05
   56     0.6099   5.8371  -0.36423E+00  -0.59978E-01  -0.30085E-01   0.45084E+01   0.39933E+05
   57     0.6239   5.9255  -0.37328E+00  -0.61603E-01  -0.31709E-01   0.44989E+01   0.39800E+05
   58     0.6381   6.0132  -0.38243E+00  -0.63249E-01  -0.33355E-01   0.44896E+01   0.39661E+05
   59     0.6523   6.1001  -0.39166E+00  -0.64916E-01  -0.35022E-01   0.44804E+01   0.39516E+05
   60     0.6667   6.1864  -0.40098E+00  -0.66604E-01  -0.36711E-01   0.44714E+01   0.39362E+05
   61     0.6812   6.2719  -0.41039E+00  -0.68314E-01  -0.38420E-01   0.44625E+01   0.39203E+05
   62     0.6958   6.3568  -0.41988E+00  -0.70045E-01  -0.40152E-01   0.44538E+01   0.39036E+05
   63     0.7105   6.4409  -0.42946E+00  -0.71799E-01  -0.41905E-01   0.44452E+01   0.38863E+05
   64     0.7254   6.5244  -0.43913E+00  -0.73572E-01  -0.43678E-01   0.44368E+01   0.38675E+05
   65     0.7404   6.6071  -0.44889E+00  -0.75368E-01  -0.45474E-01   0.44286E+01   0.38481E+05
   66     0.7555   6.6891  -0.45873E+00  -0.77184E-01  -0.47291E-01   0.44205E+01   0.38276E+05
   67     0.7708   6.7704  -0.46866E+00  -0.79023E-01  -0.49129E-01   0.44125E+01   0.38063E+05
   68     0.7862   6.8511  -0.47867E+00  -0.80882E-01  -0.50988E-01   0.44047E+01   0.37841E+05
   69     0.8017   6.9310  -0.48877E+00  -0.82763E-01  -0.52869E-01   0.43970E+01   0.37611E+05
   70     0.8174   7.0102  -0.49895E+00  -0.84664E-01  -0.54770E-01   0.43894E+01   0.37373E+05
   71     0.8332   7.0886  -0.50921E+00  -0.86584E-01  -0.56690E-01   0.43820E+01   0.37130E+05
   72     0.8491   7.1664  -0.51955E+00  -0.88523E-01  -0.58629E-01   0.43747E+01   0.36879E+05
   73     0.8652   7.2435  -0.52996E+00  -0.90481E-01  -0.60588E-01   0.43675E+01   0.36624E+05
   74     0.8814   7.3199  -0.54045E+00  -0.92459E-01  -0.62565E-01   0.43604E+01   0.36362E+05
   75     0.8977   7.3956  -0.55102E+00  -0.94457E-01  -0.64563E-01   0.43535E+01   0.36093E+05
   76     0.9142   7.4705  -0.56167E+00  -0.96476E-01  -0.66582E-01   0.43467E+01   0.35822E+05
   77     0.9309   7.5448  -0.57241E+00  -0.98514E-01  -0.68620E-01   0.43400E+01   0.35546E+05
   78     0.9477   7.6184  -0.58322E+00  -0.10057E+00  -0.70680E-01   0.43335E+01   0.35268E+05
   79     0.9646   7.6913  -0.59412E+00  -0.10265E+00  -0.72761E-01   0.43271E+01   0.34987E+05
   80     0.9817   7.7635  -0.60510E+00  -0.10476E+00  -0.74863E-01   0.43207E+01   0.34702E+05
   81     0.9989   7.8350  -0.61616E+00  -0.10688E+00  -0.76986E-01   0.43146E+01   0.34418E+05
   82     1.0163   7.9058  -0.62730E+00  -0.10902E+00  -0.79130E-01   0.43085E+01   0.34127E+05
   83     1.0338   7.9759  -0.63852E+00  -0.11119E+00  -0.81296E-01   0.43025E+01   0.33832E+05
   84     1.0515   8.0453  -0.64982E+00  -0.11338E+00  -0.83482E-01   0.42967E+01   0.33533E+05
   85     1.0693   8.1141  -0.66121E+00  -0.11558E+00  -0.85691E-01   0.42909E+01   0.33233E+05
   86     1.0873   8.1821  -0.67268E+00  -0.11782E+00  -0.87921E-01   0.42853E+01   0.32917E+05
   87     1.1055   8.2495  -0.68423E+00  -0.12007E+00  -0.90174E-01   0.42798E+01   0.32603E+05
   88     1.1238   8.3162  -0.69587E+00  -0.12234E+00  -0.92449E-01   0.42744E+01   0.32286E+05
   89     1.1423   8.3823  -0.70758E+00  -0.12464E+00  -0.94745E-01   0.42691E+01   0.31965E+05
   90     1.1609   8.4477  -0.71938E+00  -0.12696E+00  -0.97062E-01   0.42639E+01   0.31643E+05
   91     1.1797   8.5124  -0.73126E+00  -0.12930E+00  -0.99402E-01   0.42588E+01   0.31314E+05
   92     1.1986   8.5764  -0.74318E+00  -0.13165E+00  -0.10175E+00   0.42538E+01   0.30984E+05
   93     1.2177   8.6398  -0.75519E+00  -0.13402E+00  -0.10412E+00   0.42489E+01   0.30649E+05
   94     1.2370   8.7025  -0.76729E+00  -0.13642E+00  -0.10652E+00   0.42441E+01   0.30312E+05
   95     1.2565   8.7646  -0.77946E+00  -0.13883E+00  -0.10894E+00   0.42394E+01   0.29973E+05
   96     1.2761   8.8260  -0.79171E+00  -0.14127E+00  -0.11138E+00   0.42348E+01   0.29627E+05
   97     1.2959   8.8868  -0.80403E+00  -0.14373E+00  -0.11384E+00   0.42302E+01   0.29295E+05
   98     1.3158   8.9469  -0.81644E+00  -0.14621E+00  -0.11632E+00   0.42258E+01   0.28972E+05
   99     1.3360   9.0065  -0.82891E+00  -0.14871E+00  -0.11882E+00   0.42214E+01   0.28604E+05
  100     1.3563   9.0653  -0.84146E+00  -0.15123E+00  -0.12134E+00   0.42171E+01   0.28263E+05
  101     1.3767   9.1236  -0.85408E+00  -0.15377E+00  -0.12388E+00   0.42130E+01   0.27918E+05
  102     1.3974   9.1812  -0.86676E+00  -0.15633E+00  -0.12643E+00   0.42088E+01   0.27574E+05
  103     1.4183   9.2382  -0.87962E+00  -0.15894E+00  -0.12904E+00   0.42049E+01   0.27224E+05
  104     1.4393   9.2945  -0.89244E+00  -0.16153E+00  -0.13164E+00   0.42009E+01   0.26880E+05
  105     1.4605   9.3503  -0.90531E+00  -0.16414E+00  -0.13424E+00   0.41970E+01   0.26536E+05
  106     1.4819   9.4054  -0.91833E+00  -0.16679E+00  -0.13689E+00   0.41932E+01   0.26189E+05
  107     1.5035   9.4600  -0.93140E+00  -0.16945E+00  -0.13956E+00   0.41895E+01   0.25845E+05
  108     1.5252   9.5139  -0.94455E+00  -0.17214E+00  -0.14225E+00   0.41858E+01   0.25472E+05
  109     1.5472   9.5673  -0.95778E+00  -0.17485E+00  -0.14495E+00   0.41823E+01   0.25148E+05
  110     1.5693   9.6200  -0.97107E+00  -0.17757E+00  -0.14768E+00   0.41788E+01   0.24798E+05
  111     1.5917   9.6722  -0.98444E+00  -0.18032E+00  -0.15043E+00   0.41753E+01   0.24452E+05
  112     1.6142   9.7238  -0.99787E+00  -0.18309E+00  -0.15320E+00   0.41720E+01   0.24105E+05
  113     1.6369   9.7748  -0.10114E+01  -0.18588E+00  -0.15598E+00   0.41687E+01   0.23760E+05
  114     1.6598   9.8252  -0.10250E+01  -0.18869E+00  -0.15879E+00   0.41655E+01   0.23415E+05
  115     1.6830   9.8751  -0.10386E+01  -0.19151E+00  -0.16162E+00   0.41623E+01   0.23073E+05
  116     1.7063   9.9244  -0.10523E+01  -0.19436E+00  -0.16447E+00   0.41592E+01   0.22732E+05
  117     1.7298   9.9731  -0.10661E+01  -0.19724E+00  -0.16734E+00   0.41561E+01   0.22394E+05
  118     1.7536  10.0213  -0.10800E+01  -0.20013E+00  -0.17023E+00   0.41532E+01   0.22056E+05
  119     1.7775  10.0689  -0.10940E+01  -0.20304E+00  -0.17315E+00   0.41502E+01   0.21719E+05
  120     1.8016  10.1160  -0.11080E+01  -0.20597E+00  -0.17608E+00   0.41474E+01   0.21382E+05
  121     1.8260  10.1626  -0.11221E+01  -0.20893E+00  -0.17904E+00   0.41446E+01   0.21046E+05
  122     1.8506  10.2086  -0.11362E+01  -0.21191E+00  -0.18201E+00   0.41418E+01   0.20711E+05
  123     1.8753  10.2541  -0.11505E+01  -0.21490E+00  -0.18501E+00   0.41391E+01   0.20378E+05
  124     1.9003  10.2990  -0.11648E+01  -0.21792E+00  -0.18803E+00   0.41365E+01   0.20047E+05
  125     1.9256  10.3434  -0.11791E+01  -0.22096E+00  -0.19106E+00   0.41339E+01   0.19719E+05
  126     1.9510  10.3873  -0.11936E+01  -0.22401E+00  -0.19412E+00   0.41314E+01   0.19393E+05
  127     1.9766  10.4307  -0.12081E+01  -0.22708E+00  -0.19719E+00   0.41289E+01   0.19071E+05
  128     2.0025  10.4736  -0.12226E+01  -0.23018E+00  -0.20028E+00   0.41265E+01   0.18752E+05
  129     2.0286  10.5160  -0.12373E+01  -0.23329E+00  -0.20340E+00   0.41241E+01   0.18435E+05
  130     2.0550  10.5579  -0.12520E+01  -0.23643E+00  -0.20654E+00   0.41217E+01   0.18121E+05
  131     2.0815  10.5993  -0.12668E+01  -0.23959E+00  -0.20970E+00   0.41195E+01   0.17809E+05
  132     2.1083  10.6402  -0.12816E+01  -0.24278E+00  -0.21288E+00   0.41172E+01   0.17499E+05
  133     2.1353  10.6806  -0.12966E+01  -0.24598E+00  -0.21609E+00   0.41150E+01   0.17192E+05
  134     2.1626  10.7205  -0.13116E+01  -0.24921E+00  -0.21932E+00   0.41128E+01   0.16885E+05
  135     2.1901  10.7600  -0.13266E+01  -0.25245E+00  -0.22256E+00   0.41107E+01   0.16580E+05
  136     2.2178  10.7990  -0.13418E+01  -0.25572E+00  -0.22582E+00   0.41087E+01   0.16276E+05
  137     2.2458  10.8375  -0.13570E+01  -0.25900E+00  -0.22911E+00   0.41066E+01   0.15976E+05
  138     2.2740  10.8756  -0.13723E+01  -0.26231E+00  -0.23241E+00   0.41046E+01   0.15681E+05
  139     2.3025  10.9132  -0.13876E+01  -0.26563E+00  -0.23573E+00   0.41027E+01   0.15389E+05
  140     2.3312  10.9504  -0.14030E+01  -0.26897E+00  -0.23908E+00   0.41008E+01   0.15103E+05
  141     2.3602  10.9871  -0.14184E+01  -0.27233E+00  -0.24244E+00   0.40989E+01   0.14819E+05
  142     2.3894  11.0234  -0.14340E+01  -0.27572E+00  -0.24583E+00   0.40971E+01   0.14537E+05
  143     2.4188  11.0592  -0.14496E+01  -0.27913E+00  -0.24924E+00   0.40953E+01   0.14260E+05
  144     2.4486  11.0946  -0.14653E+01  -0.28256E+00  -0.25267E+00   0.40935E+01   0.13985E+05
  145     2.4785  11.1296  -0.14810E+01  -0.28602E+00  -0.25612E+00   0.40918E+01   0.13714E+05
  146     2.5088  11.1641  -0.14969E+01  -0.28949E+00  -0.25960E+00   0.40901E+01   0.13444E+05
  147     2.5393  11.1982  -0.15128E+01  -0.29299E+00  -0.26309E+00   0.40884E+01   0.13177E+05
  148     2.5701  11.2320  -0.15287E+01  -0.29650E+00  -0.26661E+00   0.40868E+01   0.12912E+05
  149     2.6011  11.2653  -0.15448E+01  -0.30004E+00  -0.27014E+00   0.40852E+01   0.12650E+05
  150     2.6324  11.2982  -0.15609E+01  -0.30360E+00  -0.27370E+00   0.40836E+01   0.12392E+05
  151     2.6640  11.3306  -0.15770E+01  -0.30717E+00  -0.27728E+00   0.40821E+01   0.12138E+05
  152     2.6958  11.3627  -0.15932E+01  -0.31077E+00  -0.28088E+00   0.40806E+01   0.11888E+05
  153     2.7280  11.3944  -0.16095E+01  -0.31439E+00  -0.28449E+00   0.40791E+01   0.11636E+05
  154     2.7604  11.4258  -0.16259E+01  -0.31803E+00  -0.28813E+00   0.40777E+01   0.11392E+05
  155     2.7931  11.4567  -0.16423E+01  -0.32169E+00  -0.29179E+00   0.40763E+01   0.11153E+05
  156     2.8260  11.4872  -0.16588E+01  -0.32537E+00  -0.29548E+00   0.40749E+01   0.10919E+05
  157     2.8593  11.5174  -0.16754E+01  -0.32906E+00  -0.29917E+00   0.40735E+01   0.10687E+05
  158     2.8929  11.5472  -0.16920E+01  -0.33279E+00  -0.30289E+00   0.40722E+01   0.10457E+05
  159     2.9267  11.5766  -0.17087E+01  -0.33654E+00  -0.30664E+00   0.40708E+01   0.10231E+05
  160     2.9608  11.6057  -0.17255E+01  -0.34031E+00  -0.31042E+00   0.40696E+01   0.10006E+05
  161     2.9953  11.6344  -0.17424E+01  -0.34411E+00  -0.31421E+00   0.40683E+01   0.97893E+04
  162     3.0300  11.6628  -0.17593E+01  -0.34792E+00  -0.31803E+00   0.40671E+01   0.95716E+04
  163     3.0651  11.6908  -0.17763E+01  -0.35176E+00  -0.32186E+00   0.40659E+01   0.93567E+04
  164     3.1004  11.7184  -0.17933E+01  -0.35561E+00  -0.32572E+00   0.40647E+01   0.91448E+04
  165     3.1360  11.7458  -0.18104E+01  -0.35949E+00  -0.32959E+00   0.40635E+01   0.89376E+04
  166     3.1720  11.7727  -0.18276E+01  -0.36338E+00  -0.33349E+00   0.40624E+01   0.87341E+04
  167     3.2083  11.7994  -0.18449E+01  -0.36730E+00  -0.33741E+00   0.40613E+01   0.85334E+04
  168     3.2449  11.8257  -0.18622E+01  -0.37124E+00  -0.34135E+00   0.40602E+01   0.83368E+04
  169     3.2818  11.8517  -0.18796E+01  -0.37521E+00  -0.34532E+00   0.40591E+01   0.81431E+04
  170     3.3190  11.8773  -0.18970E+01  -0.37920E+00  -0.34930E+00   0.40580E+01   0.79521E+04
  171     3.3565  11.9026  -0.19146E+01  -0.38321E+00  -0.35331E+00   0.40570E+01   0.77651E+04
  172     3.3944  11.9277  -0.19322E+01  -0.38724E+00  -0.35734E+00   0.40560E+01   0.75808E+04
  173     3.4326  11.9524  -0.19498E+01  -0.39129E+00  -0.36140E+00   0.40550E+01   0.73992E+04
  174     3.4712  11.9768  -0.19676E+01  -0.39536E+00  -0.36547E+00   0.40540E+01   0.72208E+04
  175     3.5100  12.0009  -0.19854E+01  -0.39946E+00  -0.36957E+00   0.40531E+01   0.70460E+04
  176     3.5492  12.0246  -0.20033E+01  -0.40358E+00  -0.37369E+00   0.40521E+01   0.68750E+04
  177     3.5888  12.0481  -0.20212E+01  -0.40772E+00  -0.37783E+00   0.40512E+01   0.67072E+04
  178     3.6287  12.0713  -0.20392E+01  -0.41188E+00  -0.38199E+00   0.40503E+01   0.65421E+04
  179     3.6689  12.0942  -0.20573E+01  -0.41607E+00  -0.38617E+00   0.40494E+01   0.63800E+04
  180     3.7095  12.1169  -0.20755E+01  -0.42028E+00  -0.39039E+00   0.40485E+01   0.62206E+04
  181     3.7505  12.1392  -0.20937E+01  -0.42452E+00  -0.39462E+00   0.40477E+01   0.60639E+04
  182     3.7918  12.1612  -0.21120E+01  -0.42877E+00  -0.39888E+00   0.40468E+01   0.59104E+04
  183     3.8334  12.1830  -0.21304E+01  -0.43305E+00  -0.40316E+00   0.40460E+01   0.57595E+04
  184     3.8754  12.2045  -0.21488E+01  -0.43735E+00  -0.40745E+00   0.40452E+01   0.56120E+04
  185     3.9178  12.2257  -0.21674E+01  -0.44167E+00  -0.41177E+00   0.40444E+01   0.54673E+04
  186     3.9606  12.2467  -0.21859E+01  -0.44601E+00  -0.41612E+00   0.40436E+01   0.53258E+04
  187     4.0037  12.2674  -0.22046E+01  -0.45038E+00  -0.42049E+00   0.40429E+01   0.51875E+04
  188     4.0472  12.2878  -0.22233E+01  -0.45477E+00  -0.42488E+00   0.40421E+01   0.50520E+04
  189     4.0911  12.3080  -0.22421E+01  -0.45919E+00  -0.42930E+00   0.40414E+01   0.49190E+04
  190     4.1353  12.3279  -0.22610E+01  -0.46363E+00  -0.43374E+00   0.40407E+01   0.47887E+04
  191     4.1800  12.3476  -0.22800E+01  -0.46810E+00  -0.43820E+00   0.40400E+01   0.46603E+04
  192     4.2250  12.3670  -0.22990E+01  -0.47259E+00  -0.44269E+00   0.40393E+01   0.45344E+04
  193     4.2705  12.3862  -0.23181E+01  -0.47710E+00  -0.44720E+00   0.40386E+01   0.44116E+04
  194     4.3163  12.4051  -0.23372E+01  -0.48163E+00  -0.45173E+00   0.40379E+01   0.42913E+04
  195     4.3625  12.4238  -0.23565E+01  -0.48618E+00  -0.45629E+00   0.40373E+01   0.41739E+04
  196     4.4091  12.4423  -0.23758E+01  -0.49076E+00  -0.46087E+00   0.40367E+01   0.40591E+04
  197     4.4561  12.4605  -0.23951E+01  -0.49536E+00  -0.46547E+00   0.40360E+01   0.39472E+04
  198     4.5036  12.4785  -0.24146E+01  -0.50000E+00  -0.47010E+00   0.40354E+01   0.38376E+04
  199     4.5514  12.4962  -0.24341E+01  -0.50464E+00  -0.47475E+00   0.40348E+01   0.37307E+04
  200     4.5997  12.5138  -0.24537E+01  -0.50932E+00  -0.47943E+00   0.40342E+01   0.36258E+04
  201     4.6484  12.5311  -0.24734E+01  -0.51403E+00  -0.48413E+00   0.40336E+01   0.35229E+04
  202     4.6975  12.5482  -0.24932E+01  -0.51876E+00  -0.48886E+00   0.40331E+01   0.34228E+04
  203     4.7470  12.5650  -0.25130E+01  -0.52351E+00  -0.49361E+00   0.40325E+01   0.33244E+04
  204     4.7970  12.5817  -0.25329E+01  -0.52829E+00  -0.49839E+00   0.40319E+01   0.32280E+04
  205     4.8474  12.5981  -0.25529E+01  -0.53309E+00  -0.50319E+00   0.40314E+01   0.31338E+04
  206     4.8982  12.6144  -0.25729E+01  -0.53791E+00  -0.50802E+00   0.40309E+01   0.30420E+04
  207     4.9495  12.6304  -0.25931E+01  -0.54276E+00  -0.51286E+00   0.40303E+01   0.29529E+04
  208     5.0012  12.6462  -0.26133E+01  -0.54762E+00  -0.51773E+00   0.40298E+01   0.28660E+04
  209     5.0534  12.6619  -0.26335E+01  -0.55252E+00  -0.52262E+00   0.40293E+01   0.27818E+04
  210     5.1060  12.6773  -0.26539E+01  -0.55744E+00  -0.52755E+00   0.40288E+01   0.26996E+04
  211     5.1591  12.6925  -0.26743E+01  -0.56239E+00  -0.53250E+00   0.40283E+01   0.26189E+04
  212     5.2126  12.7076  -0.26949E+01  -0.56738E+00  -0.53748E+00   0.40279E+01   0.25401E+04
  213     5.2667  12.7224  -0.27155E+01  -0.57238E+00  -0.54249E+00   0.40274E+01   0.24632E+04
  214     5.3211  12.7371  -0.27362E+01  -0.57741E+00  -0.54752E+00   0.40269E+01   0.23874E+04
  215     5.3761  12.7515  -0.27569E+01  -0.58247E+00  -0.55257E+00   0.40265E+01   0.23137E+04
  216     5.4315  12.7658  -0.27777E+01  -0.58755E+00  -0.55765E+00   0.40261E+01   0.22419E+04
  217     5.4874  12.7799  -0.27986E+01  -0.59265E+00  -0.56275E+00   0.40256E+01   0.21723E+04
  218     5.5438  12.7938  -0.28196E+01  -0.59777E+00  -0.56788E+00   0.40252E+01   0.21046E+04
  219     5.6007  12.8076  -0.28407E+01  -0.60292E+00  -0.57303E+00   0.40248E+01   0.20388E+04
  220     5.6581  12.8211  -0.28618E+01  -0.60811E+00  -0.57821E+00   0.40244E+01   0.19747E+04
  221     5.7160  12.8345  -0.28830E+01  -0.61332E+00  -0.58343E+00   0.40240E+01   0.19123E+04
  222     5.7744  12.8477  -0.29043E+01  -0.61856E+00  -0.58866E+00   0.40236E+01   0.18512E+04
  223     5.8333  12.8608  -0.29257E+01  -0.62382E+00  -0.59393E+00   0.40232E+01   0.17918E+04
  224     5.8927  12.8737  -0.29472E+01  -0.62911E+00  -0.59921E+00   0.40228E+01   0.17340E+04
  225     5.9526  12.8864  -0.29687E+01  -0.63442E+00  -0.60453E+00   0.40224E+01   0.16779E+04
  226     6.0131  12.8990  -0.29904E+01  -0.63976E+00  -0.60987E+00   0.40220E+01   0.16233E+04
  227     6.0740  12.9114  -0.30121E+01  -0.64513E+00  -0.61524E+00   0.40217E+01   0.15702E+04
  228     6.1355  12.9236  -0.30339E+01  -0.65053E+00  -0.62064E+00   0.40213E+01   0.15184E+04
  229     6.1976  12.9357  -0.30558E+01  -0.65596E+00  -0.62607E+00   0.40210E+01   0.14679E+04
  230     6.2602  12.9476  -0.30777E+01  -0.66142E+00  -0.63152E+00   0.40206E+01   0.14191E+04
  231     6.3233  12.9594  -0.30998E+01  -0.66689E+00  -0.63700E+00   0.40203E+01   0.13714E+04
  232     6.3869  12.9710  -0.31219E+01  -0.67240E+00  -0.64251E+00   0.40200E+01   0.13253E+04
  233     6.4512  12.9825  -0.31441E+01  -0.67794E+00  -0.64804E+00   0.40197E+01   0.12804E+04
  234     6.5159  12.9938  -0.31664E+01  -0.68350E+00  -0.65360E+00   0.40193E+01   0.12370E+04
  235     6.5813  13.0050  -0.31888E+01  -0.68909E+00  -0.65920E+00   0.40190E+01   0.11949E+04
  236     6.6472  13.0160  -0.32113E+01  -0.69471E+00  -0.66482E+00   0.40187E+01   0.11536E+04
  237     6.7137  13.0269  -0.32339E+01  -0.70037E+00  -0.67047E+00   0.40184E+01   0.11138E+04
  238     6.7807  13.0377  -0.32565E+01  -0.70605E+00  -0.67615E+00   0.40181E+01   0.10749E+04
  239     6.8484  13.0483  -0.32792E+01  -0.71175E+00  -0.68186E+00   0.40178E+01   0.10372E+04
  240     6.9166  13.0588  -0.33021E+01  -0.71749E+00  -0.68759E+00   0.40175E+01   0.10007E+04
  241     6.9854  13.0691  -0.33250E+01  -0.72325E+00  -0.69336E+00   0.40173E+01   0.96531E+03
  242     7.0549  13.0794  -0.33480E+01  -0.72904E+00  -0.69915E+00   0.40170E+01   0.93093E+03
  243     7.1249  13.0894  -0.33710E+01  -0.73487E+00  -0.70497E+00   0.40167E+01   0.89783E+03
  244     7.1955  13.0994  -0.33942E+01  -0.74072E+00  -0.71083E+00   0.40164E+01   0.86577E+03
  245     7.2668  13.1092  -0.34175E+01  -0.74660E+00  -0.71671E+00   0.40162E+01   0.83448E+03
  246     7.3387  13.1189  -0.34408E+01  -0.75252E+00  -0.72262E+00   0.40159E+01   0.80419E+03
  247     7.4112  13.1285  -0.34643E+01  -0.75847E+00  -0.72857E+00   0.40157E+01   0.77478E+03
  248     7.4843  13.1380  -0.34878E+01  -0.76444E+00  -0.73455E+00   0.40154E+01   0.74614E+03
  249     7.5580  13.1473  -0.35115E+01  -0.77045E+00  -0.74055E+00   0.40152E+01   0.71862E+03
  250     7.6324  13.1565  -0.35352E+01  -0.77647E+00  -0.74658E+00   0.40149E+01   0.69189E+03
  251     7.7075  13.1656  -0.35590E+01  -0.78253E+00  -0.75264E+00   0.40147E+01   0.66612E+03
  252     7.7832  13.1746  -0.35829E+01  -0.78863E+00  -0.75874E+00   0.40145E+01   0.64114E+03
  253     7.8596  13.1834  -0.36069E+01  -0.79476E+00  -0.76486E+00   0.40142E+01   0.61709E+03
  254     7.9366  13.1922  -0.36310E+01  -0.80092E+00  -0.77102E+00   0.40140E+01   0.59384E+03
  255     8.0143  13.2008  -0.36552E+01  -0.80711E+00  -0.77721E+00   0.40138E+01   0.57118E+03
  256     8.0926  13.2093  -0.36794E+01  -0.81332E+00  -0.78343E+00   0.40136E+01   0.54921E+03
  257     8.1717  13.2178  -0.37038E+01  -0.81958E+00  -0.78969E+00   0.40134E+01   0.52799E+03
  258     8.2514  13.2261  -0.37283E+01  -0.82587E+00  -0.79597E+00   0.40132E+01   0.50750E+03
  259     8.3319  13.2343  -0.37529E+01  -0.83217E+00  -0.80228E+00   0.40130E+01   0.48780E+03
  260     8.4130  13.2424  -0.37775E+01  -0.83852E+00  -0.80863E+00   0.40128E+01   0.46870E+03
  261     8.4948  13.2503  -0.38023E+01  -0.84490E+00  -0.81501E+00   0.40126E+01   0.45032E+03
  262     8.5774  13.2582  -0.38272E+01  -0.85132E+00  -0.82142E+00   0.40124E+01   0.43248E+03
  263     8.6606  13.2660  -0.38521E+01  -0.85776E+00  -0.82787E+00   0.40122E+01   0.41524E+03
  264     8.7446  13.2737  -0.38772E+01  -0.86424E+00  -0.83434E+00   0.40120E+01   0.39865E+03
  265     8.8293  13.2813  -0.39023E+01  -0.87075E+00  -0.84085E+00   0.40118E+01   0.38263E+03
  266     8.9148  13.2888  -0.39276E+01  -0.87729E+00  -0.84739E+00   0.40116E+01   0.36721E+03
  267     9.0010  13.2962  -0.39529E+01  -0.88387E+00  -0.85397E+00   0.40114E+01   0.35230E+03
  268     9.0879  13.3035  -0.39784E+01  -0.89048E+00  -0.86059E+00   0.40113E+01   0.33795E+03
  269     9.1756  13.3107  -0.40040E+01  -0.89713E+00  -0.86723E+00   0.40111E+01   0.32402E+03
  270     9.2641  13.3178  -0.40296E+01  -0.90381E+00  -0.87391E+00   0.40109E+01   0.31065E+03
  271     9.3534  13.3248  -0.40554E+01  -0.91052E+00  -0.88062E+00   0.40108E+01   0.29773E+03
  272     9.4434  13.3317  -0.40812E+01  -0.91726E+00  -0.88737E+00   0.40106E+01   0.28535E+03
  273     9.5342  13.3386  -0.41072E+01  -0.92404E+00  -0.89415E+00   0.40104E+01   0.27340E+03
  274     9.6257  13.3453  -0.41333E+01  -0.93086E+00  -0.90097E+00   0.40103E+01   0.26122E+03
  275     9.7181  13.3520  -0.41595E+01  -0.93772E+00  -0.90783E+00   0.40101E+01   0.25074E+03
  276     9.8113  13.3586  -0.41858E+01  -0.94462E+00  -0.91472E+00   0.40100E+01   0.24002E+03
  277     9.9053  13.3651  -0.42122E+01  -0.95153E+00  -0.92164E+00   0.40098E+01   0.22975E+03
  278    10.0001  13.3715  -0.42387E+01  -0.95849E+00  -0.92859E+00   0.40097E+01   0.21979E+03
  279    10.0957  13.3778  -0.42653E+01  -0.96547E+00  -0.93558E+00   0.40095E+01   0.21082E+03
  280    10.1922  13.3841  -0.42920E+01  -0.97250E+00  -0.94261E+00   0.40094E+01   0.20120E+03
  281    10.2895  13.3902  -0.43188E+01  -0.97956E+00  -0.94967E+00   0.40092E+01   0.19240E+03
  282    10.3877  13.3963  -0.43457E+01  -0.98667E+00  -0.95677E+00   0.40091E+01   0.18394E+03
  283    10.4867  13.4023  -0.43728E+01  -0.99380E+00  -0.96391E+00   0.40090E+01   0.17582E+03
  284    10.5865  13.4083  -0.43999E+01  -0.10010E+01  -0.97109E+00   0.40088E+01   0.16799E+03
  285    10.6873  13.4141  -0.44272E+01  -0.10082E+01  -0.97830E+00   0.40087E+01   0.16047E+03
  286    10.7889  13.4199  -0.44546E+01  -0.10154E+01  -0.98555E+00   0.40086E+01   0.15323E+03
  287    10.8914  13.4256  -0.44821E+01  -0.10227E+01  -0.99283E+00   0.40084E+01   0.14630E+03
  288    10.9947  13.4312  -0.45096E+01  -0.10300E+01  -0.10002E+01   0.40083E+01   0.13968E+03
  289    11.0990  13.4368  -0.45374E+01  -0.10374E+01  -0.10075E+01   0.40082E+01   0.13331E+03
  290    11.2042  13.4423  -0.45652E+01  -0.10448E+01  -0.10149E+01   0.40081E+01   0.12719E+03
  291    11.3103  13.4477  -0.45931E+01  -0.10522E+01  -0.10224E+01   0.40080E+01   0.12131E+03
  292    11.4173  13.4530  -0.46212E+01  -0.10597E+01  -0.10298E+01   0.40078E+01   0.11568E+03
  293    11.5253  13.4583  -0.46494E+01  -0.10672E+01  -0.10373E+01   0.40077E+01   0.11029E+03
  294    11.6342  13.4635  -0.46777E+01  -0.10748E+01  -0.10449E+01   0.40076E+01   0.10511E+03
  295    11.7440  13.4687  -0.47061E+01  -0.10824E+01  -0.10525E+01   0.40075E+01   0.10016E+03
  296    11.8548  13.4738  -0.47346E+01  -0.10900E+01  -0.10601E+01   0.40074E+01   0.95383E+02
  297    11.9666  13.4788  -0.47632E+01  -0.10977E+01  -0.10678E+01   0.40073E+01   0.90857E+02
  298    12.0793  13.4837  -0.47920E+01  -0.11054E+01  -0.10755E+01   0.40072E+01   0.86510E+02
  299    12.1930  13.4886  -0.48209E+01  -0.11131E+01  -0.10833E+01   0.40071E+01   0.82357E+02
  300    12.3077  13.4934  -0.48499E+01  -0.11209E+01  -0.10910E+01   0.40070E+01   0.78340E+02
  301    12.4234  13.4982  -0.48790E+01  -0.11288E+01  -0.10989E+01   0.40069E+01   0.74538E+02
  302    12.5401  13.5029  -0.49083E+01  -0.11366E+01  -0.11068E+01   0.40068E+01   0.70893E+02
  303    12.6578  13.5075  -0.49376E+01  -0.11446E+01  -0.11147E+01   0.40067E+01   0.67398E+02
  304    12.7766  13.5121  -0.49672E+01  -0.11525E+01  -0.11226E+01   0.40066E+01   0.64050E+02
  305    12.8963  13.5166  -0.49968E+01  -0.11605E+01  -0.11306E+01   0.40065E+01   0.60881E+02
  306    13.0172  13.5211  -0.50265E+01  -0.11685E+01  -0.11387E+01   0.40064E+01   0.57839E+02
  307    13.1390  13.5255  -0.50564E+01  -0.11766E+01  -0.11467E+01   0.40063E+01   0.54928E+02
  308    13.2619  13.5298  -0.50864E+01  -0.11847E+01  -0.11549E+01   0.40062E+01   0.52152E+02
  309    13.3859  13.5341  -0.51165E+01  -0.11929E+01  -0.11630E+01   0.40061E+01   0.49500E+02
  310    13.5110  13.5383  -0.51468E+01  -0.12011E+01  -0.11712E+01   0.40061E+01   0.46969E+02
  311    13.6372  13.5425  -0.51772E+01  -0.12094E+01  -0.11795E+01   0.40060E+01   0.44546E+02
  312    13.7644  13.5466  -0.52077E+01  -0.12177E+01  -0.11878E+01   0.40059E+01   0.42257E+02
  313    13.8928  13.5507  -0.52383E+01  -0.12260E+01  -0.11961E+01   0.40058E+01   0.40060E+02
  314    14.0223  13.5547  -0.52691E+01  -0.12344E+01  -0.12045E+01   0.40057E+01   0.37969E+02
  315    14.1529  13.5587  -0.53000E+01  -0.12428E+01  -0.12129E+01   0.40056E+01   0.35976E+02
  316    14.2846  13.5626  -0.53310E+01  -0.12513E+01  -0.12214E+01   0.40056E+01   0.34088E+02
  317    14.4175  13.5665  -0.53622E+01  -0.12598E+01  -0.12299E+01   0.40055E+01   0.32267E+02
  318    14.5515  13.5703  -0.53935E+01  -0.12684E+01  -0.12385E+01   0.40054E+01   0.30548E+02
  319    14.6867  13.5741  -0.54250E+01  -0.12770E+01  -0.12471E+01   0.40053E+01   0.28918E+02
  320    14.8231  13.5778  -0.54566E+01  -0.12856E+01  -0.12557E+01   0.40053E+01   0.27352E+02
  321    14.9607  13.5815  -0.54883E+01  -0.12943E+01  -0.12644E+01   0.40052E+01   0.25868E+02
  322    15.0994  13.5851  -0.55201E+01  -0.13030E+01  -0.12731E+01   0.40051E+01   0.24457E+02
  323    15.2394  13.5887  -0.55521E+01  -0.13118E+01  -0.12819E+01   0.40050E+01   0.23115E+02
  324    15.3806  13.5922  -0.55843E+01  -0.13207E+01  -0.12908E+01   0.40050E+01   0.21844E+02
  325    15.5230  13.5957  -0.56165E+01  -0.13295E+01  -0.12996E+01   0.40049E+01   0.20637E+02
  326    15.6666  13.5991  -0.56489E+01  -0.13385E+01  -0.13086E+01   0.40048E+01   0.19482E+02
  327    15.8115  13.6025  -0.56815E+01  -0.13474E+01  -0.13175E+01   0.40048E+01   0.18393E+02
  328    15.9577  13.6059  -0.57142E+01  -0.13565E+01  -0.13266E+01   0.40047E+01   0.17362E+02
  329    16.1051  13.6092  -0.57470E+01  -0.13655E+01  -0.13356E+01   0.40047E+01   0.16378E+02
  330    16.2538  13.6124  -0.57800E+01  -0.13746E+01  -0.13448E+01   0.40046E+01   0.15446E+02
  331    16.4038  13.6157  -0.58132E+01  -0.13838E+01  -0.13539E+01   0.40045E+01   0.14565E+02
  332    16.5551  13.6188  -0.58465E+01  -0.13930E+01  -0.13631E+01   0.40045E+01   0.13727E+02
  333    16.7078  13.6220  -0.58799E+01  -0.14023E+01  -0.13724E+01   0.40044E+01   0.12925E+02
  334    16.8617  13.6251  -0.59135E+01  -0.14116E+01  -0.13817E+01   0.40043E+01   0.12176E+02
  335    17.0170  13.6281  -0.59472E+01  -0.14210E+01  -0.13911E+01   0.40043E+01   0.11468E+02
  336    17.1736  13.6312  -0.59810E+01  -0.14304E+01  -0.14005E+01   0.40042E+01   0.10790E+02
  337    17.3316  13.6342  -0.60151E+01  -0.14398E+01  -0.14099E+01   0.40042E+01   0.10156E+02
  338    17.4910  13.6371  -0.60492E+01  -0.14494E+01  -0.14195E+01   0.40041E+01   0.95494E+01
  339    17.6518  13.6400  -0.60836E+01  -0.14589E+01  -0.14290E+01   0.40041E+01   0.89770E+01
  340    17.8139  13.6429  -0.61180E+01  -0.14685E+01  -0.14386E+01   0.40040E+01   0.84391E+01
  341    17.9775  13.6457  -0.61527E+01  -0.14782E+01  -0.14483E+01   0.40040E+01   0.79345E+01
  342    18.1425  13.6485  -0.61875E+01  -0.14879E+01  -0.14580E+01   0.40039E+01   0.74513E+01
  343    18.3089  13.6513  -0.62225E+01  -0.14977E+01  -0.14678E+01   0.40039E+01   0.69916E+01
  344    18.4768  13.6540  -0.62575E+01  -0.15075E+01  -0.14776E+01   0.40038E+01   0.65649E+01
  345    18.6461  13.6567  -0.62928E+01  -0.15174E+01  -0.14875E+01   0.40038E+01   0.61575E+01
  346    18.8169  13.6593  -0.63282E+01  -0.15273E+01  -0.14974E+01   0.40037E+01   0.57779E+01
  347    18.9892  13.6619  -0.63638E+01  -0.15373E+01  -0.15074E+01   0.40037E+01   0.54191E+01
  348    19.1630  13.6645  -0.63995E+01  -0.15473E+01  -0.15174E+01   0.40036E+01   0.50763E+01
  349    19.3383  13.6671  -0.64355E+01  -0.15574E+01  -0.15275E+01   0.40036E+01   0.47557E+01
  350    19.5151  13.6696  -0.64715E+01  -0.15676E+01  -0.15377E+01   0.40035E+01   0.44565E+01
  351    19.6934  13.6721  -0.65077E+01  -0.15778E+01  -0.15479E+01   0.40035E+01   0.41713E+01
  352    19.8734  13.6745  -0.65442E+01  -0.15880E+01  -0.15581E+01   0.40034E+01   0.39029E+01
  353    20.0548  13.6770  -0.65807E+01  -0.15983E+01  -0.15684E+01   0.40034E+01   0.36528E+01
  354    20.2379  13.6794  -0.66174E+01  -0.16087E+01  -0.15788E+01   0.40034E+01   0.34140E+01
  355    20.4225  13.6817  -0.66543E+01  -0.16191E+01  -0.15892E+01   0.40033E+01   0.31924E+01
  356    20.6088  13.6840  -0.66914E+01  -0.16296E+01  -0.15997E+01   0.40033E+01   0.29842E+01
  357    20.7966  13.6863  -0.67286E+01  -0.16401E+01  -0.16102E+01   0.40032E+01   0.27864E+01
  358    20.9861  13.6886  -0.67661E+01  -0.16507E+01  -0.16208E+01   0.40032E+01   0.26015E+01
  359    21.1773  13.6909  -0.68036E+01  -0.16613E+01  -0.16314E+01   0.40032E+01   0.24282E+01
  360    21.3701  13.6931  -0.68413E+01  -0.16721E+01  -0.16422E+01   0.40031E+01   0.22650E+01
  361    21.5646  13.6953  -0.68793E+01  -0.16828E+01  -0.16529E+01   0.40031E+01   0.21128E+01
  362    21.7607  13.6974  -0.69174E+01  -0.16936E+01  -0.16637E+01   0.40030E+01   0.19705E+01
  363    21.9586  13.6995  -0.69556E+01  -0.17045E+01  -0.16746E+01   0.40030E+01   0.18354E+01
  364    22.1582  13.7016  -0.69941E+01  -0.17155E+01  -0.16856E+01   0.40030E+01   0.17091E+01
  365    22.3596  13.7037  -0.70327E+01  -0.17264E+01  -0.16966E+01   0.40029E+01   0.15937E+01
  366    22.5626  13.7058  -0.70715E+01  -0.17375E+01  -0.17076E+01   0.40029E+01   0.14824E+01
  367    22.7675  13.7078  -0.71105E+01  -0.17487E+01  -0.17188E+01   0.40000E+01   0.13786E+01
  368    22.9741  13.7098  -0.71497E+01  -0.17598E+01  -0.17299E+01   0.40000E+01   0.12826E+01
  369    23.1825  13.7117  -0.71890E+01  -0.17711E+01  -0.17412E+01   0.40000E+01   0.11930E+01
  370    23.3928  13.7137  -0.72286E+01  -0.17824E+01  -0.17525E+01   0.40000E+01   0.11075E+01
  371    23.6049  13.7156  -0.72683E+01  -0.17937E+01  -0.17639E+01   0.40000E+01   0.10293E+01
  372    23.8188  13.7175  -0.73082E+01  -0.18051E+01  -0.17753E+01   0.40000E+01   0.95409E+00
  373    24.0345  13.7194  -0.73483E+01  -0.18166E+01  -0.17867E+01   0.40000E+01   0.88633E+00
  374    24.2522  13.7212  -0.73886E+01  -0.18282E+01  -0.17983E+01   0.40000E+01   0.82161E+00
  375    24.4717  13.7230  -0.74290E+01  -0.18398E+01  -0.18099E+01   0.40000E+01   0.76329E+00
  376    24.6932  13.7248  -0.74697E+01  -0.18515E+01  -0.18216E+01   0.40000E+01   0.70670E+00
  377    24.9166  13.7266  -0.75105E+01  -0.18632E+01  -0.18333E+01   0.40000E+01   0.65468E+00
  378    25.1419  13.7284  -0.75515E+01  -0.18750E+01  -0.18451E+01   0.40000E+01   0.60555E+00
  379    25.3691  13.7301  -0.75927E+01  -0.18868E+01  -0.18569E+01   0.40000E+01   0.56154E+00
  380    25.5984  13.7318  -0.76343E+01  -0.18988E+01  -0.18689E+01   0.40000E+01   0.51910E+00
  381    25.8296  13.7335  -0.76758E+01  -0.19108E+01  -0.18809E+01   0.40000E+01   0.47992E+00
  382    26.0629  13.7351  -0.77176E+01  -0.19228E+01  -0.18929E+01   0.40000E+01   0.44388E+00
  383    26.2982  13.7368  -0.77596E+01  -0.19349E+01  -0.19051E+01   0.40000E+01   0.41019E+00
  384    26.5355  13.7384  -0.78019E+01  -0.19472E+01  -0.19173E+01   0.40000E+01   0.37878E+00
  385    26.7749  13.7400  -0.78443E+01  -0.19594E+01  -0.19295E+01   0.40000E+01   0.34949E+00
  386    27.0164  13.7416  -0.78868E+01  -0.19717E+01  -0.19418E+01   0.40000E+01   0.32244E+00
  387    27.2599  13.7431  -0.79296E+01  -0.19841E+01  -0.19542E+01   0.40000E+01   0.29765E+00
  388    27.5056  13.7447  -0.79726E+01  -0.19966E+01  -0.19667E+01   0.40000E+01   0.27430E+00
  389    27.7534  13.7462  -0.80158E+01  -0.20091E+01  -0.19792E+01   0.40000E+01   0.25267E+00
  390    28.0034  13.7477  -0.80592E+01  -0.20217E+01  -0.19918E+01   0.40000E+01   0.23272E+00
  391    28.2556  13.7492  -0.81029E+01  -0.20343E+01  -0.20045E+01   0.40000E+01   0.21436E+00
  392    28.5099  13.7506  -0.81466E+01  -0.20470E+01  -0.20171E+01   0.40000E+01   0.19726E+00
  393    28.7665  13.7521  -0.81906E+01  -0.20598E+01  -0.20299E+01   0.40000E+01   0.18131E+00
  394    29.0253  13.7535  -0.82348E+01  -0.20727E+01  -0.20428E+01   0.40000E+01   0.16661E+00
  395    29.2863  13.7549  -0.82793E+01  -0.20856E+01  -0.20557E+01   0.40000E+01   0.15314E+00
  396    29.5496  13.7563  -0.83239E+01  -0.20986E+01  -0.20687E+01   0.40000E+01   0.14069E+00
  397    29.8152  13.7577  -0.83687E+01  -0.21117E+01  -0.20818E+01   0.40000E+01   0.12911E+00
  398    30.0831  13.7590  -0.84137E+01  -0.21248E+01  -0.20949E+01   0.40000E+01   0.11848E+00
  399    30.3534  13.7604  -0.84590E+01  -0.21380E+01  -0.21081E+01   0.40000E+01   0.10857E+00
  400    30.6259  13.7617  -0.85044E+01  -0.21512E+01  -0.21214E+01   0.40000E+01   0.99595E-01
