    1     0.0001   0.0014  -0.30518E-04  -0.16049E-05   0.29089E-01   0.52448E+01   0.22841E+05
    2     0.0088   0.1221  -0.38416E-02  -0.48110E-03   0.28610E-01   0.52237E+01   0.33659E+05
    3     0.0176   0.2423  -0.80149E-02  -0.10581E-02   0.28033E-01   0.52036E+01   0.35276E+05
    4     0.0264   0.3621  -0.12386E-01  -0.16835E-02   0.27407E-01   0.51842E+01   0.36365E+05
    5     0.0353   0.4814  -0.16903E-01  -0.23421E-02   0.26749E-01   0.51651E+01   0.37282E+05
    6     0.0443   0.6003  -0.21554E-01  -0.30312E-02   0.26060E-01   0.51464E+01   0.38040E+05
    7     0.0534   0.7188  -0.26323E-01  -0.37454E-02   0.25346E-01   0.51280E+01   0.38680E+05
    8     0.0626   0.8368  -0.31202E-01  -0.44823E-02   0.24609E-01   0.51100E+01   0.39258E+05
    9     0.0718   0.9543  -0.36185E-01  -0.52408E-02   0.23850E-01   0.50922E+01   0.39801E+05
   10     0.0811   1.0713  -0.41271E-01  -0.60205E-02   0.23070E-01   0.50746E+01   0.40290E+05
   11     0.0905   1.1879  -0.46464E-01  -0.68225E-02   0.22268E-01   0.50573E+01   0.40758E+05
   12     0.1000   1.3039  -0.51740E-01  -0.76398E-02   0.21451E-01   0.50403E+01   0.41172E+05
   13     0.1096   1.4195  -0.57113E-01  -0.84770E-02   0.20614E-01   0.50234E+01   0.41573E+05
   14     0.1192   1.5346  -0.62578E-01  -0.93323E-02   0.19759E-01   0.50068E+01   0.41954E+05
   15     0.1290   1.6491  -0.68137E-01  -0.10207E-01   0.18884E-01   0.49904E+01   0.42301E+05
   16     0.1388   1.7632  -0.73788E-01  -0.11099E-01   0.17992E-01   0.49742E+01   0.42644E+05
   17     0.1487   1.8767  -0.79529E-01  -0.12010E-01   0.17081E-01   0.49583E+01   0.42953E+05
   18     0.1587   1.9897  -0.85360E-01  -0.12939E-01   0.16152E-01   0.49425E+01   0.43258E+05
   19     0.1687   2.1021  -0.91281E-01  -0.13886E-01   0.15205E-01   0.49269E+01   0.43541E+05
   20     0.1789   2.2140  -0.97292E-01  -0.14851E-01   0.14240E-01   0.49116E+01   0.43800E+05
   21     0.1891   2.3254  -0.10339E+00  -0.15835E-01   0.13256E-01   0.48964E+01   0.44055E+05
   22     0.1995   2.4362  -0.10958E+00  -0.16835E-01   0.12256E-01   0.48814E+01   0.44285E+05
   23     0.2099   2.5465  -0.11585E+00  -0.17854E-01   0.11237E-01   0.48666E+01   0.44504E+05
   24     0.2204   2.6562  -0.12221E+00  -0.18891E-01   0.10200E-01   0.48520E+01   0.44708E+05
   25     0.2310   2.7653  -0.12866E+00  -0.19945E-01   0.91461E-02   0.48377E+01   0.44899E+05
   26     0.2417   2.8738  -0.13520E+00  -0.21017E-01   0.80736E-02   0.48234E+01   0.45079E+05
   27     0.2525   2.9818  -0.14182E+00  -0.22108E-01   0.69833E-02   0.48094E+01   0.45238E+05
   28     0.2634   3.0892  -0.14853E+00  -0.23216E-01   0.58749E-02   0.47956E+01   0.45390E+05
   29     0.2744   3.1959  -0.15532E+00  -0.24343E-01   0.47482E-02   0.47819E+01   0.45529E+05
   30     0.2855   3.3021  -0.16221E+00  -0.25487E-01   0.36036E-02   0.47685E+01   0.45655E+05
   31     0.2967   3.4077  -0.16918E+00  -0.26651E-01   0.24402E-02   0.47552E+01   0.45764E+05
   32     0.3079   3.5127  -0.17623E+00  -0.27832E-01   0.12587E-02   0.47421E+01   0.45863E+05
   33     0.3193   3.6170  -0.18334E+00  -0.29021E-01   0.69944E-04   0.47291E+01   0.45958E+05
   34     0.3308   3.7207  -0.19057E+00  -0.30240E-01  -0.11487E-02   0.47164E+01   0.46033E+05
   35     0.3423   3.8238  -0.19788E+00  -0.31477E-01  -0.23865E-02   0.47038E+01   0.46087E+05
   36     0.3540   3.9263  -0.20529E+00  -0.32734E-01  -0.36434E-02   0.46914E+01   0.46143E+05
   37     0.3658   4.0281  -0.21278E+00  -0.34010E-01  -0.49192E-02   0.46792E+01   0.46183E+05
   38     0.3777   4.1293  -0.22036E+00  -0.35306E-01  -0.62147E-02   0.46672E+01   0.46213E+05
   39     0.3896   4.2299  -0.22803E+00  -0.36620E-01  -0.75289E-02   0.46554E+01   0.46234E+05
   40     0.4017   4.3298  -0.23578E+00  -0.37954E-01  -0.88627E-02   0.46437E+01   0.46244E+05
   41     0.4139   4.4291  -0.24362E+00  -0.39306E-01  -0.10215E-01   0.46322E+01   0.46245E+05
   42     0.4262   4.5276  -0.25154E+00  -0.40678E-01  -0.11587E-01   0.46209E+01   0.46238E+05
   43     0.4386   4.6256  -0.25956E+00  -0.42070E-01  -0.12979E-01   0.46097E+01   0.46212E+05
   44     0.4511   4.7229  -0.26766E+00  -0.43481E-01  -0.14391E-01   0.45987E+01   0.46177E+05
   45     0.4637   4.8195  -0.27585E+00  -0.44914E-01  -0.15823E-01   0.45879E+01   0.46133E+05
   46     0.4764   4.9154  -0.28413E+00  -0.46367E-01  -0.17276E-01   0.45773E+01   0.46076E+05
   47     0.4893   5.0106  -0.29250E+00  -0.47841E-01  -0.18750E-01   0.45668E+01   0.46007E+05
   48     0.5022   5.1052  -0.30096E+00  -0.49337E-01  -0.20246E-01   0.45565E+01   0.45924E+05
   49     0.5153   5.1991  -0.30952E+00  -0.50853E-01  -0.21763E-01   0.45464E+01   0.45828E+05
   50     0.5285   5.2923  -0.31816E+00  -0.52392E-01  -0.23301E-01   0.45364E+01   0.45727E+05
   51     0.5417   5.3849  -0.32689E+00  -0.53949E-01  -0.24858E-01   0.45266E+01   0.45605E+05
   52     0.5552   5.4767  -0.33570E+00  -0.55527E-01  -0.26436E-01   0.45170E+01   0.45475E+05
   53     0.5687   5.5679  -0.34460E+00  -0.57125E-01  -0.28034E-01   0.45075E+01   0.45340E+05
   54     0.5823   5.6583  -0.35358E+00  -0.58742E-01  -0.29652E-01   0.44981E+01   0.45184E+05
   55     0.5961   5.7481  -0.36265E+00  -0.60380E-01  -0.31289E-01   0.44889E+01   0.45024E+05
   56     0.6099   5.8371  -0.37180E+00  -0.62036E-01  -0.32945E-01   0.44798E+01   0.44856E+05
   57     0.6239   5.9255  -0.38103E+00  -0.63712E-01  -0.34621E-01   0.44709E+01   0.44677E+05
   58     0.6381   6.0132  -0.39034E+00  -0.65407E-01  -0.36316E-01   0.44621E+01   0.44491E+05
   59     0.6523   6.1001  -0.39973E+00  -0.67122E-01  -0.38031E-01   0.44535E+01   0.44298E+05
   60     0.6667   6.1864  -0.40921E+00  -0.68856E-01  -0.39765E-01   0.44450E+01   0.44095E+05
   61     0.6812   6.2719  -0.41877E+00  -0.70611E-01  -0.41521E-01   0.44366E+01   0.43889E+05
   62     0.6958   6.3568  -0.42842E+00  -0.72388E-01  -0.43297E-01   0.44284E+01   0.43672E+05
   63     0.7105   6.4409  -0.43816E+00  -0.74187E-01  -0.45096E-01   0.44204E+01   0.43454E+05
   64     0.7254   6.5244  -0.44799E+00  -0.76007E-01  -0.46916E-01   0.44125E+01   0.43223E+05
   65     0.7404   6.6071  -0.45790E+00  -0.77849E-01  -0.48758E-01   0.44047E+01   0.42991E+05
   66     0.7555   6.6891  -0.46790E+00  -0.79713E-01  -0.50622E-01   0.43971E+01   0.42750E+05
   67     0.7708   6.7704  -0.47799E+00  -0.81599E-01  -0.52508E-01   0.43896E+01   0.42500E+05
   68     0.7862   6.8511  -0.48817E+00  -0.83507E-01  -0.54416E-01   0.43823E+01   0.42242E+05
   69     0.8017   6.9310  -0.49843E+00  -0.85436E-01  -0.56346E-01   0.43751E+01   0.41973E+05
   70     0.8174   7.0102  -0.50878E+00  -0.87387E-01  -0.58297E-01   0.43680E+01   0.41694E+05
   71     0.8332   7.0886  -0.51921E+00  -0.89360E-01  -0.60269E-01   0.43610E+01   0.41407E+05
   72     0.8491   7.1664  -0.52973E+00  -0.91355E-01  -0.62264E-01   0.43542E+01   0.41109E+05
   73     0.8652   7.2435  -0.54033E+00  -0.93371E-01  -0.64280E-01   0.43475E+01   0.40805E+05
   74     0.8814   7.3199  -0.55102E+00  -0.95407E-01  -0.66316E-01   0.43409E+01   0.40492E+05
   75     0.8977   7.3956  -0.56178E+00  -0.97462E-01  -0.68371E-01   0.43344E+01   0.40173E+05
   76     0.9142   7.4705  -0.57261E+00  -0.99537E-01  -0.70446E-01   0.43281E+01   0.39849E+05
   77     0.9309   7.5448  -0.58352E+00  -0.10163E+00  -0.72540E-01   0.43218E+01   0.39519E+05
   78     0.9477   7.6184  -0.59452E+00  -0.10374E+00  -0.74653E-01   0.43157E+01   0.39184E+05
   79     0.9646   7.6913  -0.60558E+00  -0.10588E+00  -0.76786E-01   0.43097E+01   0.38844E+05
   80     0.9817   7.7635  -0.61673E+00  -0.10803E+00  -0.78941E-01   0.43038E+01   0.38501E+05
   81     0.9989   7.8350  -0.62796E+00  -0.11021E+00  -0.81115E-01   0.42980E+01   0.38158E+05
   82     1.0163   7.9058  -0.63927E+00  -0.11240E+00  -0.83311E-01   0.42923E+01   0.37812E+05
   83     1.0338   7.9759  -0.65066E+00  -0.11462E+00  -0.85529E-01   0.42867E+01   0.37462E+05
   84     1.0515   8.0453  -0.66214E+00  -0.11686E+00  -0.87767E-01   0.42812E+01   0.37110E+05
   85     1.0693   8.1141  -0.67369E+00  -0.11912E+00  -0.90028E-01   0.42758E+01   0.36757E+05
   86     1.0873   8.1821  -0.68532E+00  -0.12140E+00  -0.92309E-01   0.42706E+01   0.36400E+05
   87     1.1055   8.2495  -0.69704E+00  -0.12370E+00  -0.94611E-01   0.42654E+01   0.36041E+05
   88     1.1238   8.3162  -0.70883E+00  -0.12603E+00  -0.96935E-01   0.42603E+01   0.35678E+05
   89     1.1423   8.3823  -0.72071E+00  -0.12837E+00  -0.99281E-01   0.42554E+01   0.35304E+05
   90     1.1609   8.4477  -0.73267E+00  -0.13074E+00  -0.10165E+00   0.42505E+01   0.34928E+05
   91     1.1797   8.5124  -0.74472E+00  -0.13313E+00  -0.10404E+00   0.42457E+01   0.34552E+05
   92     1.1986   8.5764  -0.75684E+00  -0.13554E+00  -0.10645E+00   0.42410E+01   0.34172E+05
   93     1.2177   8.6398  -0.76904E+00  -0.13798E+00  -0.10889E+00   0.42364E+01   0.33788E+05
   94     1.2370   8.7025  -0.78132E+00  -0.14043E+00  -0.11134E+00   0.42319E+01   0.33403E+05
   95     1.2565   8.7646  -0.79365E+00  -0.14290E+00  -0.11381E+00   0.42275E+01   0.33017E+05
   96     1.2761   8.8260  -0.80606E+00  -0.14539E+00  -0.11630E+00   0.42232E+01   0.32625E+05
   97     1.2959   8.8868  -0.81856E+00  -0.14790E+00  -0.11881E+00   0.42189E+01   0.32232E+05
   98     1.3158   8.9469  -0.83113E+00  -0.15044E+00  -0.12135E+00   0.42148E+01   0.31836E+05
   99     1.3360   9.0065  -0.84378E+00  -0.15299E+00  -0.12390E+00   0.42107E+01   0.31434E+05
  100     1.3563   9.0653  -0.85651E+00  -0.15557E+00  -0.12647E+00   0.42067E+01   0.31059E+05
  101     1.3767   9.1236  -0.86930E+00  -0.15816E+00  -0.12907E+00   0.42027E+01   0.30670E+05
  102     1.3974   9.1812  -0.88217E+00  -0.16078E+00  -0.13169E+00   0.41989E+01   0.30256E+05
  103     1.4183   9.2382  -0.89511E+00  -0.16341E+00  -0.13432E+00   0.41951E+01   0.29865E+05
  104     1.4393   9.2945  -0.90813E+00  -0.16607E+00  -0.13698E+00   0.41914E+01   0.29470E+05
  105     1.4605   9.3503  -0.92121E+00  -0.16874E+00  -0.13965E+00   0.41878E+01   0.29077E+05
  106     1.4819   9.4054  -0.93449E+00  -0.17147E+00  -0.14238E+00   0.41843E+01   0.28676E+05
  107     1.5035   9.4600  -0.94762E+00  -0.17416E+00  -0.14507E+00   0.41807E+01   0.28290E+05
  108     1.5252   9.5139  -0.96095E+00  -0.17690E+00  -0.14781E+00   0.41773E+01   0.27896E+05
  109     1.5472   9.5673  -0.97434E+00  -0.17966E+00  -0.15057E+00   0.41739E+01   0.27505E+05
  110     1.5693   9.6200  -0.98780E+00  -0.18244E+00  -0.15335E+00   0.41706E+01   0.27101E+05
  111     1.5917   9.6722  -0.10013E+01  -0.18524E+00  -0.15615E+00   0.41674E+01   0.26706E+05
  112     1.6142   9.7238  -0.10149E+01  -0.18807E+00  -0.15898E+00   0.41643E+01   0.26329E+05
  113     1.6369   9.7748  -0.10286E+01  -0.19091E+00  -0.16182E+00   0.41612E+01   0.25938E+05
  114     1.6598   9.8252  -0.10424E+01  -0.19377E+00  -0.16468E+00   0.41581E+01   0.25549E+05
  115     1.6830   9.8751  -0.10562E+01  -0.19665E+00  -0.16756E+00   0.41552E+01   0.25162E+05
  116     1.7063   9.9244  -0.10701E+01  -0.19955E+00  -0.17046E+00   0.41522E+01   0.24777E+05
  117     1.7298   9.9731  -0.10840E+01  -0.20248E+00  -0.17339E+00   0.41494E+01   0.24394E+05
  118     1.7536  10.0213  -0.10981E+01  -0.20542E+00  -0.17633E+00   0.41466E+01   0.24014E+05
  119     1.7775  10.0689  -0.11122E+01  -0.20839E+00  -0.17930E+00   0.41438E+01   0.23637E+05
  120     1.8016  10.1160  -0.11264E+01  -0.21137E+00  -0.18228E+00   0.41411E+01   0.23262E+05
  121     1.8260  10.1626  -0.11406E+01  -0.21438E+00  -0.18529E+00   0.41385E+01   0.22888E+05
  122     1.8506  10.2086  -0.11549E+01  -0.21740E+00  -0.18831E+00   0.41359E+01   0.22516E+05
  123     1.8753  10.2541  -0.11693E+01  -0.22045E+00  -0.19136E+00   0.41333E+01   0.22145E+05
  124     1.9003  10.2990  -0.11838E+01  -0.22352E+00  -0.19443E+00   0.41309E+01   0.21775E+05
  125     1.9256  10.3434  -0.11983E+01  -0.22662E+00  -0.19752E+00   0.41284E+01   0.21407E+05
  126     1.9510  10.3873  -0.12129E+01  -0.22973E+00  -0.20063E+00   0.41260E+01   0.21043E+05
  127     1.9766  10.4307  -0.12276E+01  -0.23285E+00  -0.20376E+00   0.41237E+01   0.20682E+05
  128     2.0025  10.4736  -0.12423E+01  -0.23600E+00  -0.20691E+00   0.41214E+01   0.20325E+05
  129     2.0286  10.5160  -0.12571E+01  -0.23917E+00  -0.21008E+00   0.41191E+01   0.19971E+05
  130     2.0550  10.5579  -0.12720E+01  -0.24235E+00  -0.21326E+00   0.41169E+01   0.19621E+05
  131     2.0815  10.5993  -0.12869E+01  -0.24556E+00  -0.21647E+00   0.41148E+01   0.19275E+05
  132     2.1083  10.6402  -0.13019E+01  -0.24879E+00  -0.21970E+00   0.41127E+01   0.18932E+05
  133     2.1353  10.6806  -0.13170E+01  -0.25205E+00  -0.22296E+00   0.41106E+01   0.18593E+05
  134     2.1626  10.7205  -0.13322E+01  -0.25532E+00  -0.22623E+00   0.41085E+01   0.18254E+05
  135     2.1901  10.7600  -0.13474E+01  -0.25862E+00  -0.22953E+00   0.41065E+01   0.17920E+05
  136     2.2178  10.7990  -0.13627E+01  -0.26194E+00  -0.23285E+00   0.41046E+01   0.17586E+05
  137     2.2458  10.8375  -0.13781E+01  -0.26527E+00  -0.23618E+00   0.41026E+01   0.17254E+05
  138     2.2740  10.8756  -0.13935E+01  -0.26863E+00  -0.23954E+00   0.41008E+01   0.16926E+05
  139     2.3025  10.9132  -0.14090E+01  -0.27200E+00  -0.24291E+00   0.40989E+01   0.16602E+05
  140     2.3312  10.9504  -0.14245E+01  -0.27540E+00  -0.24631E+00   0.40971E+01   0.16283E+05
  141     2.3602  10.9871  -0.14402E+01  -0.27881E+00  -0.24972E+00   0.40953E+01   0.15969E+05
  142     2.3894  11.0234  -0.14558E+01  -0.28225E+00  -0.25315E+00   0.40936E+01   0.15659E+05
  143     2.4188  11.0592  -0.14716E+01  -0.28570E+00  -0.25661E+00   0.40919E+01   0.15353E+05
  144     2.4486  11.0946  -0.14874E+01  -0.28918E+00  -0.26009E+00   0.40902E+01   0.15050E+05
  145     2.4785  11.1296  -0.15033E+01  -0.29268E+00  -0.26359E+00   0.40885E+01   0.14752E+05
  146     2.5088  11.1641  -0.15193E+01  -0.29620E+00  -0.26711E+00   0.40869E+01   0.14458E+05
  147     2.5393  11.1982  -0.15354E+01  -0.29975E+00  -0.27066E+00   0.40854E+01   0.14167E+05
  148     2.5701  11.2320  -0.15515E+01  -0.30331E+00  -0.27422E+00   0.40838E+01   0.13878E+05
  149     2.6011  11.2653  -0.15676E+01  -0.30690E+00  -0.27781E+00   0.40823E+01   0.13591E+05
  150     2.6324  11.2982  -0.15839E+01  -0.31050E+00  -0.28141E+00   0.40808E+01   0.13308E+05
  151     2.6640  11.3306  -0.16002E+01  -0.31413E+00  -0.28504E+00   0.40794E+01   0.13029E+05
  152     2.6958  11.3627  -0.16166E+01  -0.31778E+00  -0.28869E+00   0.40779E+01   0.12754E+05
  153     2.7280  11.3944  -0.16330E+01  -0.32144E+00  -0.29235E+00   0.40765E+01   0.12483E+05
  154     2.7604  11.4258  -0.16495E+01  -0.32513E+00  -0.29604E+00   0.40751E+01   0.12216E+05
  155     2.7931  11.4567  -0.16661E+01  -0.32884E+00  -0.29975E+00   0.40738E+01   0.11950E+05
  156     2.8260  11.4872  -0.16827E+01  -0.33257E+00  -0.30348E+00   0.40725E+01   0.11692E+05
  157     2.8593  11.5174  -0.16994E+01  -0.33632E+00  -0.30723E+00   0.40712E+01   0.11439E+05
  158     2.8929  11.5472  -0.17162E+01  -0.34009E+00  -0.31100E+00   0.40699E+01   0.11190E+05
  159     2.9267  11.5766  -0.17330E+01  -0.34387E+00  -0.31478E+00   0.40686E+01   0.10945E+05
  160     2.9608  11.6057  -0.17500E+01  -0.34769E+00  -0.31860E+00   0.40674E+01   0.10701E+05
  161     2.9953  11.6344  -0.17670E+01  -0.35153E+00  -0.32244E+00   0.40662E+01   0.10462E+05
  162     3.0300  11.6628  -0.17840E+01  -0.35539E+00  -0.32630E+00   0.40650E+01   0.10227E+05
  163     3.0651  11.6908  -0.18012E+01  -0.35927E+00  -0.33018E+00   0.40639E+01   0.99961E+04
  164     3.1004  11.7184  -0.18183E+01  -0.36318E+00  -0.33409E+00   0.40627E+01   0.97668E+04
  165     3.1360  11.7458  -0.18356E+01  -0.36710E+00  -0.33801E+00   0.40616E+01   0.95403E+04
  166     3.1720  11.7727  -0.18529E+01  -0.37104E+00  -0.34195E+00   0.40605E+01   0.93188E+04
  167     3.2083  11.7994  -0.18703E+01  -0.37501E+00  -0.34592E+00   0.40595E+01   0.91010E+04
  168     3.2449  11.8257  -0.18878E+01  -0.37899E+00  -0.34990E+00   0.40584E+01   0.88877E+04
  169     3.2818  11.8517  -0.19053E+01  -0.38300E+00  -0.35391E+00   0.40574E+01   0.86780E+04
  170     3.3190  11.8773  -0.19229E+01  -0.38703E+00  -0.35794E+00   0.40564E+01   0.84716E+04
  171     3.3565  11.9026  -0.19406E+01  -0.39109E+00  -0.36200E+00   0.40554E+01   0.82692E+04
  172     3.3944  11.9277  -0.19583E+01  -0.39516E+00  -0.36607E+00   0.40544E+01   0.80702E+04
  173     3.4326  11.9524  -0.19761E+01  -0.39926E+00  -0.37017E+00   0.40535E+01   0.78744E+04
  174     3.4712  11.9768  -0.19940E+01  -0.40338E+00  -0.37429E+00   0.40525E+01   0.76818E+04
  175     3.5100  12.0009  -0.20119E+01  -0.40752E+00  -0.37843E+00   0.40516E+01   0.74927E+04
  176     3.5492  12.0246  -0.20299E+01  -0.41168E+00  -0.38259E+00   0.40507E+01   0.73076E+04
  177     3.5888  12.0481  -0.20480E+01  -0.41587E+00  -0.38678E+00   0.40498E+01   0.71262E+04
  178     3.6287  12.0713  -0.20662E+01  -0.42007E+00  -0.39098E+00   0.40490E+01   0.69484E+04
  179     3.6689  12.0942  -0.20844E+01  -0.42430E+00  -0.39521E+00   0.40481E+01   0.67742E+04
  180     3.7095  12.1169  -0.21027E+01  -0.42855E+00  -0.39946E+00   0.40473E+01   0.66029E+04
  181     3.7505  12.1392  -0.21210E+01  -0.43283E+00  -0.40374E+00   0.40464E+01   0.64347E+04
  182     3.7918  12.1612  -0.21395E+01  -0.43713E+00  -0.40804E+00   0.40456E+01   0.62696E+04
  183     3.8334  12.1830  -0.21580E+01  -0.44145E+00  -0.41236E+00   0.40448E+01   0.61074E+04
  184     3.8754  12.2045  -0.21766E+01  -0.44580E+00  -0.41671E+00   0.40441E+01   0.59488E+04
  185     3.9178  12.2257  -0.21952E+01  -0.45016E+00  -0.42107E+00   0.40433E+01   0.57930E+04
  186     3.9606  12.2467  -0.22139E+01  -0.45455E+00  -0.42545E+00   0.40426E+01   0.56411E+04
  187     4.0037  12.2674  -0.22327E+01  -0.45895E+00  -0.42986E+00   0.40418E+01   0.54922E+04
  188     4.0472  12.2878  -0.22515E+01  -0.46339E+00  -0.43430E+00   0.40411E+01   0.53468E+04
  189     4.0911  12.3080  -0.22705E+01  -0.46784E+00  -0.43875E+00   0.40404E+01   0.52043E+04
  190     4.1353  12.3279  -0.22895E+01  -0.47233E+00  -0.44324E+00   0.40397E+01   0.50652E+04
  191     4.1800  12.3476  -0.23085E+01  -0.47683E+00  -0.44774E+00   0.40390E+01   0.49283E+04
  192     4.2250  12.3670  -0.23277E+01  -0.48136E+00  -0.45227E+00   0.40384E+01   0.47938E+04
  193     4.2705  12.3862  -0.23469E+01  -0.48592E+00  -0.45682E+00   0.40377E+01   0.46622E+04
  194     4.3163  12.4051  -0.23662E+01  -0.49049E+00  -0.46140E+00   0.40371E+01   0.45334E+04
  195     4.3625  12.4238  -0.23855E+01  -0.49509E+00  -0.46600E+00   0.40364E+01   0.44078E+04
  196     4.4091  12.4423  -0.24050E+01  -0.49971E+00  -0.47062E+00   0.40358E+01   0.42851E+04
  197     4.4561  12.4605  -0.24245E+01  -0.50435E+00  -0.47526E+00   0.40352E+01   0.41651E+04
  198     4.5036  12.4785  -0.24440E+01  -0.50901E+00  -0.47992E+00   0.40346E+01   0.40481E+04
  199     4.5514  12.4962  -0.24637E+01  -0.51371E+00  -0.48462E+00   0.40340E+01   0.39339E+04
  200     4.5997  12.5138  -0.24834E+01  -0.51842E+00  -0.48933E+00   0.40335E+01   0.38223E+04
  201     4.6484  12.5311  -0.25032E+01  -0.52317E+00  -0.49408E+00   0.40329E+01   0.37131E+04
  202     4.6975  12.5482  -0.25231E+01  -0.52794E+00  -0.49884E+00   0.40323E+01   0.36060E+04
  203     4.7470  12.5650  -0.25430E+01  -0.53273E+00  -0.50364E+00   0.40318E+01   0.35019E+04
  204     4.7970  12.5817  -0.25631E+01  -0.53754E+00  -0.50845E+00   0.40313E+01   0.33995E+04
  205     4.8474  12.5981  -0.25832E+01  -0.54238E+00  -0.51329E+00   0.40307E+01   0.32994E+04
  206     4.8982  12.6144  -0.26033E+01  -0.54725E+00  -0.51816E+00   0.40302E+01   0.32014E+04
  207     4.9495  12.6304  -0.26236E+01  -0.55214E+00  -0.52305E+00   0.40297E+01   0.31063E+04
  208     5.0012  12.6462  -0.26439E+01  -0.55705E+00  -0.52795E+00   0.40292E+01   0.30135E+04
  209     5.0534  12.6619  -0.26643E+01  -0.56198E+00  -0.53289E+00   0.40287E+01   0.29238E+04
  210     5.1060  12.6773  -0.26847E+01  -0.56693E+00  -0.53784E+00   0.40282E+01   0.28366E+04
  211     5.1591  12.6925  -0.27053E+01  -0.57192E+00  -0.54283E+00   0.40278E+01   0.27511E+04
  212     5.2126  12.7076  -0.27259E+01  -0.57694E+00  -0.54785E+00   0.40273E+01   0.26677E+04
  213     5.2667  12.7224  -0.27467E+01  -0.58198E+00  -0.55289E+00   0.40269E+01   0.25864E+04
  214     5.3211  12.7371  -0.27675E+01  -0.58706E+00  -0.55797E+00   0.40264E+01   0.25068E+04
  215     5.3761  12.7515  -0.27883E+01  -0.59215E+00  -0.56306E+00   0.40260E+01   0.24282E+04
  216     5.4315  12.7658  -0.28093E+01  -0.59727E+00  -0.56818E+00   0.40256E+01   0.23522E+04
  217     5.4874  12.7799  -0.28303E+01  -0.60241E+00  -0.57332E+00   0.40251E+01   0.22783E+04
  218     5.5438  12.7938  -0.28514E+01  -0.60757E+00  -0.57848E+00   0.40247E+01   0.22065E+04
  219     5.6007  12.8076  -0.28725E+01  -0.61276E+00  -0.58367E+00   0.40243E+01   0.21368E+04
  220     5.6581  12.8211  -0.28938E+01  -0.61798E+00  -0.58889E+00   0.40239E+01   0.20688E+04
  221     5.7160  12.8345  -0.29151E+01  -0.62322E+00  -0.59413E+00   0.40235E+01   0.20032E+04
  222     5.7744  12.8477  -0.29366E+01  -0.62850E+00  -0.59941E+00   0.40231E+01   0.19387E+04
  223     5.8333  12.8608  -0.29581E+01  -0.63380E+00  -0.60471E+00   0.40228E+01   0.18758E+04
  224     5.8927  12.8737  -0.29796E+01  -0.63913E+00  -0.61003E+00   0.40224E+01   0.18147E+04
  225     5.9526  12.8864  -0.30013E+01  -0.64448E+00  -0.61539E+00   0.40220E+01   0.17555E+04
  226     6.0131  12.8990  -0.30230E+01  -0.64985E+00  -0.62076E+00   0.40217E+01   0.16978E+04
  227     6.0740  12.9114  -0.30449E+01  -0.65526E+00  -0.62617E+00   0.40213E+01   0.16419E+04
  228     6.1355  12.9236  -0.30668E+01  -0.66069E+00  -0.63160E+00   0.40210E+01   0.15874E+04
  229     6.1976  12.9357  -0.30888E+01  -0.66616E+00  -0.63707E+00   0.40206E+01   0.15342E+04
  230     6.2602  12.9476  -0.31108E+01  -0.67165E+00  -0.64256E+00   0.40203E+01   0.14827E+04
  231     6.3233  12.9594  -0.31330E+01  -0.67717E+00  -0.64808E+00   0.40200E+01   0.14325E+04
  232     6.3869  12.9710  -0.31552E+01  -0.68271E+00  -0.65362E+00   0.40196E+01   0.13839E+04
  233     6.4512  12.9825  -0.31776E+01  -0.68828E+00  -0.65919E+00   0.40193E+01   0.13365E+04
  234     6.5159  12.9938  -0.32000E+01  -0.69388E+00  -0.66479E+00   0.40190E+01   0.12908E+04
  235     6.5813  13.0050  -0.32224E+01  -0.69950E+00  -0.67041E+00   0.40187E+01   0.12465E+04
  236     6.6472  13.0160  -0.32450E+01  -0.70516E+00  -0.67607E+00   0.40184E+01   0.12032E+04
  237     6.7137  13.0269  -0.32677E+01  -0.71085E+00  -0.68176E+00   0.40181E+01   0.11614E+04
  238     6.7807  13.0377  -0.32905E+01  -0.71656E+00  -0.68747E+00   0.40178E+01   0.11206E+04
  239     6.8484  13.0483  -0.33133E+01  -0.72231E+00  -0.69322E+00   0.40175E+01   0.10810E+04
  240     6.9166  13.0588  -0.33362E+01  -0.72808E+00  -0.69899E+00   0.40173E+01   0.10427E+04
  241     6.9854  13.0691  -0.33592E+01  -0.73388E+00  -0.70478E+00   0.40170E+01   0.10054E+04
  242     7.0549  13.0794  -0.33823E+01  -0.73970E+00  -0.71061E+00   0.40167E+01   0.96942E+03
  243     7.1249  13.0894  -0.34055E+01  -0.74556E+00  -0.71647E+00   0.40164E+01   0.93461E+03
  244     7.1955  13.0994  -0.34288E+01  -0.75145E+00  -0.72236E+00   0.40162E+01   0.90098E+03
  245     7.2668  13.1092  -0.34522E+01  -0.75736E+00  -0.72827E+00   0.40159E+01   0.86819E+03
  246     7.3387  13.1189  -0.34756E+01  -0.76331E+00  -0.73422E+00   0.40157E+01   0.83654E+03
  247     7.4112  13.1285  -0.34992E+01  -0.76929E+00  -0.74020E+00   0.40154E+01   0.80583E+03
  248     7.4843  13.1380  -0.35228E+01  -0.77530E+00  -0.74621E+00   0.40152E+01   0.77586E+03
  249     7.5580  13.1473  -0.35466E+01  -0.78135E+00  -0.75225E+00   0.40150E+01   0.74688E+03
  250     7.6324  13.1565  -0.35704E+01  -0.78741E+00  -0.75832E+00   0.40147E+01   0.71896E+03
  251     7.7075  13.1656  -0.35943E+01  -0.79350E+00  -0.76441E+00   0.40145E+01   0.69201E+03
  252     7.7832  13.1746  -0.36183E+01  -0.79963E+00  -0.77054E+00   0.40143E+01   0.66587E+03
  253     7.8596  13.1834  -0.36424E+01  -0.80579E+00  -0.77670E+00   0.40140E+01   0.64071E+03
  254     7.9366  13.1922  -0.36666E+01  -0.81198E+00  -0.78289E+00   0.40138E+01   0.61633E+03
  255     8.0143  13.2008  -0.36909E+01  -0.81821E+00  -0.78912E+00   0.40136E+01   0.59275E+03
  256     8.0926  13.2093  -0.37153E+01  -0.82446E+00  -0.79537E+00   0.40134E+01   0.56984E+03
  257     8.1717  13.2178  -0.37397E+01  -0.83075E+00  -0.80166E+00   0.40132E+01   0.54764E+03
  258     8.2514  13.2261  -0.37643E+01  -0.83707E+00  -0.80798E+00   0.40130E+01   0.52629E+03
  259     8.3319  13.2343  -0.37890E+01  -0.84341E+00  -0.81432E+00   0.40128E+01   0.50577E+03
  260     8.4130  13.2424  -0.38137E+01  -0.84979E+00  -0.82070E+00   0.40126E+01   0.48577E+03
  261     8.4948  13.2503  -0.38386E+01  -0.85621E+00  -0.82711E+00   0.40124E+01   0.46655E+03
  262     8.5774  13.2582  -0.38636E+01  -0.86265E+00  -0.83356E+00   0.40122E+01   0.44803E+03
  263     8.6606  13.2660  -0.38886E+01  -0.86913E+00  -0.84004E+00   0.40120E+01   0.43006E+03
  264     8.7446  13.2737  -0.39138E+01  -0.87564E+00  -0.84655E+00   0.40118E+01   0.41275E+03
  265     8.8293  13.2813  -0.39390E+01  -0.88218E+00  -0.85309E+00   0.40116E+01   0.39605E+03
  266     8.9148  13.2888  -0.39644E+01  -0.88876E+00  -0.85967E+00   0.40115E+01   0.38000E+03
  267     9.0010  13.2962  -0.39898E+01  -0.89537E+00  -0.86628E+00   0.40113E+01   0.36450E+03
  268     9.0879  13.3035  -0.40154E+01  -0.90201E+00  -0.87292E+00   0.40111E+01   0.34956E+03
  269     9.1756  13.3107  -0.40411E+01  -0.90869E+00  -0.87960E+00   0.40110E+01   0.33508E+03
  270     9.2641  13.3178  -0.40668E+01  -0.91540E+00  -0.88631E+00   0.40108E+01   0.32118E+03
  271     9.3534  13.3248  -0.40927E+01  -0.92215E+00  -0.89306E+00   0.40106E+01   0.30772E+03
  272     9.4434  13.3317  -0.41186E+01  -0.92893E+00  -0.89984E+00   0.40105E+01   0.29485E+03
  273     9.5342  13.3386  -0.41447E+01  -0.93574E+00  -0.90665E+00   0.40103E+01   0.28243E+03
  274     9.6257  13.3453  -0.41709E+01  -0.94259E+00  -0.91350E+00   0.40102E+01   0.27017E+03
  275     9.7181  13.3520  -0.41972E+01  -0.94948E+00  -0.92039E+00   0.40100E+01   0.25903E+03
  276     9.8113  13.3586  -0.42236E+01  -0.95640E+00  -0.92730E+00   0.40098E+01   0.24784E+03
  277     9.9053  13.3651  -0.42496E+01  -0.96321E+00  -0.93412E+00   0.40097E+01   0.23735E+03
  278    10.0001  13.3715  -0.42766E+01  -0.97034E+00  -0.94125E+00   0.40096E+01   0.22681E+03
  279    10.0957  13.3778  -0.43034E+01  -0.97737E+00  -0.94828E+00   0.40094E+01   0.21731E+03
  280    10.1922  13.3841  -0.43302E+01  -0.98443E+00  -0.95534E+00   0.40093E+01   0.20745E+03
  281    10.2895  13.3902  -0.43571E+01  -0.99152E+00  -0.96243E+00   0.40091E+01   0.19834E+03
  282    10.3877  13.3963  -0.43841E+01  -0.99866E+00  -0.96957E+00   0.40090E+01   0.18962E+03
  283    10.4867  13.4023  -0.44112E+01  -0.10058E+01  -0.97674E+00   0.40089E+01   0.18119E+03
  284    10.5865  13.4083  -0.44385E+01  -0.10130E+01  -0.98395E+00   0.40087E+01   0.17309E+03
  285    10.6873  13.4141  -0.44659E+01  -0.10203E+01  -0.99119E+00   0.40086E+01   0.16530E+03
  286    10.7889  13.4199  -0.44933E+01  -0.10276E+01  -0.99847E+00   0.40085E+01   0.15782E+03
  287    10.8914  13.4256  -0.45209E+01  -0.10349E+01  -0.10058E+01   0.40084E+01   0.15063E+03
  288    10.9947  13.4312  -0.45486E+01  -0.10422E+01  -0.10131E+01   0.40082E+01   0.14377E+03
  289    11.0990  13.4368  -0.45764E+01  -0.10496E+01  -0.10205E+01   0.40081E+01   0.13717E+03
  290    11.2042  13.4423  -0.46043E+01  -0.10571E+01  -0.10280E+01   0.40080E+01   0.13085E+03
  291    11.3103  13.4477  -0.46324E+01  -0.10645E+01  -0.10354E+01   0.40079E+01   0.12477E+03
  292    11.4173  13.4530  -0.46605E+01  -0.10720E+01  -0.10429E+01   0.40078E+01   0.11897E+03
  293    11.5253  13.4583  -0.46888E+01  -0.10796E+01  -0.10505E+01   0.40077E+01   0.11338E+03
  294    11.6342  13.4635  -0.47172E+01  -0.10872E+01  -0.10581E+01   0.40075E+01   0.10803E+03
  295    11.7440  13.4687  -0.47457E+01  -0.10948E+01  -0.10657E+01   0.40074E+01   0.10293E+03
  296    11.8548  13.4738  -0.47743E+01  -0.11025E+01  -0.10734E+01   0.40073E+01   0.98017E+02
  297    11.9666  13.4788  -0.48031E+01  -0.11102E+01  -0.10811E+01   0.40072E+01   0.93336E+02
  298    12.0793  13.4837  -0.48319E+01  -0.11179E+01  -0.10888E+01   0.40071E+01   0.88836E+02
  299    12.1930  13.4886  -0.48609E+01  -0.11257E+01  -0.10966E+01   0.40070E+01   0.84553E+02
  300    12.3077  13.4934  -0.48900E+01  -0.11335E+01  -0.11044E+01   0.40069E+01   0.80411E+02
  301    12.4234  13.4982  -0.49192E+01  -0.11414E+01  -0.11123E+01   0.40068E+01   0.76489E+02
  302    12.5401  13.5029  -0.49486E+01  -0.11493E+01  -0.11202E+01   0.40067E+01   0.72737E+02
  303    12.6578  13.5075  -0.49781E+01  -0.11572E+01  -0.11281E+01   0.40066E+01   0.69127E+02
  304    12.7766  13.5121  -0.50077E+01  -0.11652E+01  -0.11361E+01   0.40065E+01   0.65677E+02
  305    12.8963  13.5166  -0.50374E+01  -0.11732E+01  -0.11441E+01   0.40064E+01   0.62409E+02
  306    13.0172  13.5211  -0.50672E+01  -0.11813E+01  -0.11522E+01   0.40063E+01   0.59281E+02
  307    13.1390  13.5255  -0.50972E+01  -0.11894E+01  -0.11603E+01   0.40063E+01   0.56286E+02
  308    13.2619  13.5298  -0.51273E+01  -0.11976E+01  -0.11685E+01   0.40062E+01   0.53427E+02
  309    13.3859  13.5341  -0.51575E+01  -0.12058E+01  -0.11767E+01   0.40061E+01   0.50703E+02
  310    13.5110  13.5383  -0.51879E+01  -0.12140E+01  -0.11849E+01   0.40060E+01   0.48098E+02
  311    13.6372  13.5425  -0.52183E+01  -0.12223E+01  -0.11932E+01   0.40059E+01   0.45610E+02
  312    13.7644  13.5466  -0.52490E+01  -0.12306E+01  -0.12015E+01   0.40058E+01   0.43246E+02
  313    13.8928  13.5507  -0.52797E+01  -0.12390E+01  -0.12099E+01   0.40057E+01   0.40993E+02
  314    14.0223  13.5547  -0.53106E+01  -0.12474E+01  -0.12183E+01   0.40057E+01   0.38840E+02
  315    14.1529  13.5587  -0.53416E+01  -0.12559E+01  -0.12268E+01   0.40056E+01   0.36795E+02
  316    14.2846  13.5626  -0.53727E+01  -0.12644E+01  -0.12353E+01   0.40055E+01   0.34858E+02
  317    14.4175  13.5665  -0.54040E+01  -0.12729E+01  -0.12438E+01   0.40054E+01   0.32987E+02
  318    14.5515  13.5703  -0.54354E+01  -0.12815E+01  -0.12524E+01   0.40054E+01   0.31224E+02
  319    14.6867  13.5741  -0.54669E+01  -0.12901E+01  -0.12610E+01   0.40053E+01   0.29552E+02
  320    14.8231  13.5778  -0.54986E+01  -0.12988E+01  -0.12697E+01   0.40052E+01   0.27949E+02
  321    14.9607  13.5815  -0.55304E+01  -0.13075E+01  -0.12785E+01   0.40051E+01   0.26420E+02
  322    15.0994  13.5851  -0.55624E+01  -0.13163E+01  -0.12872E+01   0.40051E+01   0.24973E+02
  323    15.2394  13.5887  -0.55945E+01  -0.13251E+01  -0.12960E+01   0.40050E+01   0.23600E+02
  324    15.3806  13.5922  -0.56267E+01  -0.13340E+01  -0.13049E+01   0.40049E+01   0.22292E+02
  325    15.5230  13.5957  -0.56591E+01  -0.13429E+01  -0.13138E+01   0.40049E+01   0.21058E+02
  326    15.6666  13.5991  -0.56916E+01  -0.13519E+01  -0.13228E+01   0.40048E+01   0.19875E+02
  327    15.8115  13.6025  -0.57242E+01  -0.13609E+01  -0.13318E+01   0.40047E+01   0.18760E+02
  328    15.9577  13.6059  -0.57570E+01  -0.13699E+01  -0.13408E+01   0.40047E+01   0.17703E+02
  329    16.1051  13.6092  -0.57900E+01  -0.13790E+01  -0.13499E+01   0.40046E+01   0.16695E+02
  330    16.2538  13.6124  -0.58231E+01  -0.13882E+01  -0.13591E+01   0.40045E+01   0.15742E+02
  331    16.4038  13.6157  -0.58563E+01  -0.13974E+01  -0.13683E+01   0.40045E+01   0.14842E+02
  332    16.5551  13.6188  -0.58897E+01  -0.14066E+01  -0.13775E+01   0.40044E+01   0.13983E+02
  333    16.7078  13.6220  -0.59232E+01  -0.14159E+01  -0.13868E+01   0.40044E+01   0.13166E+02
  334    16.8617  13.6251  -0.59569E+01  -0.14253E+01  -0.13962E+01   0.40043E+01   0.12398E+02
  335    17.0170  13.6281  -0.59907E+01  -0.14347E+01  -0.14056E+01   0.40043E+01   0.11673E+02
  336    17.1736  13.6312  -0.60247E+01  -0.14441E+01  -0.14150E+01   0.40042E+01   0.10982E+02
  337    17.3316  13.6342  -0.60588E+01  -0.14536E+01  -0.14245E+01   0.40041E+01   0.10333E+02
  338    17.4910  13.6371  -0.60931E+01  -0.14632E+01  -0.14341E+01   0.40041E+01   0.97144E+01
  339    17.6518  13.6400  -0.61275E+01  -0.14728E+01  -0.14437E+01   0.40040E+01   0.91288E+01
  340    17.8139  13.6429  -0.61621E+01  -0.14824E+01  -0.14533E+01   0.40040E+01   0.85803E+01
  341    17.9775  13.6457  -0.61968E+01  -0.14921E+01  -0.14630E+01   0.40039E+01   0.80655E+01
  342    18.1425  13.6485  -0.62317E+01  -0.15018E+01  -0.14728E+01   0.40039E+01   0.75728E+01
  343    18.3089  13.6513  -0.62668E+01  -0.15117E+01  -0.14826E+01   0.40038E+01   0.71064E+01
  344    18.4768  13.6540  -0.63020E+01  -0.15215E+01  -0.14924E+01   0.40038E+01   0.66686E+01
  345    18.6461  13.6567  -0.63373E+01  -0.15314E+01  -0.15023E+01   0.40037E+01   0.62522E+01
  346    18.8169  13.6593  -0.63728E+01  -0.15414E+01  -0.15123E+01   0.40037E+01   0.58659E+01
  347    18.9892  13.6619  -0.64085E+01  -0.15514E+01  -0.15223E+01   0.40036E+01   0.55014E+01
  348    19.1630  13.6645  -0.64444E+01  -0.15615E+01  -0.15324E+01   0.40036E+01   0.51504E+01
  349    19.3383  13.6671  -0.64804E+01  -0.15716E+01  -0.15425E+01   0.40035E+01   0.48256E+01
  350    19.5151  13.6696  -0.65165E+01  -0.15818E+01  -0.15527E+01   0.40035E+01   0.45200E+01
  351    19.6934  13.6721  -0.65529E+01  -0.15920E+01  -0.15629E+01   0.40035E+01   0.42294E+01
  352    19.8734  13.6745  -0.65894E+01  -0.16023E+01  -0.15732E+01   0.40034E+01   0.39573E+01
  353    20.0548  13.6770  -0.66260E+01  -0.16126E+01  -0.15835E+01   0.40034E+01   0.37024E+01
  354    20.2379  13.6794  -0.66629E+01  -0.16230E+01  -0.15939E+01   0.40033E+01   0.34593E+01
  355    20.4225  13.6817  -0.66999E+01  -0.16335E+01  -0.16044E+01   0.40033E+01   0.32352E+01
  356    20.6088  13.6840  -0.67370E+01  -0.16440E+01  -0.16149E+01   0.40032E+01   0.30221E+01
  357    20.7966  13.6863  -0.67744E+01  -0.16546E+01  -0.16255E+01   0.40032E+01   0.28219E+01
  358    20.9861  13.6886  -0.68119E+01  -0.16652E+01  -0.16361E+01   0.40032E+01   0.26339E+01
  359    21.1773  13.6909  -0.68495E+01  -0.16759E+01  -0.16468E+01   0.40031E+01   0.24580E+01
  360    21.3701  13.6931  -0.68874E+01  -0.16866E+01  -0.16575E+01   0.40031E+01   0.22916E+01
  361    21.5646  13.6953  -0.69255E+01  -0.16974E+01  -0.16683E+01   0.40031E+01   0.21377E+01
  362    21.7607  13.6974  -0.69636E+01  -0.17083E+01  -0.16792E+01   0.40030E+01   0.19929E+01
  363    21.9586  13.6995  -0.70021E+01  -0.17192E+01  -0.16901E+01   0.40030E+01   0.18556E+01
  364    22.1582  13.7016  -0.70406E+01  -0.17302E+01  -0.17011E+01   0.40029E+01   0.17279E+01
  365    22.3596  13.7037  -0.70793E+01  -0.17412E+01  -0.17121E+01   0.40029E+01   0.16110E+01
  366    22.5626  13.7058  -0.71182E+01  -0.17523E+01  -0.17232E+01   0.40029E+01   0.14977E+01
  367    22.7675  13.7078  -0.71574E+01  -0.17635E+01  -0.17344E+01   0.40000E+01   0.13925E+01
  368    22.9741  13.7098  -0.71966E+01  -0.17747E+01  -0.17456E+01   0.40000E+01   0.12953E+01
  369    23.1825  13.7117  -0.72361E+01  -0.17859E+01  -0.17569E+01   0.40000E+01   0.12043E+01
  370    23.3928  13.7137  -0.72757E+01  -0.17973E+01  -0.17682E+01   0.40000E+01   0.11178E+01
  371    23.6049  13.7156  -0.73156E+01  -0.18087E+01  -0.17796E+01   0.40000E+01   0.10389E+01
  372    23.8188  13.7175  -0.73556E+01  -0.18201E+01  -0.17910E+01   0.40000E+01   0.96284E+00
  373    24.0345  13.7194  -0.73957E+01  -0.18316E+01  -0.18026E+01   0.40000E+01   0.89397E+00
  374    24.2522  13.7212  -0.74361E+01  -0.18432E+01  -0.18141E+01   0.40000E+01   0.82861E+00
  375    24.4717  13.7230  -0.74767E+01  -0.18549E+01  -0.18258E+01   0.40000E+01   0.76972E+00
  376    24.6932  13.7248  -0.75175E+01  -0.18666E+01  -0.18375E+01   0.40000E+01   0.71222E+00
  377    24.9166  13.7266  -0.75584E+01  -0.18784E+01  -0.18493E+01   0.40000E+01   0.65975E+00
  378    25.1419  13.7284  -0.75996E+01  -0.18902E+01  -0.18611E+01   0.40000E+01   0.61002E+00
  379    25.3691  13.7301  -0.76408E+01  -0.19021E+01  -0.18730E+01   0.40000E+01   0.56548E+00
  380    25.5984  13.7318  -0.76825E+01  -0.19141E+01  -0.18850E+01   0.40000E+01   0.52260E+00
  381    25.8296  13.7335  -0.77242E+01  -0.19261E+01  -0.18970E+01   0.40000E+01   0.48303E+00
  382    26.0629  13.7351  -0.77661E+01  -0.19382E+01  -0.19091E+01   0.40000E+01   0.44663E+00
  383    26.2982  13.7368  -0.78082E+01  -0.19503E+01  -0.19213E+01   0.40000E+01   0.41262E+00
  384    26.5355  13.7384  -0.78506E+01  -0.19626E+01  -0.19335E+01   0.40000E+01   0.38093E+00
  385    26.7749  13.7400  -0.78931E+01  -0.19749E+01  -0.19458E+01   0.40000E+01   0.35140E+00
  386    27.0164  13.7416  -0.79358E+01  -0.19872E+01  -0.19581E+01   0.40000E+01   0.32412E+00
  387    27.2599  13.7431  -0.79787E+01  -0.19997E+01  -0.19706E+01   0.40000E+01   0.29909E+00
  388    27.5056  13.7447  -0.80218E+01  -0.20121E+01  -0.19831E+01   0.40000E+01   0.27556E+00
  389    27.7534  13.7462  -0.80651E+01  -0.20247E+01  -0.19956E+01   0.40000E+01   0.25377E+00
  390    28.0034  13.7477  -0.81086E+01  -0.20373E+01  -0.20082E+01   0.40000E+01   0.23367E+00
  391    28.2556  13.7492  -0.81524E+01  -0.20500E+01  -0.20210E+01   0.40000E+01   0.21518E+00
  392    28.5099  13.7506  -0.81962E+01  -0.20628E+01  -0.20337E+01   0.40000E+01   0.19795E+00
  393    28.7665  13.7521  -0.82404E+01  -0.20756E+01  -0.20465E+01   0.40000E+01   0.18190E+00
  394    29.0253  13.7535  -0.82847E+01  -0.20885E+01  -0.20594E+01   0.40000E+01   0.16711E+00
  395    29.2863  13.7549  -0.83292E+01  -0.21015E+01  -0.20724E+01   0.40000E+01   0.15356E+00
  396    29.5496  13.7563  -0.83740E+01  -0.21145E+01  -0.20854E+01   0.40000E+01   0.14103E+00
  397    29.8152  13.7577  -0.84189E+01  -0.21276E+01  -0.20985E+01   0.40000E+01   0.12939E+00
  398    30.0831  13.7590  -0.84641E+01  -0.21408E+01  -0.21117E+01   0.40000E+01   0.11870E+00
  399    30.3534  13.7604  -0.85094E+01  -0.21540E+01  -0.21249E+01   0.40000E+01   0.10874E+00
  400    30.6259  13.7617  -0.85549E+01  -0.21673E+01  -0.21382E+01   0.40000E+01   0.99725E-01
