    1     0.0001   0.0014  -0.30518E-04  -0.14755E-05   0.28304E-01   0.51791E+01   0.25504E+05
    2     0.0088   0.1221  -0.39380E-02  -0.50396E-03   0.27801E-01   0.51588E+01   0.38658E+05
    3     0.0176   0.2423  -0.82171E-02  -0.11067E-02   0.27198E-01   0.51395E+01   0.40506E+05
    4     0.0264   0.3621  -0.12697E-01  -0.17595E-02   0.26546E-01   0.51208E+01   0.41741E+05
    5     0.0353   0.4814  -0.17327E-01  -0.24470E-02   0.25858E-01   0.51025E+01   0.42779E+05
    6     0.0443   0.6003  -0.22095E-01  -0.31652E-02   0.25140E-01   0.50846E+01   0.43633E+05
    7     0.0534   0.7188  -0.26980E-01  -0.39087E-02   0.24396E-01   0.50670E+01   0.44349E+05
    8     0.0626   0.8368  -0.31976E-01  -0.46761E-02   0.23629E-01   0.50497E+01   0.44995E+05
    9     0.0718   0.9543  -0.37077E-01  -0.54645E-02   0.22841E-01   0.50326E+01   0.45599E+05
   10     0.0811   1.0713  -0.42279E-01  -0.62740E-02   0.22031E-01   0.50158E+01   0.46141E+05
   11     0.0905   1.1879  -0.47589E-01  -0.71065E-02   0.21199E-01   0.49993E+01   0.46658E+05
   12     0.1000   1.3039  -0.52983E-01  -0.79543E-02   0.20351E-01   0.49829E+01   0.47113E+05
   13     0.1096   1.4195  -0.58473E-01  -0.88215E-02   0.19484E-01   0.49668E+01   0.47552E+05
   14     0.1192   1.5346  -0.64058E-01  -0.97082E-02   0.18597E-01   0.49509E+01   0.47968E+05
   15     0.1290   1.6491  -0.69737E-01  -0.10613E-01   0.17692E-01   0.49353E+01   0.48345E+05
   16     0.1388   1.7632  -0.75508E-01  -0.11537E-01   0.16768E-01   0.49198E+01   0.48717E+05
   17     0.1487   1.8767  -0.81372E-01  -0.12481E-01   0.15825E-01   0.49046E+01   0.49049E+05
   18     0.1587   1.9897  -0.87327E-01  -0.13442E-01   0.14863E-01   0.48895E+01   0.49378E+05
   19     0.1687   2.1021  -0.93374E-01  -0.14422E-01   0.13883E-01   0.48747E+01   0.49683E+05
   20     0.1789   2.2140  -0.99512E-01  -0.15421E-01   0.12884E-01   0.48601E+01   0.49959E+05
   21     0.1891   2.3254  -0.10574E+00  -0.16438E-01   0.11867E-01   0.48457E+01   0.50232E+05
   22     0.1995   2.4362  -0.11206E+00  -0.17474E-01   0.10831E-01   0.48314E+01   0.50477E+05
   23     0.2099   2.5465  -0.11847E+00  -0.18528E-01   0.97769E-02   0.48174E+01   0.50710E+05
   24     0.2204   2.6562  -0.12497E+00  -0.19602E-01   0.87035E-02   0.48035E+01   0.50925E+05
   25     0.2310   2.7653  -0.13155E+00  -0.20694E-01   0.76115E-02   0.47899E+01   0.51125E+05
   26     0.2417   2.8738  -0.13823E+00  -0.21805E-01   0.65003E-02   0.47764E+01   0.51314E+05
   27     0.2525   2.9818  -0.14500E+00  -0.22935E-01   0.53702E-02   0.47631E+01   0.51476E+05
   28     0.2634   3.0892  -0.15186E+00  -0.24083E-01   0.42218E-02   0.47500E+01   0.51629E+05
   29     0.2744   3.1959  -0.15880E+00  -0.25251E-01   0.30540E-02   0.47371E+01   0.51767E+05
   30     0.2855   3.3021  -0.16584E+00  -0.26437E-01   0.18681E-02   0.47244E+01   0.51890E+05
   31     0.2967   3.4077  -0.17296E+00  -0.27642E-01   0.66288E-03   0.47118E+01   0.51993E+05
   32     0.3079   3.5127  -0.18017E+00  -0.28866E-01  -0.56137E-03   0.46994E+01   0.52085E+05
   33     0.3193   3.6170  -0.18743E+00  -0.30098E-01  -0.17925E-02   0.46871E+01   0.52170E+05
   34     0.3308   3.7207  -0.19481E+00  -0.31360E-01  -0.30546E-02   0.46751E+01   0.52232E+05
   35     0.3423   3.8238  -0.20228E+00  -0.32641E-01  -0.43356E-02   0.46632E+01   0.52270E+05
   36     0.3540   3.9263  -0.20984E+00  -0.33941E-01  -0.56361E-02   0.46515E+01   0.52307E+05
   37     0.3658   4.0281  -0.21749E+00  -0.35261E-01  -0.69556E-02   0.46400E+01   0.52326E+05
   38     0.3777   4.1293  -0.22523E+00  -0.36600E-01  -0.82948E-02   0.46287E+01   0.52330E+05
   39     0.3896   4.2299  -0.23305E+00  -0.37958E-01  -0.96532E-02   0.46175E+01   0.52322E+05
   40     0.4017   4.3298  -0.24096E+00  -0.39336E-01  -0.11031E-01   0.46065E+01   0.52302E+05
   41     0.4139   4.4291  -0.24896E+00  -0.40734E-01  -0.12429E-01   0.45956E+01   0.52270E+05
   42     0.4262   4.5276  -0.25705E+00  -0.42152E-01  -0.13847E-01   0.45850E+01   0.52229E+05
   43     0.4386   4.6256  -0.26522E+00  -0.43590E-01  -0.15285E-01   0.45745E+01   0.52169E+05
   44     0.4511   4.7229  -0.27349E+00  -0.45049E-01  -0.16744E-01   0.45641E+01   0.52101E+05
   45     0.4637   4.8195  -0.28184E+00  -0.46527E-01  -0.18222E-01   0.45539E+01   0.52026E+05
   46     0.4764   4.9154  -0.29027E+00  -0.48025E-01  -0.19720E-01   0.45439E+01   0.51939E+05
   47     0.4893   5.0106  -0.29880E+00  -0.49543E-01  -0.21238E-01   0.45340E+01   0.51841E+05
   48     0.5022   5.1052  -0.30741E+00  -0.51081E-01  -0.22776E-01   0.45243E+01   0.51729E+05
   49     0.5153   5.1991  -0.31611E+00  -0.52640E-01  -0.24335E-01   0.45148E+01   0.51602E+05
   50     0.5285   5.2923  -0.32490E+00  -0.54220E-01  -0.25915E-01   0.45054E+01   0.51469E+05
   51     0.5417   5.3849  -0.33378E+00  -0.55822E-01  -0.27517E-01   0.44962E+01   0.51314E+05
   52     0.5552   5.4767  -0.34275E+00  -0.57446E-01  -0.29141E-01   0.44871E+01   0.51151E+05
   53     0.5687   5.5679  -0.35182E+00  -0.59092E-01  -0.30787E-01   0.44782E+01   0.50980E+05
   54     0.5823   5.6583  -0.36097E+00  -0.60760E-01  -0.32455E-01   0.44694E+01   0.50787E+05
   55     0.5961   5.7481  -0.37022E+00  -0.62449E-01  -0.34144E-01   0.44608E+01   0.50588E+05
   56     0.6099   5.8371  -0.37955E+00  -0.64159E-01  -0.35854E-01   0.44523E+01   0.50377E+05
   57     0.6239   5.9255  -0.38896E+00  -0.65889E-01  -0.37584E-01   0.44440E+01   0.50151E+05
   58     0.6381   6.0132  -0.39846E+00  -0.67640E-01  -0.39335E-01   0.44358E+01   0.49917E+05
   59     0.6523   6.1001  -0.40805E+00  -0.69411E-01  -0.41106E-01   0.44277E+01   0.49670E+05
   60     0.6667   6.1864  -0.41771E+00  -0.71201E-01  -0.42896E-01   0.44198E+01   0.49411E+05
   61     0.6812   6.2719  -0.42746E+00  -0.73011E-01  -0.44706E-01   0.44120E+01   0.49145E+05
   62     0.6958   6.3568  -0.43728E+00  -0.74840E-01  -0.46535E-01   0.44043E+01   0.48869E+05
   63     0.7105   6.4409  -0.44719E+00  -0.76690E-01  -0.48385E-01   0.43967E+01   0.48590E+05
   64     0.7254   6.5244  -0.45718E+00  -0.78558E-01  -0.50253E-01   0.43893E+01   0.48299E+05
   65     0.7404   6.6071  -0.46726E+00  -0.80448E-01  -0.52143E-01   0.43820E+01   0.48005E+05
   66     0.7555   6.6891  -0.47742E+00  -0.82360E-01  -0.54055E-01   0.43749E+01   0.47704E+05
   67     0.7708   6.7704  -0.48767E+00  -0.84294E-01  -0.55989E-01   0.43678E+01   0.47397E+05
   68     0.7862   6.8511  -0.49800E+00  -0.86250E-01  -0.57945E-01   0.43609E+01   0.47086E+05
   69     0.8017   6.9310  -0.50843E+00  -0.88228E-01  -0.59923E-01   0.43542E+01   0.46768E+05
   70     0.8174   7.0102  -0.51894E+00  -0.90229E-01  -0.61924E-01   0.43476E+01   0.46444E+05
   71     0.8332   7.0886  -0.52954E+00  -0.92252E-01  -0.63947E-01   0.43410E+01   0.46112E+05
   72     0.8491   7.1664  -0.54022E+00  -0.94296E-01  -0.65991E-01   0.43347E+01   0.45768E+05
   73     0.8652   7.2435  -0.55100E+00  -0.96363E-01  -0.68058E-01   0.43284E+01   0.45416E+05
   74     0.8814   7.3199  -0.56185E+00  -0.98452E-01  -0.70147E-01   0.43222E+01   0.45052E+05
   75     0.8977   7.3956  -0.57279E+00  -0.10056E+00  -0.72258E-01   0.43162E+01   0.44678E+05
   76     0.9142   7.4705  -0.58382E+00  -0.10270E+00  -0.74390E-01   0.43102E+01   0.44298E+05
   77     0.9309   7.5448  -0.59493E+00  -0.10485E+00  -0.76543E-01   0.43044E+01   0.43908E+05
   78     0.9477   7.6184  -0.60611E+00  -0.10702E+00  -0.78717E-01   0.42987E+01   0.43514E+05
   79     0.9646   7.6913  -0.61737E+00  -0.10921E+00  -0.80909E-01   0.42931E+01   0.43113E+05
   80     0.9817   7.7635  -0.62871E+00  -0.11143E+00  -0.83120E-01   0.42876E+01   0.42708E+05
   81     0.9989   7.8350  -0.64012E+00  -0.11366E+00  -0.85351E-01   0.42821E+01   0.42301E+05
   82     1.0163   7.9058  -0.65160E+00  -0.11591E+00  -0.87602E-01   0.42768E+01   0.41887E+05
   83     1.0338   7.9759  -0.66317E+00  -0.11818E+00  -0.89873E-01   0.42716E+01   0.41470E+05
   84     1.0515   8.0453  -0.67481E+00  -0.12047E+00  -0.92164E-01   0.42665E+01   0.41050E+05
   85     1.0693   8.1141  -0.68654E+00  -0.12278E+00  -0.94477E-01   0.42614E+01   0.40632E+05
   86     1.0873   8.1821  -0.69834E+00  -0.12512E+00  -0.96812E-01   0.42565E+01   0.40212E+05
   87     1.1055   8.2495  -0.71023E+00  -0.12747E+00  -0.99168E-01   0.42517E+01   0.39793E+05
   88     1.1238   8.3162  -0.72220E+00  -0.12985E+00  -0.10154E+00   0.42469E+01   0.39369E+05
   89     1.1423   8.3823  -0.73424E+00  -0.13225E+00  -0.10394E+00   0.42423E+01   0.38945E+05
   90     1.1609   8.4477  -0.74636E+00  -0.13467E+00  -0.10636E+00   0.42377E+01   0.38519E+05
   91     1.1797   8.5124  -0.75857E+00  -0.13711E+00  -0.10880E+00   0.42333E+01   0.38092E+05
   92     1.1986   8.5764  -0.77085E+00  -0.13957E+00  -0.11127E+00   0.42289E+01   0.37652E+05
   93     1.2177   8.6398  -0.78322E+00  -0.14206E+00  -0.11375E+00   0.42246E+01   0.37207E+05
   94     1.2370   8.7025  -0.79567E+00  -0.14457E+00  -0.11626E+00   0.42203E+01   0.36769E+05
   95     1.2565   8.7646  -0.80820E+00  -0.14710E+00  -0.11879E+00   0.42162E+01   0.36328E+05
   96     1.2761   8.8260  -0.82080E+00  -0.14965E+00  -0.12134E+00   0.42122E+01   0.35881E+05
   97     1.2959   8.8868  -0.83349E+00  -0.15222E+00  -0.12391E+00   0.42082E+01   0.35434E+05
   98     1.3158   8.9469  -0.84621E+00  -0.15480E+00  -0.12649E+00   0.42043E+01   0.34986E+05
   99     1.3360   9.0065  -0.85903E+00  -0.15741E+00  -0.12910E+00   0.42005E+01   0.34534E+05
  100     1.3563   9.0653  -0.87193E+00  -0.16004E+00  -0.13173E+00   0.41967E+01   0.34079E+05
  101     1.3767   9.1236  -0.88490E+00  -0.16269E+00  -0.13438E+00   0.41930E+01   0.33626E+05
  102     1.3974   9.1812  -0.89795E+00  -0.16536E+00  -0.13705E+00   0.41894E+01   0.33168E+05
  103     1.4183   9.2382  -0.91107E+00  -0.16805E+00  -0.13975E+00   0.41859E+01   0.32753E+05
  104     1.4393   9.2945  -0.92426E+00  -0.17076E+00  -0.14246E+00   0.41824E+01   0.32280E+05
  105     1.4605   9.3503  -0.93752E+00  -0.17349E+00  -0.14519E+00   0.41790E+01   0.31830E+05
  106     1.4819   9.4054  -0.95086E+00  -0.17624E+00  -0.14794E+00   0.41757E+01   0.31383E+05
  107     1.5035   9.4600  -0.96425E+00  -0.17901E+00  -0.15071E+00   0.41724E+01   0.30938E+05
  108     1.5252   9.5139  -0.97780E+00  -0.18183E+00  -0.15352E+00   0.41692E+01   0.30489E+05
  109     1.5472   9.5673  -0.99136E+00  -0.18464E+00  -0.15633E+00   0.41660E+01   0.30045E+05
  110     1.5693   9.6200  -0.10049E+01  -0.18745E+00  -0.15915E+00   0.41629E+01   0.29607E+05
  111     1.5917   9.6722  -0.10186E+01  -0.19031E+00  -0.16201E+00   0.41599E+01   0.29165E+05
  112     1.6142   9.7238  -0.10324E+01  -0.19319E+00  -0.16488E+00   0.41569E+01   0.28728E+05
  113     1.6369   9.7748  -0.10463E+01  -0.19609E+00  -0.16778E+00   0.41540E+01   0.28264E+05
  114     1.6598   9.8252  -0.10602E+01  -0.19900E+00  -0.17070E+00   0.41512E+01   0.27854E+05
  115     1.6830   9.8751  -0.10742E+01  -0.20194E+00  -0.17363E+00   0.41484E+01   0.27414E+05
  116     1.7063   9.9244  -0.10882E+01  -0.20490E+00  -0.17659E+00   0.41456E+01   0.26982E+05
  117     1.7298   9.9731  -0.11024E+01  -0.20787E+00  -0.17957E+00   0.41429E+01   0.26552E+05
  118     1.7536  10.0213  -0.11166E+01  -0.21087E+00  -0.18256E+00   0.41403E+01   0.26123E+05
  119     1.7775  10.0689  -0.11308E+01  -0.21389E+00  -0.18558E+00   0.41377E+01   0.25699E+05
  120     1.8016  10.1160  -0.11452E+01  -0.21692E+00  -0.18862E+00   0.41352E+01   0.25278E+05
  121     1.8260  10.1626  -0.11596E+01  -0.21998E+00  -0.19168E+00   0.41327E+01   0.24861E+05
  122     1.8506  10.2086  -0.11741E+01  -0.22306E+00  -0.19476E+00   0.41302E+01   0.24447E+05
  123     1.8753  10.2541  -0.11886E+01  -0.22616E+00  -0.19786E+00   0.41278E+01   0.24036E+05
  124     1.9003  10.2990  -0.12032E+01  -0.22928E+00  -0.20098E+00   0.41255E+01   0.23626E+05
  125     1.9256  10.3434  -0.12179E+01  -0.23242E+00  -0.20412E+00   0.41232E+01   0.23218E+05
  126     1.9510  10.3873  -0.12327E+01  -0.23559E+00  -0.20728E+00   0.41209E+01   0.22811E+05
  127     1.9766  10.4307  -0.12475E+01  -0.23877E+00  -0.21047E+00   0.41187E+01   0.22410E+05
  128     2.0025  10.4736  -0.12624E+01  -0.24197E+00  -0.21367E+00   0.41166E+01   0.22011E+05
  129     2.0286  10.5160  -0.12774E+01  -0.24519E+00  -0.21689E+00   0.41144E+01   0.21616E+05
  130     2.0550  10.5579  -0.12924E+01  -0.24843E+00  -0.22013E+00   0.41124E+01   0.21226E+05
  131     2.0815  10.5993  -0.13075E+01  -0.25169E+00  -0.22339E+00   0.41103E+01   0.20840E+05
  132     2.1083  10.6402  -0.13227E+01  -0.25497E+00  -0.22667E+00   0.41083E+01   0.20459E+05
  133     2.1353  10.6806  -0.13379E+01  -0.25827E+00  -0.22997E+00   0.41063E+01   0.20084E+05
  134     2.1626  10.7205  -0.13532E+01  -0.26160E+00  -0.23329E+00   0.41044E+01   0.19711E+05
  135     2.1901  10.7600  -0.13686E+01  -0.26494E+00  -0.23664E+00   0.41025E+01   0.19343E+05
  136     2.2178  10.7990  -0.13841E+01  -0.26831E+00  -0.24000E+00   0.41007E+01   0.18976E+05
  137     2.2458  10.8375  -0.13996E+01  -0.27170E+00  -0.24339E+00   0.40988E+01   0.18613E+05
  138     2.2740  10.8756  -0.14152E+01  -0.27511E+00  -0.24680E+00   0.40970E+01   0.18253E+05
  139     2.3025  10.9132  -0.14308E+01  -0.27853E+00  -0.25023E+00   0.40953E+01   0.17895E+05
  140     2.3312  10.9504  -0.14465E+01  -0.28198E+00  -0.25368E+00   0.40936E+01   0.17542E+05
  141     2.3602  10.9871  -0.14623E+01  -0.28545E+00  -0.25714E+00   0.40919E+01   0.17194E+05
  142     2.3894  11.0234  -0.14782E+01  -0.28893E+00  -0.26063E+00   0.40902E+01   0.16850E+05
  143     2.4188  11.0592  -0.14941E+01  -0.29244E+00  -0.26413E+00   0.40886E+01   0.16513E+05
  144     2.4486  11.0946  -0.15100E+01  -0.29596E+00  -0.26766E+00   0.40870E+01   0.16180E+05
  145     2.4785  11.1296  -0.15261E+01  -0.29951E+00  -0.27120E+00   0.40855E+01   0.15853E+05
  146     2.5088  11.1641  -0.15422E+01  -0.30308E+00  -0.27477E+00   0.40839E+01   0.15530E+05
  147     2.5393  11.1982  -0.15584E+01  -0.30667E+00  -0.27836E+00   0.40824E+01   0.15211E+05
  148     2.5701  11.2320  -0.15746E+01  -0.31028E+00  -0.28198E+00   0.40810E+01   0.14896E+05
  149     2.6011  11.2653  -0.15910E+01  -0.31392E+00  -0.28561E+00   0.40795E+01   0.14585E+05
  150     2.6324  11.2982  -0.16074E+01  -0.31757E+00  -0.28927E+00   0.40781E+01   0.14277E+05
  151     2.6640  11.3306  -0.16238E+01  -0.32125E+00  -0.29294E+00   0.40767E+01   0.13972E+05
  152     2.6958  11.3627  -0.16403E+01  -0.32494E+00  -0.29664E+00   0.40754E+01   0.13671E+05
  153     2.7280  11.3944  -0.16569E+01  -0.32866E+00  -0.30035E+00   0.40740E+01   0.13374E+05
  154     2.7604  11.4258  -0.16736E+01  -0.33239E+00  -0.30409E+00   0.40727E+01   0.13083E+05
  155     2.7931  11.4567  -0.16903E+01  -0.33615E+00  -0.30784E+00   0.40714E+01   0.12796E+05
  156     2.8260  11.4872  -0.17071E+01  -0.33992E+00  -0.31162E+00   0.40702E+01   0.12510E+05
  157     2.8593  11.5174  -0.17239E+01  -0.34372E+00  -0.31542E+00   0.40689E+01   0.12232E+05
  158     2.8929  11.5472  -0.17409E+01  -0.34754E+00  -0.31924E+00   0.40677E+01   0.11960E+05
  159     2.9267  11.5766  -0.17579E+01  -0.35138E+00  -0.32308E+00   0.40665E+01   0.11694E+05
  160     2.9608  11.6057  -0.17749E+01  -0.35523E+00  -0.32693E+00   0.40653E+01   0.11431E+05
  161     2.9953  11.6344  -0.17920E+01  -0.35911E+00  -0.33081E+00   0.40642E+01   0.11172E+05
  162     3.0300  11.6628  -0.18092E+01  -0.36302E+00  -0.33471E+00   0.40631E+01   0.10916E+05
  163     3.0651  11.6908  -0.18265E+01  -0.36695E+00  -0.33865E+00   0.40620E+01   0.10663E+05
  164     3.1004  11.7184  -0.18438E+01  -0.37090E+00  -0.34260E+00   0.40609E+01   0.10419E+05
  165     3.1360  11.7458  -0.18612E+01  -0.37487E+00  -0.34657E+00   0.40598E+01   0.10174E+05
  166     3.1720  11.7727  -0.18787E+01  -0.37886E+00  -0.35056E+00   0.40588E+01   0.99335E+04
  167     3.2083  11.7994  -0.18962E+01  -0.38287E+00  -0.35457E+00   0.40578E+01   0.96964E+04
  168     3.2449  11.8257  -0.19138E+01  -0.38690E+00  -0.35860E+00   0.40567E+01   0.94654E+04
  169     3.2818  11.8517  -0.19315E+01  -0.39096E+00  -0.36265E+00   0.40558E+01   0.92382E+04
  170     3.3190  11.8773  -0.19492E+01  -0.39503E+00  -0.36673E+00   0.40548E+01   0.90151E+04
  171     3.3565  11.9026  -0.19670E+01  -0.39913E+00  -0.37082E+00   0.40538E+01   0.87965E+04
  172     3.3944  11.9277  -0.19849E+01  -0.40325E+00  -0.37494E+00   0.40529E+01   0.85819E+04
  173     3.4326  11.9524  -0.20028E+01  -0.40739E+00  -0.37908E+00   0.40520E+01   0.83705E+04
  174     3.4712  11.9768  -0.20208E+01  -0.41155E+00  -0.38325E+00   0.40511E+01   0.81635E+04
  175     3.5100  12.0009  -0.20389E+01  -0.41574E+00  -0.38743E+00   0.40502E+01   0.79598E+04
  176     3.5492  12.0246  -0.20570E+01  -0.41994E+00  -0.39164E+00   0.40493E+01   0.77601E+04
  177     3.5888  12.0481  -0.20753E+01  -0.42417E+00  -0.39587E+00   0.40485E+01   0.75640E+04
  178     3.6287  12.0713  -0.20935E+01  -0.42842E+00  -0.40012E+00   0.40477E+01   0.73722E+04
  179     3.6689  12.0942  -0.21119E+01  -0.43269E+00  -0.40439E+00   0.40468E+01   0.71847E+04
  180     3.7095  12.1169  -0.21303E+01  -0.43699E+00  -0.40868E+00   0.40460E+01   0.70010E+04
  181     3.7505  12.1392  -0.21488E+01  -0.44130E+00  -0.41300E+00   0.40453E+01   0.68205E+04
  182     3.7918  12.1612  -0.21673E+01  -0.44565E+00  -0.41734E+00   0.40445E+01   0.66435E+04
  183     3.8334  12.1830  -0.21860E+01  -0.45001E+00  -0.42171E+00   0.40437E+01   0.64695E+04
  184     3.8754  12.2045  -0.22047E+01  -0.45440E+00  -0.42609E+00   0.40430E+01   0.62995E+04
  185     3.9178  12.2257  -0.22235E+01  -0.45881E+00  -0.43050E+00   0.40422E+01   0.61323E+04
  186     3.9606  12.2467  -0.22423E+01  -0.46324E+00  -0.43493E+00   0.40415E+01   0.59689E+04
  187     4.0037  12.2674  -0.22612E+01  -0.46769E+00  -0.43938E+00   0.40408E+01   0.58093E+04
  188     4.0472  12.2878  -0.22802E+01  -0.47216E+00  -0.44385E+00   0.40401E+01   0.56531E+04
  189     4.0911  12.3080  -0.22992E+01  -0.47666E+00  -0.44835E+00   0.40394E+01   0.55004E+04
  190     4.1353  12.3279  -0.23183E+01  -0.48118E+00  -0.45287E+00   0.40388E+01   0.53517E+04
  191     4.1800  12.3476  -0.23375E+01  -0.48573E+00  -0.45742E+00   0.40381E+01   0.52057E+04
  192     4.2250  12.3670  -0.23568E+01  -0.49029E+00  -0.46199E+00   0.40375E+01   0.50625E+04
  193     4.2705  12.3862  -0.23761E+01  -0.49489E+00  -0.46658E+00   0.40368E+01   0.49222E+04
  194     4.3163  12.4051  -0.23956E+01  -0.49951E+00  -0.47120E+00   0.40362E+01   0.47844E+04
  195     4.3625  12.4238  -0.24150E+01  -0.50414E+00  -0.47584E+00   0.40356E+01   0.46502E+04
  196     4.4091  12.4423  -0.24346E+01  -0.50881E+00  -0.48050E+00   0.40350E+01   0.45190E+04
  197     4.4561  12.4605  -0.24542E+01  -0.51349E+00  -0.48518E+00   0.40344E+01   0.43910E+04
  198     4.5036  12.4785  -0.24739E+01  -0.51819E+00  -0.48989E+00   0.40338E+01   0.42659E+04
  199     4.5514  12.4962  -0.24937E+01  -0.52292E+00  -0.49462E+00   0.40333E+01   0.41441E+04
  200     4.5997  12.5138  -0.25135E+01  -0.52768E+00  -0.49938E+00   0.40327E+01   0.40252E+04
  201     4.6484  12.5311  -0.25334E+01  -0.53246E+00  -0.50416E+00   0.40322E+01   0.39091E+04
  202     4.6975  12.5482  -0.25534E+01  -0.53727E+00  -0.50896E+00   0.40316E+01   0.37956E+04
  203     4.7470  12.5650  -0.25735E+01  -0.54210E+00  -0.51379E+00   0.40311E+01   0.36844E+04
  204     4.7970  12.5817  -0.25936E+01  -0.54696E+00  -0.51865E+00   0.40306E+01   0.35762E+04
  205     4.8474  12.5981  -0.26139E+01  -0.55184E+00  -0.52353E+00   0.40301E+01   0.34701E+04
  206     4.8982  12.6144  -0.26342E+01  -0.55674E+00  -0.52843E+00   0.40296E+01   0.33661E+04
  207     4.9495  12.6304  -0.26545E+01  -0.56167E+00  -0.53336E+00   0.40291E+01   0.32647E+04
  208     5.0012  12.6462  -0.26750E+01  -0.56662E+00  -0.53831E+00   0.40286E+01   0.31659E+04
  209     5.0534  12.6619  -0.26955E+01  -0.57159E+00  -0.54328E+00   0.40282E+01   0.30703E+04
  210     5.1060  12.6773  -0.27160E+01  -0.57658E+00  -0.54828E+00   0.40277E+01   0.29775E+04
  211     5.1591  12.6925  -0.27367E+01  -0.58161E+00  -0.55330E+00   0.40272E+01   0.28869E+04
  212     5.2126  12.7076  -0.27574E+01  -0.58666E+00  -0.55835E+00   0.40268E+01   0.27987E+04
  213     5.2667  12.7224  -0.27783E+01  -0.59174E+00  -0.56343E+00   0.40263E+01   0.27129E+04
  214     5.3211  12.7371  -0.27992E+01  -0.59685E+00  -0.56854E+00   0.40259E+01   0.26288E+04
  215     5.3761  12.7515  -0.28202E+01  -0.60198E+00  -0.57368E+00   0.40255E+01   0.25464E+04
  216     5.4315  12.7658  -0.28412E+01  -0.60714E+00  -0.57883E+00   0.40251E+01   0.24655E+04
  217     5.4874  12.7799  -0.28624E+01  -0.61232E+00  -0.58401E+00   0.40247E+01   0.23872E+04
  218     5.5438  12.7938  -0.28836E+01  -0.61752E+00  -0.58922E+00   0.40243E+01   0.23111E+04
  219     5.6007  12.8076  -0.29048E+01  -0.62274E+00  -0.59444E+00   0.40239E+01   0.22374E+04
  220     5.6581  12.8211  -0.29262E+01  -0.62800E+00  -0.59969E+00   0.40235E+01   0.21655E+04
  221     5.7160  12.8345  -0.29477E+01  -0.63328E+00  -0.60497E+00   0.40231E+01   0.20959E+04
  222     5.7744  12.8477  -0.29692E+01  -0.63859E+00  -0.61029E+00   0.40227E+01   0.20283E+04
  223     5.8333  12.8608  -0.29908E+01  -0.64393E+00  -0.61562E+00   0.40223E+01   0.19620E+04
  224     5.8927  12.8737  -0.30125E+01  -0.64929E+00  -0.62099E+00   0.40220E+01   0.18975E+04
  225     5.9526  12.8864  -0.30343E+01  -0.65468E+00  -0.62637E+00   0.40216E+01   0.18349E+04
  226     6.0131  12.8990  -0.30561E+01  -0.66009E+00  -0.63179E+00   0.40213E+01   0.17741E+04
  227     6.0740  12.9114  -0.30780E+01  -0.66553E+00  -0.63723E+00   0.40209E+01   0.17151E+04
  228     6.1355  12.9236  -0.31000E+01  -0.67100E+00  -0.64270E+00   0.40206E+01   0.16578E+04
  229     6.1976  12.9357  -0.31221E+01  -0.67650E+00  -0.64820E+00   0.40203E+01   0.16018E+04
  230     6.2602  12.9476  -0.31443E+01  -0.68203E+00  -0.65372E+00   0.40199E+01   0.15476E+04
  231     6.3233  12.9594  -0.31666E+01  -0.68758E+00  -0.65928E+00   0.40196E+01   0.14949E+04
  232     6.3869  12.9710  -0.31889E+01  -0.69316E+00  -0.66486E+00   0.40193E+01   0.14438E+04
  233     6.4512  12.9825  -0.32114E+01  -0.69877E+00  -0.67046E+00   0.40190E+01   0.13939E+04
  234     6.5159  12.9938  -0.32339E+01  -0.70440E+00  -0.67610E+00   0.40187E+01   0.13458E+04
  235     6.5813  13.0050  -0.32565E+01  -0.71006E+00  -0.68176E+00   0.40184E+01   0.12992E+04
  236     6.6472  13.0160  -0.32792E+01  -0.71575E+00  -0.68745E+00   0.40181E+01   0.12538E+04
  237     6.7137  13.0269  -0.33019E+01  -0.72147E+00  -0.69317E+00   0.40178E+01   0.12099E+04
  238     6.7807  13.0377  -0.33248E+01  -0.72723E+00  -0.69892E+00   0.40175E+01   0.11672E+04
  239     6.8484  13.0483  -0.33477E+01  -0.73301E+00  -0.70470E+00   0.40173E+01   0.11257E+04
  240     6.9166  13.0588  -0.33708E+01  -0.73881E+00  -0.71051E+00   0.40170E+01   0.10854E+04
  241     6.9854  13.0691  -0.33939E+01  -0.74464E+00  -0.71634E+00   0.40167E+01   0.10464E+04
  242     7.0549  13.0794  -0.34171E+01  -0.75051E+00  -0.72220E+00   0.40165E+01   0.10085E+04
  243     7.1249  13.0894  -0.34404E+01  -0.75640E+00  -0.72809E+00   0.40162E+01   0.97202E+03
  244     7.1955  13.0994  -0.34638E+01  -0.76232E+00  -0.73401E+00   0.40159E+01   0.93678E+03
  245     7.2668  13.1092  -0.34872E+01  -0.76827E+00  -0.73996E+00   0.40157E+01   0.90246E+03
  246     7.3387  13.1189  -0.35108E+01  -0.77425E+00  -0.74595E+00   0.40154E+01   0.86930E+03
  247     7.4112  13.1285  -0.35344E+01  -0.78026E+00  -0.75196E+00   0.40152E+01   0.83726E+03
  248     7.4843  13.1380  -0.35582E+01  -0.78631E+00  -0.75800E+00   0.40150E+01   0.80594E+03
  249     7.5580  13.1473  -0.35820E+01  -0.79238E+00  -0.76408E+00   0.40147E+01   0.77571E+03
  250     7.6324  13.1565  -0.36060E+01  -0.79849E+00  -0.77018E+00   0.40145E+01   0.74647E+03
  251     7.7075  13.1656  -0.36300E+01  -0.80462E+00  -0.77631E+00   0.40143E+01   0.71823E+03
  252     7.7832  13.1746  -0.36541E+01  -0.81077E+00  -0.78247E+00   0.40141E+01   0.69090E+03
  253     7.8596  13.1834  -0.36783E+01  -0.81697E+00  -0.78866E+00   0.40138E+01   0.66455E+03
  254     7.9366  13.1922  -0.37026E+01  -0.82319E+00  -0.79489E+00   0.40136E+01   0.63913E+03
  255     8.0143  13.2008  -0.37270E+01  -0.82945E+00  -0.80114E+00   0.40134E+01   0.61466E+03
  256     8.0926  13.2093  -0.37514E+01  -0.83574E+00  -0.80743E+00   0.40132E+01   0.59077E+03
  257     8.1717  13.2178  -0.37760E+01  -0.84206E+00  -0.81375E+00   0.40130E+01   0.56754E+03
  258     8.2514  13.2261  -0.38007E+01  -0.84841E+00  -0.82011E+00   0.40128E+01   0.54527E+03
  259     8.3319  13.2343  -0.38255E+01  -0.85479E+00  -0.82649E+00   0.40126E+01   0.52381E+03
  260     8.4130  13.2424  -0.38503E+01  -0.86120E+00  -0.83290E+00   0.40124E+01   0.50305E+03
  261     8.4948  13.2503  -0.38753E+01  -0.86765E+00  -0.83934E+00   0.40122E+01   0.48298E+03
  262     8.5774  13.2582  -0.39003E+01  -0.87413E+00  -0.84582E+00   0.40120E+01   0.46373E+03
  263     8.6606  13.2660  -0.39255E+01  -0.88064E+00  -0.85233E+00   0.40119E+01   0.44504E+03
  264     8.7446  13.2737  -0.39508E+01  -0.88719E+00  -0.85888E+00   0.40117E+01   0.42696E+03
  265     8.8293  13.2813  -0.39761E+01  -0.89376E+00  -0.86545E+00   0.40115E+01   0.40962E+03
  266     8.9148  13.2888  -0.40016E+01  -0.90037E+00  -0.87206E+00   0.40113E+01   0.39288E+03
  267     9.0010  13.2962  -0.40271E+01  -0.90701E+00  -0.87870E+00   0.40112E+01   0.37678E+03
  268     9.0879  13.3035  -0.40528E+01  -0.91369E+00  -0.88538E+00   0.40110E+01   0.36122E+03
  269     9.1756  13.3107  -0.40785E+01  -0.92040E+00  -0.89209E+00   0.40108E+01   0.34623E+03
  270     9.2641  13.3178  -0.41044E+01  -0.92714E+00  -0.89884E+00   0.40107E+01   0.33176E+03
  271     9.3534  13.3248  -0.41304E+01  -0.93392E+00  -0.90562E+00   0.40105E+01   0.31779E+03
  272     9.4434  13.3317  -0.41564E+01  -0.94073E+00  -0.91243E+00   0.40103E+01   0.30441E+03
  273     9.5342  13.3386  -0.41826E+01  -0.94758E+00  -0.91927E+00   0.40102E+01   0.29152E+03
  274     9.6257  13.3453  -0.42088E+01  -0.95446E+00  -0.92616E+00   0.40100E+01   0.27915E+03
  275     9.7181  13.3520  -0.42352E+01  -0.96138E+00  -0.93307E+00   0.40099E+01   0.26665E+03
  276     9.8113  13.3586  -0.42617E+01  -0.96834E+00  -0.94003E+00   0.40097E+01   0.25562E+03
  277     9.9053  13.3651  -0.42883E+01  -0.97532E+00  -0.94701E+00   0.40096E+01   0.24454E+03
  278    10.0001  13.3715  -0.43151E+01  -0.98236E+00  -0.95406E+00   0.40094E+01   0.23381E+03
  279    10.0957  13.3778  -0.43418E+01  -0.98940E+00  -0.96110E+00   0.40093E+01   0.22353E+03
  280    10.1922  13.3841  -0.43687E+01  -0.99649E+00  -0.96818E+00   0.40092E+01   0.21403E+03
  281    10.2895  13.3902  -0.43957E+01  -0.10036E+01  -0.97531E+00   0.40090E+01   0.20431E+03
  282    10.3877  13.3963  -0.44228E+01  -0.10108E+01  -0.98248E+00   0.40089E+01   0.19531E+03
  283    10.4867  13.4023  -0.44501E+01  -0.10180E+01  -0.98968E+00   0.40088E+01   0.18657E+03
  284    10.5865  13.4083  -0.44774E+01  -0.10252E+01  -0.99692E+00   0.40086E+01   0.17818E+03
  285    10.6873  13.4141  -0.45049E+01  -0.10325E+01  -0.10042E+01   0.40085E+01   0.17013E+03
  286    10.7889  13.4199  -0.45325E+01  -0.10398E+01  -0.10115E+01   0.40084E+01   0.16239E+03
  287    10.8914  13.4256  -0.45601E+01  -0.10472E+01  -0.10189E+01   0.40083E+01   0.15495E+03
  288    10.9947  13.4312  -0.45879E+01  -0.10546E+01  -0.10262E+01   0.40081E+01   0.14786E+03
  289    11.0990  13.4368  -0.46158E+01  -0.10620E+01  -0.10337E+01   0.40080E+01   0.14106E+03
  290    11.2042  13.4423  -0.46438E+01  -0.10694E+01  -0.10411E+01   0.40079E+01   0.13452E+03
  291    11.3103  13.4477  -0.46720E+01  -0.10769E+01  -0.10486E+01   0.40078E+01   0.12823E+03
  292    11.4173  13.4530  -0.47002E+01  -0.10845E+01  -0.10562E+01   0.40077E+01   0.12227E+03
  293    11.5253  13.4583  -0.47286E+01  -0.10921E+01  -0.10638E+01   0.40076E+01   0.11648E+03
  294    11.6342  13.4635  -0.47571E+01  -0.10997E+01  -0.10714E+01   0.40075E+01   0.11096E+03
  295    11.7440  13.4687  -0.47857E+01  -0.11073E+01  -0.10790E+01   0.40074E+01   0.10568E+03
  296    11.8548  13.4738  -0.48144E+01  -0.11150E+01  -0.10867E+01   0.40072E+01   0.10064E+03
  297    11.9666  13.4788  -0.48432E+01  -0.11228E+01  -0.10945E+01   0.40071E+01   0.95783E+02
  298    12.0793  13.4837  -0.48722E+01  -0.11305E+01  -0.11022E+01   0.40070E+01   0.91148E+02
  299    12.1930  13.4886  -0.49013E+01  -0.11384E+01  -0.11100E+01   0.40069E+01   0.86735E+02
  300    12.3077  13.4934  -0.49305E+01  -0.11462E+01  -0.11179E+01   0.40068E+01   0.82468E+02
  301    12.4234  13.4982  -0.49598E+01  -0.11541E+01  -0.11258E+01   0.40067E+01   0.78426E+02
  302    12.5401  13.5029  -0.49893E+01  -0.11620E+01  -0.11337E+01   0.40066E+01   0.74556E+02
  303    12.6578  13.5075  -0.50188E+01  -0.11700E+01  -0.11417E+01   0.40066E+01   0.70844E+02
  304    12.7766  13.5121  -0.50485E+01  -0.11780E+01  -0.11497E+01   0.40065E+01   0.67298E+02
  305    12.8963  13.5166  -0.50783E+01  -0.11861E+01  -0.11578E+01   0.40064E+01   0.63924E+02
  306    13.0172  13.5211  -0.51083E+01  -0.11942E+01  -0.11659E+01   0.40063E+01   0.60710E+02
  307    13.1390  13.5255  -0.51383E+01  -0.12023E+01  -0.11740E+01   0.40062E+01   0.57621E+02
  308    13.2619  13.5298  -0.51685E+01  -0.12105E+01  -0.11822E+01   0.40061E+01   0.54686E+02
  309    13.3859  13.5341  -0.51988E+01  -0.12188E+01  -0.11905E+01   0.40060E+01   0.51891E+02
  310    13.5110  13.5383  -0.52293E+01  -0.12270E+01  -0.11987E+01   0.40059E+01   0.49213E+02
  311    13.6372  13.5425  -0.52599E+01  -0.12354E+01  -0.12071E+01   0.40059E+01   0.46655E+02
  312    13.7644  13.5466  -0.52906E+01  -0.12437E+01  -0.12154E+01   0.40058E+01   0.44226E+02
  313    13.8928  13.5507  -0.53214E+01  -0.12521E+01  -0.12238E+01   0.40057E+01   0.41915E+02
  314    14.0223  13.5547  -0.53524E+01  -0.12606E+01  -0.12323E+01   0.40056E+01   0.39703E+02
  315    14.1529  13.5587  -0.53835E+01  -0.12691E+01  -0.12408E+01   0.40055E+01   0.37603E+02
  316    14.2846  13.5626  -0.54147E+01  -0.12776E+01  -0.12493E+01   0.40055E+01   0.35612E+02
  317    14.4175  13.5665  -0.54461E+01  -0.12862E+01  -0.12579E+01   0.40054E+01   0.33694E+02
  318    14.5515  13.5703  -0.54776E+01  -0.12948E+01  -0.12665E+01   0.40053E+01   0.31886E+02
  319    14.6867  13.5741  -0.55092E+01  -0.13035E+01  -0.12752E+01   0.40052E+01   0.30168E+02
  320    14.8231  13.5778  -0.55410E+01  -0.13122E+01  -0.12839E+01   0.40052E+01   0.28530E+02
  321    14.9607  13.5815  -0.55729E+01  -0.13209E+01  -0.12926E+01   0.40051E+01   0.26962E+02
  322    15.0994  13.5851  -0.56050E+01  -0.13297E+01  -0.13014E+01   0.40050E+01   0.25481E+02
  323    15.2394  13.5887  -0.56372E+01  -0.13386E+01  -0.13103E+01   0.40050E+01   0.24075E+02
  324    15.3806  13.5922  -0.56695E+01  -0.13475E+01  -0.13192E+01   0.40049E+01   0.22736E+02
  325    15.5230  13.5957  -0.57020E+01  -0.13564E+01  -0.13281E+01   0.40048E+01   0.21471E+02
  326    15.6666  13.5991  -0.57346E+01  -0.13654E+01  -0.13371E+01   0.40048E+01   0.20260E+02
  327    15.8115  13.6025  -0.57673E+01  -0.13745E+01  -0.13462E+01   0.40047E+01   0.19120E+02
  328    15.9577  13.6059  -0.58002E+01  -0.13835E+01  -0.13552E+01   0.40046E+01   0.18036E+02
  329    16.1051  13.6092  -0.58333E+01  -0.13927E+01  -0.13644E+01   0.40046E+01   0.17004E+02
  330    16.2538  13.6124  -0.58664E+01  -0.14019E+01  -0.13736E+01   0.40045E+01   0.16031E+02
  331    16.4038  13.6157  -0.58998E+01  -0.14111E+01  -0.13828E+01   0.40045E+01   0.15109E+02
  332    16.5551  13.6188  -0.59333E+01  -0.14204E+01  -0.13921E+01   0.40044E+01   0.14232E+02
  333    16.7078  13.6220  -0.59669E+01  -0.14297E+01  -0.14014E+01   0.40043E+01   0.13401E+02
  334    16.8617  13.6251  -0.60006E+01  -0.14391E+01  -0.14108E+01   0.40043E+01   0.12613E+02
  335    17.0170  13.6281  -0.60346E+01  -0.14485E+01  -0.14202E+01   0.40042E+01   0.11874E+02
  336    17.1736  13.6312  -0.60686E+01  -0.14580E+01  -0.14297E+01   0.40042E+01   0.11169E+02
  337    17.3316  13.6342  -0.61029E+01  -0.14675E+01  -0.14392E+01   0.40041E+01   0.10504E+02
  338    17.4910  13.6371  -0.61372E+01  -0.14771E+01  -0.14488E+01   0.40041E+01   0.98751E+01
  339    17.6518  13.6400  -0.61718E+01  -0.14867E+01  -0.14584E+01   0.40040E+01   0.92772E+01
  340    17.8139  13.6429  -0.62064E+01  -0.14964E+01  -0.14681E+01   0.40040E+01   0.87182E+01
  341    17.9775  13.6457  -0.62413E+01  -0.15061E+01  -0.14778E+01   0.40039E+01   0.81916E+01
  342    18.1425  13.6485  -0.62763E+01  -0.15159E+01  -0.14876E+01   0.40039E+01   0.76894E+01
  343    18.3089  13.6513  -0.63114E+01  -0.15258E+01  -0.14975E+01   0.40038E+01   0.72172E+01
  344    18.4768  13.6540  -0.63467E+01  -0.15357E+01  -0.15074E+01   0.40038E+01   0.67690E+01
  345    18.6461  13.6567  -0.63822E+01  -0.15456E+01  -0.15173E+01   0.40037E+01   0.63443E+01
  346    18.8169  13.6593  -0.64178E+01  -0.15556E+01  -0.15273E+01   0.40037E+01   0.59510E+01
  347    18.9892  13.6619  -0.64536E+01  -0.15656E+01  -0.15373E+01   0.40036E+01   0.55798E+01
  348    19.1630  13.6645  -0.64896E+01  -0.15757E+01  -0.15474E+01   0.40036E+01   0.52211E+01
  349    19.3383  13.6671  -0.65257E+01  -0.15859E+01  -0.15576E+01   0.40035E+01   0.48924E+01
  350    19.5151  13.6696  -0.65619E+01  -0.15961E+01  -0.15678E+01   0.40035E+01   0.45811E+01
  351    19.6934  13.6721  -0.65984E+01  -0.16064E+01  -0.15781E+01   0.40034E+01   0.42852E+01
  352    19.8734  13.6745  -0.66350E+01  -0.16167E+01  -0.15884E+01   0.40034E+01   0.40091E+01
  353    20.0548  13.6770  -0.66717E+01  -0.16271E+01  -0.15988E+01   0.40033E+01   0.37494E+01
  354    20.2379  13.6794  -0.67087E+01  -0.16375E+01  -0.16092E+01   0.40033E+01   0.35027E+01
  355    20.4225  13.6817  -0.67458E+01  -0.16480E+01  -0.16197E+01   0.40033E+01   0.32752E+01
  356    20.6088  13.6840  -0.67830E+01  -0.16585E+01  -0.16302E+01   0.40032E+01   0.30584E+01
  357    20.7966  13.6863  -0.68205E+01  -0.16692E+01  -0.16409E+01   0.40032E+01   0.28552E+01
  358    20.9861  13.6886  -0.68581E+01  -0.16798E+01  -0.16515E+01   0.40031E+01   0.26646E+01
  359    21.1773  13.6909  -0.68959E+01  -0.16905E+01  -0.16622E+01   0.40031E+01   0.24859E+01
  360    21.3701  13.6931  -0.69339E+01  -0.17013E+01  -0.16730E+01   0.40031E+01   0.23166E+01
  361    21.5646  13.6953  -0.69720E+01  -0.17121E+01  -0.16838E+01   0.40030E+01   0.21610E+01
  362    21.7607  13.6974  -0.70103E+01  -0.17230E+01  -0.16947E+01   0.40030E+01   0.20136E+01
  363    21.9586  13.6995  -0.70488E+01  -0.17340E+01  -0.17057E+01   0.40030E+01   0.18745E+01
  364    22.1582  13.7016  -0.70875E+01  -0.17450E+01  -0.17167E+01   0.40029E+01   0.17455E+01
  365    22.3596  13.7037  -0.71263E+01  -0.17560E+01  -0.17277E+01   0.40029E+01   0.16264E+01
  366    22.5626  13.7058  -0.71653E+01  -0.17672E+01  -0.17389E+01   0.40029E+01   0.15121E+01
  367    22.7675  13.7078  -0.72046E+01  -0.17784E+01  -0.17501E+01   0.40028E+01   0.14053E+01
  368    22.9741  13.7098  -0.72439E+01  -0.17896E+01  -0.17613E+01   0.40000E+01   0.13069E+01
  369    23.1825  13.7117  -0.72835E+01  -0.18010E+01  -0.17727E+01   0.40000E+01   0.12149E+01
  370    23.3928  13.7137  -0.73232E+01  -0.18123E+01  -0.17840E+01   0.40000E+01   0.11272E+01
  371    23.6049  13.7156  -0.73633E+01  -0.18238E+01  -0.17955E+01   0.40000E+01   0.10476E+01
  372    23.8188  13.7175  -0.74033E+01  -0.18353E+01  -0.18070E+01   0.40000E+01   0.97092E+00
  373    24.0345  13.7194  -0.74436E+01  -0.18468E+01  -0.18185E+01   0.40000E+01   0.90094E+00
  374    24.2522  13.7212  -0.74841E+01  -0.18584E+01  -0.18301E+01   0.40000E+01   0.83499E+00
  375    24.4717  13.7230  -0.75248E+01  -0.18701E+01  -0.18418E+01   0.40000E+01   0.77550E+00
  376    24.6932  13.7248  -0.75657E+01  -0.18819E+01  -0.18536E+01   0.40000E+01   0.71720E+00
  377    24.9166  13.7266  -0.76067E+01  -0.18937E+01  -0.18654E+01   0.40000E+01   0.66426E+00
  378    25.1419  13.7284  -0.76480E+01  -0.19055E+01  -0.18772E+01   0.40000E+01   0.61406E+00
  379    25.3691  13.7301  -0.76893E+01  -0.19175E+01  -0.18891E+01   0.40000E+01   0.56898E+00
  380    25.5984  13.7318  -0.77311E+01  -0.19295E+01  -0.19012E+01   0.40000E+01   0.52570E+00
  381    25.8296  13.7335  -0.77729E+01  -0.19416E+01  -0.19132E+01   0.40000E+01   0.48577E+00
  382    26.0629  13.7351  -0.78149E+01  -0.19537E+01  -0.19254E+01   0.40000E+01   0.44903E+00
  383    26.2982  13.7368  -0.78572E+01  -0.19659E+01  -0.19376E+01   0.40000E+01   0.41473E+00
  384    26.5355  13.7384  -0.78996E+01  -0.19782E+01  -0.19498E+01   0.40000E+01   0.38277E+00
  385    26.7749  13.7400  -0.79423E+01  -0.19905E+01  -0.19622E+01   0.40000E+01   0.35302E+00
  386    27.0164  13.7416  -0.79850E+01  -0.20029E+01  -0.19746E+01   0.40000E+01   0.32553E+00
  387    27.2599  13.7431  -0.80281E+01  -0.20153E+01  -0.19870E+01   0.40000E+01   0.30031E+00
  388    27.5056  13.7447  -0.80713E+01  -0.20279E+01  -0.19996E+01   0.40000E+01   0.27660E+00
  389    27.7534  13.7462  -0.81147E+01  -0.20405E+01  -0.20121E+01   0.40000E+01   0.25466E+00
  390    28.0034  13.7477  -0.81584E+01  -0.20531E+01  -0.20248E+01   0.40000E+01   0.23443E+00
  391    28.2556  13.7492  -0.82023E+01  -0.20659E+01  -0.20376E+01   0.40000E+01   0.21582E+00
  392    28.5099  13.7506  -0.82462E+01  -0.20786E+01  -0.20503E+01   0.40000E+01   0.19848E+00
  393    28.7665  13.7521  -0.82905E+01  -0.20915E+01  -0.20632E+01   0.40000E+01   0.18234E+00
  394    29.0253  13.7535  -0.83349E+01  -0.21044E+01  -0.20761E+01   0.40000E+01   0.16747E+00
  395    29.2863  13.7549  -0.83796E+01  -0.21175E+01  -0.20892E+01   0.40000E+01   0.15384E+00
  396    29.5496  13.7563  -0.84244E+01  -0.21305E+01  -0.21022E+01   0.40000E+01   0.14126E+00
  397    29.8152  13.7577  -0.84695E+01  -0.21437E+01  -0.21154E+01   0.40000E+01   0.12956E+00
  398    30.0831  13.7590  -0.85148E+01  -0.21569E+01  -0.21286E+01   0.40000E+01   0.11882E+00
  399    30.3534  13.7604  -0.85602E+01  -0.21702E+01  -0.21419E+01   0.40000E+01   0.10883E+00
  400    30.6259  13.7617  -0.86059E+01  -0.21835E+01  -0.21552E+01   0.40000E+01   0.99771E-01
