    1     0.0001   0.0014  -0.30518E-04  -0.13461E-05   0.26784E-01   0.50521E+01   0.32159E+05
    2     0.0088   0.1221  -0.41245E-02  -0.54708E-03   0.26238E-01   0.50333E+01   0.51016E+05
    3     0.0176   0.2423  -0.86046E-02  -0.11985E-02   0.25586E-01   0.50156E+01   0.53417E+05
    4     0.0264   0.3621  -0.13296E-01  -0.19032E-02   0.24882E-01   0.49984E+01   0.55013E+05
    5     0.0353   0.4814  -0.18145E-01  -0.26449E-02   0.24140E-01   0.49817E+01   0.56352E+05
    6     0.0443   0.6003  -0.23138E-01  -0.34198E-02   0.23365E-01   0.49653E+01   0.57439E+05
    7     0.0534   0.7188  -0.28254E-01  -0.42223E-02   0.22563E-01   0.49492E+01   0.58343E+05
    8     0.0626   0.8368  -0.33489E-01  -0.50503E-02   0.21735E-01   0.49334E+01   0.59153E+05
    9     0.0718   0.9543  -0.38834E-01  -0.59018E-02   0.20883E-01   0.49179E+01   0.59907E+05
   10     0.0811   1.0713  -0.44288E-01  -0.67766E-02   0.20008E-01   0.49027E+01   0.60578E+05
   11     0.0905   1.1879  -0.49853E-01  -0.76754E-02   0.19110E-01   0.48876E+01   0.61212E+05
   12     0.1000   1.3039  -0.55509E-01  -0.85920E-02   0.18193E-01   0.48728E+01   0.61765E+05
   13     0.1096   1.4195  -0.61266E-01  -0.95301E-02   0.17255E-01   0.48582E+01   0.62295E+05
   14     0.1192   1.5346  -0.67121E-01  -0.10488E-01   0.16297E-01   0.48439E+01   0.62792E+05
   15     0.1290   1.6491  -0.73075E-01  -0.11467E-01   0.15318E-01   0.48297E+01   0.63236E+05
   16     0.1388   1.7632  -0.79124E-01  -0.12466E-01   0.14319E-01   0.48158E+01   0.63670E+05
   17     0.1487   1.8767  -0.85268E-01  -0.13483E-01   0.13301E-01   0.48020E+01   0.64050E+05
   18     0.1587   1.9897  -0.91505E-01  -0.14521E-01   0.12264E-01   0.47885E+01   0.64422E+05
   19     0.1687   2.1021  -0.97836E-01  -0.15578E-01   0.11207E-01   0.47751E+01   0.64760E+05
   20     0.1789   2.2140  -0.10426E+00  -0.16654E-01   0.10131E-01   0.47620E+01   0.65059E+05
   21     0.1891   2.3254  -0.11078E+00  -0.17750E-01   0.90353E-02   0.47490E+01   0.65352E+05
   22     0.1995   2.4362  -0.11738E+00  -0.18864E-01   0.79209E-02   0.47362E+01   0.65609E+05
   23     0.2099   2.5465  -0.12408E+00  -0.19998E-01   0.67871E-02   0.47236E+01   0.65847E+05
   24     0.2204   2.6562  -0.13087E+00  -0.21150E-01   0.56345E-02   0.47112E+01   0.66063E+05
   25     0.2310   2.7653  -0.13775E+00  -0.22322E-01   0.44632E-02   0.46990E+01   0.66258E+05
   26     0.2417   2.8738  -0.14472E+00  -0.23512E-01   0.32728E-02   0.46869E+01   0.66439E+05
   27     0.2525   2.9818  -0.15177E+00  -0.24721E-01   0.20639E-02   0.46751E+01   0.66587E+05
   28     0.2634   3.0892  -0.15892E+00  -0.25950E-01   0.83507E-03   0.46634E+01   0.66725E+05
   29     0.2744   3.1959  -0.16616E+00  -0.27198E-01  -0.41269E-03   0.46519E+01   0.66844E+05
   30     0.2855   3.3021  -0.17349E+00  -0.28465E-01  -0.16804E-02   0.46405E+01   0.66944E+05
   31     0.2967   3.4077  -0.18091E+00  -0.29753E-01  -0.29681E-02   0.46293E+01   0.67019E+05
   32     0.3079   3.5127  -0.18842E+00  -0.31062E-01  -0.42767E-02   0.46183E+01   0.67079E+05
   33     0.3193   3.6170  -0.19599E+00  -0.32378E-01  -0.55932E-02   0.46074E+01   0.67132E+05
   34     0.3308   3.7207  -0.20368E+00  -0.33728E-01  -0.69426E-02   0.45967E+01   0.67157E+05
   35     0.3423   3.8238  -0.21147E+00  -0.35097E-01  -0.83125E-02   0.45863E+01   0.67150E+05
   36     0.3540   3.9263  -0.21935E+00  -0.36488E-01  -0.97032E-02   0.45759E+01   0.67144E+05
   37     0.3658   4.0281  -0.22732E+00  -0.37900E-01  -0.11115E-01   0.45658E+01   0.67112E+05
   38     0.3777   4.1293  -0.23539E+00  -0.39332E-01  -0.12547E-01   0.45558E+01   0.67062E+05
   39     0.3896   4.2299  -0.24354E+00  -0.40786E-01  -0.14001E-01   0.45459E+01   0.66995E+05
   40     0.4017   4.3298  -0.25179E+00  -0.42260E-01  -0.15475E-01   0.45362E+01   0.66907E+05
   41     0.4139   4.4291  -0.26013E+00  -0.43755E-01  -0.16970E-01   0.45266E+01   0.66804E+05
   42     0.4262   4.5276  -0.26855E+00  -0.45270E-01  -0.18485E-01   0.45173E+01   0.66686E+05
   43     0.4386   4.6256  -0.27707E+00  -0.46806E-01  -0.20021E-01   0.45080E+01   0.66541E+05
   44     0.4511   4.7229  -0.28567E+00  -0.48362E-01  -0.21577E-01   0.44989E+01   0.66382E+05
   45     0.4637   4.8195  -0.29436E+00  -0.49939E-01  -0.23154E-01   0.44900E+01   0.66211E+05
   46     0.4764   4.9154  -0.30315E+00  -0.51537E-01  -0.24752E-01   0.44812E+01   0.66022E+05
   47     0.4893   5.0106  -0.31201E+00  -0.53155E-01  -0.26370E-01   0.44725E+01   0.65818E+05
   48     0.5022   5.1052  -0.32097E+00  -0.54794E-01  -0.28009E-01   0.44640E+01   0.65594E+05
   49     0.5153   5.1991  -0.33002E+00  -0.56454E-01  -0.29669E-01   0.44556E+01   0.65353E+05
   50     0.5285   5.2923  -0.33915E+00  -0.58135E-01  -0.31350E-01   0.44473E+01   0.65107E+05
   51     0.5417   5.3849  -0.34837E+00  -0.59837E-01  -0.33052E-01   0.44392E+01   0.64835E+05
   52     0.5552   5.4767  -0.35768E+00  -0.61560E-01  -0.34775E-01   0.44313E+01   0.64558E+05
   53     0.5687   5.5679  -0.36708E+00  -0.63304E-01  -0.36519E-01   0.44235E+01   0.64276E+05
   54     0.5823   5.6583  -0.37657E+00  -0.65071E-01  -0.38286E-01   0.44158E+01   0.63970E+05
   55     0.5961   5.7481  -0.38614E+00  -0.66857E-01  -0.40072E-01   0.44082E+01   0.63662E+05
   56     0.6099   5.8371  -0.39580E+00  -0.68664E-01  -0.41879E-01   0.44008E+01   0.63346E+05
   57     0.6239   5.9255  -0.40555E+00  -0.70493E-01  -0.43708E-01   0.43935E+01   0.63014E+05
   58     0.6381   6.0132  -0.41539E+00  -0.72343E-01  -0.45558E-01   0.43863E+01   0.62671E+05
   59     0.6523   6.1001  -0.42531E+00  -0.74216E-01  -0.47431E-01   0.43793E+01   0.62313E+05
   60     0.6667   6.1864  -0.43533E+00  -0.76111E-01  -0.49326E-01   0.43724E+01   0.61939E+05
   61     0.6812   6.2719  -0.44544E+00  -0.78030E-01  -0.51245E-01   0.43656E+01   0.61553E+05
   62     0.6958   6.3568  -0.45564E+00  -0.79971E-01  -0.53186E-01   0.43589E+01   0.61151E+05
   63     0.7105   6.4409  -0.46593E+00  -0.81936E-01  -0.55151E-01   0.43524E+01   0.60743E+05
   64     0.7254   6.5244  -0.47630E+00  -0.83922E-01  -0.57137E-01   0.43460E+01   0.60312E+05
   65     0.7404   6.6071  -0.48677E+00  -0.85929E-01  -0.59144E-01   0.43397E+01   0.59873E+05
   66     0.7555   6.6891  -0.49731E+00  -0.87957E-01  -0.61172E-01   0.43335E+01   0.59422E+05
   67     0.7708   6.7704  -0.50793E+00  -0.90005E-01  -0.63220E-01   0.43274E+01   0.58961E+05
   68     0.7862   6.8511  -0.51864E+00  -0.92072E-01  -0.65287E-01   0.43214E+01   0.58491E+05
   69     0.8017   6.9310  -0.52942E+00  -0.94160E-01  -0.67375E-01   0.43155E+01   0.58012E+05
   70     0.8174   7.0102  -0.54028E+00  -0.96267E-01  -0.69482E-01   0.43097E+01   0.57527E+05
   71     0.8332   7.0886  -0.55122E+00  -0.98393E-01  -0.71608E-01   0.43040E+01   0.57040E+05
   72     0.8491   7.1664  -0.56224E+00  -0.10054E+00  -0.73755E-01   0.42984E+01   0.56545E+05
   73     0.8652   7.2435  -0.57335E+00  -0.10271E+00  -0.75925E-01   0.42929E+01   0.56049E+05
   74     0.8814   7.3199  -0.58454E+00  -0.10490E+00  -0.78117E-01   0.42875E+01   0.55547E+05
   75     0.8977   7.3956  -0.59582E+00  -0.10712E+00  -0.80330E-01   0.42823E+01   0.55041E+05
   76     0.9142   7.4705  -0.60719E+00  -0.10935E+00  -0.82567E-01   0.42771E+01   0.54533E+05
   77     0.9309   7.5448  -0.61864E+00  -0.11161E+00  -0.84827E-01   0.42720E+01   0.54020E+05
   78     0.9477   7.6184  -0.63018E+00  -0.11389E+00  -0.87109E-01   0.42670E+01   0.53499E+05
   79     0.9646   7.6913  -0.64180E+00  -0.11620E+00  -0.89413E-01   0.42621E+01   0.52968E+05
   80     0.9817   7.7635  -0.65351E+00  -0.11852E+00  -0.91740E-01   0.42574E+01   0.52427E+05
   81     0.9989   7.8350  -0.66530E+00  -0.12087E+00  -0.94088E-01   0.42527E+01   0.51881E+05
   82     1.0163   7.9058  -0.67717E+00  -0.12324E+00  -0.96459E-01   0.42481E+01   0.51324E+05
   83     1.0338   7.9759  -0.68913E+00  -0.12564E+00  -0.98852E-01   0.42435E+01   0.50758E+05
   84     1.0515   8.0453  -0.70116E+00  -0.12805E+00  -0.10126E+00   0.42391E+01   0.50186E+05
   85     1.0693   8.1141  -0.71326E+00  -0.13048E+00  -0.10370E+00   0.42347E+01   0.49614E+05
   86     1.0873   8.1821  -0.72544E+00  -0.13293E+00  -0.10615E+00   0.42304E+01   0.49036E+05
   87     1.1055   8.2495  -0.73769E+00  -0.13540E+00  -0.10862E+00   0.42262E+01   0.48459E+05
   88     1.1238   8.3162  -0.75001E+00  -0.13789E+00  -0.11110E+00   0.42221E+01   0.47876E+05
   89     1.1423   8.3823  -0.76241E+00  -0.14040E+00  -0.11361E+00   0.42180E+01   0.47294E+05
   90     1.1609   8.4477  -0.77488E+00  -0.14293E+00  -0.11614E+00   0.42141E+01   0.46715E+05
   91     1.1797   8.5124  -0.78743E+00  -0.14548E+00  -0.11869E+00   0.42101E+01   0.46137E+05
   92     1.1986   8.5764  -0.80006E+00  -0.14805E+00  -0.12126E+00   0.42063E+01   0.45561E+05
   93     1.2177   8.6398  -0.81277E+00  -0.15064E+00  -0.12386E+00   0.42026E+01   0.44985E+05
   94     1.2370   8.7025  -0.82556E+00  -0.15326E+00  -0.12647E+00   0.41989E+01   0.44414E+05
   95     1.2565   8.7646  -0.83842E+00  -0.15589E+00  -0.12911E+00   0.41953E+01   0.43843E+05
   96     1.2761   8.8260  -0.85136E+00  -0.15855E+00  -0.13176E+00   0.41917E+01   0.43268E+05
   97     1.2959   8.8868  -0.86438E+00  -0.16123E+00  -0.13444E+00   0.41882E+01   0.42696E+05
   98     1.3158   8.9469  -0.87748E+00  -0.16393E+00  -0.13714E+00   0.41848E+01   0.42106E+05
   99     1.3360   9.0065  -0.89066E+00  -0.16665E+00  -0.13987E+00   0.41815E+01   0.41527E+05
  100     1.3563   9.0653  -0.90392E+00  -0.16940E+00  -0.14261E+00   0.41782E+01   0.40947E+05
  101     1.3767   9.1236  -0.91725E+00  -0.17216E+00  -0.14538E+00   0.41750E+01   0.40368E+05
  102     1.3974   9.1812  -0.93067E+00  -0.17495E+00  -0.14816E+00   0.41718E+01   0.39787E+05
  103     1.4183   9.2382  -0.94412E+00  -0.17775E+00  -0.15096E+00   0.41687E+01   0.39209E+05
  104     1.4393   9.2945  -0.95765E+00  -0.18057E+00  -0.15378E+00   0.41657E+01   0.38630E+05
  105     1.4605   9.3503  -0.97127E+00  -0.18341E+00  -0.15663E+00   0.41627E+01   0.38050E+05
  106     1.4819   9.4054  -0.98496E+00  -0.18628E+00  -0.15949E+00   0.41598E+01   0.37472E+05
  107     1.5035   9.4600  -0.99872E+00  -0.18916E+00  -0.16237E+00   0.41569E+01   0.36893E+05
  108     1.5252   9.5139  -0.10126E+01  -0.19206E+00  -0.16528E+00   0.41541E+01   0.36365E+05
  109     1.5472   9.5673  -0.10265E+01  -0.19499E+00  -0.16820E+00   0.41513E+01   0.35765E+05
  110     1.5693   9.6200  -0.10404E+01  -0.19793E+00  -0.17115E+00   0.41486E+01   0.35206E+05
  111     1.5917   9.6722  -0.10545E+01  -0.20089E+00  -0.17411E+00   0.41459E+01   0.34646E+05
  112     1.6142   9.7238  -0.10686E+01  -0.20387E+00  -0.17709E+00   0.41433E+01   0.34092E+05
  113     1.6369   9.7748  -0.10829E+01  -0.20692E+00  -0.18013E+00   0.41408E+01   0.33533E+05
  114     1.6598   9.8252  -0.10970E+01  -0.20991E+00  -0.18312E+00   0.41382E+01   0.32991E+05
  115     1.6830   9.8751  -0.11113E+01  -0.21295E+00  -0.18617E+00   0.41357E+01   0.32446E+05
  116     1.7063   9.9244  -0.11257E+01  -0.21602E+00  -0.18923E+00   0.41333E+01   0.31908E+05
  117     1.7298   9.9731  -0.11402E+01  -0.21911E+00  -0.19232E+00   0.41309E+01   0.31347E+05
  118     1.7536  10.0213  -0.11547E+01  -0.22221E+00  -0.19543E+00   0.41286E+01   0.30826E+05
  119     1.7775  10.0689  -0.11694E+01  -0.22534E+00  -0.19855E+00   0.41263E+01   0.30299E+05
  120     1.8016  10.1160  -0.11840E+01  -0.22848E+00  -0.20170E+00   0.41241E+01   0.29772E+05
  121     1.8260  10.1626  -0.11988E+01  -0.23165E+00  -0.20486E+00   0.41219E+01   0.29249E+05
  122     1.8506  10.2086  -0.12136E+01  -0.23483E+00  -0.20805E+00   0.41197E+01   0.28731E+05
  123     1.8753  10.2541  -0.12285E+01  -0.23804E+00  -0.21125E+00   0.41176E+01   0.28220E+05
  124     1.9003  10.2990  -0.12434E+01  -0.24126E+00  -0.21448E+00   0.41155E+01   0.27713E+05
  125     1.9256  10.3434  -0.12584E+01  -0.24451E+00  -0.21773E+00   0.41135E+01   0.27212E+05
  126     1.9510  10.3873  -0.12735E+01  -0.24778E+00  -0.22099E+00   0.41115E+01   0.26716E+05
  127     1.9766  10.4307  -0.12886E+01  -0.25106E+00  -0.22428E+00   0.41095E+01   0.26227E+05
  128     2.0025  10.4736  -0.13039E+01  -0.25437E+00  -0.22758E+00   0.41075E+01   0.25739E+05
  129     2.0286  10.5160  -0.13192E+01  -0.25770E+00  -0.23091E+00   0.41057E+01   0.25254E+05
  130     2.0550  10.5579  -0.13345E+01  -0.26105E+00  -0.23426E+00   0.41038E+01   0.24774E+05
  131     2.0815  10.5993  -0.13500E+01  -0.26441E+00  -0.23763E+00   0.41020E+01   0.24298E+05
  132     2.1083  10.6402  -0.13654E+01  -0.26780E+00  -0.24102E+00   0.41002E+01   0.23829E+05
  133     2.1353  10.6806  -0.13810E+01  -0.27121E+00  -0.24442E+00   0.40984E+01   0.23367E+05
  134     2.1626  10.7205  -0.13966E+01  -0.27463E+00  -0.24785E+00   0.40967E+01   0.22910E+05
  135     2.1901  10.7600  -0.14123E+01  -0.27807E+00  -0.25129E+00   0.40950E+01   0.22460E+05
  136     2.2178  10.7990  -0.14280E+01  -0.28154E+00  -0.25475E+00   0.40933E+01   0.22015E+05
  137     2.2458  10.8375  -0.14439E+01  -0.28502E+00  -0.25823E+00   0.40917E+01   0.21577E+05
  138     2.2740  10.8756  -0.14597E+01  -0.28853E+00  -0.26174E+00   0.40901E+01   0.21146E+05
  139     2.3025  10.9132  -0.14757E+01  -0.29206E+00  -0.26527E+00   0.40885E+01   0.20718E+05
  140     2.3312  10.9504  -0.14917E+01  -0.29561E+00  -0.26882E+00   0.40870E+01   0.20296E+05
  141     2.3602  10.9871  -0.15078E+01  -0.29918E+00  -0.27239E+00   0.40855E+01   0.19878E+05
  142     2.3894  11.0234  -0.15240E+01  -0.30277E+00  -0.27598E+00   0.40840E+01   0.19462E+05
  143     2.4188  11.0592  -0.15402E+01  -0.30638E+00  -0.27959E+00   0.40825E+01   0.19052E+05
  144     2.4486  11.0946  -0.15565E+01  -0.31000E+00  -0.28322E+00   0.40811E+01   0.18648E+05
  145     2.4785  11.1296  -0.15729E+01  -0.31365E+00  -0.28687E+00   0.40797E+01   0.18251E+05
  146     2.5088  11.1641  -0.15893E+01  -0.31731E+00  -0.29053E+00   0.40783E+01   0.17863E+05
  147     2.5393  11.1982  -0.16057E+01  -0.32100E+00  -0.29421E+00   0.40770E+01   0.17480E+05
  148     2.5701  11.2320  -0.16223E+01  -0.32470E+00  -0.29792E+00   0.40756E+01   0.17104E+05
  149     2.6011  11.2653  -0.16389E+01  -0.32843E+00  -0.30165E+00   0.40743E+01   0.16733E+05
  150     2.6324  11.2982  -0.16556E+01  -0.33218E+00  -0.30540E+00   0.40730E+01   0.16369E+05
  151     2.6640  11.3306  -0.16723E+01  -0.33595E+00  -0.30917E+00   0.40718E+01   0.16010E+05
  152     2.6958  11.3627  -0.16891E+01  -0.33975E+00  -0.31296E+00   0.40706E+01   0.15655E+05
  153     2.7280  11.3944  -0.17060E+01  -0.34356E+00  -0.31677E+00   0.40693E+01   0.15305E+05
  154     2.7604  11.4258  -0.17230E+01  -0.34739E+00  -0.32061E+00   0.40682E+01   0.14959E+05
  155     2.7931  11.4567  -0.17400E+01  -0.35125E+00  -0.32446E+00   0.40670E+01   0.14617E+05
  156     2.8260  11.4872  -0.17571E+01  -0.35512E+00  -0.32833E+00   0.40658E+01   0.14283E+05
  157     2.8593  11.5174  -0.17742E+01  -0.35901E+00  -0.33223E+00   0.40647E+01   0.13954E+05
  158     2.8929  11.5472  -0.17914E+01  -0.36292E+00  -0.33614E+00   0.40636E+01   0.13631E+05
  159     2.9267  11.5766  -0.18087E+01  -0.36685E+00  -0.34007E+00   0.40625E+01   0.13309E+05
  160     2.9608  11.6057  -0.18260E+01  -0.37081E+00  -0.34402E+00   0.40615E+01   0.12997E+05
  161     2.9953  11.6344  -0.18434E+01  -0.37478E+00  -0.34800E+00   0.40604E+01   0.12693E+05
  162     3.0300  11.6628  -0.18609E+01  -0.37878E+00  -0.35200E+00   0.40594E+01   0.12395E+05
  163     3.0651  11.6908  -0.18784E+01  -0.38278E+00  -0.35600E+00   0.40584E+01   0.12102E+05
  164     3.1004  11.7184  -0.18960E+01  -0.38682E+00  -0.36003E+00   0.40574E+01   0.11812E+05
  165     3.1360  11.7458  -0.19137E+01  -0.39088E+00  -0.36410E+00   0.40564E+01   0.11527E+05
  166     3.1720  11.7727  -0.19314E+01  -0.39497E+00  -0.36818E+00   0.40554E+01   0.11248E+05
  167     3.2083  11.7994  -0.19493E+01  -0.39907E+00  -0.37229E+00   0.40545E+01   0.10975E+05
  168     3.2449  11.8257  -0.19671E+01  -0.40320E+00  -0.37641E+00   0.40536E+01   0.10705E+05
  169     3.2818  11.8517  -0.19851E+01  -0.40734E+00  -0.38056E+00   0.40527E+01   0.10438E+05
  170     3.3190  11.8773  -0.20031E+01  -0.41150E+00  -0.38472E+00   0.40518E+01   0.10177E+05
  171     3.3565  11.9026  -0.20211E+01  -0.41569E+00  -0.38890E+00   0.40509E+01   0.99226E+04
  172     3.3944  11.9277  -0.20393E+01  -0.41990E+00  -0.39311E+00   0.40501E+01   0.96731E+04
  173     3.4326  11.9524  -0.20575E+01  -0.42412E+00  -0.39734E+00   0.40492E+01   0.94284E+04
  174     3.4712  11.9768  -0.20758E+01  -0.42837E+00  -0.40159E+00   0.40484E+01   0.91886E+04
  175     3.5100  12.0009  -0.20941E+01  -0.43265E+00  -0.40586E+00   0.40476E+01   0.89533E+04
  176     3.5492  12.0246  -0.21125E+01  -0.43694E+00  -0.41016E+00   0.40468E+01   0.87232E+04
  177     3.5888  12.0481  -0.21310E+01  -0.44126E+00  -0.41447E+00   0.40460E+01   0.84969E+04
  178     3.6287  12.0713  -0.21495E+01  -0.44559E+00  -0.41881E+00   0.40452E+01   0.82749E+04
  179     3.6689  12.0942  -0.21681E+01  -0.44995E+00  -0.42317E+00   0.40445E+01   0.80576E+04
  180     3.7095  12.1169  -0.21868E+01  -0.45433E+00  -0.42755E+00   0.40437E+01   0.78451E+04
  181     3.7505  12.1392  -0.22056E+01  -0.45873E+00  -0.43195E+00   0.40430E+01   0.76376E+04
  182     3.7918  12.1612  -0.22244E+01  -0.46316E+00  -0.43637E+00   0.40423E+01   0.74349E+04
  183     3.8334  12.1830  -0.22432E+01  -0.46760E+00  -0.44082E+00   0.40416E+01   0.72359E+04
  184     3.8754  12.2045  -0.22622E+01  -0.47207E+00  -0.44529E+00   0.40409E+01   0.70413E+04
  185     3.9178  12.2257  -0.22812E+01  -0.47657E+00  -0.44978E+00   0.40402E+01   0.68500E+04
  186     3.9606  12.2467  -0.23003E+01  -0.48108E+00  -0.45430E+00   0.40395E+01   0.66630E+04
  187     4.0037  12.2674  -0.23195E+01  -0.48562E+00  -0.45884E+00   0.40389E+01   0.64800E+04
  188     4.0472  12.2878  -0.23387E+01  -0.49018E+00  -0.46339E+00   0.40382E+01   0.63010E+04
  189     4.0911  12.3080  -0.23580E+01  -0.49476E+00  -0.46797E+00   0.40376E+01   0.61262E+04
  190     4.1353  12.3279  -0.23774E+01  -0.49936E+00  -0.47257E+00   0.40370E+01   0.59558E+04
  191     4.1800  12.3476  -0.23968E+01  -0.50398E+00  -0.47720E+00   0.40364E+01   0.57892E+04
  192     4.2250  12.3670  -0.24163E+01  -0.50863E+00  -0.48185E+00   0.40358E+01   0.56268E+04
  193     4.2705  12.3862  -0.24359E+01  -0.51331E+00  -0.48652E+00   0.40352E+01   0.54681E+04
  194     4.3163  12.4051  -0.24556E+01  -0.51800E+00  -0.49122E+00   0.40346E+01   0.53125E+04
  195     4.3625  12.4238  -0.24753E+01  -0.52272E+00  -0.49594E+00   0.40340E+01   0.51603E+04
  196     4.4091  12.4423  -0.24951E+01  -0.52747E+00  -0.50068E+00   0.40335E+01   0.50112E+04
  197     4.4561  12.4605  -0.25150E+01  -0.53223E+00  -0.50545E+00   0.40329E+01   0.48657E+04
  198     4.5036  12.4785  -0.25349E+01  -0.53702E+00  -0.51023E+00   0.40324E+01   0.47236E+04
  199     4.5514  12.4962  -0.25549E+01  -0.54183E+00  -0.51504E+00   0.40319E+01   0.45853E+04
  200     4.5997  12.5138  -0.25750E+01  -0.54666E+00  -0.51988E+00   0.40313E+01   0.44504E+04
  201     4.6484  12.5311  -0.25951E+01  -0.55152E+00  -0.52473E+00   0.40308E+01   0.43191E+04
  202     4.6975  12.5482  -0.26153E+01  -0.55640E+00  -0.52962E+00   0.40303E+01   0.41913E+04
  203     4.7470  12.5650  -0.26356E+01  -0.56131E+00  -0.53452E+00   0.40298E+01   0.40666E+04
  204     4.7970  12.5817  -0.26560E+01  -0.56624E+00  -0.53946E+00   0.40293E+01   0.39448E+04
  205     4.8474  12.5981  -0.26765E+01  -0.57120E+00  -0.54441E+00   0.40289E+01   0.38255E+04
  206     4.8982  12.6144  -0.26970E+01  -0.57618E+00  -0.54940E+00   0.40284E+01   0.37095E+04
  207     4.9495  12.6304  -0.27176E+01  -0.58119E+00  -0.55440E+00   0.40279E+01   0.35960E+04
  208     5.0012  12.6462  -0.27383E+01  -0.58621E+00  -0.55943E+00   0.40275E+01   0.34846E+04
  209     5.0534  12.6619  -0.27590E+01  -0.59127E+00  -0.56448E+00   0.40270E+01   0.33766E+04
  210     5.1060  12.6773  -0.27798E+01  -0.59634E+00  -0.56956E+00   0.40266E+01   0.32718E+04
  211     5.1591  12.6925  -0.28007E+01  -0.60144E+00  -0.57466E+00   0.40262E+01   0.31697E+04
  212     5.2126  12.7076  -0.28217E+01  -0.60656E+00  -0.57978E+00   0.40258E+01   0.30707E+04
  213     5.2667  12.7224  -0.28427E+01  -0.61171E+00  -0.58492E+00   0.40253E+01   0.29751E+04
  214     5.3211  12.7371  -0.28638E+01  -0.61688E+00  -0.59010E+00   0.40249E+01   0.28816E+04
  215     5.3761  12.7515  -0.28850E+01  -0.62209E+00  -0.59531E+00   0.40245E+01   0.27903E+04
  216     5.4315  12.7658  -0.29063E+01  -0.62733E+00  -0.60054E+00   0.40241E+01   0.27011E+04
  217     5.4874  12.7799  -0.29277E+01  -0.63259E+00  -0.60580E+00   0.40238E+01   0.26138E+04
  218     5.5438  12.7938  -0.29491E+01  -0.63787E+00  -0.61108E+00   0.40234E+01   0.25285E+04
  219     5.6007  12.8076  -0.29707E+01  -0.64317E+00  -0.61639E+00   0.40230E+01   0.24459E+04
  220     5.6581  12.8211  -0.29922E+01  -0.64850E+00  -0.62171E+00   0.40226E+01   0.23657E+04
  221     5.7160  12.8345  -0.30139E+01  -0.65385E+00  -0.62706E+00   0.40223E+01   0.22883E+04
  222     5.7744  12.8477  -0.30356E+01  -0.65923E+00  -0.63244E+00   0.40219E+01   0.22128E+04
  223     5.8333  12.8608  -0.30575E+01  -0.66464E+00  -0.63785E+00   0.40216E+01   0.21396E+04
  224     5.8927  12.8737  -0.30794E+01  -0.67007E+00  -0.64329E+00   0.40212E+01   0.20685E+04
  225     5.9526  12.8864  -0.31014E+01  -0.67553E+00  -0.64875E+00   0.40209E+01   0.19991E+04
  226     6.0131  12.8990  -0.31234E+01  -0.68102E+00  -0.65424E+00   0.40206E+01   0.19316E+04
  227     6.0740  12.9114  -0.31456E+01  -0.68654E+00  -0.65975E+00   0.40202E+01   0.18662E+04
  228     6.1355  12.9236  -0.31678E+01  -0.69207E+00  -0.66529E+00   0.40199E+01   0.18027E+04
  229     6.1976  12.9357  -0.31901E+01  -0.69764E+00  -0.67086E+00   0.40196E+01   0.17410E+04
  230     6.2602  12.9476  -0.32125E+01  -0.70324E+00  -0.67645E+00   0.40193E+01   0.16813E+04
  231     6.3233  12.9594  -0.32350E+01  -0.70886E+00  -0.68208E+00   0.40190E+01   0.16231E+04
  232     6.3869  12.9710  -0.32575E+01  -0.71451E+00  -0.68773E+00   0.40187E+01   0.15669E+04
  233     6.4512  12.9825  -0.32802E+01  -0.72019E+00  -0.69341E+00   0.40184E+01   0.15119E+04
  234     6.5159  12.9938  -0.33029E+01  -0.72590E+00  -0.69911E+00   0.40181E+01   0.14588E+04
  235     6.5813  13.0050  -0.33257E+01  -0.73163E+00  -0.70484E+00   0.40178E+01   0.14074E+04
  236     6.6472  13.0160  -0.33486E+01  -0.73739E+00  -0.71060E+00   0.40175E+01   0.13574E+04
  237     6.7137  13.0269  -0.33716E+01  -0.74318E+00  -0.71639E+00   0.40173E+01   0.13093E+04
  238     6.7807  13.0377  -0.33946E+01  -0.74899E+00  -0.72221E+00   0.40170E+01   0.12624E+04
  239     6.8484  13.0483  -0.34178E+01  -0.75484E+00  -0.72806E+00   0.40167E+01   0.12169E+04
  240     6.9166  13.0588  -0.34410E+01  -0.76072E+00  -0.73393E+00   0.40165E+01   0.11729E+04
  241     6.9854  13.0691  -0.34644E+01  -0.76662E+00  -0.73984E+00   0.40162E+01   0.11301E+04
  242     7.0549  13.0794  -0.34878E+01  -0.77255E+00  -0.74577E+00   0.40160E+01   0.10886E+04
  243     7.1249  13.0894  -0.35113E+01  -0.77851E+00  -0.75173E+00   0.40157E+01   0.10485E+04
  244     7.1955  13.0994  -0.35349E+01  -0.78450E+00  -0.75772E+00   0.40155E+01   0.10099E+04
  245     7.2668  13.1092  -0.35585E+01  -0.79052E+00  -0.76374E+00   0.40152E+01   0.97235E+03
  246     7.3387  13.1189  -0.35823E+01  -0.79657E+00  -0.76978E+00   0.40150E+01   0.93615E+03
  247     7.4112  13.1285  -0.36061E+01  -0.80265E+00  -0.77586E+00   0.40148E+01   0.90120E+03
  248     7.4843  13.1380  -0.36301E+01  -0.80876E+00  -0.78197E+00   0.40145E+01   0.86724E+03
  249     7.5580  13.1473  -0.36541E+01  -0.81490E+00  -0.78812E+00   0.40143E+01   0.83430E+03
  250     7.6324  13.1565  -0.36783E+01  -0.82107E+00  -0.79429E+00   0.40141E+01   0.80241E+03
  251     7.7075  13.1656  -0.37025E+01  -0.82728E+00  -0.80049E+00   0.40139E+01   0.77163E+03
  252     7.7832  13.1746  -0.37268E+01  -0.83350E+00  -0.80672E+00   0.40137E+01   0.74183E+03
  253     7.8596  13.1834  -0.37512E+01  -0.83976E+00  -0.81297E+00   0.40135E+01   0.71316E+03
  254     7.9366  13.1922  -0.37757E+01  -0.84605E+00  -0.81926E+00   0.40133E+01   0.68541E+03
  255     8.0143  13.2008  -0.38003E+01  -0.85237E+00  -0.82558E+00   0.40131E+01   0.65877E+03
  256     8.0926  13.2093  -0.38249E+01  -0.85872E+00  -0.83194E+00   0.40129E+01   0.63308E+03
  257     8.1717  13.2178  -0.38497E+01  -0.86511E+00  -0.83832E+00   0.40127E+01   0.60796E+03
  258     8.2514  13.2261  -0.38746E+01  -0.87153E+00  -0.84474E+00   0.40125E+01   0.58369E+03
  259     8.3319  13.2343  -0.38996E+01  -0.87798E+00  -0.85120E+00   0.40123E+01   0.56046E+03
  260     8.4130  13.2424  -0.39246E+01  -0.88446E+00  -0.85768E+00   0.40121E+01   0.53794E+03
  261     8.4948  13.2503  -0.39498E+01  -0.89097E+00  -0.86418E+00   0.40119E+01   0.51625E+03
  262     8.5774  13.2582  -0.39750E+01  -0.89751E+00  -0.87073E+00   0.40117E+01   0.49531E+03
  263     8.6606  13.2660  -0.40004E+01  -0.90409E+00  -0.87730E+00   0.40116E+01   0.47523E+03
  264     8.7446  13.2737  -0.40258E+01  -0.91070E+00  -0.88391E+00   0.40114E+01   0.45572E+03
  265     8.8293  13.2813  -0.40514E+01  -0.91734E+00  -0.89056E+00   0.40112E+01   0.43692E+03
  266     8.9148  13.2888  -0.40770E+01  -0.92401E+00  -0.89723E+00   0.40110E+01   0.41888E+03
  267     9.0010  13.2962  -0.41028E+01  -0.93072E+00  -0.90394E+00   0.40109E+01   0.40150E+03
  268     9.0879  13.3035  -0.41286E+01  -0.93746E+00  -0.91067E+00   0.40107E+01   0.38475E+03
  269     9.1756  13.3107  -0.41546E+01  -0.94424E+00  -0.91745E+00   0.40106E+01   0.36857E+03
  270     9.2641  13.3178  -0.41807E+01  -0.95105E+00  -0.92426E+00   0.40104E+01   0.35307E+03
  271     9.3534  13.3248  -0.42068E+01  -0.95789E+00  -0.93111E+00   0.40102E+01   0.33802E+03
  272     9.4434  13.3317  -0.42331E+01  -0.96477E+00  -0.93799E+00   0.40101E+01   0.32359E+03
  273     9.5342  13.3386  -0.42594E+01  -0.97168E+00  -0.94489E+00   0.40099E+01   0.30973E+03
  274     9.6257  13.3453  -0.42859E+01  -0.97862E+00  -0.95184E+00   0.40098E+01   0.29642E+03
  275     9.7181  13.3520  -0.43125E+01  -0.98561E+00  -0.95882E+00   0.40096E+01   0.28368E+03
  276     9.8113  13.3586  -0.43391E+01  -0.99262E+00  -0.96584E+00   0.40095E+01   0.27113E+03
  277     9.9053  13.3651  -0.43659E+01  -0.99968E+00  -0.97289E+00   0.40094E+01   0.25939E+03
  278    10.0001  13.3715  -0.43926E+01  -0.10067E+01  -0.97991E+00   0.40092E+01   0.24800E+03
  279    10.0957  13.3778  -0.44198E+01  -0.10139E+01  -0.98711E+00   0.40091E+01   0.23690E+03
  280    10.1922  13.3841  -0.44469E+01  -0.10210E+01  -0.99426E+00   0.40090E+01   0.22634E+03
  281    10.2895  13.3902  -0.44741E+01  -0.10282E+01  -0.10014E+01   0.40088E+01   0.21619E+03
  282    10.3877  13.3963  -0.45014E+01  -0.10355E+01  -0.10087E+01   0.40087E+01   0.20658E+03
  283    10.4867  13.4023  -0.45289E+01  -0.10427E+01  -0.10159E+01   0.40086E+01   0.19730E+03
  284    10.5865  13.4083  -0.45564E+01  -0.10500E+01  -0.10232E+01   0.40084E+01   0.18834E+03
  285    10.6873  13.4141  -0.45840E+01  -0.10574E+01  -0.10306E+01   0.40083E+01   0.17974E+03
  286    10.7889  13.4199  -0.46118E+01  -0.10647E+01  -0.10380E+01   0.40082E+01   0.17148E+03
  287    10.8914  13.4256  -0.46397E+01  -0.10722E+01  -0.10454E+01   0.40081E+01   0.16357E+03
  288    10.9947  13.4312  -0.46677E+01  -0.10796E+01  -0.10528E+01   0.40080E+01   0.15599E+03
  289    11.0990  13.4368  -0.46958E+01  -0.10871E+01  -0.10603E+01   0.40079E+01   0.14873E+03
  290    11.2042  13.4423  -0.47240E+01  -0.10946E+01  -0.10678E+01   0.40077E+01   0.14176E+03
  291    11.3103  13.4477  -0.47523E+01  -0.11022E+01  -0.10754E+01   0.40076E+01   0.13509E+03
  292    11.4173  13.4530  -0.47807E+01  -0.11098E+01  -0.10830E+01   0.40075E+01   0.12871E+03
  293    11.5253  13.4583  -0.48093E+01  -0.11174E+01  -0.10907E+01   0.40074E+01   0.12260E+03
  294    11.6342  13.4635  -0.48380E+01  -0.11251E+01  -0.10983E+01   0.40073E+01   0.11672E+03
  295    11.7440  13.4687  -0.48668E+01  -0.11329E+01  -0.11061E+01   0.40072E+01   0.11111E+03
  296    11.8548  13.4738  -0.48957E+01  -0.11406E+01  -0.11138E+01   0.40071E+01   0.10576E+03
  297    11.9666  13.4788  -0.49247E+01  -0.11484E+01  -0.11216E+01   0.40070E+01   0.10061E+03
  298    12.0793  13.4837  -0.49539E+01  -0.11562E+01  -0.11295E+01   0.40069E+01   0.95718E+02
  299    12.1930  13.4886  -0.49831E+01  -0.11641E+01  -0.11373E+01   0.40068E+01   0.91031E+02
  300    12.3077  13.4934  -0.50125E+01  -0.11720E+01  -0.11453E+01   0.40067E+01   0.86507E+02
  301    12.4234  13.4982  -0.50420E+01  -0.11800E+01  -0.11532E+01   0.40066E+01   0.82233E+02
  302    12.5401  13.5029  -0.50717E+01  -0.11880E+01  -0.11612E+01   0.40065E+01   0.78141E+02
  303    12.6578  13.5075  -0.51014E+01  -0.11960E+01  -0.11693E+01   0.40064E+01   0.74227E+02
  304    12.7766  13.5121  -0.51313E+01  -0.12041E+01  -0.11773E+01   0.40063E+01   0.70476E+02
  305    12.8963  13.5166  -0.51613E+01  -0.12123E+01  -0.11855E+01   0.40062E+01   0.66896E+02
  306    13.0172  13.5211  -0.51914E+01  -0.12204E+01  -0.11936E+01   0.40062E+01   0.63521E+02
  307    13.1390  13.5255  -0.52217E+01  -0.12286E+01  -0.12018E+01   0.40061E+01   0.60252E+02
  308    13.2619  13.5298  -0.52521E+01  -0.12369E+01  -0.12101E+01   0.40060E+01   0.57161E+02
  309    13.3859  13.5341  -0.52826E+01  -0.12452E+01  -0.12184E+01   0.40059E+01   0.54214E+02
  310    13.5110  13.5383  -0.53133E+01  -0.12535E+01  -0.12267E+01   0.40058E+01   0.51388E+02
  311    13.6372  13.5425  -0.53440E+01  -0.12619E+01  -0.12351E+01   0.40057E+01   0.48695E+02
  312    13.7644  13.5466  -0.53749E+01  -0.12703E+01  -0.12435E+01   0.40057E+01   0.46135E+02
  313    13.8928  13.5507  -0.54060E+01  -0.12788E+01  -0.12520E+01   0.40056E+01   0.43704E+02
  314    14.0223  13.5547  -0.54371E+01  -0.12873E+01  -0.12605E+01   0.40055E+01   0.41380E+02
  315    14.1529  13.5587  -0.54684E+01  -0.12958E+01  -0.12691E+01   0.40054E+01   0.39173E+02
  316    14.2846  13.5626  -0.54998E+01  -0.13044E+01  -0.12777E+01   0.40054E+01   0.37084E+02
  317    14.4175  13.5665  -0.55314E+01  -0.13131E+01  -0.12863E+01   0.40053E+01   0.35078E+02
  318    14.5515  13.5703  -0.55631E+01  -0.13218E+01  -0.12950E+01   0.40052E+01   0.33168E+02
  319    14.6867  13.5741  -0.55949E+01  -0.13305E+01  -0.13037E+01   0.40051E+01   0.31372E+02
  320    14.8231  13.5778  -0.56269E+01  -0.13393E+01  -0.13125E+01   0.40051E+01   0.29647E+02
  321    14.9607  13.5815  -0.56590E+01  -0.13481E+01  -0.13213E+01   0.40050E+01   0.28008E+02
  322    15.0994  13.5851  -0.56913E+01  -0.13570E+01  -0.13302E+01   0.40049E+01   0.26460E+02
  323    15.2394  13.5887  -0.57237E+01  -0.13659E+01  -0.13391E+01   0.40049E+01   0.24984E+02
  324    15.3806  13.5922  -0.57562E+01  -0.13749E+01  -0.13481E+01   0.40048E+01   0.23587E+02
  325    15.5230  13.5957  -0.57888E+01  -0.13839E+01  -0.13571E+01   0.40047E+01   0.22261E+02
  326    15.6666  13.5991  -0.58216E+01  -0.13929E+01  -0.13661E+01   0.40047E+01   0.20999E+02
  327    15.8115  13.6025  -0.58546E+01  -0.14020E+01  -0.13752E+01   0.40046E+01   0.19807E+02
  328    15.9577  13.6059  -0.58877E+01  -0.14112E+01  -0.13844E+01   0.40046E+01   0.18675E+02
  329    16.1051  13.6092  -0.59209E+01  -0.14204E+01  -0.13936E+01   0.40045E+01   0.17601E+02
  330    16.2538  13.6124  -0.59543E+01  -0.14296E+01  -0.14028E+01   0.40044E+01   0.16585E+02
  331    16.4038  13.6157  -0.59878E+01  -0.14389E+01  -0.14121E+01   0.40044E+01   0.15622E+02
  332    16.5551  13.6188  -0.60215E+01  -0.14483E+01  -0.14215E+01   0.40043E+01   0.14710E+02
  333    16.7078  13.6220  -0.60553E+01  -0.14577E+01  -0.14309E+01   0.40043E+01   0.13843E+02
  334    16.8617  13.6251  -0.60893E+01  -0.14671E+01  -0.14403E+01   0.40042E+01   0.13022E+02
  335    17.0170  13.6281  -0.61234E+01  -0.14766E+01  -0.14498E+01   0.40042E+01   0.12255E+02
  336    17.1736  13.6312  -0.61577E+01  -0.14861E+01  -0.14594E+01   0.40041E+01   0.11524E+02
  337    17.3316  13.6342  -0.61921E+01  -0.14958E+01  -0.14690E+01   0.40040E+01   0.10830E+02
  338    17.4910  13.6371  -0.62267E+01  -0.15054E+01  -0.14786E+01   0.40040E+01   0.10179E+02
  339    17.6518  13.6400  -0.62614E+01  -0.15151E+01  -0.14883E+01   0.40039E+01   0.95589E+01
  340    17.8139  13.6429  -0.62963E+01  -0.15248E+01  -0.14981E+01   0.40039E+01   0.89774E+01
  341    17.9775  13.6457  -0.63313E+01  -0.15346E+01  -0.15079E+01   0.40038E+01   0.84277E+01
  342    18.1425  13.6485  -0.63666E+01  -0.15445E+01  -0.15177E+01   0.40038E+01   0.79087E+01
  343    18.3089  13.6513  -0.64019E+01  -0.15544E+01  -0.15276E+01   0.40037E+01   0.74199E+01
  344    18.4768  13.6540  -0.64374E+01  -0.15644E+01  -0.15376E+01   0.40037E+01   0.69554E+01
  345    18.6461  13.6567  -0.64731E+01  -0.15744E+01  -0.15476E+01   0.40036E+01   0.65175E+01
  346    18.8169  13.6593  -0.65089E+01  -0.15844E+01  -0.15576E+01   0.40036E+01   0.61109E+01
  347    18.9892  13.6619  -0.65449E+01  -0.15946E+01  -0.15678E+01   0.40036E+01   0.57231E+01
  348    19.1630  13.6645  -0.65810E+01  -0.16047E+01  -0.15779E+01   0.40035E+01   0.53555E+01
  349    19.3383  13.6671  -0.66174E+01  -0.16150E+01  -0.15882E+01   0.40035E+01   0.50151E+01
  350    19.5151  13.6696  -0.66537E+01  -0.16252E+01  -0.15984E+01   0.40034E+01   0.46941E+01
  351    19.6934  13.6721  -0.66905E+01  -0.16356E+01  -0.16088E+01   0.40034E+01   0.43881E+01
  352    19.8734  13.6745  -0.67273E+01  -0.16460E+01  -0.16192E+01   0.40033E+01   0.41049E+01
  353    20.0548  13.6770  -0.67643E+01  -0.16564E+01  -0.16296E+01   0.40033E+01   0.38358E+01
  354    20.2379  13.6794  -0.68014E+01  -0.16669E+01  -0.16401E+01   0.40033E+01   0.35826E+01
  355    20.4225  13.6817  -0.68387E+01  -0.16775E+01  -0.16507E+01   0.40032E+01   0.33467E+01
  356    20.6088  13.6840  -0.68762E+01  -0.16881E+01  -0.16613E+01   0.40032E+01   0.31246E+01
  357    20.7966  13.6863  -0.69139E+01  -0.16988E+01  -0.16720E+01   0.40031E+01   0.29151E+01
  358    20.9861  13.6886  -0.69517E+01  -0.17095E+01  -0.16827E+01   0.40031E+01   0.27200E+01
  359    21.1773  13.6909  -0.69897E+01  -0.17203E+01  -0.16935E+01   0.40031E+01   0.25356E+01
  360    21.3701  13.6931  -0.70279E+01  -0.17311E+01  -0.17043E+01   0.40030E+01   0.23619E+01
  361    21.5646  13.6953  -0.70662E+01  -0.17420E+01  -0.17152E+01   0.40030E+01   0.22025E+01
  362    21.7607  13.6974  -0.71047E+01  -0.17530E+01  -0.17262E+01   0.40030E+01   0.20504E+01
  363    21.9586  13.6995  -0.71434E+01  -0.17640E+01  -0.17372E+01   0.40029E+01   0.19083E+01
  364    22.1582  13.7016  -0.71824E+01  -0.17751E+01  -0.17483E+01   0.40029E+01   0.17765E+01
  365    22.3596  13.7037  -0.72213E+01  -0.17862E+01  -0.17594E+01   0.40028E+01   0.16529E+01
  366    22.5626  13.7058  -0.72606E+01  -0.17974E+01  -0.17706E+01   0.40028E+01   0.15375E+01
  367    22.7675  13.7078  -0.73002E+01  -0.18087E+01  -0.17819E+01   0.40028E+01   0.14277E+01
  368    22.9741  13.7098  -0.73396E+01  -0.18200E+01  -0.17932E+01   0.40000E+01   0.13270E+01
  369    23.1825  13.7117  -0.73794E+01  -0.18314E+01  -0.18046E+01   0.40000E+01   0.12333E+01
  370    23.3928  13.7137  -0.74194E+01  -0.18429E+01  -0.18161E+01   0.40000E+01   0.11435E+01
  371    23.6049  13.7156  -0.74597E+01  -0.18544E+01  -0.18276E+01   0.40000E+01   0.10623E+01
  372    23.8188  13.7175  -0.74999E+01  -0.18659E+01  -0.18391E+01   0.40000E+01   0.98450E+00
  373    24.0345  13.7194  -0.75404E+01  -0.18776E+01  -0.18508E+01   0.40000E+01   0.91257E+00
  374    24.2522  13.7212  -0.75811E+01  -0.18892E+01  -0.18625E+01   0.40000E+01   0.84557E+00
  375    24.4717  13.7230  -0.76220E+01  -0.19010E+01  -0.18742E+01   0.40000E+01   0.78489E+00
  376    24.6932  13.7248  -0.76632E+01  -0.19128E+01  -0.18861E+01   0.40000E+01   0.72533E+00
  377    24.9166  13.7266  -0.77044E+01  -0.19247E+01  -0.18979E+01   0.40000E+01   0.67149E+00
  378    25.1419  13.7284  -0.77459E+01  -0.19367E+01  -0.19099E+01   0.40000E+01   0.62055E+00
  379    25.3691  13.7301  -0.77875E+01  -0.19487E+01  -0.19219E+01   0.40000E+01   0.57451E+00
  380    25.5984  13.7318  -0.78295E+01  -0.19608E+01  -0.19340E+01   0.40000E+01   0.53057E+00
  381    25.8296  13.7335  -0.78715E+01  -0.19729E+01  -0.19461E+01   0.40000E+01   0.49000E+00
  382    26.0629  13.7351  -0.79138E+01  -0.19851E+01  -0.19583E+01   0.40000E+01   0.45268E+00
  383    26.2982  13.7368  -0.79562E+01  -0.19974E+01  -0.19706E+01   0.40000E+01   0.41787E+00
  384    26.5355  13.7384  -0.79989E+01  -0.20097E+01  -0.19829E+01   0.40000E+01   0.38547E+00
  385    26.7749  13.7400  -0.80418E+01  -0.20221E+01  -0.19954E+01   0.40000E+01   0.35533E+00
  386    27.0164  13.7416  -0.80848E+01  -0.20346E+01  -0.20078E+01   0.40000E+01   0.32747E+00
  387    27.2599  13.7431  -0.81281E+01  -0.20471E+01  -0.20204E+01   0.40000E+01   0.30193E+00
  388    27.5056  13.7447  -0.81715E+01  -0.20598E+01  -0.20330E+01   0.40000E+01   0.27795E+00
  389    27.7534  13.7462  -0.82152E+01  -0.20724E+01  -0.20456E+01   0.40000E+01   0.25576E+00
  390    28.0034  13.7477  -0.82590E+01  -0.20852E+01  -0.20584E+01   0.40000E+01   0.23531E+00
  391    28.2556  13.7492  -0.83032E+01  -0.20980E+01  -0.20712E+01   0.40000E+01   0.21651E+00
  392    28.5099  13.7506  -0.83474E+01  -0.21109E+01  -0.20841E+01   0.40000E+01   0.19902E+00
  393    28.7665  13.7521  -0.83919E+01  -0.21238E+01  -0.20970E+01   0.40000E+01   0.18273E+00
  394    29.0253  13.7535  -0.84365E+01  -0.21368E+01  -0.21100E+01   0.40000E+01   0.16774E+00
  395    29.2863  13.7549  -0.84815E+01  -0.21499E+01  -0.21231E+01   0.40000E+01   0.15400E+00
  396    29.5496  13.7563  -0.85265E+01  -0.21630E+01  -0.21363E+01   0.40000E+01   0.14133E+00
  397    29.8152  13.7577  -0.85719E+01  -0.21763E+01  -0.21495E+01   0.40000E+01   0.12954E+00
  398    30.0831  13.7590  -0.86174E+01  -0.21896E+01  -0.21628E+01   0.40000E+01   0.11875E+00
  399    30.3534  13.7604  -0.86631E+01  -0.22029E+01  -0.21761E+01   0.40000E+01   0.10873E+00
  400    30.6259  13.7617  -0.87090E+01  -0.22163E+01  -0.21896E+01   0.40000E+01   0.99591E-01
