    1     0.0001   0.0014  -0.30518E-04  -0.10613E-05   0.24650E-01   0.48737E+01   0.45557E+05
    2     0.0088   0.1221  -0.44469E-02  -0.62529E-03   0.24026E-01   0.48573E+01   0.77567E+05
    3     0.0176   0.2423  -0.92727E-02  -0.13633E-02   0.23288E-01   0.48419E+01   0.81105E+05
    4     0.0264   0.3621  -0.14326E-01  -0.21601E-02   0.22491E-01   0.48271E+01   0.83443E+05
    5     0.0353   0.4814  -0.19547E-01  -0.29977E-02   0.21654E-01   0.48127E+01   0.85379E+05
    6     0.0443   0.6003  -0.24920E-01  -0.38712E-02   0.20780E-01   0.47987E+01   0.86934E+05
    7     0.0534   0.7188  -0.30423E-01  -0.47744E-02   0.19877E-01   0.47849E+01   0.88197E+05
    8     0.0626   0.8368  -0.36050E-01  -0.57055E-02   0.18946E-01   0.47714E+01   0.89311E+05
    9     0.0718   0.9543  -0.41795E-01  -0.66622E-02   0.17989E-01   0.47582E+01   0.90340E+05
   10     0.0811   1.0713  -0.47654E-01  -0.76443E-02   0.17007E-01   0.47452E+01   0.91239E+05
   11     0.0905   1.1879  -0.53629E-01  -0.86523E-02   0.15999E-01   0.47325E+01   0.92074E+05
   12     0.1000   1.3039  -0.59703E-01  -0.96805E-02   0.14971E-01   0.47199E+01   0.92785E+05
   13     0.1096   1.4195  -0.65883E-01  -0.10732E-01   0.13919E-01   0.47076E+01   0.93455E+05
   14     0.1192   1.5346  -0.72167E-01  -0.11806E-01   0.12845E-01   0.46955E+01   0.94074E+05
   15     0.1290   1.6491  -0.78552E-01  -0.12901E-01   0.11750E-01   0.46836E+01   0.94609E+05
   16     0.1388   1.7632  -0.85044E-01  -0.14020E-01   0.10631E-01   0.46719E+01   0.95129E+05
   17     0.1487   1.8767  -0.91640E-01  -0.15162E-01   0.94894E-02   0.46604E+01   0.95566E+05
   18     0.1587   1.9897  -0.98326E-01  -0.16322E-01   0.83292E-02   0.46490E+01   0.95992E+05
   19     0.1687   2.1021  -0.10510E+00  -0.17501E-01   0.71506E-02   0.46378E+01   0.96370E+05
   20     0.1789   2.2140  -0.11198E+00  -0.18702E-01   0.59493E-02   0.46269E+01   0.96686E+05
   21     0.1891   2.3254  -0.11896E+00  -0.19925E-01   0.47259E-02   0.46161E+01   0.96992E+05
   22     0.1995   2.4362  -0.12603E+00  -0.21168E-01   0.34834E-02   0.46055E+01   0.97239E+05
   23     0.2099   2.5465  -0.13319E+00  -0.22431E-01   0.22207E-02   0.45950E+01   0.97460E+05
   24     0.2204   2.6562  -0.14045E+00  -0.23713E-01   0.93800E-03   0.45847E+01   0.97645E+05
   25     0.2310   2.7653  -0.14780E+00  -0.25017E-01  -0.36555E-03   0.45746E+01   0.97794E+05
   26     0.2417   2.8738  -0.15525E+00  -0.26341E-01  -0.16897E-02   0.45647E+01   0.97919E+05
   27     0.2525   2.9818  -0.16279E+00  -0.27687E-01  -0.30353E-02   0.45548E+01   0.98002E+05
   28     0.2634   3.0892  -0.17043E+00  -0.29053E-01  -0.44021E-02   0.45452E+01   0.98066E+05
   29     0.2744   3.1959  -0.17816E+00  -0.30442E-01  -0.57908E-02   0.45358E+01   0.98097E+05
   30     0.2855   3.3021  -0.18599E+00  -0.31852E-01  -0.72012E-02   0.45264E+01   0.98098E+05
   31     0.2967   3.4077  -0.19392E+00  -0.33285E-01  -0.86335E-02   0.45173E+01   0.98065E+05
   32     0.3079   3.5127  -0.20194E+00  -0.34739E-01  -0.10088E-01   0.45083E+01   0.98008E+05
   33     0.3193   3.6170  -0.21002E+00  -0.36201E-01  -0.11550E-01   0.44993E+01   0.97939E+05
   34     0.3308   3.7207  -0.21823E+00  -0.37700E-01  -0.13048E-01   0.44906E+01   0.97823E+05
   35     0.3423   3.8238  -0.22654E+00  -0.39219E-01  -0.14568E-01   0.44821E+01   0.97658E+05
   36     0.3540   3.9263  -0.23494E+00  -0.40760E-01  -0.16109E-01   0.44736E+01   0.97488E+05
   37     0.3658   4.0281  -0.24343E+00  -0.42323E-01  -0.17672E-01   0.44653E+01   0.97279E+05
   38     0.3777   4.1293  -0.25202E+00  -0.43907E-01  -0.19256E-01   0.44572E+01   0.97042E+05
   39     0.3896   4.2299  -0.26070E+00  -0.45513E-01  -0.20862E-01   0.44492E+01   0.96782E+05
   40     0.4017   4.3298  -0.26947E+00  -0.47140E-01  -0.22489E-01   0.44413E+01   0.96497E+05
   41     0.4139   4.4291  -0.27833E+00  -0.48789E-01  -0.24138E-01   0.44336E+01   0.96192E+05
   42     0.4262   4.5276  -0.28729E+00  -0.50458E-01  -0.25807E-01   0.44260E+01   0.95865E+05
   43     0.4386   4.6256  -0.29632E+00  -0.52147E-01  -0.27496E-01   0.44185E+01   0.95504E+05
   44     0.4511   4.7229  -0.30545E+00  -0.53858E-01  -0.29207E-01   0.44111E+01   0.95127E+05
   45     0.4637   4.8195  -0.31467E+00  -0.55590E-01  -0.30939E-01   0.44039E+01   0.94737E+05
   46     0.4764   4.9154  -0.32399E+00  -0.57345E-01  -0.32693E-01   0.43968E+01   0.94322E+05
   47     0.4893   5.0106  -0.33339E+00  -0.59121E-01  -0.34470E-01   0.43898E+01   0.93888E+05
   48     0.5022   5.1052  -0.34289E+00  -0.60921E-01  -0.36269E-01   0.43829E+01   0.93430E+05
   49     0.5153   5.1991  -0.35248E+00  -0.62743E-01  -0.38092E-01   0.43762E+01   0.92949E+05
   50     0.5285   5.2923  -0.36217E+00  -0.64588E-01  -0.39937E-01   0.43696E+01   0.92463E+05
   51     0.5417   5.3849  -0.37194E+00  -0.66456E-01  -0.41805E-01   0.43631E+01   0.91941E+05
   52     0.5552   5.4767  -0.38181E+00  -0.68346E-01  -0.43695E-01   0.43567E+01   0.91406E+05
   53     0.5687   5.5679  -0.39178E+00  -0.70260E-01  -0.45609E-01   0.43505E+01   0.90860E+05
   54     0.5823   5.6583  -0.40183E+00  -0.72196E-01  -0.47544E-01   0.43443E+01   0.90275E+05
   55     0.5961   5.7481  -0.41197E+00  -0.74154E-01  -0.49502E-01   0.43383E+01   0.89680E+05
   56     0.6099   5.8371  -0.42220E+00  -0.76133E-01  -0.51482E-01   0.43323E+01   0.89071E+05
   57     0.6239   5.9255  -0.43252E+00  -0.78134E-01  -0.53483E-01   0.43265E+01   0.88438E+05
   58     0.6381   6.0132  -0.44292E+00  -0.80157E-01  -0.55506E-01   0.43207E+01   0.87792E+05
   59     0.6523   6.1001  -0.45341E+00  -0.82202E-01  -0.57550E-01   0.43151E+01   0.87129E+05
   60     0.6667   6.1864  -0.46399E+00  -0.84268E-01  -0.59616E-01   0.43096E+01   0.86445E+05
   61     0.6812   6.2719  -0.47466E+00  -0.86355E-01  -0.61704E-01   0.43041E+01   0.85751E+05
   62     0.6958   6.3568  -0.48540E+00  -0.88464E-01  -0.63813E-01   0.42988E+01   0.85039E+05
   63     0.7105   6.4409  -0.49624E+00  -0.90595E-01  -0.65944E-01   0.42935E+01   0.84325E+05
   64     0.7254   6.5244  -0.50716E+00  -0.92748E-01  -0.68096E-01   0.42883E+01   0.83589E+05
   65     0.7404   6.6071  -0.51817E+00  -0.94922E-01  -0.70271E-01   0.42833E+01   0.82854E+05
   66     0.7555   6.6891  -0.52926E+00  -0.97119E-01  -0.72467E-01   0.42783E+01   0.82110E+05
   67     0.7708   6.7704  -0.54044E+00  -0.99336E-01  -0.74685E-01   0.42734E+01   0.81361E+05
   68     0.7862   6.8511  -0.55170E+00  -0.10157E+00  -0.76923E-01   0.42687E+01   0.80606E+05
   69     0.8017   6.9310  -0.56304E+00  -0.10384E+00  -0.79184E-01   0.42639E+01   0.79840E+05
   70     0.8174   7.0102  -0.57448E+00  -0.10612E+00  -0.81467E-01   0.42593E+01   0.79061E+05
   71     0.8332   7.0886  -0.58600E+00  -0.10842E+00  -0.83774E-01   0.42548E+01   0.78273E+05
   72     0.8491   7.1664  -0.59761E+00  -0.11076E+00  -0.86105E-01   0.42503E+01   0.77468E+05
   73     0.8652   7.2435  -0.60931E+00  -0.11311E+00  -0.88459E-01   0.42460E+01   0.76656E+05
   74     0.8814   7.3199  -0.62110E+00  -0.11549E+00  -0.90836E-01   0.42417E+01   0.75831E+05
   75     0.8977   7.3956  -0.63297E+00  -0.11789E+00  -0.93235E-01   0.42376E+01   0.74992E+05
   76     0.9142   7.4705  -0.64492E+00  -0.12031E+00  -0.95654E-01   0.42334E+01   0.74148E+05
   77     0.9309   7.5448  -0.65695E+00  -0.12274E+00  -0.98093E-01   0.42294E+01   0.73293E+05
   78     0.9477   7.6184  -0.66905E+00  -0.12520E+00  -0.10055E+00   0.42254E+01   0.72434E+05
   79     0.9646   7.6913  -0.68122E+00  -0.12768E+00  -0.10303E+00   0.42215E+01   0.71571E+05
   80     0.9817   7.7635  -0.69347E+00  -0.13018E+00  -0.10552E+00   0.42176E+01   0.70707E+05
   81     0.9989   7.8350  -0.70579E+00  -0.13269E+00  -0.10804E+00   0.42138E+01   0.69853E+05
   82     1.0163   7.9058  -0.71819E+00  -0.13523E+00  -0.11058E+00   0.42101E+01   0.68996E+05
   83     1.0338   7.9759  -0.73068E+00  -0.13779E+00  -0.11313E+00   0.42064E+01   0.68139E+05
   84     1.0515   8.0453  -0.74324E+00  -0.14037E+00  -0.11571E+00   0.42028E+01   0.67285E+05
   85     1.0693   8.1141  -0.75589E+00  -0.14297E+00  -0.11832E+00   0.41993E+01   0.66436E+05
   86     1.0873   8.1821  -0.76863E+00  -0.14560E+00  -0.12094E+00   0.41959E+01   0.65587E+05
   87     1.1055   8.2495  -0.78144E+00  -0.14824E+00  -0.12359E+00   0.41925E+01   0.64738E+05
   88     1.1238   8.3162  -0.79434E+00  -0.15092E+00  -0.12626E+00   0.41892E+01   0.63877E+05
   89     1.1423   8.3823  -0.80732E+00  -0.15361E+00  -0.12896E+00   0.41860E+01   0.63010E+05
   90     1.1609   8.4477  -0.82038E+00  -0.15632E+00  -0.13167E+00   0.41828E+01   0.62140E+05
   91     1.1797   8.5124  -0.83352E+00  -0.15906E+00  -0.13441E+00   0.41796E+01   0.61263E+05
   92     1.1986   8.5764  -0.84673E+00  -0.16182E+00  -0.13717E+00   0.41766E+01   0.60384E+05
   93     1.2177   8.6398  -0.86001E+00  -0.16459E+00  -0.13994E+00   0.41735E+01   0.59503E+05
   94     1.2370   8.7025  -0.87336E+00  -0.16739E+00  -0.14273E+00   0.41706E+01   0.58629E+05
   95     1.2565   8.7646  -0.88678E+00  -0.17020E+00  -0.14554E+00   0.41676E+01   0.57759E+05
   96     1.2761   8.8260  -0.90026E+00  -0.17303E+00  -0.14837E+00   0.41647E+01   0.56886E+05
   97     1.2959   8.8868  -0.91381E+00  -0.17587E+00  -0.15122E+00   0.41619E+01   0.56022E+05
   98     1.3158   8.9469  -0.92744E+00  -0.17874E+00  -0.15409E+00   0.41591E+01   0.55165E+05
   99     1.3360   9.0065  -0.94114E+00  -0.18163E+00  -0.15698E+00   0.41564E+01   0.54316E+05
  100     1.3563   9.0653  -0.95492E+00  -0.18454E+00  -0.15989E+00   0.41537E+01   0.53476E+05
  101     1.3767   9.1236  -0.96877E+00  -0.18747E+00  -0.16282E+00   0.41511E+01   0.52646E+05
  102     1.3974   9.1812  -0.98269E+00  -0.19043E+00  -0.16577E+00   0.41485E+01   0.51820E+05
  103     1.4183   9.2382  -0.99669E+00  -0.19340E+00  -0.16875E+00   0.41460E+01   0.51000E+05
  104     1.4393   9.2945  -0.10108E+01  -0.19639E+00  -0.17174E+00   0.41435E+01   0.50186E+05
  105     1.4605   9.3503  -0.10249E+01  -0.19941E+00  -0.17475E+00   0.41411E+01   0.49357E+05
  106     1.4819   9.4054  -0.10391E+01  -0.20244E+00  -0.17779E+00   0.41387E+01   0.48543E+05
  107     1.5035   9.4600  -0.10534E+01  -0.20550E+00  -0.18085E+00   0.41363E+01   0.47735E+05
  108     1.5252   9.5139  -0.10678E+01  -0.20858E+00  -0.18393E+00   0.41340E+01   0.46931E+05
  109     1.5472   9.5673  -0.10823E+01  -0.21168E+00  -0.18703E+00   0.41318E+01   0.46128E+05
  110     1.5693   9.6200  -0.10967E+01  -0.21479E+00  -0.19014E+00   0.41296E+01   0.45334E+05
  111     1.5917   9.6722  -0.11113E+01  -0.21792E+00  -0.19327E+00   0.41274E+01   0.44541E+05
  112     1.6142   9.7238  -0.11259E+01  -0.22108E+00  -0.19642E+00   0.41252E+01   0.43752E+05
  113     1.6369   9.7748  -0.11407E+01  -0.22425E+00  -0.19960E+00   0.41231E+01   0.42969E+05
  114     1.6598   9.8252  -0.11554E+01  -0.22744E+00  -0.20279E+00   0.41210E+01   0.42218E+05
  115     1.6830   9.8751  -0.11703E+01  -0.23066E+00  -0.20601E+00   0.41190E+01   0.41464E+05
  116     1.7063   9.9244  -0.11852E+01  -0.23389E+00  -0.20924E+00   0.41170E+01   0.40691E+05
  117     1.7298   9.9731  -0.12002E+01  -0.23714E+00  -0.21249E+00   0.41150E+01   0.39948E+05
  118     1.7536  10.0213  -0.12152E+01  -0.24040E+00  -0.21575E+00   0.41131E+01   0.39211E+05
  119     1.7775  10.0689  -0.12304E+01  -0.24372E+00  -0.21907E+00   0.41112E+01   0.38474E+05
  120     1.8016  10.1160  -0.12455E+01  -0.24701E+00  -0.22236E+00   0.41093E+01   0.37758E+05
  121     1.8260  10.1626  -0.12607E+01  -0.25034E+00  -0.22568E+00   0.41075E+01   0.37045E+05
  122     1.8506  10.2086  -0.12760E+01  -0.25369E+00  -0.22903E+00   0.41057E+01   0.36342E+05
  123     1.8753  10.2541  -0.12914E+01  -0.25706E+00  -0.23240E+00   0.41039E+01   0.35614E+05
  124     1.9003  10.2990  -0.13069E+01  -0.26044E+00  -0.23579E+00   0.41022E+01   0.34948E+05
  125     1.9256  10.3434  -0.13224E+01  -0.26385E+00  -0.23920E+00   0.41005E+01   0.34262E+05
  126     1.9510  10.3873  -0.13380E+01  -0.26728E+00  -0.24263E+00   0.40988E+01   0.33587E+05
  127     1.9766  10.4307  -0.13536E+01  -0.27072E+00  -0.24607E+00   0.40972E+01   0.32920E+05
  128     2.0025  10.4736  -0.13693E+01  -0.27419E+00  -0.24954E+00   0.40956E+01   0.32261E+05
  129     2.0286  10.5160  -0.13851E+01  -0.27767E+00  -0.25302E+00   0.40940E+01   0.31611E+05
  130     2.0550  10.5579  -0.14009E+01  -0.28117E+00  -0.25652E+00   0.40924E+01   0.30973E+05
  131     2.0815  10.5993  -0.14168E+01  -0.28470E+00  -0.26005E+00   0.40909E+01   0.30343E+05
  132     2.1083  10.6402  -0.14328E+01  -0.28824E+00  -0.26359E+00   0.40893E+01   0.29722E+05
  133     2.1353  10.6806  -0.14488E+01  -0.29180E+00  -0.26715E+00   0.40879E+01   0.29109E+05
  134     2.1626  10.7205  -0.14649E+01  -0.29539E+00  -0.27074E+00   0.40864E+01   0.28500E+05
  135     2.1901  10.7600  -0.14811E+01  -0.29899E+00  -0.27434E+00   0.40850E+01   0.27899E+05
  136     2.2178  10.7990  -0.14973E+01  -0.30262E+00  -0.27796E+00   0.40836E+01   0.27305E+05
  137     2.2458  10.8375  -0.15136E+01  -0.30626E+00  -0.28161E+00   0.40822E+01   0.26720E+05
  138     2.2740  10.8756  -0.15300E+01  -0.30992E+00  -0.28526E+00   0.40808E+01   0.26146E+05
  139     2.3025  10.9132  -0.15464E+01  -0.31359E+00  -0.28894E+00   0.40795E+01   0.25581E+05
  140     2.3312  10.9504  -0.15629E+01  -0.31729E+00  -0.29263E+00   0.40782E+01   0.25027E+05
  141     2.3602  10.9871  -0.15794E+01  -0.32100E+00  -0.29635E+00   0.40769E+01   0.24482E+05
  142     2.3894  11.0234  -0.15960E+01  -0.32474E+00  -0.30008E+00   0.40756E+01   0.23946E+05
  143     2.4188  11.0592  -0.16127E+01  -0.32849E+00  -0.30384E+00   0.40744E+01   0.23419E+05
  144     2.4486  11.0946  -0.16295E+01  -0.33227E+00  -0.30762E+00   0.40732E+01   0.22897E+05
  145     2.4785  11.1296  -0.16463E+01  -0.33607E+00  -0.31142E+00   0.40720E+01   0.22385E+05
  146     2.5088  11.1641  -0.16631E+01  -0.33989E+00  -0.31524E+00   0.40708E+01   0.21878E+05
  147     2.5393  11.1982  -0.16801E+01  -0.34373E+00  -0.31908E+00   0.40696E+01   0.21377E+05
  148     2.5701  11.2320  -0.16971E+01  -0.34759E+00  -0.32294E+00   0.40685E+01   0.20884E+05
  149     2.6011  11.2653  -0.17141E+01  -0.35146E+00  -0.32681E+00   0.40673E+01   0.20401E+05
  150     2.6324  11.2982  -0.17313E+01  -0.35535E+00  -0.33070E+00   0.40662E+01   0.19928E+05
  151     2.6640  11.3306  -0.17484E+01  -0.35926E+00  -0.33461E+00   0.40652E+01   0.19465E+05
  152     2.6958  11.3627  -0.17657E+01  -0.36319E+00  -0.33854E+00   0.40641E+01   0.19012E+05
  153     2.7280  11.3944  -0.17830E+01  -0.36714E+00  -0.34249E+00   0.40630E+01   0.18565E+05
  154     2.7604  11.4258  -0.18004E+01  -0.37112E+00  -0.34647E+00   0.40620E+01   0.18128E+05
  155     2.7931  11.4567  -0.18178E+01  -0.37511E+00  -0.35046E+00   0.40610E+01   0.17699E+05
  156     2.8260  11.4872  -0.18353E+01  -0.37913E+00  -0.35448E+00   0.40600E+01   0.17276E+05
  157     2.8593  11.5174  -0.18529E+01  -0.38317E+00  -0.35852E+00   0.40590E+01   0.16859E+05
  158     2.8929  11.5472  -0.18705E+01  -0.38722E+00  -0.36257E+00   0.40581E+01   0.16449E+05
  159     2.9267  11.5766  -0.18882E+01  -0.39130E+00  -0.36665E+00   0.40571E+01   0.16046E+05
  160     2.9608  11.6057  -0.19060E+01  -0.39539E+00  -0.37074E+00   0.40562E+01   0.15649E+05
  161     2.9953  11.6344  -0.19238E+01  -0.39951E+00  -0.37486E+00   0.40553E+01   0.15262E+05
  162     3.0300  11.6628  -0.19417E+01  -0.40364E+00  -0.37899E+00   0.40544E+01   0.14883E+05
  163     3.0651  11.6908  -0.19597E+01  -0.40779E+00  -0.38314E+00   0.40535E+01   0.14505E+05
  164     3.1004  11.7184  -0.19777E+01  -0.41196E+00  -0.38731E+00   0.40526E+01   0.14141E+05
  165     3.1360  11.7458  -0.19958E+01  -0.41616E+00  -0.39151E+00   0.40518E+01   0.13786E+05
  166     3.1720  11.7727  -0.20139E+01  -0.42037E+00  -0.39572E+00   0.40509E+01   0.13439E+05
  167     3.2083  11.7994  -0.20321E+01  -0.42459E+00  -0.39994E+00   0.40501E+01   0.13099E+05
  168     3.2449  11.8257  -0.20504E+01  -0.42885E+00  -0.40420E+00   0.40493E+01   0.12763E+05
  169     3.2818  11.8517  -0.20687E+01  -0.43313E+00  -0.40848E+00   0.40485E+01   0.12433E+05
  170     3.3190  11.8773  -0.20871E+01  -0.43744E+00  -0.41279E+00   0.40477E+01   0.12113E+05
  171     3.3565  11.9026  -0.21056E+01  -0.44176E+00  -0.41711E+00   0.40469E+01   0.11797E+05
  172     3.3944  11.9277  -0.21242E+01  -0.44610E+00  -0.42145E+00   0.40462E+01   0.11487E+05
  173     3.4326  11.9524  -0.21428E+01  -0.45046E+00  -0.42581E+00   0.40454E+01   0.11181E+05
  174     3.4712  11.9768  -0.21614E+01  -0.45484E+00  -0.43019E+00   0.40447E+01   0.10884E+05
  175     3.5100  12.0009  -0.21801E+01  -0.45924E+00  -0.43459E+00   0.40440E+01   0.10594E+05
  176     3.5492  12.0246  -0.21989E+01  -0.46366E+00  -0.43901E+00   0.40433E+01   0.10311E+05
  177     3.5888  12.0481  -0.22178E+01  -0.46810E+00  -0.44345E+00   0.40426E+01   0.10033E+05
  178     3.6287  12.0713  -0.22367E+01  -0.47257E+00  -0.44792E+00   0.40419E+01   0.97617E+04
  179     3.6689  12.0942  -0.22557E+01  -0.47706E+00  -0.45240E+00   0.40412E+01   0.94958E+04
  180     3.7095  12.1169  -0.22748E+01  -0.48156E+00  -0.45691E+00   0.40406E+01   0.92361E+04
  181     3.7505  12.1392  -0.22939E+01  -0.48609E+00  -0.46144E+00   0.40399E+01   0.89813E+04
  182     3.7918  12.1612  -0.23131E+01  -0.49064E+00  -0.46599E+00   0.40393E+01   0.87324E+04
  183     3.8334  12.1830  -0.23324E+01  -0.49522E+00  -0.47056E+00   0.40387E+01   0.84890E+04
  184     3.8754  12.2045  -0.23517E+01  -0.49981E+00  -0.47516E+00   0.40380E+01   0.82524E+04
  185     3.9178  12.2257  -0.23711E+01  -0.50442E+00  -0.47977E+00   0.40374E+01   0.80211E+04
  186     3.9606  12.2467  -0.23906E+01  -0.50906E+00  -0.48441E+00   0.40368E+01   0.77953E+04
  187     4.0037  12.2674  -0.24101E+01  -0.51372E+00  -0.48906E+00   0.40362E+01   0.75742E+04
  188     4.0472  12.2878  -0.24297E+01  -0.51840E+00  -0.49375E+00   0.40357E+01   0.73579E+04
  189     4.0911  12.3080  -0.24494E+01  -0.52311E+00  -0.49845E+00   0.40351E+01   0.71463E+04
  190     4.1353  12.3279  -0.24691E+01  -0.52783E+00  -0.50318E+00   0.40345E+01   0.69401E+04
  191     4.1800  12.3476  -0.24889E+01  -0.53258E+00  -0.50793E+00   0.40340E+01   0.67385E+04
  192     4.2250  12.3670  -0.25088E+01  -0.53735E+00  -0.51270E+00   0.40334E+01   0.65421E+04
  193     4.2705  12.3862  -0.25287E+01  -0.54214E+00  -0.51748E+00   0.40329E+01   0.63507E+04
  194     4.3163  12.4051  -0.25487E+01  -0.54695E+00  -0.52230E+00   0.40324E+01   0.61641E+04
  195     4.3625  12.4238  -0.25688E+01  -0.55179E+00  -0.52713E+00   0.40319E+01   0.59829E+04
  196     4.4091  12.4423  -0.25890E+01  -0.55665E+00  -0.53200E+00   0.40314E+01   0.58058E+04
  197     4.4561  12.4605  -0.26092E+01  -0.56153E+00  -0.53688E+00   0.40309E+01   0.56326E+04
  198     4.5036  12.4785  -0.26295E+01  -0.56644E+00  -0.54179E+00   0.40304E+01   0.54629E+04
  199     4.5514  12.4962  -0.26499E+01  -0.57137E+00  -0.54672E+00   0.40299E+01   0.52974E+04
  200     4.5997  12.5138  -0.26703E+01  -0.57633E+00  -0.55167E+00   0.40294E+01   0.51362E+04
  201     4.6484  12.5311  -0.26908E+01  -0.58130E+00  -0.55665E+00   0.40290E+01   0.49794E+04
  202     4.6975  12.5482  -0.27114E+01  -0.58629E+00  -0.56164E+00   0.40285E+01   0.48265E+04
  203     4.7470  12.5650  -0.27320E+01  -0.59131E+00  -0.56666E+00   0.40281E+01   0.46782E+04
  204     4.7970  12.5817  -0.27527E+01  -0.59636E+00  -0.57171E+00   0.40276E+01   0.45340E+04
  205     4.8474  12.5981  -0.27735E+01  -0.60143E+00  -0.57678E+00   0.40272E+01   0.43937E+04
  206     4.8982  12.6144  -0.27944E+01  -0.60652E+00  -0.58187E+00   0.40268E+01   0.42568E+04
  207     4.9495  12.6304  -0.28153E+01  -0.61164E+00  -0.58699E+00   0.40263E+01   0.41235E+04
  208     5.0012  12.6462  -0.28363E+01  -0.61678E+00  -0.59213E+00   0.40259E+01   0.39931E+04
  209     5.0534  12.6619  -0.28574E+01  -0.62195E+00  -0.59730E+00   0.40255E+01   0.38664E+04
  210     5.1060  12.6773  -0.28786E+01  -0.62714E+00  -0.60249E+00   0.40251E+01   0.37427E+04
  211     5.1591  12.6925  -0.28998E+01  -0.63236E+00  -0.60771E+00   0.40247E+01   0.36216E+04
  212     5.2126  12.7076  -0.29211E+01  -0.63759E+00  -0.61294E+00   0.40243E+01   0.35043E+04
  213     5.2667  12.7224  -0.29425E+01  -0.64285E+00  -0.61820E+00   0.40240E+01   0.33911E+04
  214     5.3211  12.7371  -0.29639E+01  -0.64813E+00  -0.62348E+00   0.40236E+01   0.32815E+04
  215     5.3761  12.7515  -0.29854E+01  -0.65344E+00  -0.62879E+00   0.40232E+01   0.31750E+04
  216     5.4315  12.7658  -0.30070E+01  -0.65877E+00  -0.63412E+00   0.40228E+01   0.30715E+04
  217     5.4874  12.7799  -0.30287E+01  -0.66414E+00  -0.63949E+00   0.40225E+01   0.29707E+04
  218     5.5438  12.7938  -0.30505E+01  -0.66954E+00  -0.64489E+00   0.40221E+01   0.28724E+04
  219     5.6007  12.8076  -0.30724E+01  -0.67496E+00  -0.65031E+00   0.40218E+01   0.27766E+04
  220     5.6581  12.8211  -0.30943E+01  -0.68040E+00  -0.65575E+00   0.40215E+01   0.26824E+04
  221     5.7160  12.8345  -0.31163E+01  -0.68586E+00  -0.66121E+00   0.40211E+01   0.25918E+04
  222     5.7744  12.8477  -0.31384E+01  -0.69135E+00  -0.66670E+00   0.40208E+01   0.25038E+04
  223     5.8333  12.8608  -0.31605E+01  -0.69686E+00  -0.67220E+00   0.40205E+01   0.24187E+04
  224     5.8927  12.8737  -0.31827E+01  -0.70240E+00  -0.67774E+00   0.40202E+01   0.23362E+04
  225     5.9526  12.8864  -0.32050E+01  -0.70796E+00  -0.68331E+00   0.40198E+01   0.22562E+04
  226     6.0131  12.8990  -0.32274E+01  -0.71356E+00  -0.68891E+00   0.40195E+01   0.21787E+04
  227     6.0740  12.9114  -0.32499E+01  -0.71918E+00  -0.69453E+00   0.40192E+01   0.21031E+04
  228     6.1355  12.9236  -0.32724E+01  -0.72483E+00  -0.70018E+00   0.40189E+01   0.20297E+04
  229     6.1976  12.9357  -0.32950E+01  -0.73050E+00  -0.70585E+00   0.40187E+01   0.19584E+04
  230     6.2602  12.9476  -0.33177E+01  -0.73620E+00  -0.71155E+00   0.40184E+01   0.18897E+04
  231     6.3233  12.9594  -0.33405E+01  -0.74192E+00  -0.71727E+00   0.40181E+01   0.18230E+04
  232     6.3869  12.9710  -0.33634E+01  -0.74768E+00  -0.72303E+00   0.40178E+01   0.17585E+04
  233     6.4512  12.9825  -0.33864E+01  -0.75346E+00  -0.72881E+00   0.40175E+01   0.16956E+04
  234     6.5159  12.9938  -0.34094E+01  -0.75927E+00  -0.73462E+00   0.40173E+01   0.16348E+04
  235     6.5813  13.0050  -0.34325E+01  -0.76511E+00  -0.74046E+00   0.40170E+01   0.15758E+04
  236     6.6472  13.0160  -0.34557E+01  -0.77097E+00  -0.74632E+00   0.40167E+01   0.15184E+04
  237     6.7137  13.0269  -0.34790E+01  -0.77686E+00  -0.75221E+00   0.40165E+01   0.14632E+04
  238     6.7807  13.0377  -0.35024E+01  -0.78278E+00  -0.75813E+00   0.40162E+01   0.14097E+04
  239     6.8484  13.0483  -0.35258E+01  -0.78873E+00  -0.76408E+00   0.40160E+01   0.13580E+04
  240     6.9166  13.0588  -0.35494E+01  -0.79470E+00  -0.77005E+00   0.40157E+01   0.13079E+04
  241     6.9854  13.0691  -0.35730E+01  -0.80071E+00  -0.77606E+00   0.40155E+01   0.12593E+04
  242     7.0549  13.0794  -0.35967E+01  -0.80675E+00  -0.78210E+00   0.40153E+01   0.12122E+04
  243     7.1249  13.0894  -0.36205E+01  -0.81281E+00  -0.78816E+00   0.40150E+01   0.11667E+04
  244     7.1955  13.0994  -0.36444E+01  -0.81890E+00  -0.79425E+00   0.40148E+01   0.11227E+04
  245     7.2668  13.1092  -0.36684E+01  -0.82502E+00  -0.80037E+00   0.40146E+01   0.10800E+04
  246     7.3387  13.1189  -0.36925E+01  -0.83117E+00  -0.80652E+00   0.40144E+01   0.10388E+04
  247     7.4112  13.1285  -0.37166E+01  -0.83735E+00  -0.81269E+00   0.40141E+01   0.99931E+03
  248     7.4843  13.1380  -0.37409E+01  -0.84355E+00  -0.81890E+00   0.40139E+01   0.96093E+03
  249     7.5580  13.1473  -0.37652E+01  -0.84979E+00  -0.82514E+00   0.40137E+01   0.92392E+03
  250     7.6324  13.1565  -0.37896E+01  -0.85606E+00  -0.83141E+00   0.40135E+01   0.88808E+03
  251     7.7075  13.1656  -0.38141E+01  -0.86237E+00  -0.83771E+00   0.40133E+01   0.85335E+03
  252     7.7832  13.1746  -0.38388E+01  -0.86870E+00  -0.84405E+00   0.40131E+01   0.81970E+03
  253     7.8596  13.1834  -0.38635E+01  -0.87506E+00  -0.85041E+00   0.40129E+01   0.78743E+03
  254     7.9366  13.1922  -0.38882E+01  -0.88144E+00  -0.85679E+00   0.40127E+01   0.75616E+03
  255     8.0143  13.2008  -0.39131E+01  -0.88786E+00  -0.86321E+00   0.40125E+01   0.72609E+03
  256     8.0926  13.2093  -0.39381E+01  -0.89431E+00  -0.86966E+00   0.40123E+01   0.69712E+03
  257     8.1717  13.2178  -0.39632E+01  -0.90080E+00  -0.87614E+00   0.40122E+01   0.66910E+03
  258     8.2514  13.2261  -0.39883E+01  -0.90731E+00  -0.88266E+00   0.40120E+01   0.64216E+03
  259     8.3319  13.2343  -0.40136E+01  -0.91386E+00  -0.88921E+00   0.40118E+01   0.61608E+03
  260     8.4130  13.2424  -0.40390E+01  -0.92044E+00  -0.89579E+00   0.40116E+01   0.59086E+03
  261     8.4948  13.2503  -0.40644E+01  -0.92705E+00  -0.90240E+00   0.40115E+01   0.56660E+03
  262     8.5774  13.2582  -0.40899E+01  -0.93368E+00  -0.90903E+00   0.40113E+01   0.54327E+03
  263     8.6606  13.2660  -0.41156E+01  -0.94036E+00  -0.91571E+00   0.40111E+01   0.52068E+03
  264     8.7446  13.2737  -0.41413E+01  -0.94707E+00  -0.92241E+00   0.40110E+01   0.49903E+03
  265     8.8293  13.2813  -0.41672E+01  -0.95380E+00  -0.92915E+00   0.40108E+01   0.47817E+03
  266     8.9148  13.2888  -0.41931E+01  -0.96058E+00  -0.93593E+00   0.40106E+01   0.45801E+03
  267     9.0010  13.2962  -0.42192E+01  -0.96738E+00  -0.94273E+00   0.40105E+01   0.43869E+03
  268     9.0879  13.3035  -0.42453E+01  -0.97422E+00  -0.94957E+00   0.40103E+01   0.42006E+03
  269     9.1756  13.3107  -0.42715E+01  -0.98109E+00  -0.95644E+00   0.40102E+01   0.40213E+03
  270     9.2641  13.3178  -0.42979E+01  -0.98799E+00  -0.96334E+00   0.40100E+01   0.38491E+03
  271     9.3534  13.3248  -0.43243E+01  -0.99494E+00  -0.97029E+00   0.40099E+01   0.36832E+03
  272     9.4434  13.3317  -0.43509E+01  -0.10019E+01  -0.97726E+00   0.40097E+01   0.35234E+03
  273     9.5342  13.3386  -0.43775E+01  -0.10089E+01  -0.98427E+00   0.40096E+01   0.33698E+03
  274     9.6257  13.3453  -0.44043E+01  -0.10160E+01  -0.99131E+00   0.40095E+01   0.32223E+03
  275     9.7181  13.3520  -0.44311E+01  -0.10230E+01  -0.99838E+00   0.40093E+01   0.30805E+03
  276     9.8113  13.3586  -0.44581E+01  -0.10301E+01  -0.10055E+01   0.40092E+01   0.29448E+03
  277     9.9053  13.3651  -0.44852E+01  -0.10373E+01  -0.10126E+01   0.40090E+01   0.28086E+03
  278    10.0001  13.3715  -0.45124E+01  -0.10445E+01  -0.10198E+01   0.40089E+01   0.26878E+03
  279    10.0957  13.3778  -0.45396E+01  -0.10517E+01  -0.10270E+01   0.40088E+01   0.25673E+03
  280    10.1922  13.3841  -0.45671E+01  -0.10590E+01  -0.10343E+01   0.40087E+01   0.24508E+03
  281    10.2895  13.3902  -0.45945E+01  -0.10662E+01  -0.10416E+01   0.40085E+01   0.23384E+03
  282    10.3877  13.3963  -0.46221E+01  -0.10736E+01  -0.10489E+01   0.40084E+01   0.22331E+03
  283    10.4867  13.4023  -0.46498E+01  -0.10809E+01  -0.10563E+01   0.40083E+01   0.21307E+03
  284    10.5865  13.4083  -0.46777E+01  -0.10883E+01  -0.10637E+01   0.40082E+01   0.20332E+03
  285    10.6873  13.4141  -0.47056E+01  -0.10958E+01  -0.10711E+01   0.40081E+01   0.19390E+03
  286    10.7889  13.4199  -0.47336E+01  -0.11032E+01  -0.10786E+01   0.40079E+01   0.18486E+03
  287    10.8914  13.4256  -0.47618E+01  -0.11107E+01  -0.10861E+01   0.40078E+01   0.17620E+03
  288    10.9947  13.4312  -0.47901E+01  -0.11183E+01  -0.10936E+01   0.40077E+01   0.16793E+03
  289    11.0990  13.4368  -0.48185E+01  -0.11259E+01  -0.11012E+01   0.40076E+01   0.15999E+03
  290    11.2042  13.4423  -0.48469E+01  -0.11335E+01  -0.11088E+01   0.40075E+01   0.15239E+03
  291    11.3103  13.4477  -0.48756E+01  -0.11411E+01  -0.11165E+01   0.40074E+01   0.14510E+03
  292    11.4173  13.4530  -0.49043E+01  -0.11488E+01  -0.11242E+01   0.40073E+01   0.13817E+03
  293    11.5253  13.4583  -0.49331E+01  -0.11566E+01  -0.11319E+01   0.40072E+01   0.13150E+03
  294    11.6342  13.4635  -0.49621E+01  -0.11644E+01  -0.11397E+01   0.40071E+01   0.12513E+03
  295    11.7440  13.4687  -0.49912E+01  -0.11722E+01  -0.11475E+01   0.40070E+01   0.11903E+03
  296    11.8548  13.4738  -0.50204E+01  -0.11800E+01  -0.11554E+01   0.40069E+01   0.11320E+03
  297    11.9666  13.4788  -0.50497E+01  -0.11879E+01  -0.11633E+01   0.40068E+01   0.10764E+03
  298    12.0793  13.4837  -0.50791E+01  -0.11959E+01  -0.11712E+01   0.40067E+01   0.10228E+03
  299    12.1930  13.4886  -0.51087E+01  -0.12038E+01  -0.11792E+01   0.40066E+01   0.97243E+02
  300    12.3077  13.4934  -0.51384E+01  -0.12119E+01  -0.11872E+01   0.40065E+01   0.92348E+02
  301    12.4234  13.4982  -0.51682E+01  -0.12199E+01  -0.11953E+01   0.40064E+01   0.87721E+02
  302    12.5401  13.5029  -0.51981E+01  -0.12280E+01  -0.12034E+01   0.40063E+01   0.83297E+02
  303    12.6578  13.5075  -0.52281E+01  -0.12361E+01  -0.12115E+01   0.40062E+01   0.79069E+02
  304    12.7766  13.5121  -0.52583E+01  -0.12443E+01  -0.12197E+01   0.40062E+01   0.75030E+02
  305    12.8963  13.5166  -0.52886E+01  -0.12525E+01  -0.12279E+01   0.40061E+01   0.71179E+02
  306    13.0172  13.5211  -0.53190E+01  -0.12608E+01  -0.12362E+01   0.40060E+01   0.67511E+02
  307    13.1390  13.5255  -0.53496E+01  -0.12691E+01  -0.12445E+01   0.40059E+01   0.64016E+02
  308    13.2619  13.5298  -0.53802E+01  -0.12775E+01  -0.12528E+01   0.40058E+01   0.60669E+02
  309    13.3859  13.5341  -0.54110E+01  -0.12858E+01  -0.12612E+01   0.40057E+01   0.57507E+02
  310    13.5110  13.5383  -0.54420E+01  -0.12943E+01  -0.12696E+01   0.40057E+01   0.54484E+02
  311    13.6372  13.5425  -0.54730E+01  -0.13028E+01  -0.12781E+01   0.40056E+01   0.51587E+02
  312    13.7644  13.5466  -0.55042E+01  -0.13113E+01  -0.12866E+01   0.40055E+01   0.48843E+02
  313    13.8928  13.5507  -0.55355E+01  -0.13198E+01  -0.12952E+01   0.40054E+01   0.46226E+02
  314    14.0223  13.5547  -0.55670E+01  -0.13284E+01  -0.13038E+01   0.40054E+01   0.43749E+02
  315    14.1529  13.5587  -0.55986E+01  -0.13371E+01  -0.13124E+01   0.40053E+01   0.41381E+02
  316    14.2846  13.5626  -0.56303E+01  -0.13458E+01  -0.13211E+01   0.40052E+01   0.39148E+02
  317    14.4175  13.5665  -0.56622E+01  -0.13545E+01  -0.13299E+01   0.40051E+01   0.37004E+02
  318    14.5515  13.5703  -0.56941E+01  -0.13633E+01  -0.13387E+01   0.40051E+01   0.34965E+02
  319    14.6867  13.5741  -0.57263E+01  -0.13721E+01  -0.13475E+01   0.40050E+01   0.33051E+02
  320    14.8231  13.5778  -0.57585E+01  -0.13810E+01  -0.13564E+01   0.40049E+01   0.31209E+02
  321    14.9607  13.5815  -0.57909E+01  -0.13899E+01  -0.13653E+01   0.40049E+01   0.29473E+02
  322    15.0994  13.5851  -0.58235E+01  -0.13989E+01  -0.13743E+01   0.40048E+01   0.27816E+02
  323    15.2394  13.5887  -0.58562E+01  -0.14079E+01  -0.13833E+01   0.40047E+01   0.26248E+02
  324    15.3806  13.5922  -0.58890E+01  -0.14170E+01  -0.13923E+01   0.40047E+01   0.24763E+02
  325    15.5230  13.5957  -0.59219E+01  -0.14261E+01  -0.14014E+01   0.40046E+01   0.23350E+02
  326    15.6666  13.5991  -0.59550E+01  -0.14352E+01  -0.14106E+01   0.40046E+01   0.22015E+02
  327    15.8115  13.6025  -0.59883E+01  -0.14445E+01  -0.14198E+01   0.40045E+01   0.20749E+02
  328    15.9577  13.6059  -0.60217E+01  -0.14537E+01  -0.14291E+01   0.40044E+01   0.19551E+02
  329    16.1051  13.6092  -0.60552E+01  -0.14630E+01  -0.14384E+01   0.40044E+01   0.18414E+02
  330    16.2538  13.6124  -0.60889E+01  -0.14724E+01  -0.14477E+01   0.40043E+01   0.17334E+02
  331    16.4038  13.6157  -0.61227E+01  -0.14818E+01  -0.14571E+01   0.40043E+01   0.16320E+02
  332    16.5551  13.6188  -0.61567E+01  -0.14912E+01  -0.14665E+01   0.40042E+01   0.15359E+02
  333    16.7078  13.6220  -0.61908E+01  -0.15007E+01  -0.14760E+01   0.40042E+01   0.14440E+02
  334    16.8617  13.6251  -0.62251E+01  -0.15102E+01  -0.14856E+01   0.40041E+01   0.13576E+02
  335    17.0170  13.6281  -0.62595E+01  -0.15198E+01  -0.14952E+01   0.40041E+01   0.12765E+02
  336    17.1736  13.6312  -0.62941E+01  -0.15295E+01  -0.15048E+01   0.40040E+01   0.11992E+02
  337    17.3316  13.6342  -0.63288E+01  -0.15392E+01  -0.15145E+01   0.40039E+01   0.11266E+02
  338    17.4910  13.6371  -0.63637E+01  -0.15489E+01  -0.15243E+01   0.40039E+01   0.10582E+02
  339    17.6518  13.6400  -0.63987E+01  -0.15587E+01  -0.15341E+01   0.40038E+01   0.99279E+01
  340    17.8139  13.6429  -0.64339E+01  -0.15686E+01  -0.15439E+01   0.40038E+01   0.93152E+01
  341    17.9775  13.6457  -0.64692E+01  -0.15785E+01  -0.15538E+01   0.40037E+01   0.87408E+01
  342    18.1425  13.6485  -0.65047E+01  -0.15884E+01  -0.15638E+01   0.40037E+01   0.81995E+01
  343    18.3089  13.6513  -0.65404E+01  -0.15984E+01  -0.15738E+01   0.40037E+01   0.76839E+01
  344    18.4768  13.6540  -0.65762E+01  -0.16085E+01  -0.15839E+01   0.40036E+01   0.71958E+01
  345    18.6461  13.6567  -0.66122E+01  -0.16186E+01  -0.15940E+01   0.40036E+01   0.67419E+01
  346    18.8169  13.6593  -0.66483E+01  -0.16288E+01  -0.16041E+01   0.40035E+01   0.63157E+01
  347    18.9892  13.6619  -0.66846E+01  -0.16390E+01  -0.16143E+01   0.40035E+01   0.59099E+01
  348    19.1630  13.6645  -0.67211E+01  -0.16493E+01  -0.16246E+01   0.40034E+01   0.55311E+01
  349    19.3383  13.6671  -0.67577E+01  -0.16596E+01  -0.16349E+01   0.40034E+01   0.51715E+01
  350    19.5151  13.6696  -0.67945E+01  -0.16700E+01  -0.16453E+01   0.40033E+01   0.48360E+01
  351    19.6934  13.6721  -0.68314E+01  -0.16804E+01  -0.16558E+01   0.40033E+01   0.45196E+01
  352    19.8734  13.6745  -0.68686E+01  -0.16909E+01  -0.16663E+01   0.40033E+01   0.42255E+01
  353    20.0548  13.6770  -0.69059E+01  -0.17015E+01  -0.16768E+01   0.40032E+01   0.39440E+01
  354    20.2379  13.6794  -0.69433E+01  -0.17121E+01  -0.16874E+01   0.40032E+01   0.36810E+01
  355    20.4225  13.6817  -0.69810E+01  -0.17227E+01  -0.16981E+01   0.40031E+01   0.34351E+01
  356    20.6088  13.6840  -0.70187E+01  -0.17335E+01  -0.17088E+01   0.40031E+01   0.32050E+01
  357    20.7966  13.6863  -0.70567E+01  -0.17442E+01  -0.17196E+01   0.40031E+01   0.29887E+01
  358    20.9861  13.6886  -0.70949E+01  -0.17551E+01  -0.17304E+01   0.40030E+01   0.27861E+01
  359    21.1773  13.6909  -0.71332E+01  -0.17660E+01  -0.17413E+01   0.40030E+01   0.25946E+01
  360    21.3701  13.6931  -0.71717E+01  -0.17769E+01  -0.17523E+01   0.40030E+01   0.24164E+01
  361    21.5646  13.6953  -0.72103E+01  -0.17879E+01  -0.17633E+01   0.40029E+01   0.22508E+01
  362    21.7607  13.6974  -0.72492E+01  -0.17990E+01  -0.17743E+01   0.40029E+01   0.20937E+01
  363    21.9586  13.6995  -0.72883E+01  -0.18101E+01  -0.17855E+01   0.40029E+01   0.19476E+01
  364    22.1582  13.7016  -0.73275E+01  -0.18213E+01  -0.17967E+01   0.40028E+01   0.18115E+01
  365    22.3596  13.7037  -0.73668E+01  -0.18326E+01  -0.18079E+01   0.40028E+01   0.16835E+01
  366    22.5626  13.7058  -0.74064E+01  -0.18439E+01  -0.18192E+01   0.40028E+01   0.15658E+01
  367    22.7675  13.7078  -0.74462E+01  -0.18553E+01  -0.18306E+01   0.40027E+01   0.14526E+01
  368    22.9741  13.7098  -0.74861E+01  -0.18667E+01  -0.18421E+01   0.40000E+01   0.13491E+01
  369    23.1825  13.7117  -0.75262E+01  -0.18782E+01  -0.18536E+01   0.40000E+01   0.12527E+01
  370    23.3928  13.7137  -0.75665E+01  -0.18898E+01  -0.18651E+01   0.40000E+01   0.11606E+01
  371    23.6049  13.7156  -0.76072E+01  -0.19015E+01  -0.18768E+01   0.40000E+01   0.10772E+01
  372    23.8188  13.7175  -0.76477E+01  -0.19131E+01  -0.18884E+01   0.40000E+01   0.99801E+00
  373    24.0345  13.7194  -0.76886E+01  -0.19248E+01  -0.19002E+01   0.40000E+01   0.92407E+00
  374    24.2522  13.7212  -0.77295E+01  -0.19366E+01  -0.19119E+01   0.40000E+01   0.85570E+00
  375    24.4717  13.7230  -0.77708E+01  -0.19485E+01  -0.19238E+01   0.40000E+01   0.79359E+00
  376    24.6932  13.7248  -0.78123E+01  -0.19604E+01  -0.19358E+01   0.40000E+01   0.73277E+00
  377    24.9166  13.7266  -0.78539E+01  -0.19724E+01  -0.19478E+01   0.40000E+01   0.67785E+00
  378    25.1419  13.7284  -0.78957E+01  -0.19845E+01  -0.19598E+01   0.40000E+01   0.62594E+00
  379    25.3691  13.7301  -0.79377E+01  -0.19966E+01  -0.19719E+01   0.40000E+01   0.57902E+00
  380    25.5984  13.7318  -0.79800E+01  -0.20088E+01  -0.19842E+01   0.40000E+01   0.53429E+00
  381    25.8296  13.7335  -0.80224E+01  -0.20211E+01  -0.19964E+01   0.40000E+01   0.49304E+00
  382    26.0629  13.7351  -0.80650E+01  -0.20334E+01  -0.20087E+01   0.40000E+01   0.45514E+00
  383    26.2982  13.7368  -0.81078E+01  -0.20458E+01  -0.20211E+01   0.40000E+01   0.41980E+00
  384    26.5355  13.7384  -0.81508E+01  -0.20582E+01  -0.20336E+01   0.40000E+01   0.38694E+00
  385    26.7749  13.7400  -0.81940E+01  -0.20708E+01  -0.20461E+01   0.40000E+01   0.35635E+00
  386    27.0164  13.7416  -0.82374E+01  -0.20833E+01  -0.20587E+01   0.40000E+01   0.32814E+00
  387    27.2599  13.7431  -0.82810E+01  -0.20960E+01  -0.20713E+01   0.40000E+01   0.30234E+00
  388    27.5056  13.7447  -0.83249E+01  -0.21087E+01  -0.20841E+01   0.40000E+01   0.27810E+00
  389    27.7534  13.7462  -0.83688E+01  -0.21215E+01  -0.20969E+01   0.40000E+01   0.25568E+00
  390    28.0034  13.7477  -0.84131E+01  -0.21344E+01  -0.21097E+01   0.40000E+01   0.23501E+00
  391    28.2556  13.7492  -0.84576E+01  -0.21473E+01  -0.21227E+01   0.40000E+01   0.21607E+00
  392    28.5099  13.7506  -0.85022E+01  -0.21603E+01  -0.21357E+01   0.40000E+01   0.19841E+00
  393    28.7665  13.7521  -0.85470E+01  -0.21734E+01  -0.21487E+01   0.40000E+01   0.18204E+00
  394    29.0253  13.7535  -0.85920E+01  -0.21865E+01  -0.21619E+01   0.40000E+01   0.16701E+00
  395    29.2863  13.7549  -0.86374E+01  -0.21997E+01  -0.21751E+01   0.40000E+01   0.15319E+00
  396    29.5496  13.7563  -0.86827E+01  -0.22130E+01  -0.21883E+01   0.40000E+01   0.14047E+00
  397    29.8152  13.7577  -0.87285E+01  -0.22263E+01  -0.22017E+01   0.40000E+01   0.12860E+00
  398    30.0831  13.7590  -0.87743E+01  -0.22397E+01  -0.22151E+01   0.40000E+01   0.11782E+00
  399    30.3534  13.7604  -0.88204E+01  -0.22532E+01  -0.22286E+01   0.40000E+01   0.10782E+00
  400    30.6259  13.7617  -0.88667E+01  -0.22668E+01  -0.22421E+01   0.40000E+01   0.98639E-01
