    1     0.0001   0.0014  -0.30518E-04  -0.93190E-06   0.23982E-01   0.48177E+01   0.51061E+05
    2     0.0088   0.1221  -0.45596E-02  -0.65295E-03   0.23330E-01   0.48021E+01   0.89239E+05
    3     0.0176   0.2423  -0.95082E-02  -0.14224E-02   0.22560E-01   0.47875E+01   0.93283E+05
    4     0.0264   0.3621  -0.14689E-01  -0.22521E-02   0.21730E-01   0.47735E+01   0.95926E+05
    5     0.0353   0.4814  -0.20042E-01  -0.31239E-02   0.20859E-01   0.47599E+01   0.98100E+05
    6     0.0443   0.6003  -0.25551E-01  -0.40337E-02   0.19949E-01   0.47466E+01   0.99836E+05
    7     0.0534   0.7188  -0.31195E-01  -0.49740E-02   0.19009E-01   0.47337E+01   0.10124E+06
    8     0.0626   0.8368  -0.36965E-01  -0.59431E-02   0.18039E-01   0.47209E+01   0.10248E+06
    9     0.0718   0.9543  -0.42854E-01  -0.69392E-02   0.17043E-01   0.47085E+01   0.10361E+06
   10     0.0811   1.0713  -0.48859E-01  -0.79606E-02   0.16022E-01   0.46963E+01   0.10460E+06
   11     0.0905   1.1879  -0.54983E-01  -0.90087E-02   0.14974E-01   0.46843E+01   0.10551E+06
   12     0.1000   1.3039  -0.61204E-01  -0.10077E-01   0.13905E-01   0.46725E+01   0.10628E+06
   13     0.1096   1.4195  -0.67533E-01  -0.11169E-01   0.12813E-01   0.46609E+01   0.10701E+06
   14     0.1192   1.5346  -0.73967E-01  -0.12284E-01   0.11698E-01   0.46495E+01   0.10769E+06
   15     0.1290   1.6491  -0.80504E-01  -0.13421E-01   0.10562E-01   0.46384E+01   0.10825E+06
   16     0.1388   1.7632  -0.87143E-01  -0.14580E-01   0.94024E-02   0.46274E+01   0.10880E+06
   17     0.1487   1.8767  -0.93884E-01  -0.15762E-01   0.82210E-02   0.46166E+01   0.10926E+06
   18     0.1587   1.9897  -0.10073E+00  -0.16965E-01   0.70179E-02   0.46059E+01   0.10970E+06
   19     0.1687   2.1021  -0.10767E+00  -0.18190E-01   0.57922E-02   0.45955E+01   0.11007E+06
   20     0.1789   2.2140  -0.11471E+00  -0.19438E-01   0.45448E-02   0.45852E+01   0.11038E+06
   21     0.1891   2.3254  -0.12185E+00  -0.20707E-01   0.32754E-02   0.45751E+01   0.11067E+06
   22     0.1995   2.4362  -0.12909E+00  -0.21998E-01   0.19848E-02   0.45652E+01   0.11089E+06
   23     0.2099   2.5465  -0.13644E+00  -0.23312E-01   0.67059E-03   0.45555E+01   0.11108E+06
   24     0.2204   2.6562  -0.14388E+00  -0.24649E-01  -0.66608E-03   0.45459E+01   0.11123E+06
   25     0.2310   2.7653  -0.15141E+00  -0.26003E-01  -0.20203E-02   0.45364E+01   0.11134E+06
   26     0.2417   2.8738  -0.15903E+00  -0.27378E-01  -0.33951E-02   0.45271E+01   0.11143E+06
   27     0.2525   2.9818  -0.16676E+00  -0.28776E-01  -0.47934E-02   0.45180E+01   0.11145E+06
   28     0.2634   3.0892  -0.17457E+00  -0.30195E-01  -0.62127E-02   0.45091E+01   0.11146E+06
   29     0.2744   3.1959  -0.18248E+00  -0.31634E-01  -0.76518E-02   0.45003E+01   0.11144E+06
   30     0.2855   3.3021  -0.19049E+00  -0.33094E-01  -0.91117E-02   0.44916E+01   0.11138E+06
   31     0.2967   3.4077  -0.19858E+00  -0.34575E-01  -0.10593E-01   0.44831E+01   0.11127E+06
   32     0.3079   3.5127  -0.20677E+00  -0.36078E-01  -0.12096E-01   0.44747E+01   0.11113E+06
   33     0.3193   3.6170  -0.21502E+00  -0.37589E-01  -0.13607E-01   0.44664E+01   0.11100E+06
   34     0.3308   3.7207  -0.22340E+00  -0.39136E-01  -0.15154E-01   0.44582E+01   0.11081E+06
   35     0.3423   3.8238  -0.23188E+00  -0.40706E-01  -0.16724E-01   0.44503E+01   0.11056E+06
   36     0.3540   3.9263  -0.24046E+00  -0.42299E-01  -0.18316E-01   0.44425E+01   0.11032E+06
   37     0.3658   4.0281  -0.24913E+00  -0.43914E-01  -0.19932E-01   0.44348E+01   0.11003E+06
   38     0.3777   4.1293  -0.25790E+00  -0.45552E-01  -0.21570E-01   0.44272E+01   0.10972E+06
   39     0.3896   4.2299  -0.26677E+00  -0.47212E-01  -0.23230E-01   0.44198E+01   0.10938E+06
   40     0.4017   4.3298  -0.27573E+00  -0.48895E-01  -0.24913E-01   0.44125E+01   0.10900E+06
   41     0.4139   4.4291  -0.28478E+00  -0.50600E-01  -0.26618E-01   0.44054E+01   0.10860E+06
   42     0.4262   4.5276  -0.29393E+00  -0.52328E-01  -0.28345E-01   0.43983E+01   0.10817E+06
   43     0.4386   4.6256  -0.30316E+00  -0.54077E-01  -0.30094E-01   0.43914E+01   0.10770E+06
   44     0.4511   4.7229  -0.31249E+00  -0.55848E-01  -0.31866E-01   0.43846E+01   0.10721E+06
   45     0.4637   4.8195  -0.32192E+00  -0.57642E-01  -0.33659E-01   0.43779E+01   0.10670E+06
   46     0.4764   4.9154  -0.33143E+00  -0.59456E-01  -0.35474E-01   0.43713E+01   0.10616E+06
   47     0.4893   5.0106  -0.34103E+00  -0.61292E-01  -0.37309E-01   0.43648E+01   0.10560E+06
   48     0.5022   5.1052  -0.35072E+00  -0.63148E-01  -0.39165E-01   0.43585E+01   0.10502E+06
   49     0.5153   5.1991  -0.36049E+00  -0.65026E-01  -0.41044E-01   0.43523E+01   0.10441E+06
   50     0.5285   5.2923  -0.37036E+00  -0.66926E-01  -0.42944E-01   0.43461E+01   0.10380E+06
   51     0.5417   5.3849  -0.38032E+00  -0.68849E-01  -0.44867E-01   0.43401E+01   0.10315E+06
   52     0.5552   5.4767  -0.39038E+00  -0.70796E-01  -0.46813E-01   0.43342E+01   0.10249E+06
   53     0.5687   5.5679  -0.40052E+00  -0.72765E-01  -0.48782E-01   0.43284E+01   0.10182E+06
   54     0.5823   5.6583  -0.41076E+00  -0.74757E-01  -0.50775E-01   0.43227E+01   0.10111E+06
   55     0.5961   5.7481  -0.42109E+00  -0.76772E-01  -0.52790E-01   0.43172E+01   0.10040E+06
   56     0.6099   5.8371  -0.43152E+00  -0.78811E-01  -0.54828E-01   0.43117E+01   0.99668E+05
   57     0.6239   5.9255  -0.44203E+00  -0.80873E-01  -0.56890E-01   0.43063E+01   0.98913E+05
   58     0.6381   6.0132  -0.45263E+00  -0.82957E-01  -0.58974E-01   0.43010E+01   0.98141E+05
   59     0.6523   6.1001  -0.46333E+00  -0.85063E-01  -0.61080E-01   0.42958E+01   0.97348E+05
   60     0.6667   6.1864  -0.47411E+00  -0.87191E-01  -0.63209E-01   0.42907E+01   0.96533E+05
   61     0.6812   6.2719  -0.48497E+00  -0.89341E-01  -0.65359E-01   0.42857E+01   0.95706E+05
   62     0.6958   6.3568  -0.49592E+00  -0.91512E-01  -0.67530E-01   0.42807E+01   0.94858E+05
   63     0.7105   6.4409  -0.50696E+00  -0.93705E-01  -0.69723E-01   0.42759E+01   0.94006E+05
   64     0.7254   6.5244  -0.51808E+00  -0.95920E-01  -0.71937E-01   0.42711E+01   0.93125E+05
   65     0.7404   6.6071  -0.52929E+00  -0.98156E-01  -0.74173E-01   0.42664E+01   0.92241E+05
   66     0.7555   6.6891  -0.54058E+00  -0.10041E+00  -0.76431E-01   0.42618E+01   0.91343E+05
   67     0.7708   6.7704  -0.55195E+00  -0.10269E+00  -0.78710E-01   0.42573E+01   0.90439E+05
   68     0.7862   6.8511  -0.56341E+00  -0.10499E+00  -0.81011E-01   0.42529E+01   0.89530E+05
   69     0.8017   6.9310  -0.57496E+00  -0.10732E+00  -0.83335E-01   0.42485E+01   0.88615E+05
   70     0.8174   7.0102  -0.58659E+00  -0.10966E+00  -0.85679E-01   0.42443E+01   0.87699E+05
   71     0.8332   7.0886  -0.59830E+00  -0.11203E+00  -0.88044E-01   0.42401E+01   0.86782E+05
   72     0.8491   7.1664  -0.61009E+00  -0.11441E+00  -0.90431E-01   0.42360E+01   0.85852E+05
   73     0.8652   7.2435  -0.62196E+00  -0.11682E+00  -0.92840E-01   0.42319E+01   0.84916E+05
   74     0.8814   7.3199  -0.63393E+00  -0.11925E+00  -0.95272E-01   0.42280E+01   0.83966E+05
   75     0.8977   7.3956  -0.64598E+00  -0.12171E+00  -0.97729E-01   0.42241E+01   0.83004E+05
   76     0.9142   7.4705  -0.65813E+00  -0.12419E+00  -0.10021E+00   0.42203E+01   0.82035E+05
   77     0.9309   7.5448  -0.67036E+00  -0.12670E+00  -0.10271E+00   0.42165E+01   0.81055E+05
   78     0.9477   7.6184  -0.68267E+00  -0.12922E+00  -0.10524E+00   0.42129E+01   0.80065E+05
   79     0.9646   7.6913  -0.69506E+00  -0.13176E+00  -0.10778E+00   0.42093E+01   0.79067E+05
   80     0.9817   7.7635  -0.70752E+00  -0.13433E+00  -0.11035E+00   0.42057E+01   0.78065E+05
   81     0.9989   7.8350  -0.72006E+00  -0.13691E+00  -0.11293E+00   0.42022E+01   0.77064E+05
   82     1.0163   7.9058  -0.73267E+00  -0.13951E+00  -0.11553E+00   0.41988E+01   0.76059E+05
   83     1.0338   7.9759  -0.74535E+00  -0.14213E+00  -0.11815E+00   0.41954E+01   0.75053E+05
   84     1.0515   8.0453  -0.75809E+00  -0.14477E+00  -0.12079E+00   0.41920E+01   0.74055E+05
   85     1.0693   8.1141  -0.77092E+00  -0.14743E+00  -0.12345E+00   0.41888E+01   0.73065E+05
   86     1.0873   8.1821  -0.78384E+00  -0.15012E+00  -0.12613E+00   0.41856E+01   0.72077E+05
   87     1.1055   8.2495  -0.79683E+00  -0.15282E+00  -0.12884E+00   0.41824E+01   0.71099E+05
   88     1.1238   8.3162  -0.80990E+00  -0.15555E+00  -0.13157E+00   0.41793E+01   0.70122E+05
   89     1.1423   8.3823  -0.82306E+00  -0.15830E+00  -0.13432E+00   0.41763E+01   0.69149E+05
   90     1.1609   8.4477  -0.83630E+00  -0.16107E+00  -0.13709E+00   0.41734E+01   0.68176E+05
   91     1.1797   8.5124  -0.84962E+00  -0.16386E+00  -0.13988E+00   0.41704E+01   0.67194E+05
   92     1.1986   8.5764  -0.86302E+00  -0.16668E+00  -0.14270E+00   0.41676E+01   0.66206E+05
   93     1.2177   8.6398  -0.87649E+00  -0.16952E+00  -0.14554E+00   0.41648E+01   0.65211E+05
   94     1.2370   8.7025  -0.89005E+00  -0.17238E+00  -0.14839E+00   0.41620E+01   0.64221E+05
   95     1.2565   8.7646  -0.90367E+00  -0.17526E+00  -0.15127E+00   0.41593E+01   0.63232E+05
   96     1.2761   8.8260  -0.91736E+00  -0.17815E+00  -0.15417E+00   0.41567E+01   0.62242E+05
   97     1.2959   8.8868  -0.93111E+00  -0.18106E+00  -0.15708E+00   0.41540E+01   0.61261E+05
   98     1.3158   8.9469  -0.94493E+00  -0.18399E+00  -0.16001E+00   0.41515E+01   0.60282E+05
   99     1.3360   9.0065  -0.95882E+00  -0.18694E+00  -0.16296E+00   0.41489E+01   0.59310E+05
  100     1.3563   9.0653  -0.97277E+00  -0.18991E+00  -0.16593E+00   0.41464E+01   0.58348E+05
  101     1.3767   9.1236  -0.98680E+00  -0.19290E+00  -0.16892E+00   0.41440E+01   0.57400E+05
  102     1.3974   9.1812  -0.10009E+01  -0.19591E+00  -0.17193E+00   0.41416E+01   0.56461E+05
  103     1.4183   9.2382  -0.10151E+01  -0.19894E+00  -0.17496E+00   0.41392E+01   0.55535E+05
  104     1.4393   9.2945  -0.10293E+01  -0.20199E+00  -0.17801E+00   0.41369E+01   0.54616E+05
  105     1.4605   9.3503  -0.10436E+01  -0.20506E+00  -0.18108E+00   0.41346E+01   0.53706E+05
  106     1.4819   9.4054  -0.10580E+01  -0.20815E+00  -0.18417E+00   0.41324E+01   0.52804E+05
  107     1.5035   9.4600  -0.10725E+01  -0.21126E+00  -0.18728E+00   0.41302E+01   0.51892E+05
  108     1.5252   9.5139  -0.10871E+01  -0.21440E+00  -0.19041E+00   0.41280E+01   0.50990E+05
  109     1.5472   9.5673  -0.11017E+01  -0.21755E+00  -0.19357E+00   0.41259E+01   0.50097E+05
  110     1.5693   9.6200  -0.11164E+01  -0.22073E+00  -0.19675E+00   0.41238E+01   0.49212E+05
  111     1.5917   9.6722  -0.11311E+01  -0.22393E+00  -0.19994E+00   0.41218E+01   0.48331E+05
  112     1.6142   9.7238  -0.11459E+01  -0.22713E+00  -0.20315E+00   0.41198E+01   0.47458E+05
  113     1.6369   9.7748  -0.11608E+01  -0.23036E+00  -0.20638E+00   0.41178E+01   0.46592E+05
  114     1.6598   9.8252  -0.11758E+01  -0.23361E+00  -0.20963E+00   0.41159E+01   0.45728E+05
  115     1.6830   9.8751  -0.11908E+01  -0.23688E+00  -0.21290E+00   0.41140E+01   0.44870E+05
  116     1.7063   9.9244  -0.12059E+01  -0.24017E+00  -0.21619E+00   0.41121E+01   0.44053E+05
  117     1.7298   9.9731  -0.12210E+01  -0.24348E+00  -0.21950E+00   0.41102E+01   0.43226E+05
  118     1.7536  10.0213  -0.12362E+01  -0.24680E+00  -0.22282E+00   0.41084E+01   0.42389E+05
  119     1.7775  10.0689  -0.12515E+01  -0.25015E+00  -0.22617E+00   0.41066E+01   0.41580E+05
  120     1.8016  10.1160  -0.12668E+01  -0.25351E+00  -0.22952E+00   0.41049E+01   0.40781E+05
  121     1.8260  10.1626  -0.12824E+01  -0.25693E+00  -0.23295E+00   0.41032E+01   0.39981E+05
  122     1.8506  10.2086  -0.12977E+01  -0.26030E+00  -0.23631E+00   0.41015E+01   0.39209E+05
  123     1.8753  10.2541  -0.13133E+01  -0.26372E+00  -0.23974E+00   0.40998E+01   0.38438E+05
  124     1.9003  10.2990  -0.13289E+01  -0.26717E+00  -0.24318E+00   0.40982E+01   0.37680E+05
  125     1.9256  10.3434  -0.13446E+01  -0.27063E+00  -0.24665E+00   0.40966E+01   0.36888E+05
  126     1.9510  10.3873  -0.13603E+01  -0.27411E+00  -0.25013E+00   0.40950E+01   0.36178E+05
  127     1.9766  10.4307  -0.13761E+01  -0.27761E+00  -0.25363E+00   0.40934E+01   0.35439E+05
  128     2.0025  10.4736  -0.13920E+01  -0.28113E+00  -0.25715E+00   0.40919E+01   0.34714E+05
  129     2.0286  10.5160  -0.14080E+01  -0.28467E+00  -0.26068E+00   0.40904E+01   0.33996E+05
  130     2.0550  10.5579  -0.14240E+01  -0.28822E+00  -0.26424E+00   0.40889E+01   0.33292E+05
  131     2.0815  10.5993  -0.14400E+01  -0.29180E+00  -0.26782E+00   0.40875E+01   0.32597E+05
  132     2.1083  10.6402  -0.14561E+01  -0.29539E+00  -0.27141E+00   0.40861E+01   0.31914E+05
  133     2.1353  10.6806  -0.14723E+01  -0.29901E+00  -0.27503E+00   0.40847E+01   0.31244E+05
  134     2.1626  10.7205  -0.14886E+01  -0.30264E+00  -0.27866E+00   0.40833E+01   0.30580E+05
  135     2.1901  10.7600  -0.15049E+01  -0.30630E+00  -0.28231E+00   0.40819E+01   0.29925E+05
  136     2.2178  10.7990  -0.15213E+01  -0.30997E+00  -0.28599E+00   0.40806E+01   0.29276E+05
  137     2.2458  10.8375  -0.15378E+01  -0.31367E+00  -0.28968E+00   0.40793E+01   0.28636E+05
  138     2.2740  10.8756  -0.15543E+01  -0.31738E+00  -0.29340E+00   0.40780E+01   0.28007E+05
  139     2.3025  10.9132  -0.15709E+01  -0.32111E+00  -0.29713E+00   0.40767E+01   0.27388E+05
  140     2.3312  10.9504  -0.15875E+01  -0.32486E+00  -0.30087E+00   0.40755E+01   0.26781E+05
  141     2.3602  10.9871  -0.16042E+01  -0.32862E+00  -0.30464E+00   0.40743E+01   0.26184E+05
  142     2.3894  11.0234  -0.16209E+01  -0.33241E+00  -0.30842E+00   0.40731E+01   0.25598E+05
  143     2.4188  11.0592  -0.16378E+01  -0.33621E+00  -0.31223E+00   0.40719E+01   0.25023E+05
  144     2.4486  11.0946  -0.16547E+01  -0.34004E+00  -0.31605E+00   0.40707E+01   0.24457E+05
  145     2.4785  11.1296  -0.16716E+01  -0.34388E+00  -0.31990E+00   0.40696E+01   0.23902E+05
  146     2.5088  11.1641  -0.16887E+01  -0.34775E+00  -0.32377E+00   0.40685E+01   0.23353E+05
  147     2.5393  11.1982  -0.17057E+01  -0.35164E+00  -0.32766E+00   0.40674E+01   0.22813E+05
  148     2.5701  11.2320  -0.17229E+01  -0.35555E+00  -0.33157E+00   0.40663E+01   0.22279E+05
  149     2.6011  11.2653  -0.17401E+01  -0.35947E+00  -0.33549E+00   0.40652E+01   0.21753E+05
  150     2.6324  11.2982  -0.17574E+01  -0.36342E+00  -0.33943E+00   0.40642E+01   0.21237E+05
  151     2.6640  11.3306  -0.17747E+01  -0.36738E+00  -0.34339E+00   0.40631E+01   0.20732E+05
  152     2.6958  11.3627  -0.17921E+01  -0.37135E+00  -0.34737E+00   0.40621E+01   0.20239E+05
  153     2.7280  11.3944  -0.18095E+01  -0.37535E+00  -0.35137E+00   0.40611E+01   0.19756E+05
  154     2.7604  11.4258  -0.18270E+01  -0.37937E+00  -0.35539E+00   0.40601E+01   0.19282E+05
  155     2.7931  11.4567  -0.18446E+01  -0.38341E+00  -0.35943E+00   0.40592E+01   0.18817E+05
  156     2.8260  11.4872  -0.18623E+01  -0.38747E+00  -0.36349E+00   0.40582E+01   0.18362E+05
  157     2.8593  11.5174  -0.18800E+01  -0.39155E+00  -0.36757E+00   0.40573E+01   0.17914E+05
  158     2.8929  11.5472  -0.18978E+01  -0.39566E+00  -0.37167E+00   0.40564E+01   0.17473E+05
  159     2.9267  11.5766  -0.19156E+01  -0.39978E+00  -0.37580E+00   0.40555E+01   0.17039E+05
  160     2.9608  11.6057  -0.19335E+01  -0.40392E+00  -0.37994E+00   0.40546E+01   0.16612E+05
  161     2.9953  11.6344  -0.19515E+01  -0.40808E+00  -0.38410E+00   0.40537E+01   0.16193E+05
  162     3.0300  11.6628  -0.19695E+01  -0.41226E+00  -0.38828E+00   0.40528E+01   0.15784E+05
  163     3.0651  11.6908  -0.19876E+01  -0.41646E+00  -0.39248E+00   0.40520E+01   0.15383E+05
  164     3.1004  11.7184  -0.20058E+01  -0.42068E+00  -0.39670E+00   0.40512E+01   0.14986E+05
  165     3.1360  11.7458  -0.20240E+01  -0.42492E+00  -0.40093E+00   0.40504E+01   0.14602E+05
  166     3.1720  11.7727  -0.20423E+01  -0.42918E+00  -0.40519E+00   0.40495E+01   0.14227E+05
  167     3.2083  11.7994  -0.20606E+01  -0.43346E+00  -0.40948E+00   0.40488E+01   0.13861E+05
  168     3.2449  11.8257  -0.20790E+01  -0.43774E+00  -0.41376E+00   0.40480E+01   0.13504E+05
  169     3.2818  11.8517  -0.20975E+01  -0.44206E+00  -0.41808E+00   0.40472E+01   0.13151E+05
  170     3.3190  11.8773  -0.21160E+01  -0.44641E+00  -0.42243E+00   0.40465E+01   0.12805E+05
  171     3.3565  11.9026  -0.21346E+01  -0.45078E+00  -0.42680E+00   0.40457E+01   0.12468E+05
  172     3.3944  11.9277  -0.21533E+01  -0.45516E+00  -0.43118E+00   0.40450E+01   0.12138E+05
  173     3.4326  11.9524  -0.21720E+01  -0.45957E+00  -0.43559E+00   0.40443E+01   0.11812E+05
  174     3.4712  11.9768  -0.21908E+01  -0.46399E+00  -0.44001E+00   0.40436E+01   0.11492E+05
  175     3.5100  12.0009  -0.22097E+01  -0.46844E+00  -0.44445E+00   0.40429E+01   0.11181E+05
  176     3.5492  12.0246  -0.22286E+01  -0.47290E+00  -0.44892E+00   0.40422E+01   0.10878E+05
  177     3.5888  12.0481  -0.22476E+01  -0.47738E+00  -0.45340E+00   0.40415E+01   0.10582E+05
  178     3.6287  12.0713  -0.22667E+01  -0.48189E+00  -0.45791E+00   0.40409E+01   0.10292E+05
  179     3.6689  12.0942  -0.22858E+01  -0.48642E+00  -0.46244E+00   0.40402E+01   0.10008E+05
  180     3.7095  12.1169  -0.23050E+01  -0.49097E+00  -0.46699E+00   0.40396E+01   0.97308E+04
  181     3.7505  12.1392  -0.23242E+01  -0.49554E+00  -0.47156E+00   0.40390E+01   0.94598E+04
  182     3.7918  12.1612  -0.23436E+01  -0.50014E+00  -0.47615E+00   0.40384E+01   0.91947E+04
  183     3.8334  12.1830  -0.23630E+01  -0.50475E+00  -0.48077E+00   0.40377E+01   0.89350E+04
  184     3.8754  12.2045  -0.23824E+01  -0.50938E+00  -0.48540E+00   0.40371E+01   0.86824E+04
  185     3.9178  12.2257  -0.24019E+01  -0.51404E+00  -0.49006E+00   0.40366E+01   0.84357E+04
  186     3.9606  12.2467  -0.24215E+01  -0.51871E+00  -0.49473E+00   0.40360E+01   0.81956E+04
  187     4.0037  12.2674  -0.24412E+01  -0.52341E+00  -0.49943E+00   0.40354E+01   0.79610E+04
  188     4.0472  12.2878  -0.24609E+01  -0.52813E+00  -0.50415E+00   0.40349E+01   0.77315E+04
  189     4.0911  12.3080  -0.24807E+01  -0.53288E+00  -0.50890E+00   0.40343E+01   0.75068E+04
  190     4.1353  12.3279  -0.25005E+01  -0.53765E+00  -0.51367E+00   0.40338E+01   0.72880E+04
  191     4.1800  12.3476  -0.25205E+01  -0.54244E+00  -0.51846E+00   0.40332E+01   0.70739E+04
  192     4.2250  12.3670  -0.25405E+01  -0.54725E+00  -0.52326E+00   0.40327E+01   0.68650E+04
  193     4.2705  12.3862  -0.25605E+01  -0.55208E+00  -0.52809E+00   0.40322E+01   0.66621E+04
  194     4.3163  12.4051  -0.25806E+01  -0.55693E+00  -0.53294E+00   0.40317E+01   0.64639E+04
  195     4.3625  12.4238  -0.26008E+01  -0.56180E+00  -0.53782E+00   0.40312E+01   0.62715E+04
  196     4.4091  12.4423  -0.26211E+01  -0.56670E+00  -0.54272E+00   0.40307E+01   0.60841E+04
  197     4.4561  12.4605  -0.26414E+01  -0.57163E+00  -0.54764E+00   0.40302E+01   0.59012E+04
  198     4.5036  12.4785  -0.26619E+01  -0.57657E+00  -0.55259E+00   0.40298E+01   0.57222E+04
  199     4.5514  12.4962  -0.26823E+01  -0.58154E+00  -0.55756E+00   0.40293E+01   0.55472E+04
  200     4.5997  12.5138  -0.27029E+01  -0.58653E+00  -0.56255E+00   0.40288E+01   0.53766E+04
  201     4.6484  12.5311  -0.27235E+01  -0.59155E+00  -0.56757E+00   0.40284E+01   0.52106E+04
  202     4.6975  12.5482  -0.27442E+01  -0.59658E+00  -0.57260E+00   0.40279E+01   0.50494E+04
  203     4.7470  12.5650  -0.27650E+01  -0.60164E+00  -0.57766E+00   0.40275E+01   0.48921E+04
  204     4.7970  12.5817  -0.27858E+01  -0.60672E+00  -0.58274E+00   0.40271E+01   0.47395E+04
  205     4.8474  12.5981  -0.28067E+01  -0.61183E+00  -0.58784E+00   0.40267E+01   0.45915E+04
  206     4.8982  12.6144  -0.28277E+01  -0.61696E+00  -0.59297E+00   0.40262E+01   0.44472E+04
  207     4.9495  12.6304  -0.28487E+01  -0.62211E+00  -0.59813E+00   0.40258E+01   0.43069E+04
  208     5.0012  12.6462  -0.28698E+01  -0.62729E+00  -0.60331E+00   0.40254E+01   0.41694E+04
  209     5.0534  12.6619  -0.28910E+01  -0.63250E+00  -0.60851E+00   0.40250E+01   0.40364E+04
  210     5.1060  12.6773  -0.29123E+01  -0.63773E+00  -0.61374E+00   0.40246E+01   0.39064E+04
  211     5.1591  12.6925  -0.29337E+01  -0.64298E+00  -0.61899E+00   0.40243E+01   0.37791E+04
  212     5.2126  12.7076  -0.29551E+01  -0.64825E+00  -0.62427E+00   0.40239E+01   0.36553E+04
  213     5.2667  12.7224  -0.29766E+01  -0.65355E+00  -0.62957E+00   0.40235E+01   0.35358E+04
  214     5.3211  12.7371  -0.29981E+01  -0.65887E+00  -0.63489E+00   0.40232E+01   0.34201E+04
  215     5.3761  12.7515  -0.30197E+01  -0.66421E+00  -0.64023E+00   0.40228E+01   0.33078E+04
  216     5.4315  12.7658  -0.30414E+01  -0.66958E+00  -0.64560E+00   0.40224E+01   0.31992E+04
  217     5.4874  12.7799  -0.30632E+01  -0.67498E+00  -0.65099E+00   0.40221E+01   0.30935E+04
  218     5.5438  12.7938  -0.30851E+01  -0.68041E+00  -0.65642E+00   0.40218E+01   0.29906E+04
  219     5.6007  12.8076  -0.31071E+01  -0.68586E+00  -0.66188E+00   0.40214E+01   0.28902E+04
  220     5.6581  12.8211  -0.31291E+01  -0.69134E+00  -0.66736E+00   0.40211E+01   0.27920E+04
  221     5.7160  12.8345  -0.31512E+01  -0.69684E+00  -0.67286E+00   0.40208E+01   0.26967E+04
  222     5.7744  12.8477  -0.31734E+01  -0.70237E+00  -0.67839E+00   0.40204E+01   0.26041E+04
  223     5.8333  12.8608  -0.31957E+01  -0.70792E+00  -0.68393E+00   0.40201E+01   0.25147E+04
  224     5.8927  12.8737  -0.32180E+01  -0.71348E+00  -0.68950E+00   0.40198E+01   0.24282E+04
  225     5.9526  12.8864  -0.32404E+01  -0.71909E+00  -0.69510E+00   0.40195E+01   0.23444E+04
  226     6.0131  12.8990  -0.32629E+01  -0.72472E+00  -0.70073E+00   0.40192E+01   0.22633E+04
  227     6.0740  12.9114  -0.32854E+01  -0.73037E+00  -0.70639E+00   0.40189E+01   0.21843E+04
  228     6.1355  12.9236  -0.33081E+01  -0.73605E+00  -0.71207E+00   0.40186E+01   0.21075E+04
  229     6.1976  12.9357  -0.33308E+01  -0.74176E+00  -0.71778E+00   0.40184E+01   0.20329E+04
  230     6.2602  12.9476  -0.33536E+01  -0.74750E+00  -0.72351E+00   0.40181E+01   0.19610E+04
  231     6.3233  12.9594  -0.33765E+01  -0.75325E+00  -0.72927E+00   0.40178E+01   0.18912E+04
  232     6.3869  12.9710  -0.33995E+01  -0.75904E+00  -0.73506E+00   0.40175E+01   0.18239E+04
  233     6.4512  12.9825  -0.34225E+01  -0.76486E+00  -0.74088E+00   0.40173E+01   0.17581E+04
  234     6.5159  12.9938  -0.34457E+01  -0.77070E+00  -0.74672E+00   0.40170E+01   0.16947E+04
  235     6.5813  13.0050  -0.34689E+01  -0.77658E+00  -0.75259E+00   0.40167E+01   0.16332E+04
  236     6.6472  13.0160  -0.34922E+01  -0.78247E+00  -0.75849E+00   0.40165E+01   0.15732E+04
  237     6.7137  13.0269  -0.35156E+01  -0.78840E+00  -0.76442E+00   0.40162E+01   0.15156E+04
  238     6.7807  13.0377  -0.35391E+01  -0.79435E+00  -0.77037E+00   0.40160E+01   0.14597E+04
  239     6.8484  13.0483  -0.35626E+01  -0.80033E+00  -0.77635E+00   0.40158E+01   0.14059E+04
  240     6.9166  13.0588  -0.35863E+01  -0.80634E+00  -0.78236E+00   0.40155E+01   0.13537E+04
  241     6.9854  13.0691  -0.36100E+01  -0.81238E+00  -0.78840E+00   0.40153E+01   0.13031E+04
  242     7.0549  13.0794  -0.36338E+01  -0.81845E+00  -0.79447E+00   0.40150E+01   0.12540E+04
  243     7.1249  13.0894  -0.36577E+01  -0.82455E+00  -0.80057E+00   0.40148E+01   0.12067E+04
  244     7.1955  13.0994  -0.36817E+01  -0.83067E+00  -0.80669E+00   0.40146E+01   0.11609E+04
  245     7.2668  13.1092  -0.37058E+01  -0.83682E+00  -0.81284E+00   0.40144E+01   0.11164E+04
  246     7.3387  13.1189  -0.37300E+01  -0.84300E+00  -0.81902E+00   0.40142E+01   0.10736E+04
  247     7.4112  13.1285  -0.37542E+01  -0.84921E+00  -0.82523E+00   0.40140E+01   0.10324E+04
  248     7.4843  13.1380  -0.37786E+01  -0.85545E+00  -0.83147E+00   0.40137E+01   0.99247E+03
  249     7.5580  13.1473  -0.38030E+01  -0.86173E+00  -0.83774E+00   0.40135E+01   0.95401E+03
  250     7.6324  13.1565  -0.38275E+01  -0.86803E+00  -0.84405E+00   0.40133E+01   0.91685E+03
  251     7.7075  13.1656  -0.38521E+01  -0.87436E+00  -0.85038E+00   0.40131E+01   0.88085E+03
  252     7.7832  13.1746  -0.38769E+01  -0.88073E+00  -0.85675E+00   0.40129E+01   0.84596E+03
  253     7.8596  13.1834  -0.39017E+01  -0.88712E+00  -0.86314E+00   0.40127E+01   0.81231E+03
  254     7.9366  13.1922  -0.39265E+01  -0.89354E+00  -0.86956E+00   0.40126E+01   0.77986E+03
  255     8.0143  13.2008  -0.39515E+01  -0.89999E+00  -0.87601E+00   0.40124E+01   0.74865E+03
  256     8.0926  13.2093  -0.39766E+01  -0.90648E+00  -0.88249E+00   0.40122E+01   0.71856E+03
  257     8.1717  13.2178  -0.40017E+01  -0.91299E+00  -0.88901E+00   0.40120E+01   0.68956E+03
  258     8.2514  13.2261  -0.40270E+01  -0.91954E+00  -0.89556E+00   0.40118E+01   0.66171E+03
  259     8.3319  13.2343  -0.40524E+01  -0.92612E+00  -0.90213E+00   0.40117E+01   0.63471E+03
  260     8.4130  13.2424  -0.40778E+01  -0.93273E+00  -0.90874E+00   0.40115E+01   0.60851E+03
  261     8.4948  13.2503  -0.41034E+01  -0.93938E+00  -0.91539E+00   0.40113E+01   0.58338E+03
  262     8.5774  13.2582  -0.41290E+01  -0.94605E+00  -0.92207E+00   0.40111E+01   0.55916E+03
  263     8.6606  13.2660  -0.41548E+01  -0.95275E+00  -0.92877E+00   0.40110E+01   0.53584E+03
  264     8.7446  13.2737  -0.41806E+01  -0.95949E+00  -0.93551E+00   0.40108E+01   0.51340E+03
  265     8.8293  13.2813  -0.42065E+01  -0.96626E+00  -0.94228E+00   0.40107E+01   0.49186E+03
  266     8.9148  13.2888  -0.42326E+01  -0.97306E+00  -0.94908E+00   0.40105E+01   0.47103E+03
  267     9.0010  13.2962  -0.42587E+01  -0.97990E+00  -0.95592E+00   0.40104E+01   0.45101E+03
  268     9.0879  13.3035  -0.42850E+01  -0.98677E+00  -0.96279E+00   0.40102E+01   0.43176E+03
  269     9.1756  13.3107  -0.43113E+01  -0.99367E+00  -0.96969E+00   0.40101E+01   0.41323E+03
  270     9.2641  13.3178  -0.43377E+01  -0.10006E+01  -0.97662E+00   0.40099E+01   0.39545E+03
  271     9.3534  13.3248  -0.43643E+01  -0.10076E+01  -0.98360E+00   0.40098E+01   0.37830E+03
  272     9.4434  13.3317  -0.43909E+01  -0.10146E+01  -0.99061E+00   0.40096E+01   0.36183E+03
  273     9.5342  13.3386  -0.44177E+01  -0.10216E+01  -0.99764E+00   0.40095E+01   0.34597E+03
  274     9.6257  13.3453  -0.44445E+01  -0.10287E+01  -0.10047E+01   0.40093E+01   0.33072E+03
  275     9.7181  13.3520  -0.44715E+01  -0.10358E+01  -0.10118E+01   0.40092E+01   0.31610E+03
  276     9.8113  13.3586  -0.44985E+01  -0.10429E+01  -0.10190E+01   0.40091E+01   0.30204E+03
  277     9.9053  13.3651  -0.45257E+01  -0.10501E+01  -0.10261E+01   0.40089E+01   0.28778E+03
  278    10.0001  13.3715  -0.45530E+01  -0.10573E+01  -0.10334E+01   0.40088E+01   0.27560E+03
  279    10.0957  13.3778  -0.45804E+01  -0.10646E+01  -0.10406E+01   0.40087E+01   0.26316E+03
  280    10.1922  13.3841  -0.46077E+01  -0.10718E+01  -0.10479E+01   0.40086E+01   0.25133E+03
  281    10.2895  13.3902  -0.46354E+01  -0.10792E+01  -0.10552E+01   0.40084E+01   0.23975E+03
  282    10.3877  13.3963  -0.46631E+01  -0.10866E+01  -0.10626E+01   0.40083E+01   0.22950E+03
  283    10.4867  13.4023  -0.46909E+01  -0.10939E+01  -0.10700E+01   0.40082E+01   0.21827E+03
  284    10.5865  13.4083  -0.47188E+01  -0.11014E+01  -0.10774E+01   0.40081E+01   0.20819E+03
  285    10.6873  13.4141  -0.47469E+01  -0.11088E+01  -0.10849E+01   0.40080E+01   0.19850E+03
  286    10.7889  13.4199  -0.47750E+01  -0.11163E+01  -0.10924E+01   0.40079E+01   0.18922E+03
  287    10.8914  13.4256  -0.48033E+01  -0.11239E+01  -0.10999E+01   0.40077E+01   0.18031E+03
  288    10.9947  13.4312  -0.48316E+01  -0.11315E+01  -0.11075E+01   0.40076E+01   0.17180E+03
  289    11.0990  13.4368  -0.48601E+01  -0.11391E+01  -0.11151E+01   0.40075E+01   0.16363E+03
  290    11.2042  13.4423  -0.48887E+01  -0.11467E+01  -0.11228E+01   0.40074E+01   0.15583E+03
  291    11.3103  13.4477  -0.49174E+01  -0.11544E+01  -0.11304E+01   0.40073E+01   0.14836E+03
  292    11.4173  13.4530  -0.49462E+01  -0.11622E+01  -0.11382E+01   0.40072E+01   0.14122E+03
  293    11.5253  13.4583  -0.49752E+01  -0.11699E+01  -0.11459E+01   0.40071E+01   0.13438E+03
  294    11.6342  13.4635  -0.50042E+01  -0.11777E+01  -0.11538E+01   0.40070E+01   0.12787E+03
  295    11.7440  13.4687  -0.50334E+01  -0.11856E+01  -0.11616E+01   0.40069E+01   0.12158E+03
  296    11.8548  13.4738  -0.50627E+01  -0.11935E+01  -0.11695E+01   0.40068E+01   0.11561E+03
  297    11.9666  13.4788  -0.50921E+01  -0.12014E+01  -0.11774E+01   0.40067E+01   0.10990E+03
  298    12.0793  13.4837  -0.51216E+01  -0.12094E+01  -0.11854E+01   0.40066E+01   0.10443E+03
  299    12.1930  13.4886  -0.51513E+01  -0.12174E+01  -0.11934E+01   0.40065E+01   0.99245E+02
  300    12.3077  13.4934  -0.51811E+01  -0.12254E+01  -0.12014E+01   0.40064E+01   0.94215E+02
  301    12.4234  13.4982  -0.52109E+01  -0.12335E+01  -0.12095E+01   0.40064E+01   0.89474E+02
  302    12.5401  13.5029  -0.52410E+01  -0.12416E+01  -0.12177E+01   0.40063E+01   0.84945E+02
  303    12.6578  13.5075  -0.52711E+01  -0.12498E+01  -0.12258E+01   0.40062E+01   0.80612E+02
  304    12.7766  13.5121  -0.53014E+01  -0.12580E+01  -0.12340E+01   0.40061E+01   0.76482E+02
  305    12.8963  13.5166  -0.53318E+01  -0.12663E+01  -0.12423E+01   0.40060E+01   0.72534E+02
  306    13.0172  13.5211  -0.53623E+01  -0.12746E+01  -0.12506E+01   0.40059E+01   0.68779E+02
  307    13.1390  13.5255  -0.53929E+01  -0.12829E+01  -0.12589E+01   0.40058E+01   0.65206E+02
  308    13.2619  13.5298  -0.54237E+01  -0.12913E+01  -0.12673E+01   0.40058E+01   0.61784E+02
  309    13.3859  13.5341  -0.54546E+01  -0.12997E+01  -0.12757E+01   0.40057E+01   0.58553E+02
  310    13.5110  13.5383  -0.54856E+01  -0.13082E+01  -0.12842E+01   0.40056E+01   0.55460E+02
  311    13.6372  13.5425  -0.55168E+01  -0.13167E+01  -0.12927E+01   0.40055E+01   0.52498E+02
  312    13.7644  13.5466  -0.55481E+01  -0.13252E+01  -0.13012E+01   0.40055E+01   0.49695E+02
  313    13.8928  13.5507  -0.55795E+01  -0.13338E+01  -0.13098E+01   0.40054E+01   0.47018E+02
  314    14.0223  13.5547  -0.56110E+01  -0.13425E+01  -0.13185E+01   0.40053E+01   0.44490E+02
  315    14.1529  13.5587  -0.56427E+01  -0.13511E+01  -0.13272E+01   0.40052E+01   0.42072E+02
  316    14.2846  13.5626  -0.56745E+01  -0.13599E+01  -0.13359E+01   0.40052E+01   0.39794E+02
  317    14.4175  13.5665  -0.57065E+01  -0.13686E+01  -0.13447E+01   0.40051E+01   0.37606E+02
  318    14.5515  13.5703  -0.57386E+01  -0.13775E+01  -0.13535E+01   0.40050E+01   0.35527E+02
  319    14.6867  13.5741  -0.57708E+01  -0.13863E+01  -0.13623E+01   0.40050E+01   0.33571E+02
  320    14.8231  13.5778  -0.58032E+01  -0.13952E+01  -0.13712E+01   0.40049E+01   0.31693E+02
  321    14.9607  13.5815  -0.58356E+01  -0.14042E+01  -0.13802E+01   0.40048E+01   0.29920E+02
  322    15.0994  13.5851  -0.58683E+01  -0.14132E+01  -0.13892E+01   0.40048E+01   0.28232E+02
  323    15.2394  13.5887  -0.59011E+01  -0.14222E+01  -0.13982E+01   0.40047E+01   0.26638E+02
  324    15.3806  13.5922  -0.59340E+01  -0.14313E+01  -0.14073E+01   0.40046E+01   0.25124E+02
  325    15.5230  13.5957  -0.59670E+01  -0.14405E+01  -0.14165E+01   0.40046E+01   0.23686E+02
  326    15.6666  13.5991  -0.60002E+01  -0.14497E+01  -0.14257E+01   0.40045E+01   0.22326E+02
  327    15.8115  13.6025  -0.60336E+01  -0.14589E+01  -0.14349E+01   0.40045E+01   0.21037E+02
  328    15.9577  13.6059  -0.60671E+01  -0.14682E+01  -0.14442E+01   0.40044E+01   0.19818E+02
  329    16.1051  13.6092  -0.61007E+01  -0.14775E+01  -0.14535E+01   0.40043E+01   0.18660E+02
  330    16.2538  13.6124  -0.61345E+01  -0.14869E+01  -0.14629E+01   0.40043E+01   0.17561E+02
  331    16.4038  13.6157  -0.61684E+01  -0.14963E+01  -0.14723E+01   0.40042E+01   0.16530E+02
  332    16.5551  13.6188  -0.62025E+01  -0.15058E+01  -0.14818E+01   0.40042E+01   0.15553E+02
  333    16.7078  13.6220  -0.62367E+01  -0.15153E+01  -0.14913E+01   0.40041E+01   0.14618E+02
  334    16.8617  13.6251  -0.62711E+01  -0.15249E+01  -0.15009E+01   0.40041E+01   0.13743E+02
  335    17.0170  13.6281  -0.63056E+01  -0.15345E+01  -0.15106E+01   0.40040E+01   0.12917E+02
  336    17.1736  13.6312  -0.63403E+01  -0.15442E+01  -0.15202E+01   0.40040E+01   0.12132E+02
  337    17.3316  13.6342  -0.63751E+01  -0.15539E+01  -0.15300E+01   0.40039E+01   0.11395E+02
  338    17.4910  13.6371  -0.64101E+01  -0.15637E+01  -0.15397E+01   0.40039E+01   0.10700E+02
  339    17.6518  13.6400  -0.64452E+01  -0.15736E+01  -0.15496E+01   0.40038E+01   0.10037E+02
  340    17.8139  13.6429  -0.64805E+01  -0.15834E+01  -0.15595E+01   0.40038E+01   0.94143E+01
  341    17.9775  13.6457  -0.65159E+01  -0.15934E+01  -0.15694E+01   0.40037E+01   0.88321E+01
  342    18.1425  13.6485  -0.65515E+01  -0.16034E+01  -0.15794E+01   0.40037E+01   0.82837E+01
  343    18.3089  13.6513  -0.65873E+01  -0.16134E+01  -0.15894E+01   0.40036E+01   0.77610E+01
  344    18.4768  13.6540  -0.66233E+01  -0.16235E+01  -0.15995E+01   0.40036E+01   0.72664E+01
  345    18.6461  13.6567  -0.66593E+01  -0.16337E+01  -0.16097E+01   0.40035E+01   0.68061E+01
  346    18.8169  13.6593  -0.66955E+01  -0.16438E+01  -0.16199E+01   0.40035E+01   0.63736E+01
  347    18.9892  13.6619  -0.67320E+01  -0.16541E+01  -0.16301E+01   0.40034E+01   0.59633E+01
  348    19.1630  13.6645  -0.67685E+01  -0.16644E+01  -0.16404E+01   0.40034E+01   0.55802E+01
  349    19.3383  13.6671  -0.68053E+01  -0.16748E+01  -0.16508E+01   0.40034E+01   0.52156E+01
  350    19.5151  13.6696  -0.68422E+01  -0.16852E+01  -0.16612E+01   0.40033E+01   0.48757E+01
  351    19.6934  13.6721  -0.68792E+01  -0.16957E+01  -0.16717E+01   0.40033E+01   0.45564E+01
  352    19.8734  13.6745  -0.69164E+01  -0.17062E+01  -0.16822E+01   0.40032E+01   0.42583E+01
  353    20.0548  13.6770  -0.69539E+01  -0.17168E+01  -0.16928E+01   0.40032E+01   0.39736E+01
  354    20.2379  13.6794  -0.69914E+01  -0.17274E+01  -0.17035E+01   0.40032E+01   0.37078E+01
  355    20.4225  13.6817  -0.70291E+01  -0.17381E+01  -0.17142E+01   0.40031E+01   0.34593E+01
  356    20.6088  13.6840  -0.70670E+01  -0.17489E+01  -0.17249E+01   0.40031E+01   0.32265E+01
  357    20.7966  13.6863  -0.71051E+01  -0.17597E+01  -0.17357E+01   0.40030E+01   0.30085E+01
  358    20.9861  13.6886  -0.71434E+01  -0.17706E+01  -0.17466E+01   0.40030E+01   0.28034E+01
  359    21.1773  13.6909  -0.71818E+01  -0.17815E+01  -0.17575E+01   0.40030E+01   0.26102E+01
  360    21.3701  13.6931  -0.72204E+01  -0.17925E+01  -0.17685E+01   0.40029E+01   0.24306E+01
  361    21.5646  13.6953  -0.72592E+01  -0.18035E+01  -0.17796E+01   0.40029E+01   0.22631E+01
  362    21.7607  13.6974  -0.72981E+01  -0.18146E+01  -0.17907E+01   0.40029E+01   0.21047E+01
  363    21.9586  13.6995  -0.73373E+01  -0.18258E+01  -0.18018E+01   0.40028E+01   0.19573E+01
  364    22.1582  13.7016  -0.73766E+01  -0.18371E+01  -0.18131E+01   0.40028E+01   0.18201E+01
  365    22.3596  13.7037  -0.74161E+01  -0.18483E+01  -0.18243E+01   0.40028E+01   0.16910E+01
  366    22.5626  13.7058  -0.74558E+01  -0.18597E+01  -0.18357E+01   0.40027E+01   0.15724E+01
  367    22.7675  13.7078  -0.74957E+01  -0.18711E+01  -0.18471E+01   0.40027E+01   0.14584E+01
  368    22.9741  13.7098  -0.75357E+01  -0.18826E+01  -0.18586E+01   0.40000E+01   0.13541E+01
  369    23.1825  13.7117  -0.75759E+01  -0.18941E+01  -0.18701E+01   0.40000E+01   0.12570E+01
  370    23.3928  13.7137  -0.76163E+01  -0.19057E+01  -0.18817E+01   0.40000E+01   0.11643E+01
  371    23.6049  13.7156  -0.76571E+01  -0.19174E+01  -0.18934E+01   0.40000E+01   0.10804E+01
  372    23.8188  13.7175  -0.76977E+01  -0.19291E+01  -0.19051E+01   0.40000E+01   0.10007E+01
  373    24.0345  13.7194  -0.77387E+01  -0.19409E+01  -0.19169E+01   0.40000E+01   0.92629E+00
  374    24.2522  13.7212  -0.77798E+01  -0.19527E+01  -0.19287E+01   0.40000E+01   0.85751E+00
  375    24.4717  13.7230  -0.78212E+01  -0.19646E+01  -0.19406E+01   0.40000E+01   0.79508E+00
  376    24.6932  13.7248  -0.78628E+01  -0.19766E+01  -0.19526E+01   0.40000E+01   0.73394E+00
  377    24.9166  13.7266  -0.79045E+01  -0.19886E+01  -0.19646E+01   0.40000E+01   0.67874E+00
  378    25.1419  13.7284  -0.79465E+01  -0.20007E+01  -0.19767E+01   0.40000E+01   0.62652E+00
  379    25.3691  13.7301  -0.79885E+01  -0.20129E+01  -0.19889E+01   0.40000E+01   0.57948E+00
  380    25.5984  13.7318  -0.80310E+01  -0.20251E+01  -0.20012E+01   0.40000E+01   0.53455E+00
  381    25.8296  13.7335  -0.80735E+01  -0.20374E+01  -0.20134E+01   0.40000E+01   0.49314E+00
  382    26.0629  13.7351  -0.81162E+01  -0.20498E+01  -0.20258E+01   0.40000E+01   0.45513E+00
  383    26.2982  13.7368  -0.81591E+01  -0.20622E+01  -0.20382E+01   0.40000E+01   0.41968E+00
  384    26.5355  13.7384  -0.82023E+01  -0.20747E+01  -0.20507E+01   0.40000E+01   0.38672E+00
  385    26.7749  13.7400  -0.82456E+01  -0.20873E+01  -0.20633E+01   0.40000E+01   0.35604E+00
  386    27.0164  13.7416  -0.82891E+01  -0.20999E+01  -0.20759E+01   0.40000E+01   0.32775E+00
  387    27.2599  13.7431  -0.83328E+01  -0.21126E+01  -0.20886E+01   0.40000E+01   0.30193E+00
  388    27.5056  13.7447  -0.83768E+01  -0.21254E+01  -0.21014E+01   0.40000E+01   0.27762E+00
  389    27.7534  13.7462  -0.84209E+01  -0.21382E+01  -0.21142E+01   0.40000E+01   0.25521E+00
  390    28.0034  13.7477  -0.84652E+01  -0.21511E+01  -0.21271E+01   0.40000E+01   0.23447E+00
  391    28.2556  13.7492  -0.85098E+01  -0.21641E+01  -0.21401E+01   0.40000E+01   0.21553E+00
  392    28.5099  13.7506  -0.85546E+01  -0.21771E+01  -0.21531E+01   0.40000E+01   0.19780E+00
  393    28.7665  13.7521  -0.85995E+01  -0.21902E+01  -0.21662E+01   0.40000E+01   0.18147E+00
  394    29.0253  13.7535  -0.86447E+01  -0.22034E+01  -0.21794E+01   0.40000E+01   0.16646E+00
  395    29.2863  13.7549  -0.86901E+01  -0.22167E+01  -0.21927E+01   0.40000E+01   0.15262E+00
  396    29.5496  13.7563  -0.87356E+01  -0.22299E+01  -0.22060E+01   0.40000E+01   0.13991E+00
  397    29.8152  13.7577  -0.87815E+01  -0.22433E+01  -0.22194E+01   0.40000E+01   0.12805E+00
  398    30.0831  13.7590  -0.88275E+01  -0.22568E+01  -0.22328E+01   0.40000E+01   0.11727E+00
  399    30.3534  13.7604  -0.88737E+01  -0.22703E+01  -0.22463E+01   0.40000E+01   0.10729E+00
  400    30.6259  13.7617  -0.89201E+01  -0.22839E+01  -0.22599E+01   0.40000E+01   0.98138E-01
