    1     0.0001   0.0014  -0.15259E-04  -0.88012E-06   0.11818E+00   0.14283E+02   0.17810E+00
    2     0.0088   0.1221  -0.99022E-03   0.14134E-04   0.11819E+00   0.14193E+02   0.13842E+00
    3     0.0176   0.2423  -0.20754E-02   0.10095E-04   0.11819E+00   0.14104E+02   0.14687E+00
    4     0.0264   0.3621  -0.31990E-02   0.41417E-05   0.11818E+00   0.14016E+02   0.15227E+00
    5     0.0353   0.4814  -0.43766E-02  -0.71964E-05   0.11817E+00   0.13928E+02   0.15785E+00
    6     0.0443   0.6003  -0.55880E-02  -0.19208E-04   0.11816E+00   0.13841E+02   0.16268E+00
    7     0.0534   0.7188  -0.68318E-02  -0.31582E-04   0.11815E+00   0.13754E+02   0.16711E+00
    8     0.0626   0.8368  -0.81068E-02  -0.43982E-04   0.11814E+00   0.13667E+02   0.17139E+00
    9     0.0718   0.9543  -0.94111E-02  -0.56202E-04   0.11812E+00   0.13581E+02   0.17560E+00
   10     0.0811   1.0713  -0.10745E-01  -0.68396E-04   0.11811E+00   0.13495E+02   0.17968E+00
   11     0.0905   1.1879  -0.12106E-01  -0.79866E-04   0.11810E+00   0.13410E+02   0.18374E+00
   12     0.1000   1.3039  -0.13496E-01  -0.90973E-04   0.11809E+00   0.13324E+02   0.18770E+00
   13     0.1096   1.4195  -0.14914E-01  -0.10174E-03   0.11808E+00   0.13239E+02   0.19170E+00
   14     0.1192   1.5346  -0.16359E-01  -0.11205E-03   0.11807E+00   0.13155E+02   0.19570E+00
   15     0.1290   1.6491  -0.17840E-01  -0.12412E-03   0.11806E+00   0.13071E+02   0.19974E+00
   16     0.1388   1.7632  -0.19337E-01  -0.13289E-03   0.11805E+00   0.12987E+02   0.20374E+00
   17     0.1487   1.8767  -0.20863E-01  -0.14113E-03   0.11804E+00   0.12903E+02   0.20769E+00
   18     0.1587   1.9897  -0.22417E-01  -0.14921E-03   0.11803E+00   0.12820E+02   0.21173E+00
   19     0.1687   2.1021  -0.23999E-01  -0.15729E-03   0.11802E+00   0.12737E+02   0.21577E+00
   20     0.1789   2.2140  -0.25609E-01  -0.16560E-03   0.11801E+00   0.12655E+02   0.21980E+00
   21     0.1891   2.3254  -0.27248E-01  -0.17396E-03   0.11801E+00   0.12573E+02   0.22392E+00
   22     0.1995   2.4362  -0.28915E-01  -0.18282E-03   0.11800E+00   0.12491E+02   0.22802E+00
   23     0.2099   2.5465  -0.30610E-01  -0.19188E-03   0.11799E+00   0.12409E+02   0.23218E+00
   24     0.2204   2.6562  -0.32334E-01  -0.20152E-03   0.11798E+00   0.12328E+02   0.23637E+00
   25     0.2310   2.7653  -0.34086E-01  -0.21141E-03   0.11797E+00   0.12248E+02   0.24060E+00
   26     0.2417   2.8738  -0.35865E-01  -0.22193E-03   0.11796E+00   0.12167E+02   0.24490E+00
   27     0.2525   2.9818  -0.37673E-01  -0.23262E-03   0.11795E+00   0.12087E+02   0.24918E+00
   28     0.2634   3.0892  -0.39508E-01  -0.24410E-03   0.11794E+00   0.12007E+02   0.25354E+00
   29     0.2744   3.1959  -0.41372E-01  -0.25627E-03   0.11792E+00   0.11928E+02   0.25795E+00
   30     0.2855   3.3021  -0.43265E-01  -0.26917E-03   0.11791E+00   0.11849E+02   0.26241E+00
   31     0.2967   3.4077  -0.45187E-01  -0.28318E-03   0.11790E+00   0.11770E+02   0.26688E+00
   32     0.3079   3.5127  -0.47138E-01  -0.29839E-03   0.11788E+00   0.11692E+02   0.27141E+00
   33     0.3193   3.6170  -0.49111E-01  -0.31230E-03   0.11787E+00   0.11614E+02   0.27601E+00
   34     0.3308   3.7207  -0.51125E-01  -0.33053E-03   0.11785E+00   0.11536E+02   0.28064E+00
   35     0.3423   3.8238  -0.53169E-01  -0.35046E-03   0.11783E+00   0.11459E+02   0.28525E+00
   36     0.3540   3.9263  -0.55246E-01  -0.37245E-03   0.11781E+00   0.11382E+02   0.29000E+00
   37     0.3658   4.0281  -0.57354E-01  -0.39626E-03   0.11778E+00   0.11306E+02   0.29476E+00
   38     0.3777   4.1293  -0.59493E-01  -0.42202E-03   0.11776E+00   0.11230E+02   0.29956E+00
   39     0.3896   4.2299  -0.61665E-01  -0.45000E-03   0.11773E+00   0.11154E+02   0.30443E+00
   40     0.4017   4.3298  -0.63868E-01  -0.48009E-03   0.11770E+00   0.11079E+02   0.30934E+00
   41     0.4139   4.4291  -0.66103E-01  -0.51246E-03   0.11767E+00   0.11004E+02   0.31432E+00
   42     0.4262   4.5276  -0.68369E-01  -0.54700E-03   0.11763E+00   0.10930E+02   0.31935E+00
   43     0.4386   4.6256  -0.70666E-01  -0.58340E-03   0.11760E+00   0.10856E+02   0.32439E+00
   44     0.4511   4.7229  -0.72993E-01  -0.62220E-03   0.11756E+00   0.10782E+02   0.32950E+00
   45     0.4637   4.8195  -0.75353E-01  -0.66194E-03   0.11752E+00   0.10709E+02   0.33469E+00
   46     0.4764   4.9154  -0.77743E-01  -0.70410E-03   0.11748E+00   0.10636E+02   0.33992E+00
   47     0.4893   5.0106  -0.80167E-01  -0.74888E-03   0.11743E+00   0.10564E+02   0.34520E+00
   48     0.5022   5.1052  -0.82625E-01  -0.79716E-03   0.11738E+00   0.10492E+02   0.35052E+00
   49     0.5153   5.1991  -0.85118E-01  -0.84875E-03   0.11733E+00   0.10420E+02   0.35586E+00
   50     0.5285   5.2923  -0.87646E-01  -0.90384E-03   0.11728E+00   0.10349E+02   0.36131E+00
   51     0.5417   5.3849  -0.90209E-01  -0.96216E-03   0.11722E+00   0.10278E+02   0.36674E+00
   52     0.5552   5.4767  -0.92805E-01  -0.10242E-02   0.11716E+00   0.10208E+02   0.37225E+00
   53     0.5687   5.5679  -0.95437E-01  -0.10894E-02   0.11709E+00   0.10138E+02   0.37785E+00
   54     0.5823   5.6583  -0.98102E-01  -0.11582E-02   0.11702E+00   0.10069E+02   0.38343E+00
   55     0.5961   5.7481  -0.10080E+00  -0.12305E-02   0.11695E+00   0.99994E+01   0.38911E+00
   56     0.6099   5.8371  -0.10354E+00  -0.13064E-02   0.11687E+00   0.99308E+01   0.39486E+00
   57     0.6239   5.9255  -0.10631E+00  -0.13863E-02   0.11679E+00   0.98626E+01   0.40064E+00
   58     0.6381   6.0132  -0.10911E+00  -0.14697E-02   0.11671E+00   0.97948E+01   0.40647E+00
   59     0.6523   6.1001  -0.11195E+00  -0.15574E-02   0.11662E+00   0.97274E+01   0.41234E+00
   60     0.6667   6.1864  -0.11483E+00  -0.16493E-02   0.11653E+00   0.96605E+01   0.41825E+00
   61     0.6812   6.2719  -0.11775E+00  -0.17446E-02   0.11644E+00   0.95941E+01   0.42422E+00
   62     0.6958   6.3568  -0.12070E+00  -0.18441E-02   0.11634E+00   0.95281E+01   0.43023E+00
   63     0.7105   6.4409  -0.12368E+00  -0.19484E-02   0.11623E+00   0.94625E+01   0.43632E+00
   64     0.7254   6.5244  -0.12671E+00  -0.20571E-02   0.11612E+00   0.93974E+01   0.44240E+00
   65     0.7404   6.6071  -0.12977E+00  -0.21707E-02   0.11601E+00   0.93327E+01   0.44856E+00
   66     0.7555   6.6891  -0.13287E+00  -0.22887E-02   0.11589E+00   0.92685E+01   0.45474E+00
   67     0.7708   6.7704  -0.13601E+00  -0.24119E-02   0.11577E+00   0.92048E+01   0.46098E+00
   68     0.7862   6.8511  -0.13919E+00  -0.25399E-02   0.11564E+00   0.91414E+01   0.46728E+00
   69     0.8017   6.9310  -0.14240E+00  -0.26730E-02   0.11551E+00   0.90785E+01   0.47363E+00
   70     0.8174   7.0102  -0.14565E+00  -0.28107E-02   0.11537E+00   0.90161E+01   0.48001E+00
   71     0.8332   7.0886  -0.14894E+00  -0.29533E-02   0.11523E+00   0.89541E+01   0.48646E+00
   72     0.8491   7.1664  -0.15227E+00  -0.31011E-02   0.11508E+00   0.88925E+01   0.49289E+00
   73     0.8652   7.2435  -0.15564E+00  -0.32543E-02   0.11493E+00   0.88313E+01   0.49939E+00
   74     0.8814   7.3199  -0.15904E+00  -0.34125E-02   0.11477E+00   0.87706E+01   0.50591E+00
   75     0.8977   7.3956  -0.16249E+00  -0.35765E-02   0.11460E+00   0.87104E+01   0.51246E+00
   76     0.9142   7.4705  -0.16597E+00  -0.37467E-02   0.11443E+00   0.86505E+01   0.51906E+00
   77     0.9309   7.5448  -0.16950E+00  -0.39222E-02   0.11426E+00   0.85912E+01   0.52569E+00
   78     0.9477   7.6184  -0.17306E+00  -0.41033E-02   0.11408E+00   0.85322E+01   0.53237E+00
   79     0.9646   7.6913  -0.17666E+00  -0.42896E-02   0.11389E+00   0.84738E+01   0.53909E+00
   80     0.9817   7.7635  -0.18030E+00  -0.44817E-02   0.11370E+00   0.84157E+01   0.54584E+00
   81     0.9989   7.8350  -0.18399E+00  -0.46803E-02   0.11350E+00   0.83581E+01   0.55267E+00
   82     1.0163   7.9058  -0.18772E+00  -0.48858E-02   0.11329E+00   0.83009E+01   0.55948E+00
   83     1.0338   7.9759  -0.19149E+00  -0.50992E-02   0.11308E+00   0.82443E+01   0.56629E+00
   84     1.0515   8.0453  -0.19531E+00  -0.53194E-02   0.11286E+00   0.81881E+01   0.57312E+00
   85     1.0693   8.1141  -0.19916E+00  -0.55452E-02   0.11263E+00   0.81323E+01   0.58000E+00
   86     1.0873   8.1821  -0.20305E+00  -0.57761E-02   0.11240E+00   0.80770E+01   0.58688E+00
   87     1.1055   8.2495  -0.20699E+00  -0.60133E-02   0.11217E+00   0.80221E+01   0.59384E+00
   88     1.1238   8.3162  -0.21096E+00  -0.62579E-02   0.11192E+00   0.79676E+01   0.60078E+00
   89     1.1423   8.3823  -0.21499E+00  -0.65102E-02   0.11167E+00   0.79136E+01   0.60777E+00
   90     1.1609   8.4477  -0.21905E+00  -0.67697E-02   0.11141E+00   0.78600E+01   0.61482E+00
   91     1.1797   8.5124  -0.22316E+00  -0.70359E-02   0.11114E+00   0.78069E+01   0.62186E+00
   92     1.1986   8.5764  -0.22730E+00  -0.73084E-02   0.11087E+00   0.77541E+01   0.62891E+00
   93     1.2177   8.6398  -0.23149E+00  -0.75872E-02   0.11059E+00   0.77018E+01   0.63595E+00
   94     1.2370   8.7025  -0.23572E+00  -0.78734E-02   0.11031E+00   0.76500E+01   0.64307E+00
   95     1.2565   8.7646  -0.24000E+00  -0.81675E-02   0.11001E+00   0.75986E+01   0.65021E+00
   96     1.2761   8.8260  -0.24432E+00  -0.84700E-02   0.10971E+00   0.75476E+01   0.65730E+00
   97     1.2959   8.8868  -0.24869E+00  -0.87801E-02   0.10940E+00   0.74972E+01   0.66441E+00
   98     1.3158   8.9469  -0.25310E+00  -0.90989E-02   0.10908E+00   0.74471E+01   0.67145E+00
   99     1.3360   9.0065  -0.25756E+00  -0.94254E-02   0.10875E+00   0.73974E+01   0.67849E+00
  100     1.3563   9.0653  -0.26206E+00  -0.97600E-02   0.10842E+00   0.73482E+01   0.68556E+00
  101     1.3767   9.1236  -0.26660E+00  -0.10102E-01   0.10808E+00   0.72993E+01   0.69269E+00
  102     1.3974   9.1812  -0.27119E+00  -0.10453E-01   0.10773E+00   0.72509E+01   0.69981E+00
  103     1.4183   9.2382  -0.27583E+00  -0.10811E-01   0.10737E+00   0.72029E+01   0.70691E+00
  104     1.4393   9.2945  -0.28051E+00  -0.11178E-01   0.10700E+00   0.71554E+01   0.71398E+00
  105     1.4605   9.3503  -0.28524E+00  -0.11554E-01   0.10663E+00   0.71084E+01   0.72105E+00
  106     1.4819   9.4054  -0.29002E+00  -0.11939E-01   0.10624E+00   0.70618E+01   0.72816E+00
  107     1.5035   9.4600  -0.29484E+00  -0.12332E-01   0.10585E+00   0.70157E+01   0.73529E+00
  108     1.5252   9.5139  -0.29971E+00  -0.12733E-01   0.10545E+00   0.69700E+01   0.74237E+00
  109     1.5472   9.5673  -0.30463E+00  -0.13143E-01   0.10504E+00   0.69247E+01   0.74938E+00
  110     1.5693   9.6200  -0.30959E+00  -0.13564E-01   0.10462E+00   0.68797E+01   0.75635E+00
  111     1.5917   9.6722  -0.31460E+00  -0.13995E-01   0.10419E+00   0.68350E+01   0.76331E+00
  112     1.6142   9.7238  -0.31966E+00  -0.14434E-01   0.10375E+00   0.67908E+01   0.77028E+00
  113     1.6369   9.7748  -0.32476E+00  -0.14881E-01   0.10330E+00   0.67470E+01   0.77727E+00
  114     1.6598   9.8252  -0.32991E+00  -0.15338E-01   0.10284E+00   0.67037E+01   0.78421E+00
  115     1.6830   9.8751  -0.33511E+00  -0.15805E-01   0.10237E+00   0.66607E+01   0.79109E+00
  116     1.7063   9.9244  -0.34036E+00  -0.16283E-01   0.10190E+00   0.66182E+01   0.79792E+00
  117     1.7298   9.9731  -0.34566E+00  -0.16770E-01   0.10141E+00   0.65761E+01   0.80469E+00
  118     1.7536  10.0213  -0.35101E+00  -0.17267E-01   0.10091E+00   0.65343E+01   0.81141E+00
  119     1.7775  10.0689  -0.35640E+00  -0.17773E-01   0.10041E+00   0.64931E+01   0.81814E+00
  120     1.8016  10.1160  -0.36185E+00  -0.18290E-01   0.99890E-01   0.64522E+01   0.82478E+00
  121     1.8260  10.1626  -0.36735E+00  -0.18819E-01   0.99361E-01   0.64118E+01   0.83139E+00
  122     1.8506  10.2086  -0.37290E+00  -0.19357E-01   0.98823E-01   0.63717E+01   0.83797E+00
  123     1.8753  10.2541  -0.37848E+00  -0.19903E-01   0.98277E-01   0.63319E+01   0.84455E+00
  124     1.9003  10.2990  -0.38413E+00  -0.20460E-01   0.97720E-01   0.62926E+01   0.85101E+00
  125     1.9256  10.3434  -0.38982E+00  -0.21031E-01   0.97149E-01   0.62537E+01   0.85743E+00
  126     1.9510  10.3873  -0.39558E+00  -0.21613E-01   0.96567E-01   0.62151E+01   0.86376E+00
  127     1.9766  10.4307  -0.40138E+00  -0.22203E-01   0.95976E-01   0.61771E+01   0.87008E+00
  128     2.0025  10.4736  -0.40722E+00  -0.22804E-01   0.95376E-01   0.61394E+01   0.87631E+00
  129     2.0286  10.5160  -0.41312E+00  -0.23415E-01   0.94765E-01   0.61021E+01   0.88247E+00
  130     2.0550  10.5579  -0.41907E+00  -0.24039E-01   0.94141E-01   0.60652E+01   0.88860E+00
  131     2.0815  10.5993  -0.42507E+00  -0.24674E-01   0.93506E-01   0.60287E+01   0.89456E+00
  132     2.1083  10.6402  -0.43113E+00  -0.25321E-01   0.92859E-01   0.59926E+01   0.90047E+00
  133     2.1353  10.6806  -0.43724E+00  -0.25979E-01   0.92201E-01   0.59568E+01   0.90643E+00
  134     2.1626  10.7205  -0.44340E+00  -0.26649E-01   0.91531E-01   0.59214E+01   0.91224E+00
  135     2.1901  10.7600  -0.44962E+00  -0.27331E-01   0.90849E-01   0.58865E+01   0.91799E+00
  136     2.2178  10.7990  -0.45588E+00  -0.28023E-01   0.90156E-01   0.58519E+01   0.92367E+00
  137     2.2458  10.8375  -0.46220E+00  -0.28728E-01   0.89452E-01   0.58176E+01   0.92923E+00
  138     2.2740  10.8756  -0.46857E+00  -0.29445E-01   0.88735E-01   0.57838E+01   0.93470E+00
  139     2.3025  10.9132  -0.47501E+00  -0.30176E-01   0.88004E-01   0.57503E+01   0.94002E+00
  140     2.3312  10.9504  -0.48149E+00  -0.30918E-01   0.87262E-01   0.57173E+01   0.94531E+00
  141     2.3602  10.9871  -0.48803E+00  -0.31672E-01   0.86508E-01   0.56846E+01   0.95046E+00
  142     2.3894  11.0234  -0.49462E+00  -0.32439E-01   0.85741E-01   0.56523E+01   0.95554E+00
  143     2.4188  11.0592  -0.50127E+00  -0.33218E-01   0.84962E-01   0.56204E+01   0.96048E+00
  144     2.4486  11.0946  -0.50798E+00  -0.34010E-01   0.84169E-01   0.55889E+01   0.96525E+00
  145     2.4785  11.1296  -0.51474E+00  -0.34816E-01   0.83364E-01   0.55577E+01   0.97008E+00
  146     2.5088  11.1641  -0.52156E+00  -0.35636E-01   0.82544E-01   0.55270E+01   0.97480E+00
  147     2.5393  11.1982  -0.52845E+00  -0.36472E-01   0.81708E-01   0.54966E+01   0.97930E+00
  148     2.5701  11.2320  -0.53538E+00  -0.37318E-01   0.80862E-01   0.54666E+01   0.98368E+00
  149     2.6011  11.2653  -0.54236E+00  -0.38173E-01   0.80007E-01   0.54369E+01   0.98799E+00
  150     2.6324  11.2982  -0.54940E+00  -0.39043E-01   0.79137E-01   0.54077E+01   0.99220E+00
  151     2.6640  11.3306  -0.55650E+00  -0.39928E-01   0.78252E-01   0.53788E+01   0.99621E+00
  152     2.6958  11.3627  -0.56366E+00  -0.40827E-01   0.77353E-01   0.53502E+01   0.10001E+01
  153     2.7280  11.3944  -0.57087E+00  -0.41738E-01   0.76442E-01   0.53221E+01   0.10039E+01
  154     2.7604  11.4258  -0.57814E+00  -0.42662E-01   0.75518E-01   0.52943E+01   0.10076E+01
  155     2.7931  11.4567  -0.58548E+00  -0.43604E-01   0.74576E-01   0.52669E+01   0.10110E+01
  156     2.8260  11.4872  -0.59288E+00  -0.44559E-01   0.73621E-01   0.52400E+01   0.10143E+01
  157     2.8593  11.5174  -0.60033E+00  -0.45528E-01   0.72652E-01   0.52133E+01   0.10175E+01
  158     2.8929  11.5472  -0.60784E+00  -0.46510E-01   0.71670E-01   0.51870E+01   0.10207E+01
  159     2.9267  11.5766  -0.61541E+00  -0.47507E-01   0.70673E-01   0.51611E+01   0.10237E+01
  160     2.9608  11.6057  -0.62304E+00  -0.48519E-01   0.69661E-01   0.51355E+01   0.10265E+01
  161     2.9953  11.6344  -0.63073E+00  -0.49543E-01   0.68637E-01   0.51104E+01   0.10293E+01
  162     3.0300  11.6628  -0.63848E+00  -0.50584E-01   0.67596E-01   0.50856E+01   0.10318E+01
  163     3.0651  11.6908  -0.64630E+00  -0.51642E-01   0.66538E-01   0.50612E+01   0.10341E+01
  164     3.1004  11.7184  -0.65417E+00  -0.52712E-01   0.65468E-01   0.50372E+01   0.10363E+01
  165     3.1360  11.7458  -0.66211E+00  -0.53797E-01   0.64383E-01   0.50135E+01   0.10384E+01
  166     3.1720  11.7727  -0.67010E+00  -0.54897E-01   0.63283E-01   0.49902E+01   0.10405E+01
  167     3.2083  11.7994  -0.67815E+00  -0.56012E-01   0.62168E-01   0.49672E+01   0.10421E+01
  168     3.2449  11.8257  -0.68628E+00  -0.57145E-01   0.61035E-01   0.49446E+01   0.10438E+01
  169     3.2818  11.8517  -0.69447E+00  -0.58295E-01   0.59885E-01   0.49224E+01   0.10454E+01
  170     3.3190  11.8773  -0.70271E+00  -0.59458E-01   0.58722E-01   0.49006E+01   0.10465E+01
  171     3.3565  11.9026  -0.71102E+00  -0.60636E-01   0.57544E-01   0.48791E+01   0.10475E+01
  172     3.3944  11.9277  -0.71939E+00  -0.61830E-01   0.56350E-01   0.48580E+01   0.10485E+01
  173     3.4326  11.9524  -0.72783E+00  -0.63042E-01   0.55138E-01   0.48373E+01   0.10494E+01
  174     3.4712  11.9768  -0.73635E+00  -0.64274E-01   0.53906E-01   0.48169E+01   0.10500E+01
  175     3.5100  12.0009  -0.74491E+00  -0.65516E-01   0.52664E-01   0.47969E+01   0.10505E+01
  176     3.5492  12.0246  -0.75354E+00  -0.66776E-01   0.51404E-01   0.47772E+01   0.10508E+01
  177     3.5888  12.0481  -0.76225E+00  -0.68059E-01   0.50121E-01   0.47579E+01   0.10509E+01
  178     3.6287  12.0713  -0.77101E+00  -0.69352E-01   0.48828E-01   0.47389E+01   0.10509E+01
  179     3.6689  12.0942  -0.77983E+00  -0.70658E-01   0.47522E-01   0.47203E+01   0.10507E+01
  180     3.7095  12.1169  -0.78872E+00  -0.71986E-01   0.46194E-01   0.47020E+01   0.10504E+01
  181     3.7505  12.1392  -0.79769E+00  -0.73333E-01   0.44846E-01   0.46841E+01   0.10497E+01
  182     3.7918  12.1612  -0.80671E+00  -0.74696E-01   0.43484E-01   0.46666E+01   0.10491E+01
  183     3.8334  12.1830  -0.81581E+00  -0.76078E-01   0.42102E-01   0.46494E+01   0.10482E+01
  184     3.8754  12.2045  -0.82498E+00  -0.77478E-01   0.40702E-01   0.46325E+01   0.10470E+01
  185     3.9178  12.2257  -0.83421E+00  -0.78894E-01   0.39286E-01   0.46159E+01   0.10458E+01
  186     3.9606  12.2467  -0.84351E+00  -0.80329E-01   0.37851E-01   0.45997E+01   0.10446E+01
  187     4.0037  12.2674  -0.85288E+00  -0.81779E-01   0.36400E-01   0.45839E+01   0.10430E+01
  188     4.0472  12.2878  -0.86232E+00  -0.83251E-01   0.34928E-01   0.45685E+01   0.10412E+01
  189     4.0911  12.3080  -0.87183E+00  -0.84741E-01   0.33439E-01   0.45533E+01   0.10393E+01
  190     4.1353  12.3279  -0.88140E+00  -0.86251E-01   0.31929E-01   0.45384E+01   0.10372E+01
  191     4.1800  12.3476  -0.89106E+00  -0.87780E-01   0.30400E-01   0.45239E+01   0.10348E+01
  192     4.2250  12.3670  -0.90077E+00  -0.89326E-01   0.28854E-01   0.45097E+01   0.10324E+01
  193     4.2705  12.3862  -0.91056E+00  -0.90892E-01   0.27288E-01   0.44958E+01   0.10298E+01
  194     4.3163  12.4051  -0.92043E+00  -0.92479E-01   0.25701E-01   0.44822E+01   0.10269E+01
  195     4.3625  12.4238  -0.93036E+00  -0.94084E-01   0.24096E-01   0.44690E+01   0.10239E+01
  196     4.4091  12.4423  -0.94036E+00  -0.95709E-01   0.22471E-01   0.44560E+01   0.10208E+01
  197     4.4561  12.4605  -0.95044E+00  -0.97354E-01   0.20826E-01   0.44433E+01   0.10175E+01
  198     4.5036  12.4785  -0.96058E+00  -0.99018E-01   0.19162E-01   0.44309E+01   0.10141E+01
  199     4.5514  12.4962  -0.97080E+00  -0.10070E+00   0.17479E-01   0.44188E+01   0.10104E+01
  200     4.5997  12.5138  -0.98110E+00  -0.10241E+00   0.15772E-01   0.44071E+01   0.10064E+01
  201     4.6484  12.5311  -0.99146E+00  -0.10413E+00   0.14049E-01   0.43957E+01   0.10025E+01
  202     4.6975  12.5482  -0.10019E+01  -0.10588E+00   0.12304E-01   0.43845E+01   0.99850E+00
  203     4.7470  12.5650  -0.10124E+01  -0.10765E+00   0.10534E-01   0.43736E+01   0.99418E+00
  204     4.7970  12.5817  -0.10230E+01  -0.10944E+00   0.87419E-02   0.43630E+01   0.98969E+00
  205     4.8474  12.5981  -0.10337E+01  -0.11125E+00   0.69307E-02   0.43526E+01   0.98511E+00
  206     4.8982  12.6144  -0.10444E+01  -0.11308E+00   0.51016E-02   0.43425E+01   0.98024E+00
  207     4.9495  12.6304  -0.10552E+01  -0.11493E+00   0.32482E-02   0.43327E+01   0.97546E+00
  208     5.0012  12.6462  -0.10661E+01  -0.11681E+00   0.13676E-02   0.43231E+01   0.97023E+00
  209     5.0534  12.6619  -0.10771E+01  -0.11871E+00  -0.53340E-03   0.43138E+01   0.96484E+00
  210     5.1060  12.6773  -0.10882E+01  -0.12063E+00  -0.24525E-02   0.43047E+01   0.95953E+00
  211     5.1591  12.6925  -0.10993E+01  -0.12258E+00  -0.43963E-02   0.42958E+01   0.95398E+00
  212     5.2126  12.7076  -0.11105E+01  -0.12454E+00  -0.63623E-02   0.42872E+01   0.94828E+00
  213     5.2667  12.7224  -0.11218E+01  -0.12653E+00  -0.83510E-02   0.42788E+01   0.94240E+00
  214     5.3211  12.7371  -0.11331E+01  -0.12854E+00  -0.10364E-01   0.42708E+01   0.93623E+00
  215     5.3761  12.7515  -0.11445E+01  -0.13057E+00  -0.12393E-01   0.42629E+01   0.93014E+00
  216     5.4315  12.7658  -0.11561E+01  -0.13264E+00  -0.14456E-01   0.42552E+01   0.92395E+00
  217     5.4874  12.7799  -0.11677E+01  -0.13472E+00  -0.16542E-01   0.42477E+01   0.91760E+00
  218     5.5438  12.7938  -0.11793E+01  -0.13683E+00  -0.18648E-01   0.42404E+01   0.91109E+00
  219     5.6007  12.8076  -0.11911E+01  -0.13896E+00  -0.20777E-01   0.42334E+01   0.90437E+00
  220     5.6581  12.8211  -0.12029E+01  -0.14111E+00  -0.22928E-01   0.42265E+01   0.89774E+00
  221     5.7160  12.8345  -0.12148E+01  -0.14329E+00  -0.25109E-01   0.42199E+01   0.89083E+00
  222     5.7744  12.8477  -0.12269E+01  -0.14550E+00  -0.27317E-01   0.42134E+01   0.88362E+00
  223     5.8333  12.8608  -0.12390E+01  -0.14773E+00  -0.29551E-01   0.42072E+01   0.87646E+00
  224     5.8927  12.8737  -0.12511E+01  -0.14998E+00  -0.31805E-01   0.42011E+01   0.86913E+00
  225     5.9526  12.8864  -0.12634E+01  -0.15227E+00  -0.34085E-01   0.41952E+01   0.86192E+00
  226     6.0131  12.8990  -0.12757E+01  -0.15457E+00  -0.36393E-01   0.41894E+01   0.85434E+00
  227     6.0740  12.9114  -0.12881E+01  -0.15690E+00  -0.38722E-01   0.41838E+01   0.84659E+00
  228     6.1355  12.9236  -0.13006E+01  -0.15926E+00  -0.41080E-01   0.41784E+01   0.83884E+00
  229     6.1976  12.9357  -0.13132E+01  -0.16164E+00  -0.43463E-01   0.41732E+01   0.83101E+00
  230     6.2602  12.9476  -0.13259E+01  -0.16405E+00  -0.45871E-01   0.41681E+01   0.82293E+00
  231     6.3233  12.9594  -0.13386E+01  -0.16649E+00  -0.48312E-01   0.41631E+01   0.81512E+00
  232     6.3869  12.9710  -0.13515E+01  -0.16895E+00  -0.50769E-01   0.41583E+01   0.80723E+00
  233     6.4512  12.9825  -0.13644E+01  -0.17144E+00  -0.53257E-01   0.41537E+01   0.79886E+00
  234     6.5159  12.9938  -0.13774E+01  -0.17396E+00  -0.55778E-01   0.41492E+01   0.79071E+00
  235     6.5813  13.0050  -0.13905E+01  -0.17649E+00  -0.58314E-01   0.41448E+01   0.78258E+00
  236     6.6472  13.0160  -0.14037E+01  -0.17907E+00  -0.60889E-01   0.41406E+01   0.77418E+00
  237     6.7137  13.0269  -0.14170E+01  -0.18168E+00  -0.63499E-01   0.41365E+01   0.76559E+00
  238     6.7807  13.0377  -0.14303E+01  -0.18430E+00  -0.66117E-01   0.41325E+01   0.75708E+00
  239     6.8484  13.0483  -0.14438E+01  -0.18696E+00  -0.68776E-01   0.41286E+01   0.74845E+00
  240     6.9166  13.0588  -0.14574E+01  -0.18964E+00  -0.71463E-01   0.41249E+01   0.73996E+00
  241     6.9854  13.0691  -0.14710E+01  -0.19237E+00  -0.74186E-01   0.41213E+01   0.73077E+00
  242     7.0549  13.0794  -0.14847E+01  -0.19510E+00  -0.76917E-01   0.41177E+01   0.72203E+00
  243     7.1249  13.0894  -0.14985E+01  -0.19787E+00  -0.79686E-01   0.41143E+01   0.71332E+00
  244     7.1955  13.0994  -0.15125E+01  -0.20067E+00  -0.82490E-01   0.41110E+01   0.70450E+00
  245     7.2668  13.1092  -0.15264E+01  -0.20350E+00  -0.85315E-01   0.41078E+01   0.69533E+00
  246     7.3387  13.1189  -0.15405E+01  -0.20635E+00  -0.88167E-01   0.41047E+01   0.68637E+00
  247     7.4112  13.1285  -0.15547E+01  -0.20923E+00  -0.91052E-01   0.41017E+01   0.67765E+00
  248     7.4843  13.1380  -0.15690E+01  -0.21215E+00  -0.93972E-01   0.40988E+01   0.66836E+00
  249     7.5580  13.1473  -0.15834E+01  -0.21510E+00  -0.96922E-01   0.40960E+01   0.65938E+00
  250     7.6324  13.1565  -0.15978E+01  -0.21808E+00  -0.99899E-01   0.40932E+01   0.65042E+00
  251     7.7075  13.1656  -0.16124E+01  -0.22108E+00  -0.10290E+00   0.40906E+01   0.64149E+00
  252     7.7832  13.1746  -0.16270E+01  -0.22413E+00  -0.10595E+00   0.40880E+01   0.63199E+00
  253     7.8596  13.1834  -0.16418E+01  -0.22719E+00  -0.10901E+00   0.40855E+01   0.62271E+00
  254     7.9366  13.1922  -0.16566E+01  -0.23029E+00  -0.11211E+00   0.40831E+01   0.61378E+00
  255     8.0143  13.2008  -0.16716E+01  -0.23343E+00  -0.11525E+00   0.40808E+01   0.60470E+00
  256     8.0926  13.2093  -0.16866E+01  -0.23659E+00  -0.11841E+00   0.40785E+01   0.59550E+00
  257     8.1717  13.2178  -0.17017E+01  -0.23976E+00  -0.12158E+00   0.40763E+01   0.58643E+00
  258     8.2514  13.2261  -0.17169E+01  -0.24299E+00  -0.12481E+00   0.40742E+01   0.57730E+00
  259     8.3319  13.2343  -0.17323E+01  -0.24626E+00  -0.12808E+00   0.40721E+01   0.56817E+00
  260     8.4130  13.2424  -0.17477E+01  -0.24955E+00  -0.13137E+00   0.40701E+01   0.55900E+00
  261     8.4948  13.2503  -0.17632E+01  -0.25287E+00  -0.13469E+00   0.40681E+01   0.55018E+00
  262     8.5774  13.2582  -0.17789E+01  -0.25622E+00  -0.13804E+00   0.40663E+01   0.54095E+00
  263     8.6606  13.2660  -0.17946E+01  -0.25962E+00  -0.14144E+00   0.40644E+01   0.53177E+00
  264     8.7446  13.2737  -0.18104E+01  -0.26303E+00  -0.14485E+00   0.40627E+01   0.52275E+00
  265     8.8293  13.2813  -0.18263E+01  -0.26648E+00  -0.14830E+00   0.40609E+01   0.51380E+00
  266     8.9148  13.2888  -0.18424E+01  -0.26997E+00  -0.15179E+00   0.40593E+01   0.50473E+00
  267     9.0010  13.2962  -0.18585E+01  -0.27349E+00  -0.15531E+00   0.40577E+01   0.49573E+00
  268     9.0879  13.3035  -0.18747E+01  -0.27704E+00  -0.15886E+00   0.40561E+01   0.48694E+00
  269     9.1756  13.3107  -0.18911E+01  -0.28062E+00  -0.16244E+00   0.40546E+01   0.47818E+00
  270     9.2641  13.3178  -0.19075E+01  -0.28424E+00  -0.16606E+00   0.40531E+01   0.46926E+00
  271     9.3534  13.3248  -0.19241E+01  -0.28790E+00  -0.16972E+00   0.40517E+01   0.46053E+00
  272     9.4434  13.3317  -0.19407E+01  -0.29159E+00  -0.17341E+00   0.40503E+01   0.45191E+00
  273     9.5342  13.3386  -0.19575E+01  -0.29531E+00  -0.17713E+00   0.40490E+01   0.44319E+00
  274     9.6257  13.3453  -0.19743E+01  -0.29907E+00  -0.18089E+00   0.40477E+01   0.43462E+00
  275     9.7181  13.3520  -0.19913E+01  -0.30286E+00  -0.18468E+00   0.40464E+01   0.42604E+00
  276     9.8113  13.3586  -0.20084E+01  -0.30670E+00  -0.18852E+00   0.40452E+01   0.41757E+00
  277     9.9053  13.3651  -0.20256E+01  -0.31056E+00  -0.19238E+00   0.40440E+01   0.40912E+00
  278    10.0001  13.3715  -0.20428E+01  -0.31445E+00  -0.19627E+00   0.40429E+01   0.40084E+00
  279    10.0957  13.3778  -0.20602E+01  -0.31838E+00  -0.20020E+00   0.40418E+01   0.39253E+00
  280    10.1922  13.3841  -0.20778E+01  -0.32236E+00  -0.20418E+00   0.40407E+01   0.38419E+00
  281    10.2895  13.3902  -0.20954E+01  -0.32636E+00  -0.20818E+00   0.40396E+01   0.37613E+00
  282    10.3877  13.3963  -0.21131E+01  -0.33040E+00  -0.21222E+00   0.40386E+01   0.36826E+00
  283    10.4867  13.4023  -0.21309E+01  -0.33448E+00  -0.21630E+00   0.40376E+01   0.36017E+00
  284    10.5865  13.4083  -0.21489E+01  -0.33859E+00  -0.22041E+00   0.40367E+01   0.35227E+00
  285    10.6873  13.4141  -0.21669E+01  -0.34275E+00  -0.22457E+00   0.40357E+01   0.34463E+00
  286    10.7889  13.4199  -0.21851E+01  -0.34694E+00  -0.22876E+00   0.40348E+01   0.33664E+00
  287    10.8914  13.4256  -0.22034E+01  -0.35117E+00  -0.23299E+00   0.40340E+01   0.32899E+00
  288    10.9947  13.4312  -0.22218E+01  -0.35543E+00  -0.23725E+00   0.40331E+01   0.32154E+00
  289    11.0990  13.4368  -0.22403E+01  -0.35975E+00  -0.24157E+00   0.40323E+01   0.31400E+00
  290    11.2042  13.4423  -0.22589E+01  -0.36406E+00  -0.24588E+00   0.40315E+01   0.30666E+00
  291    11.3103  13.4477  -0.22776E+01  -0.36844E+00  -0.25026E+00   0.40307E+01   0.29963E+00
  292    11.4173  13.4530  -0.22965E+01  -0.37286E+00  -0.25468E+00   0.40299E+01   0.29215E+00
  293    11.5253  13.4583  -0.23155E+01  -0.37731E+00  -0.25913E+00   0.40292E+01   0.28513E+00
  294    11.6342  13.4635  -0.23345E+01  -0.38180E+00  -0.26362E+00   0.40285E+01   0.27816E+00
  295    11.7440  13.4687  -0.23539E+01  -0.38637E+00  -0.26819E+00   0.40278E+01   0.27114E+00
  296    11.8548  13.4738  -0.23732E+01  -0.39094E+00  -0.27276E+00   0.40271E+01   0.26436E+00
  297    11.9666  13.4788  -0.23925E+01  -0.39551E+00  -0.27733E+00   0.40265E+01   0.25767E+00
  298    12.0793  13.4837  -0.24121E+01  -0.40016E+00  -0.28198E+00   0.40258E+01   0.25080E+00
  299    12.1930  13.4886  -0.24318E+01  -0.40485E+00  -0.28667E+00   0.40252E+01   0.24475E+00
  300    12.3077  13.4934  -0.24516E+01  -0.40958E+00  -0.29140E+00   0.40246E+01   0.23813E+00
  301    12.4234  13.4982  -0.24715E+01  -0.41435E+00  -0.29617E+00   0.40240E+01   0.23183E+00
  302    12.5401  13.5029  -0.24915E+01  -0.41916E+00  -0.30098E+00   0.40235E+01   0.22560E+00
  303    12.6578  13.5075  -0.25118E+01  -0.42404E+00  -0.30587E+00   0.40229E+01   0.21965E+00
  304    12.7766  13.5121  -0.25319E+01  -0.42889E+00  -0.31071E+00   0.40224E+01   0.21353E+00
  305    12.8963  13.5166  -0.25524E+01  -0.43382E+00  -0.31564E+00   0.40218E+01   0.20755E+00
  306    13.0172  13.5211  -0.25729E+01  -0.43880E+00  -0.32062E+00   0.40213E+01   0.20169E+00
  307    13.1390  13.5255  -0.25935E+01  -0.44380E+00  -0.32562E+00   0.40208E+01   0.19619E+00
  308    13.2619  13.5298  -0.26143E+01  -0.44886E+00  -0.33068E+00   0.40204E+01   0.19060E+00
  309    13.3859  13.5341  -0.26352E+01  -0.45395E+00  -0.33577E+00   0.40199E+01   0.18507E+00
  310    13.5110  13.5383  -0.26563E+01  -0.45908E+00  -0.34090E+00   0.40194E+01   0.17980E+00
  311    13.6372  13.5425  -0.26774E+01  -0.46427E+00  -0.34609E+00   0.40190E+01   0.17465E+00
  312    13.7644  13.5466  -0.26987E+01  -0.46948E+00  -0.35130E+00   0.40186E+01   0.16933E+00
  313    13.8928  13.5507  -0.27201E+01  -0.47476E+00  -0.35658E+00   0.40182E+01   0.16427E+00
  314    14.0223  13.5547  -0.27419E+01  -0.48012E+00  -0.36194E+00   0.40178E+01   0.15918E+00
  315    14.1529  13.5587  -0.27633E+01  -0.48540E+00  -0.36722E+00   0.40174E+01   0.15437E+00
  316    14.2846  13.5626  -0.27851E+01  -0.49080E+00  -0.37262E+00   0.40170E+01   0.14971E+00
  317    14.4175  13.5665  -0.28070E+01  -0.49622E+00  -0.37804E+00   0.40166E+01   0.14493E+00
  318    14.5515  13.5703  -0.28291E+01  -0.50170E+00  -0.38352E+00   0.40162E+01   0.14048E+00
  319    14.6867  13.5741  -0.28513E+01  -0.50723E+00  -0.38905E+00   0.40159E+01   0.13608E+00
  320    14.8231  13.5778  -0.28737E+01  -0.51282E+00  -0.39464E+00   0.40155E+01   0.13171E+00
  321    14.9607  13.5815  -0.28961E+01  -0.51841E+00  -0.40023E+00   0.40152E+01   0.12749E+00
  322    15.0994  13.5851  -0.29187E+01  -0.52407E+00  -0.40589E+00   0.40149E+01   0.12325E+00
  323    15.2394  13.5887  -0.29414E+01  -0.52976E+00  -0.41158E+00   0.40146E+01   0.11917E+00
  324    15.3806  13.5922  -0.29643E+01  -0.53550E+00  -0.41732E+00   0.40142E+01   0.11527E+00
  325    15.5230  13.5957  -0.29872E+01  -0.54129E+00  -0.42311E+00   0.40139E+01   0.11143E+00
  326    15.6666  13.5991  -0.30104E+01  -0.54713E+00  -0.42895E+00   0.40136E+01   0.10765E+00
  327    15.8115  13.6025  -0.30336E+01  -0.55301E+00  -0.43483E+00   0.40134E+01   0.10398E+00
  328    15.9577  13.6059  -0.30571E+01  -0.55894E+00  -0.44076E+00   0.40131E+01   0.10041E+00
  329    16.1051  13.6092  -0.30806E+01  -0.56492E+00  -0.44674E+00   0.40128E+01   0.96944E-01
  330    16.2538  13.6124  -0.31043E+01  -0.57093E+00  -0.45275E+00   0.40125E+01   0.93497E-01
  331    16.4038  13.6157  -0.31281E+01  -0.57699E+00  -0.45881E+00   0.40123E+01   0.90201E-01
  332    16.5551  13.6188  -0.31521E+01  -0.58311E+00  -0.46493E+00   0.40120E+01   0.86987E-01
  333    16.7078  13.6220  -0.31762E+01  -0.58926E+00  -0.47108E+00   0.40118E+01   0.83843E-01
  334    16.8617  13.6251  -0.32004E+01  -0.59546E+00  -0.47728E+00   0.40116E+01   0.80773E-01
  335    17.0170  13.6281  -0.32248E+01  -0.60172E+00  -0.48354E+00   0.40113E+01   0.77860E-01
  336    17.1736  13.6312  -0.32493E+01  -0.60801E+00  -0.48983E+00   0.40111E+01   0.74966E-01
  337    17.3316  13.6342  -0.32740E+01  -0.61435E+00  -0.49617E+00   0.40109E+01   0.72180E-01
  338    17.4910  13.6371  -0.32988E+01  -0.62075E+00  -0.50257E+00   0.40107E+01   0.69453E-01
  339    17.6518  13.6400  -0.33238E+01  -0.62719E+00  -0.50902E+00   0.40104E+01   0.66811E-01
  340    17.8139  13.6429  -0.33489E+01  -0.63370E+00  -0.51552E+00   0.40102E+01   0.64269E-01
  341    17.9775  13.6457  -0.33741E+01  -0.64023E+00  -0.52205E+00   0.40100E+01   0.61784E-01
  342    18.1425  13.6485  -0.33995E+01  -0.64681E+00  -0.52863E+00   0.40098E+01   0.59396E-01
  343    18.3089  13.6513  -0.34251E+01  -0.65346E+00  -0.53528E+00   0.40097E+01   0.57034E-01
  344    18.4768  13.6540  -0.34507E+01  -0.66013E+00  -0.54195E+00   0.40095E+01   0.54770E-01
  345    18.6461  13.6567  -0.34766E+01  -0.66687E+00  -0.54869E+00   0.40093E+01   0.52564E-01
  346    18.8169  13.6593  -0.35026E+01  -0.67366E+00  -0.55548E+00   0.40091E+01   0.50477E-01
  347    18.9892  13.6619  -0.35287E+01  -0.68049E+00  -0.56231E+00   0.40089E+01   0.48421E-01
  348    19.1630  13.6645  -0.35550E+01  -0.68737E+00  -0.56919E+00   0.40088E+01   0.46447E-01
  349    19.3383  13.6671  -0.35814E+01  -0.69430E+00  -0.57612E+00   0.40086E+01   0.44539E-01
  350    19.5151  13.6696  -0.36080E+01  -0.70130E+00  -0.58312E+00   0.40085E+01   0.42672E-01
  351    19.6934  13.6721  -0.36348E+01  -0.70834E+00  -0.59016E+00   0.40083E+01   0.40873E-01
  352    19.8734  13.6745  -0.36617E+01  -0.71542E+00  -0.59724E+00   0.40082E+01   0.39147E-01
  353    20.0548  13.6770  -0.36887E+01  -0.72255E+00  -0.60437E+00   0.40080E+01   0.37468E-01
  354    20.2379  13.6794  -0.37159E+01  -0.72975E+00  -0.61157E+00   0.40079E+01   0.35869E-01
  355    20.4225  13.6817  -0.37433E+01  -0.73699E+00  -0.61881E+00   0.40077E+01   0.34311E-01
  356    20.6088  13.6840  -0.37707E+01  -0.74435E+00  -0.62617E+00   0.40000E+01   0.32817E-01
  357    20.7966  13.6863  -0.37984E+01  -0.75171E+00  -0.63353E+00   0.40000E+01   0.31347E-01
  358    20.9861  13.6886  -0.38262E+01  -0.75910E+00  -0.64092E+00   0.40000E+01   0.29968E-01
  359    21.1773  13.6909  -0.38542E+01  -0.76655E+00  -0.64837E+00   0.40000E+01   0.28610E-01
  360    21.3701  13.6931  -0.38823E+01  -0.77401E+00  -0.65583E+00   0.40000E+01   0.27341E-01
  361    21.5646  13.6953  -0.39106E+01  -0.78159E+00  -0.66341E+00   0.40000E+01   0.26092E-01
  362    21.7607  13.6974  -0.39391E+01  -0.78921E+00  -0.67103E+00   0.40000E+01   0.24912E-01
  363    21.9586  13.6995  -0.39677E+01  -0.79686E+00  -0.67868E+00   0.40000E+01   0.23753E-01
  364    22.1582  13.7016  -0.39965E+01  -0.80458E+00  -0.68640E+00   0.40000E+01   0.22634E-01
  365    22.3596  13.7037  -0.40255E+01  -0.81235E+00  -0.69417E+00   0.40000E+01   0.21566E-01
  366    22.5626  13.7058  -0.40545E+01  -0.82017E+00  -0.70199E+00   0.40000E+01   0.20556E-01
  367    22.7675  13.7078  -0.40838E+01  -0.82805E+00  -0.70987E+00   0.40000E+01   0.19583E-01
  368    22.9741  13.7098  -0.41133E+01  -0.83598E+00  -0.71780E+00   0.40000E+01   0.18643E-01
  369    23.1825  13.7117  -0.41429E+01  -0.84399E+00  -0.72581E+00   0.40000E+01   0.17719E-01
  370    23.3928  13.7137  -0.41726E+01  -0.85199E+00  -0.73382E+00   0.40000E+01   0.16875E-01
  371    23.6049  13.7156  -0.42025E+01  -0.86009E+00  -0.74191E+00   0.40000E+01   0.16034E-01
  372    23.8188  13.7175  -0.42326E+01  -0.86824E+00  -0.75006E+00   0.40000E+01   0.15259E-01
  373    24.0345  13.7194  -0.42629E+01  -0.87646E+00  -0.75828E+00   0.40000E+01   0.14488E-01
  374    24.2522  13.7212  -0.42934E+01  -0.88473E+00  -0.76655E+00   0.40000E+01   0.13763E-01
  375    24.4717  13.7230  -0.43239E+01  -0.89305E+00  -0.77487E+00   0.40000E+01   0.13068E-01
  376    24.6932  13.7248  -0.43547E+01  -0.90142E+00  -0.78324E+00   0.40000E+01   0.12414E-01
  377    24.9166  13.7266  -0.43856E+01  -0.90985E+00  -0.79167E+00   0.40000E+01   0.11759E-01
  378    25.1419  13.7284  -0.44169E+01  -0.91841E+00  -0.80023E+00   0.40000E+01   0.11147E-01
  379    25.3691  13.7301  -0.44480E+01  -0.92690E+00  -0.80872E+00   0.40000E+01   0.10574E-01
  380    25.5984  13.7318  -0.44794E+01  -0.93548E+00  -0.81730E+00   0.40000E+01   0.99966E-02
  381    25.8296  13.7335  -0.45111E+01  -0.94416E+00  -0.82598E+00   0.40000E+01   0.94816E-02
  382    26.0629  13.7351  -0.45429E+01  -0.95286E+00  -0.83468E+00   0.40000E+01   0.89722E-02
  383    26.2982  13.7368  -0.45749E+01  -0.96167E+00  -0.84349E+00   0.40000E+01   0.84805E-02
  384    26.5355  13.7384  -0.46069E+01  -0.97046E+00  -0.85228E+00   0.40000E+01   0.80318E-02
  385    26.7749  13.7400  -0.46391E+01  -0.97932E+00  -0.86114E+00   0.40000E+01   0.75938E-02
  386    27.0164  13.7416  -0.46717E+01  -0.98829E+00  -0.87011E+00   0.40000E+01   0.71801E-02
  387    27.2599  13.7431  -0.47044E+01  -0.99731E+00  -0.87913E+00   0.40000E+01   0.67915E-02
  388    27.5056  13.7447  -0.47371E+01  -0.10063E+01  -0.88817E+00   0.40000E+01   0.64074E-02
  389    27.7534  13.7462  -0.47703E+01  -0.10155E+01  -0.89733E+00   0.40000E+01   0.60413E-02
  390    28.0034  13.7477  -0.48033E+01  -0.10246E+01  -0.90646E+00   0.40000E+01   0.57006E-02
  391    28.2556  13.7492  -0.48367E+01  -0.10339E+01  -0.91571E+00   0.40000E+01   0.53651E-02
  392    28.5099  13.7506  -0.48702E+01  -0.10432E+01  -0.92499E+00   0.40000E+01   0.50646E-02
  393    28.7665  13.7521  -0.49037E+01  -0.10525E+01  -0.93428E+00   0.40000E+01   0.47762E-02
  394    29.0253  13.7535  -0.49377E+01  -0.10619E+01  -0.94376E+00   0.40000E+01   0.44976E-02
  395    29.2863  13.7549  -0.49717E+01  -0.10714E+01  -0.95319E+00   0.40000E+01   0.42443E-02
  396    29.5496  13.7563  -0.50059E+01  -0.10809E+01  -0.96270E+00   0.40000E+01   0.39838E-02
  397    29.8152  13.7577  -0.50402E+01  -0.10905E+01  -0.97227E+00   0.40000E+01   0.37440E-02
  398    30.0831  13.7590  -0.50747E+01  -0.11001E+01  -0.98191E+00   0.40000E+01   0.35230E-02
  399    30.3534  13.7604  -0.51093E+01  -0.11097E+01  -0.99155E+00   0.40000E+01   0.33102E-02
  400    30.6259  13.7617  -0.51442E+01  -0.11195E+01  -0.10013E+01   0.40000E+01   0.31082E-02
