    1     0.0001   0.0014  -0.15259E-04  -0.77658E-06   0.11899E+00   0.14387E+02   0.16108E+00
    2     0.0088   0.1221  -0.98161E-03   0.14703E-04   0.11900E+00   0.14296E+02   0.12239E+00
    3     0.0176   0.2423  -0.20566E-02   0.11286E-04   0.11900E+00   0.14206E+02   0.12979E+00
    4     0.0264   0.3621  -0.31703E-02   0.63679E-05   0.11899E+00   0.14117E+02   0.13459E+00
    5     0.0353   0.4814  -0.43378E-02  -0.40641E-05   0.11898E+00   0.14029E+02   0.13952E+00
    6     0.0443   0.6003  -0.55392E-02  -0.15247E-04   0.11897E+00   0.13941E+02   0.14380E+00
    7     0.0534   0.7188  -0.67728E-02  -0.26819E-04   0.11896E+00   0.13853E+02   0.14773E+00
    8     0.0626   0.8368  -0.80377E-02  -0.38416E-04   0.11895E+00   0.13766E+02   0.15151E+00
    9     0.0718   0.9543  -0.93320E-02  -0.49833E-04   0.11894E+00   0.13679E+02   0.15525E+00
   10     0.0811   1.0713  -0.10656E-01  -0.60940E-04   0.11893E+00   0.13592E+02   0.15886E+00
   11     0.0905   1.1879  -0.12008E-01  -0.71814E-04   0.11892E+00   0.13506E+02   0.16245E+00
   12     0.1000   1.3039  -0.13389E-01  -0.82325E-04   0.11890E+00   0.13420E+02   0.16597E+00
   13     0.1096   1.4195  -0.14797E-01  -0.92449E-04   0.11889E+00   0.13335E+02   0.16951E+00
   14     0.1192   1.5346  -0.16232E-01  -0.10185E-03   0.11889E+00   0.13249E+02   0.17304E+00
   15     0.1290   1.6491  -0.17703E-01  -0.11324E-03   0.11887E+00   0.13165E+02   0.17662E+00
   16     0.1388   1.7632  -0.19191E-01  -0.12140E-03   0.11887E+00   0.13080E+02   0.18017E+00
   17     0.1487   1.8767  -0.20705E-01  -0.12924E-03   0.11886E+00   0.12996E+02   0.18366E+00
   18     0.1587   1.9897  -0.22247E-01  -0.13665E-03   0.11885E+00   0.12912E+02   0.18724E+00
   19     0.1687   2.1021  -0.23815E-01  -0.14374E-03   0.11884E+00   0.12828E+02   0.19082E+00
   20     0.1789   2.2140  -0.25411E-01  -0.14996E-03   0.11884E+00   0.12745E+02   0.19440E+00
   21     0.1891   2.3254  -0.27034E-01  -0.15612E-03   0.11883E+00   0.12662E+02   0.19804E+00
   22     0.1995   2.4362  -0.28684E-01  -0.16246E-03   0.11882E+00   0.12580E+02   0.20169E+00
   23     0.2099   2.5465  -0.30363E-01  -0.16881E-03   0.11882E+00   0.12497E+02   0.20537E+00
   24     0.2204   2.6562  -0.32070E-01  -0.17590E-03   0.11881E+00   0.12416E+02   0.20909E+00
   25     0.2310   2.7653  -0.33806E-01  -0.18354E-03   0.11880E+00   0.12334E+02   0.21284E+00
   26     0.2417   2.8738  -0.35570E-01  -0.19181E-03   0.11880E+00   0.12253E+02   0.21665E+00
   27     0.2525   2.9818  -0.37364E-01  -0.20051E-03   0.11879E+00   0.12172E+02   0.22045E+00
   28     0.2634   3.0892  -0.39187E-01  -0.21043E-03   0.11878E+00   0.12092E+02   0.22431E+00
   29     0.2744   3.1959  -0.41039E-01  -0.22123E-03   0.11877E+00   0.12012E+02   0.22822E+00
   30     0.2855   3.3021  -0.42920E-01  -0.23283E-03   0.11875E+00   0.11932E+02   0.23216E+00
   31     0.2967   3.4077  -0.44831E-01  -0.24560E-03   0.11874E+00   0.11853E+02   0.23612E+00
   32     0.3079   3.5127  -0.46771E-01  -0.25956E-03   0.11873E+00   0.11774E+02   0.24015E+00
   33     0.3193   3.6170  -0.48729E-01  -0.27176E-03   0.11872E+00   0.11695E+02   0.24423E+00
   34     0.3308   3.7207  -0.50728E-01  -0.28815E-03   0.11870E+00   0.11617E+02   0.24834E+00
   35     0.3423   3.8238  -0.52757E-01  -0.30574E-03   0.11868E+00   0.11539E+02   0.25244E+00
   36     0.3540   3.9263  -0.54816E-01  -0.32507E-03   0.11866E+00   0.11462E+02   0.25665E+00
   37     0.3658   4.0281  -0.56905E-01  -0.34616E-03   0.11864E+00   0.11384E+02   0.26088E+00
   38     0.3777   4.1293  -0.59025E-01  -0.36895E-03   0.11862E+00   0.11308E+02   0.26514E+00
   39     0.3896   4.2299  -0.61177E-01  -0.39362E-03   0.11859E+00   0.11231E+02   0.26946E+00
   40     0.4017   4.3298  -0.63359E-01  -0.42020E-03   0.11857E+00   0.11156E+02   0.27382E+00
   41     0.4139   4.4291  -0.65572E-01  -0.44850E-03   0.11854E+00   0.11080E+02   0.27823E+00
   42     0.4262   4.5276  -0.67818E-01  -0.47892E-03   0.11851E+00   0.11005E+02   0.28271E+00
   43     0.4386   4.6256  -0.70095E-01  -0.51152E-03   0.11848E+00   0.10930E+02   0.28718E+00
   44     0.4511   4.7229  -0.72405E-01  -0.54656E-03   0.11844E+00   0.10856E+02   0.29172E+00
   45     0.4637   4.8195  -0.74747E-01  -0.58451E-03   0.11840E+00   0.10782E+02   0.29633E+00
   46     0.4764   4.9154  -0.77122E-01  -0.62513E-03   0.11836E+00   0.10709E+02   0.30097E+00
   47     0.4893   5.0106  -0.79530E-01  -0.66809E-03   0.11832E+00   0.10636E+02   0.30565E+00
   48     0.5022   5.1052  -0.81972E-01  -0.71432E-03   0.11827E+00   0.10563E+02   0.31037E+00
   49     0.5153   5.1991  -0.84448E-01  -0.76348E-03   0.11822E+00   0.10491E+02   0.31511E+00
   50     0.5285   5.2923  -0.86958E-01  -0.81586E-03   0.11817E+00   0.10419E+02   0.31996E+00
   51     0.5417   5.3849  -0.89500E-01  -0.87121E-03   0.11812E+00   0.10348E+02   0.32479E+00
   52     0.5552   5.4767  -0.92077E-01  -0.92984E-03   0.11806E+00   0.10277E+02   0.32971E+00
   53     0.5687   5.5679  -0.94688E-01  -0.99116E-03   0.11800E+00   0.10206E+02   0.33470E+00
   54     0.5823   5.6583  -0.97332E-01  -0.10561E-02   0.11793E+00   0.10136E+02   0.33967E+00
   55     0.5961   5.7481  -0.10001E+00  -0.11244E-02   0.11786E+00   0.10067E+02   0.34472E+00
   56     0.6099   5.8371  -0.10272E+00  -0.11964E-02   0.11779E+00   0.99976E+01   0.34982E+00
   57     0.6239   5.9255  -0.10547E+00  -0.12721E-02   0.11772E+00   0.99288E+01   0.35494E+00
   58     0.6381   6.0132  -0.10825E+00  -0.13513E-02   0.11764E+00   0.98604E+01   0.36012E+00
   59     0.6523   6.1001  -0.11107E+00  -0.14347E-02   0.11755E+00   0.97925E+01   0.36535E+00
   60     0.6667   6.1864  -0.11393E+00  -0.15223E-02   0.11746E+00   0.97250E+01   0.37059E+00
   61     0.6812   6.2719  -0.11682E+00  -0.16141E-02   0.11737E+00   0.96579E+01   0.37590E+00
   62     0.6958   6.3568  -0.11975E+00  -0.17099E-02   0.11728E+00   0.95913E+01   0.38124E+00
   63     0.7105   6.4409  -0.12271E+00  -0.18098E-02   0.11718E+00   0.95251E+01   0.38666E+00
   64     0.7254   6.5244  -0.12571E+00  -0.19136E-02   0.11707E+00   0.94593E+01   0.39207E+00
   65     0.7404   6.6071  -0.12874E+00  -0.20218E-02   0.11697E+00   0.93940E+01   0.39756E+00
   66     0.7555   6.6891  -0.13181E+00  -0.21345E-02   0.11685E+00   0.93291E+01   0.40309E+00
   67     0.7708   6.7704  -0.13492E+00  -0.22522E-02   0.11673E+00   0.92647E+01   0.40865E+00
   68     0.7862   6.8511  -0.13807E+00  -0.23752E-02   0.11661E+00   0.92008E+01   0.41426E+00
   69     0.8017   6.9310  -0.14126E+00  -0.25044E-02   0.11648E+00   0.91374E+01   0.41989E+00
   70     0.8174   7.0102  -0.14450E+00  -0.26389E-02   0.11635E+00   0.90744E+01   0.42555E+00
   71     0.8332   7.0886  -0.14776E+00  -0.27780E-02   0.11621E+00   0.90118E+01   0.43127E+00
   72     0.8491   7.1664  -0.15107E+00  -0.29210E-02   0.11607E+00   0.89497E+01   0.43700E+00
   73     0.8652   7.2435  -0.15441E+00  -0.30685E-02   0.11592E+00   0.88880E+01   0.44279E+00
   74     0.8814   7.3199  -0.15778E+00  -0.32215E-02   0.11577E+00   0.88267E+01   0.44861E+00
   75     0.8977   7.3956  -0.16120E+00  -0.33808E-02   0.11561E+00   0.87659E+01   0.45446E+00
   76     0.9142   7.4705  -0.16466E+00  -0.35459E-02   0.11544E+00   0.87056E+01   0.46037E+00
   77     0.9309   7.5448  -0.16816E+00  -0.37169E-02   0.11527E+00   0.86457E+01   0.46631E+00
   78     0.9477   7.6184  -0.17170E+00  -0.38931E-02   0.11509E+00   0.85863E+01   0.47228E+00
   79     0.9646   7.6913  -0.17528E+00  -0.40748E-02   0.11491E+00   0.85272E+01   0.47828E+00
   80     0.9817   7.7635  -0.17889E+00  -0.42612E-02   0.11473E+00   0.84687E+01   0.48430E+00
   81     0.9989   7.8350  -0.18255E+00  -0.44536E-02   0.11453E+00   0.84106E+01   0.49041E+00
   82     1.0163   7.9058  -0.18624E+00  -0.46524E-02   0.11433E+00   0.83529E+01   0.49651E+00
   83     1.0338   7.9759  -0.18998E+00  -0.48577E-02   0.11413E+00   0.82957E+01   0.50263E+00
   84     1.0515   8.0453  -0.19376E+00  -0.50695E-02   0.11392E+00   0.82390E+01   0.50877E+00
   85     1.0693   8.1141  -0.19758E+00  -0.52880E-02   0.11370E+00   0.81827E+01   0.51495E+00
   86     1.0873   8.1821  -0.20144E+00  -0.55136E-02   0.11347E+00   0.81268E+01   0.52110E+00
   87     1.1055   8.2495  -0.20535E+00  -0.57460E-02   0.11324E+00   0.80714E+01   0.52729E+00
   88     1.1238   8.3162  -0.20930E+00  -0.59848E-02   0.11300E+00   0.80165E+01   0.53346E+00
   89     1.1423   8.3823  -0.21329E+00  -0.62304E-02   0.11276E+00   0.79619E+01   0.53970E+00
   90     1.1609   8.4477  -0.21732E+00  -0.64826E-02   0.11250E+00   0.79078E+01   0.54601E+00
   91     1.1797   8.5124  -0.22139E+00  -0.67413E-02   0.11225E+00   0.78542E+01   0.55230E+00
   92     1.1986   8.5764  -0.22551E+00  -0.70070E-02   0.11198E+00   0.78010E+01   0.55860E+00
   93     1.2177   8.6398  -0.22967E+00  -0.72803E-02   0.11171E+00   0.77482E+01   0.56487E+00
   94     1.2370   8.7025  -0.23387E+00  -0.75620E-02   0.11143E+00   0.76959E+01   0.57121E+00
   95     1.2565   8.7646  -0.23812E+00  -0.78499E-02   0.11114E+00   0.76442E+01   0.57759E+00
   96     1.2761   8.8260  -0.24241E+00  -0.81457E-02   0.11084E+00   0.75928E+01   0.58395E+00
   97     1.2959   8.8868  -0.24675E+00  -0.84489E-02   0.11054E+00   0.75419E+01   0.59036E+00
   98     1.3158   8.9469  -0.25113E+00  -0.87598E-02   0.11023E+00   0.74915E+01   0.59674E+00
   99     1.3360   9.0065  -0.25556E+00  -0.90781E-02   0.10991E+00   0.74415E+01   0.60308E+00
  100     1.3563   9.0653  -0.26003E+00  -0.94046E-02   0.10958E+00   0.73919E+01   0.60940E+00
  101     1.3767   9.1236  -0.26454E+00  -0.97396E-02   0.10925E+00   0.73426E+01   0.61577E+00
  102     1.3974   9.1812  -0.26910E+00  -0.10083E-01   0.10890E+00   0.72937E+01   0.62214E+00
  103     1.4183   9.2382  -0.27370E+00  -0.10435E-01   0.10855E+00   0.72452E+01   0.62853E+00
  104     1.4393   9.2945  -0.27834E+00  -0.10795E-01   0.10819E+00   0.71972E+01   0.63491E+00
  105     1.4605   9.3503  -0.28303E+00  -0.11163E-01   0.10782E+00   0.71496E+01   0.64129E+00
  106     1.4819   9.4054  -0.28777E+00  -0.11539E-01   0.10745E+00   0.71025E+01   0.64765E+00
  107     1.5035   9.4600  -0.29256E+00  -0.11926E-01   0.10706E+00   0.70558E+01   0.65397E+00
  108     1.5252   9.5139  -0.29740E+00  -0.12320E-01   0.10667E+00   0.70096E+01   0.66027E+00
  109     1.5472   9.5673  -0.30227E+00  -0.12723E-01   0.10626E+00   0.69638E+01   0.66656E+00
  110     1.5693   9.6200  -0.30720E+00  -0.13134E-01   0.10585E+00   0.69184E+01   0.67286E+00
  111     1.5917   9.6722  -0.31218E+00  -0.13556E-01   0.10543E+00   0.68734E+01   0.67912E+00
  112     1.6142   9.7238  -0.31720E+00  -0.13988E-01   0.10500E+00   0.68289E+01   0.68535E+00
  113     1.6369   9.7748  -0.32227E+00  -0.14428E-01   0.10456E+00   0.67847E+01   0.69161E+00
  114     1.6598   9.8252  -0.32738E+00  -0.14875E-01   0.10411E+00   0.67409E+01   0.69783E+00
  115     1.6830   9.8751  -0.33254E+00  -0.15332E-01   0.10365E+00   0.66976E+01   0.70401E+00
  116     1.7063   9.9244  -0.33775E+00  -0.15801E-01   0.10319E+00   0.66546E+01   0.71017E+00
  117     1.7298   9.9731  -0.34301E+00  -0.16280E-01   0.10271E+00   0.66121E+01   0.71629E+00
  118     1.7536  10.0213  -0.34832E+00  -0.16769E-01   0.10222E+00   0.65700E+01   0.72236E+00
  119     1.7775  10.0689  -0.35368E+00  -0.17267E-01   0.10172E+00   0.65283E+01   0.72842E+00
  120     1.8016  10.1160  -0.35908E+00  -0.17774E-01   0.10121E+00   0.64870E+01   0.73443E+00
  121     1.8260  10.1626  -0.36454E+00  -0.18290E-01   0.10070E+00   0.64461E+01   0.74043E+00
  122     1.8506  10.2086  -0.37004E+00  -0.18817E-01   0.10017E+00   0.64057E+01   0.74636E+00
  123     1.8753  10.2541  -0.37560E+00  -0.19356E-01   0.99631E-01   0.63657E+01   0.75225E+00
  124     1.9003  10.2990  -0.38120E+00  -0.19904E-01   0.99083E-01   0.63260E+01   0.75805E+00
  125     1.9256  10.3434  -0.38686E+00  -0.20463E-01   0.98524E-01   0.62868E+01   0.76389E+00
  126     1.9510  10.3873  -0.39256E+00  -0.21033E-01   0.97954E-01   0.62479E+01   0.76966E+00
  127     1.9766  10.4307  -0.39832E+00  -0.21615E-01   0.97372E-01   0.62094E+01   0.77541E+00
  128     2.0025  10.4736  -0.40412E+00  -0.22206E-01   0.96781E-01   0.61712E+01   0.78110E+00
  129     2.0286  10.5160  -0.40998E+00  -0.22807E-01   0.96180E-01   0.61336E+01   0.78671E+00
  130     2.0550  10.5579  -0.41589E+00  -0.23421E-01   0.95567E-01   0.60963E+01   0.79228E+00
  131     2.0815  10.5993  -0.42185E+00  -0.24046E-01   0.94941E-01   0.60594E+01   0.79771E+00
  132     2.1083  10.6402  -0.42786E+00  -0.24683E-01   0.94305E-01   0.60228E+01   0.80310E+00
  133     2.1353  10.6806  -0.43393E+00  -0.25331E-01   0.93656E-01   0.59867E+01   0.80846E+00
  134     2.1626  10.7205  -0.44005E+00  -0.25990E-01   0.92997E-01   0.59510E+01   0.81370E+00
  135     2.1901  10.7600  -0.44622E+00  -0.26661E-01   0.92326E-01   0.59156E+01   0.81892E+00
  136     2.2178  10.7990  -0.45244E+00  -0.27344E-01   0.91643E-01   0.58807E+01   0.82399E+00
  137     2.2458  10.8375  -0.45872E+00  -0.28039E-01   0.90949E-01   0.58462E+01   0.82898E+00
  138     2.2740  10.8756  -0.46506E+00  -0.28745E-01   0.90242E-01   0.58120E+01   0.83403E+00
  139     2.3025  10.9132  -0.47145E+00  -0.29466E-01   0.89521E-01   0.57782E+01   0.83895E+00
  140     2.3312  10.9504  -0.47790E+00  -0.30202E-01   0.88785E-01   0.57448E+01   0.84377E+00
  141     2.3602  10.9871  -0.48440E+00  -0.30948E-01   0.88040E-01   0.57118E+01   0.84845E+00
  142     2.3894  11.0234  -0.49094E+00  -0.31701E-01   0.87286E-01   0.56791E+01   0.85308E+00
  143     2.4188  11.0592  -0.49754E+00  -0.32468E-01   0.86519E-01   0.56468E+01   0.85763E+00
  144     2.4486  11.0946  -0.50420E+00  -0.33249E-01   0.85738E-01   0.56149E+01   0.86204E+00
  145     2.4785  11.1296  -0.51092E+00  -0.34044E-01   0.84943E-01   0.55834E+01   0.86637E+00
  146     2.5088  11.1641  -0.51769E+00  -0.34850E-01   0.84137E-01   0.55523E+01   0.87063E+00
  147     2.5393  11.1982  -0.52451E+00  -0.35668E-01   0.83319E-01   0.55216E+01   0.87483E+00
  148     2.5701  11.2320  -0.53139E+00  -0.36501E-01   0.82487E-01   0.54912E+01   0.87885E+00
  149     2.6011  11.2653  -0.53834E+00  -0.37349E-01   0.81638E-01   0.54613E+01   0.88265E+00
  150     2.6324  11.2982  -0.54534E+00  -0.38210E-01   0.80777E-01   0.54316E+01   0.88643E+00
  151     2.6640  11.3306  -0.55239E+00  -0.39083E-01   0.79904E-01   0.54024E+01   0.89017E+00
  152     2.6958  11.3627  -0.55950E+00  -0.39969E-01   0.79018E-01   0.53735E+01   0.89380E+00
  153     2.7280  11.3944  -0.56667E+00  -0.40870E-01   0.78118E-01   0.53450E+01   0.89732E+00
  154     2.7604  11.4258  -0.57389E+00  -0.41783E-01   0.77204E-01   0.53169E+01   0.90073E+00
  155     2.7931  11.4567  -0.58117E+00  -0.42709E-01   0.76278E-01   0.52892E+01   0.90403E+00
  156     2.8260  11.4872  -0.58852E+00  -0.43650E-01   0.75337E-01   0.52619E+01   0.90721E+00
  157     2.8593  11.5174  -0.59593E+00  -0.44608E-01   0.74379E-01   0.52349E+01   0.91015E+00
  158     2.8929  11.5472  -0.60339E+00  -0.45578E-01   0.73409E-01   0.52083E+01   0.91296E+00
  159     2.9267  11.5766  -0.61091E+00  -0.46561E-01   0.72426E-01   0.51821E+01   0.91585E+00
  160     2.9608  11.6057  -0.61848E+00  -0.47559E-01   0.71428E-01   0.51562E+01   0.91853E+00
  161     2.9953  11.6344  -0.62612E+00  -0.48571E-01   0.70416E-01   0.51307E+01   0.92100E+00
  162     3.0300  11.6628  -0.63382E+00  -0.49599E-01   0.69388E-01   0.51056E+01   0.92343E+00
  163     3.0651  11.6908  -0.64159E+00  -0.50644E-01   0.68343E-01   0.50809E+01   0.92581E+00
  164     3.1004  11.7184  -0.64941E+00  -0.51702E-01   0.67285E-01   0.50565E+01   0.92788E+00
  165     3.1360  11.7458  -0.65730E+00  -0.52773E-01   0.66214E-01   0.50325E+01   0.92973E+00
  166     3.1720  11.7727  -0.66524E+00  -0.53860E-01   0.65127E-01   0.50089E+01   0.93156E+00
  167     3.2083  11.7994  -0.67324E+00  -0.54962E-01   0.64025E-01   0.49856E+01   0.93330E+00
  168     3.2449  11.8257  -0.68132E+00  -0.56083E-01   0.62905E-01   0.49627E+01   0.93492E+00
  169     3.2818  11.8517  -0.68946E+00  -0.57219E-01   0.61768E-01   0.49402E+01   0.93637E+00
  170     3.3190  11.8773  -0.69764E+00  -0.58366E-01   0.60621E-01   0.49181E+01   0.93764E+00
  171     3.3565  11.9026  -0.70591E+00  -0.59533E-01   0.59454E-01   0.48963E+01   0.93875E+00
  172     3.3944  11.9277  -0.71424E+00  -0.60718E-01   0.58269E-01   0.48749E+01   0.93974E+00
  173     3.4326  11.9524  -0.72262E+00  -0.61913E-01   0.57074E-01   0.48538E+01   0.94059E+00
  174     3.4712  11.9768  -0.73105E+00  -0.63123E-01   0.55864E-01   0.48330E+01   0.94133E+00
  175     3.5100  12.0009  -0.73956E+00  -0.64353E-01   0.54634E-01   0.48127E+01   0.94190E+00
  176     3.5492  12.0246  -0.74815E+00  -0.65600E-01   0.53387E-01   0.47927E+01   0.94224E+00
  177     3.5888  12.0481  -0.75679E+00  -0.66863E-01   0.52124E-01   0.47731E+01   0.94254E+00
  178     3.6287  12.0713  -0.76550E+00  -0.68144E-01   0.50843E-01   0.47538E+01   0.94265E+00
  179     3.6689  12.0942  -0.77428E+00  -0.69441E-01   0.49546E-01   0.47350E+01   0.94250E+00
  180     3.7095  12.1169  -0.78312E+00  -0.70755E-01   0.48232E-01   0.47164E+01   0.94237E+00
  181     3.7505  12.1392  -0.79202E+00  -0.72086E-01   0.46901E-01   0.46981E+01   0.94213E+00
  182     3.7918  12.1612  -0.80099E+00  -0.73432E-01   0.45555E-01   0.46803E+01   0.94168E+00
  183     3.8334  12.1830  -0.81003E+00  -0.74798E-01   0.44189E-01   0.46629E+01   0.94097E+00
  184     3.8754  12.2045  -0.81914E+00  -0.76182E-01   0.42805E-01   0.46457E+01   0.94019E+00
  185     3.9178  12.2257  -0.82832E+00  -0.77583E-01   0.41404E-01   0.46289E+01   0.93914E+00
  186     3.9606  12.2467  -0.83757E+00  -0.79004E-01   0.39983E-01   0.46124E+01   0.93798E+00
  187     4.0037  12.2674  -0.84688E+00  -0.80442E-01   0.38545E-01   0.45963E+01   0.93667E+00
  188     4.0472  12.2878  -0.85626E+00  -0.81897E-01   0.37090E-01   0.45805E+01   0.93530E+00
  189     4.0911  12.3080  -0.86572E+00  -0.83372E-01   0.35615E-01   0.45651E+01   0.93367E+00
  190     4.1353  12.3279  -0.87524E+00  -0.84866E-01   0.34121E-01   0.45500E+01   0.93186E+00
  191     4.1800  12.3476  -0.88483E+00  -0.86378E-01   0.32610E-01   0.45351E+01   0.92994E+00
  192     4.2250  12.3670  -0.89449E+00  -0.87908E-01   0.31079E-01   0.45206E+01   0.92789E+00
  193     4.2705  12.3862  -0.90422E+00  -0.89459E-01   0.29528E-01   0.45063E+01   0.92572E+00
  194     4.3163  12.4051  -0.91401E+00  -0.91025E-01   0.27962E-01   0.44925E+01   0.92335E+00
  195     4.3625  12.4238  -0.92388E+00  -0.92613E-01   0.26374E-01   0.44790E+01   0.92077E+00
  196     4.4091  12.4423  -0.93383E+00  -0.94222E-01   0.24766E-01   0.44659E+01   0.91805E+00
  197     4.4561  12.4605  -0.94384E+00  -0.95846E-01   0.23141E-01   0.44530E+01   0.91530E+00
  198     4.5036  12.4785  -0.95392E+00  -0.97492E-01   0.21495E-01   0.44404E+01   0.91240E+00
  199     4.5514  12.4962  -0.96409E+00  -0.99162E-01   0.19825E-01   0.44281E+01   0.90921E+00
  200     4.5997  12.5138  -0.97433E+00  -0.10085E+00   0.18134E-01   0.44161E+01   0.90590E+00
  201     4.6484  12.5311  -0.98464E+00  -0.10256E+00   0.16425E-01   0.44044E+01   0.90246E+00
  202     4.6975  12.5482  -0.99501E+00  -0.10429E+00   0.14699E-01   0.43930E+01   0.89883E+00
  203     4.7470  12.5650  -0.10055E+01  -0.10604E+00   0.12949E-01   0.43819E+01   0.89523E+00
  204     4.7970  12.5817  -0.10160E+01  -0.10781E+00   0.11173E-01   0.43710E+01   0.89129E+00
  205     4.8474  12.5981  -0.10266E+01  -0.10961E+00   0.93777E-02   0.43605E+01   0.88711E+00
  206     4.8982  12.6144  -0.10373E+01  -0.11142E+00   0.75650E-02   0.43502E+01   0.88296E+00
  207     4.9495  12.6304  -0.10480E+01  -0.11326E+00   0.57283E-02   0.43400E+01   0.87875E+00
  208     5.0012  12.6462  -0.10589E+01  -0.11512E+00   0.38695E-02   0.43301E+01   0.87428E+00
  209     5.0534  12.6619  -0.10698E+01  -0.11700E+00   0.19918E-02   0.43207E+01   0.86968E+00
  210     5.1060  12.6773  -0.10808E+01  -0.11890E+00   0.87455E-04   0.43115E+01   0.86477E+00
  211     5.1591  12.6925  -0.10918E+01  -0.12082E+00  -0.18312E-02   0.43025E+01   0.85986E+00
  212     5.2126  12.7076  -0.11030E+01  -0.12277E+00  -0.37790E-02   0.42937E+01   0.85489E+00
  213     5.2667  12.7224  -0.11142E+01  -0.12474E+00  -0.57537E-02   0.42852E+01   0.84988E+00
  214     5.3211  12.7371  -0.11255E+01  -0.12673E+00  -0.77462E-02   0.42768E+01   0.84469E+00
  215     5.3761  12.7515  -0.11369E+01  -0.12875E+00  -0.97627E-02   0.42687E+01   0.83920E+00
  216     5.4315  12.7658  -0.11483E+01  -0.13079E+00  -0.11798E-01   0.42609E+01   0.83379E+00
  217     5.4874  12.7799  -0.11598E+01  -0.13285E+00  -0.13860E-01   0.42532E+01   0.82825E+00
  218     5.5438  12.7938  -0.11714E+01  -0.13494E+00  -0.15949E-01   0.42458E+01   0.82231E+00
  219     5.6007  12.8076  -0.11831E+01  -0.13705E+00  -0.18065E-01   0.42387E+01   0.81644E+00
  220     5.6581  12.8211  -0.11949E+01  -0.13919E+00  -0.20202E-01   0.42316E+01   0.81036E+00
  221     5.7160  12.8345  -0.12068E+01  -0.14135E+00  -0.22361E-01   0.42248E+01   0.80436E+00
  222     5.7744  12.8477  -0.12187E+01  -0.14353E+00  -0.24547E-01   0.42182E+01   0.79821E+00
  223     5.8333  12.8608  -0.12307E+01  -0.14575E+00  -0.26758E-01   0.42118E+01   0.79173E+00
  224     5.8927  12.8737  -0.12428E+01  -0.14798E+00  -0.28989E-01   0.42055E+01   0.78517E+00
  225     5.9526  12.8864  -0.12550E+01  -0.15024E+00  -0.31251E-01   0.41995E+01   0.77868E+00
  226     6.0131  12.8990  -0.12673E+01  -0.15252E+00  -0.33533E-01   0.41936E+01   0.77197E+00
  227     6.0740  12.9114  -0.12796E+01  -0.15483E+00  -0.35845E-01   0.41878E+01   0.76512E+00
  228     6.1355  12.9236  -0.12921E+01  -0.15717E+00  -0.38183E-01   0.41823E+01   0.75851E+00
  229     6.1976  12.9357  -0.13046E+01  -0.15953E+00  -0.40540E-01   0.41770E+01   0.75149E+00
  230     6.2602  12.9476  -0.13172E+01  -0.16192E+00  -0.42928E-01   0.41718E+01   0.74446E+00
  231     6.3233  12.9594  -0.13299E+01  -0.16433E+00  -0.45348E-01   0.41667E+01   0.73739E+00
  232     6.3869  12.9710  -0.13426E+01  -0.16677E+00  -0.47778E-01   0.41618E+01   0.73046E+00
  233     6.4512  12.9825  -0.13555E+01  -0.16924E+00  -0.50254E-01   0.41570E+01   0.72319E+00
  234     6.5159  12.9938  -0.13685E+01  -0.17174E+00  -0.52758E-01   0.41524E+01   0.71570E+00
  235     6.5813  13.0050  -0.13815E+01  -0.17426E+00  -0.55271E-01   0.41480E+01   0.70842E+00
  236     6.6472  13.0160  -0.13946E+01  -0.17681E+00  -0.57824E-01   0.41437E+01   0.70084E+00
  237     6.7137  13.0269  -0.14078E+01  -0.17939E+00  -0.60406E-01   0.41394E+01   0.69350E+00
  238     6.7807  13.0377  -0.14211E+01  -0.18201E+00  -0.63022E-01   0.41353E+01   0.68542E+00
  239     6.8484  13.0483  -0.14345E+01  -0.18463E+00  -0.65645E-01   0.41314E+01   0.67781E+00
  240     6.9166  13.0588  -0.14480E+01  -0.18729E+00  -0.68306E-01   0.41276E+01   0.67019E+00
  241     6.9854  13.0691  -0.14616E+01  -0.18999E+00  -0.71002E-01   0.41238E+01   0.66238E+00
  242     7.0549  13.0794  -0.14752E+01  -0.19270E+00  -0.73717E-01   0.41202E+01   0.65436E+00
  243     7.1249  13.0894  -0.14889E+01  -0.19545E+00  -0.76461E-01   0.41167E+01   0.64648E+00
  244     7.1955  13.0994  -0.15028E+01  -0.19822E+00  -0.79232E-01   0.41134E+01   0.63885E+00
  245     7.2668  13.1092  -0.15167E+01  -0.20103E+00  -0.82040E-01   0.41101E+01   0.63060E+00
  246     7.3387  13.1189  -0.15307E+01  -0.20387E+00  -0.84879E-01   0.41069E+01   0.62264E+00
  247     7.4112  13.1285  -0.15448E+01  -0.20673E+00  -0.87743E-01   0.41038E+01   0.61467E+00
  248     7.4843  13.1380  -0.15590E+01  -0.20962E+00  -0.90636E-01   0.41009E+01   0.60675E+00
  249     7.5580  13.1473  -0.15733E+01  -0.21255E+00  -0.93563E-01   0.40980E+01   0.59843E+00
  250     7.6324  13.1565  -0.15877E+01  -0.21550E+00  -0.96515E-01   0.40951E+01   0.58988E+00
  251     7.7075  13.1656  -0.16022E+01  -0.21849E+00  -0.99500E-01   0.40924E+01   0.58209E+00
  252     7.7832  13.1746  -0.16168E+01  -0.22151E+00  -0.10252E+00   0.40898E+01   0.57391E+00
  253     7.8596  13.1834  -0.16315E+01  -0.22456E+00  -0.10557E+00   0.40873E+01   0.56573E+00
  254     7.9366  13.1922  -0.16462E+01  -0.22761E+00  -0.10863E+00   0.40848E+01   0.55755E+00
  255     8.0143  13.2008  -0.16610E+01  -0.23071E+00  -0.11172E+00   0.40824E+01   0.54943E+00
  256     8.0926  13.2093  -0.16761E+01  -0.23386E+00  -0.11488E+00   0.40800E+01   0.54129E+00
  257     8.1717  13.2178  -0.16911E+01  -0.23704E+00  -0.11805E+00   0.40778E+01   0.53282E+00
  258     8.2514  13.2261  -0.17063E+01  -0.24024E+00  -0.12125E+00   0.40756E+01   0.52475E+00
  259     8.3319  13.2343  -0.17215E+01  -0.24347E+00  -0.12448E+00   0.40735E+01   0.51686E+00
  260     8.4130  13.2424  -0.17369E+01  -0.24674E+00  -0.12775E+00   0.40715E+01   0.50839E+00
  261     8.4948  13.2503  -0.17524E+01  -0.25004E+00  -0.13105E+00   0.40695E+01   0.50016E+00
  262     8.5774  13.2582  -0.17679E+01  -0.25337E+00  -0.13438E+00   0.40675E+01   0.49201E+00
  263     8.6606  13.2660  -0.17835E+01  -0.25672E+00  -0.13773E+00   0.40657E+01   0.48392E+00
  264     8.7446  13.2737  -0.17993E+01  -0.26012E+00  -0.14113E+00   0.40639E+01   0.47567E+00
  265     8.8293  13.2813  -0.18152E+01  -0.26354E+00  -0.14456E+00   0.40621E+01   0.46750E+00
  266     8.9148  13.2888  -0.18311E+01  -0.26701E+00  -0.14802E+00   0.40604E+01   0.45950E+00
  267     9.0010  13.2962  -0.18472E+01  -0.27050E+00  -0.15152E+00   0.40588E+01   0.45166E+00
  268     9.0879  13.3035  -0.18633E+01  -0.27402E+00  -0.15504E+00   0.40572E+01   0.44341E+00
  269     9.1756  13.3107  -0.18796E+01  -0.27759E+00  -0.15860E+00   0.40556E+01   0.43551E+00
  270     9.2641  13.3178  -0.18960E+01  -0.28119E+00  -0.16220E+00   0.40541E+01   0.42772E+00
  271     9.3534  13.3248  -0.19124E+01  -0.28482E+00  -0.16583E+00   0.40527E+01   0.41964E+00
  272     9.4434  13.3317  -0.19290E+01  -0.28847E+00  -0.16948E+00   0.40513E+01   0.41182E+00
  273     9.5342  13.3386  -0.19457E+01  -0.29218E+00  -0.17319E+00   0.40499E+01   0.40407E+00
  274     9.6257  13.3453  -0.19625E+01  -0.29592E+00  -0.17693E+00   0.40486E+01   0.39623E+00
  275     9.7181  13.3520  -0.19794E+01  -0.29968E+00  -0.18069E+00   0.40473E+01   0.38845E+00
  276     9.8113  13.3586  -0.19963E+01  -0.30348E+00  -0.18449E+00   0.40460E+01   0.38094E+00
  277     9.9053  13.3651  -0.20135E+01  -0.30732E+00  -0.18833E+00   0.40448E+01   0.37329E+00
  278    10.0001  13.3715  -0.20307E+01  -0.31119E+00  -0.19221E+00   0.40436E+01   0.36553E+00
  279    10.0957  13.3778  -0.20480E+01  -0.31510E+00  -0.19611E+00   0.40425E+01   0.35821E+00
  280    10.1922  13.3841  -0.20654E+01  -0.31904E+00  -0.20005E+00   0.40414E+01   0.35097E+00
  281    10.2895  13.3902  -0.20830E+01  -0.32302E+00  -0.20404E+00   0.40403E+01   0.34343E+00
  282    10.3877  13.3963  -0.21006E+01  -0.32703E+00  -0.20804E+00   0.40393E+01   0.33621E+00
  283    10.4867  13.4023  -0.21183E+01  -0.33109E+00  -0.21210E+00   0.40383E+01   0.32914E+00
  284    10.5865  13.4083  -0.21362E+01  -0.33519E+00  -0.21620E+00   0.40373E+01   0.32175E+00
  285    10.6873  13.4141  -0.21542E+01  -0.33931E+00  -0.22032E+00   0.40363E+01   0.31471E+00
  286    10.7889  13.4199  -0.21723E+01  -0.34347E+00  -0.22448E+00   0.40354E+01   0.30776E+00
  287    10.8914  13.4256  -0.21905E+01  -0.34768E+00  -0.22870E+00   0.40345E+01   0.30073E+00
  288    10.9947  13.4312  -0.22088E+01  -0.35190E+00  -0.23291E+00   0.40336E+01   0.29395E+00
  289    11.0990  13.4368  -0.22272E+01  -0.35618E+00  -0.23719E+00   0.40328E+01   0.28745E+00
  290    11.2042  13.4423  -0.22458E+01  -0.36049E+00  -0.24151E+00   0.40320E+01   0.28044E+00
  291    11.3103  13.4477  -0.22644E+01  -0.36484E+00  -0.24585E+00   0.40312E+01   0.27392E+00
  292    11.4173  13.4530  -0.22832E+01  -0.36923E+00  -0.25024E+00   0.40304E+01   0.26745E+00
  293    11.5253  13.4583  -0.23022E+01  -0.37370E+00  -0.25471E+00   0.40297E+01   0.26087E+00
  294    11.6342  13.4635  -0.23212E+01  -0.37815E+00  -0.25917E+00   0.40290E+01   0.25452E+00
  295    11.7440  13.4687  -0.23402E+01  -0.38262E+00  -0.26364E+00   0.40282E+01   0.24828E+00
  296    11.8548  13.4738  -0.23595E+01  -0.38717E+00  -0.26819E+00   0.40275E+01   0.24189E+00
  297    11.9666  13.4788  -0.23788E+01  -0.39175E+00  -0.27277E+00   0.40269E+01   0.23617E+00
  298    12.0793  13.4837  -0.23983E+01  -0.39637E+00  -0.27739E+00   0.40262E+01   0.23011E+00
  299    12.1930  13.4886  -0.24179E+01  -0.40103E+00  -0.28205E+00   0.40256E+01   0.22412E+00
  300    12.3077  13.4934  -0.24376E+01  -0.40573E+00  -0.28674E+00   0.40250E+01   0.21823E+00
  301    12.4234  13.4982  -0.24576E+01  -0.41053E+00  -0.29154E+00   0.40244E+01   0.21261E+00
  302    12.5401  13.5029  -0.24774E+01  -0.41525E+00  -0.29626E+00   0.40238E+01   0.20689E+00
  303    12.6578  13.5075  -0.24975E+01  -0.42008E+00  -0.30109E+00   0.40232E+01   0.20135E+00
  304    12.7766  13.5121  -0.25177E+01  -0.42493E+00  -0.30595E+00   0.40227E+01   0.19563E+00
  305    12.8963  13.5166  -0.25381E+01  -0.42985E+00  -0.31087E+00   0.40222E+01   0.19051E+00
  306    13.0172  13.5211  -0.25585E+01  -0.43478E+00  -0.31580E+00   0.40217E+01   0.18527E+00
  307    13.1390  13.5255  -0.25790E+01  -0.43975E+00  -0.32077E+00   0.40212E+01   0.18007E+00
  308    13.2619  13.5298  -0.25997E+01  -0.44479E+00  -0.32580E+00   0.40207E+01   0.17495E+00
  309    13.3859  13.5341  -0.26205E+01  -0.44986E+00  -0.33087E+00   0.40202E+01   0.17025E+00
  310    13.5110  13.5383  -0.26415E+01  -0.45497E+00  -0.33598E+00   0.40197E+01   0.16513E+00
  311    13.6372  13.5425  -0.26626E+01  -0.46012E+00  -0.34114E+00   0.40193E+01   0.16030E+00
  312    13.7644  13.5466  -0.26839E+01  -0.46534E+00  -0.34635E+00   0.40188E+01   0.15551E+00
  313    13.8928  13.5507  -0.27051E+01  -0.47055E+00  -0.35156E+00   0.40184E+01   0.15098E+00
  314    14.0223  13.5547  -0.27266E+01  -0.47583E+00  -0.35684E+00   0.40180E+01   0.14634E+00
  315    14.1529  13.5587  -0.27481E+01  -0.48114E+00  -0.36215E+00   0.40176E+01   0.14184E+00
  316    14.2846  13.5626  -0.27699E+01  -0.48652E+00  -0.36753E+00   0.40172E+01   0.13769E+00
  317    14.4175  13.5665  -0.27916E+01  -0.49190E+00  -0.37291E+00   0.40168E+01   0.13342E+00
  318    14.5515  13.5703  -0.28137E+01  -0.49737E+00  -0.37839E+00   0.40165E+01   0.12925E+00
  319    14.6867  13.5741  -0.28358E+01  -0.50287E+00  -0.38388E+00   0.40161E+01   0.12518E+00
  320    14.8231  13.5778  -0.28580E+01  -0.50840E+00  -0.38941E+00   0.40157E+01   0.12123E+00
  321    14.9607  13.5815  -0.28804E+01  -0.51398E+00  -0.39499E+00   0.40154E+01   0.11726E+00
  322    15.0994  13.5851  -0.29029E+01  -0.51960E+00  -0.40062E+00   0.40151E+01   0.11348E+00
  323    15.2394  13.5887  -0.29255E+01  -0.52527E+00  -0.40628E+00   0.40148E+01   0.10981E+00
  324    15.3806  13.5922  -0.29483E+01  -0.53098E+00  -0.41200E+00   0.40144E+01   0.10619E+00
  325    15.5230  13.5957  -0.29712E+01  -0.53674E+00  -0.41775E+00   0.40141E+01   0.10268E+00
  326    15.6666  13.5991  -0.29943E+01  -0.54256E+00  -0.42358E+00   0.40138E+01   0.99181E-01
  327    15.8115  13.6025  -0.30174E+01  -0.54841E+00  -0.42942E+00   0.40135E+01   0.95842E-01
  328    15.9577  13.6059  -0.30408E+01  -0.55431E+00  -0.43533E+00   0.40133E+01   0.92557E-01
  329    16.1051  13.6092  -0.30642E+01  -0.56024E+00  -0.44126E+00   0.40130E+01   0.89338E-01
  330    16.2538  13.6124  -0.30878E+01  -0.56624E+00  -0.44725E+00   0.40127E+01   0.86217E-01
  331    16.4038  13.6157  -0.31115E+01  -0.57226E+00  -0.45327E+00   0.40124E+01   0.83229E-01
  332    16.5551  13.6188  -0.31354E+01  -0.57835E+00  -0.45936E+00   0.40122E+01   0.80283E-01
  333    16.7078  13.6220  -0.31594E+01  -0.58447E+00  -0.46549E+00   0.40119E+01   0.77359E-01
  334    16.8617  13.6251  -0.31836E+01  -0.59066E+00  -0.47167E+00   0.40117E+01   0.74574E-01
  335    17.0170  13.6281  -0.32079E+01  -0.59688E+00  -0.47789E+00   0.40115E+01   0.71887E-01
  336    17.1736  13.6312  -0.32323E+01  -0.60314E+00  -0.48416E+00   0.40112E+01   0.69250E-01
  337    17.3316  13.6342  -0.32569E+01  -0.60946E+00  -0.49047E+00   0.40110E+01   0.66661E-01
  338    17.4910  13.6371  -0.32816E+01  -0.61582E+00  -0.49683E+00   0.40108E+01   0.64191E-01
  339    17.6518  13.6400  -0.33065E+01  -0.62226E+00  -0.50327E+00   0.40106E+01   0.61749E-01
  340    17.8139  13.6429  -0.33315E+01  -0.62869E+00  -0.50971E+00   0.40104E+01   0.59385E-01
  341    17.9775  13.6457  -0.33567E+01  -0.63521E+00  -0.51623E+00   0.40102E+01   0.57106E-01
  342    18.1425  13.6485  -0.33820E+01  -0.64177E+00  -0.52278E+00   0.40100E+01   0.54910E-01
  343    18.3089  13.6513  -0.34074E+01  -0.64837E+00  -0.52938E+00   0.40098E+01   0.52754E-01
  344    18.4768  13.6540  -0.34330E+01  -0.65502E+00  -0.53603E+00   0.40096E+01   0.50654E-01
  345    18.6461  13.6567  -0.34587E+01  -0.66173E+00  -0.54274E+00   0.40094E+01   0.48655E-01
  346    18.8169  13.6593  -0.34847E+01  -0.66850E+00  -0.54951E+00   0.40092E+01   0.46720E-01
  347    18.9892  13.6619  -0.35107E+01  -0.67528E+00  -0.55629E+00   0.40091E+01   0.44830E-01
  348    19.1630  13.6645  -0.35369E+01  -0.68213E+00  -0.56315E+00   0.40089E+01   0.43014E-01
  349    19.3383  13.6671  -0.35632E+01  -0.68904E+00  -0.57006E+00   0.40087E+01   0.41240E-01
  350    19.5151  13.6696  -0.35897E+01  -0.69600E+00  -0.57701E+00   0.40086E+01   0.39533E-01
  351    19.6934  13.6721  -0.36164E+01  -0.70301E+00  -0.58402E+00   0.40084E+01   0.37876E-01
  352    19.8734  13.6745  -0.36431E+01  -0.71006E+00  -0.59107E+00   0.40082E+01   0.36275E-01
  353    20.0548  13.6770  -0.36701E+01  -0.71717E+00  -0.59819E+00   0.40081E+01   0.34755E-01
  354    20.2379  13.6794  -0.36972E+01  -0.72432E+00  -0.60533E+00   0.40079E+01   0.33256E-01
  355    20.4225  13.6817  -0.37244E+01  -0.73160E+00  -0.61261E+00   0.40000E+01   0.31820E-01
  356    20.6088  13.6840  -0.37519E+01  -0.73888E+00  -0.61989E+00   0.40000E+01   0.30417E-01
  357    20.7966  13.6863  -0.37794E+01  -0.74619E+00  -0.62720E+00   0.40000E+01   0.29097E-01
  358    20.9861  13.6886  -0.38072E+01  -0.75356E+00  -0.63457E+00   0.40000E+01   0.27803E-01
  359    21.1773  13.6909  -0.38350E+01  -0.76094E+00  -0.64195E+00   0.40000E+01   0.26577E-01
  360    21.3701  13.6931  -0.38631E+01  -0.76843E+00  -0.64945E+00   0.40000E+01   0.25379E-01
  361    21.5646  13.6953  -0.38913E+01  -0.77596E+00  -0.65697E+00   0.40000E+01   0.24252E-01
  362    21.7607  13.6974  -0.39197E+01  -0.78353E+00  -0.66454E+00   0.40000E+01   0.23126E-01
  363    21.9586  13.6995  -0.39482E+01  -0.79116E+00  -0.67217E+00   0.40000E+01   0.22059E-01
  364    22.1582  13.7016  -0.39769E+01  -0.79884E+00  -0.67986E+00   0.40000E+01   0.21026E-01
  365    22.3596  13.7037  -0.40057E+01  -0.80657E+00  -0.68759E+00   0.40000E+01   0.20053E-01
  366    22.5626  13.7058  -0.40347E+01  -0.81437E+00  -0.69538E+00   0.40000E+01   0.19121E-01
  367    22.7675  13.7078  -0.40639E+01  -0.82221E+00  -0.70322E+00   0.40000E+01   0.18208E-01
  368    22.9741  13.7098  -0.40933E+01  -0.83014E+00  -0.71115E+00   0.40000E+01   0.17323E-01
  369    23.1825  13.7117  -0.41227E+01  -0.83805E+00  -0.71907E+00   0.40000E+01   0.16510E-01
  370    23.3928  13.7137  -0.41524E+01  -0.84606E+00  -0.72707E+00   0.40000E+01   0.15685E-01
  371    23.6049  13.7156  -0.41822E+01  -0.85412E+00  -0.73513E+00   0.40000E+01   0.14943E-01
  372    23.8188  13.7175  -0.42122E+01  -0.86226E+00  -0.74327E+00   0.40000E+01   0.14204E-01
  373    24.0345  13.7194  -0.42424E+01  -0.87044E+00  -0.75145E+00   0.40000E+01   0.13497E-01
  374    24.2522  13.7212  -0.42727E+01  -0.87866E+00  -0.75968E+00   0.40000E+01   0.12818E-01
  375    24.4717  13.7230  -0.43032E+01  -0.88694E+00  -0.76796E+00   0.40000E+01   0.12194E-01
  376    24.6932  13.7248  -0.43339E+01  -0.89528E+00  -0.77630E+00   0.40000E+01   0.11552E-01
  377    24.9166  13.7266  -0.43649E+01  -0.90374E+00  -0.78476E+00   0.40000E+01   0.10958E-01
  378    25.1419  13.7284  -0.43958E+01  -0.91215E+00  -0.79317E+00   0.40000E+01   0.10401E-01
  379    25.3691  13.7301  -0.44269E+01  -0.92064E+00  -0.80166E+00   0.40000E+01   0.98470E-02
  380    25.5984  13.7318  -0.44582E+01  -0.92923E+00  -0.81024E+00   0.40000E+01   0.93427E-02
  381    25.8296  13.7335  -0.44897E+01  -0.93784E+00  -0.81886E+00   0.40000E+01   0.88467E-02
  382    26.0629  13.7351  -0.45215E+01  -0.94656E+00  -0.82757E+00   0.40000E+01   0.83665E-02
  383    26.2982  13.7368  -0.45533E+01  -0.95526E+00  -0.83628E+00   0.40000E+01   0.79260E-02
  384    26.5355  13.7384  -0.45853E+01  -0.96404E+00  -0.84506E+00   0.40000E+01   0.74985E-02
  385    26.7749  13.7400  -0.46175E+01  -0.97291E+00  -0.85392E+00   0.40000E+01   0.70912E-02
  386    27.0164  13.7416  -0.46499E+01  -0.98184E+00  -0.86285E+00   0.40000E+01   0.67128E-02
  387    27.2599  13.7431  -0.46824E+01  -0.99077E+00  -0.87178E+00   0.40000E+01   0.63379E-02
  388    27.5056  13.7447  -0.47152E+01  -0.99984E+00  -0.88086E+00   0.40000E+01   0.59803E-02
  389    27.7534  13.7462  -0.47479E+01  -0.10089E+01  -0.88989E+00   0.40000E+01   0.56514E-02
  390    28.0034  13.7477  -0.47810E+01  -0.10180E+01  -0.89904E+00   0.40000E+01   0.53229E-02
  391    28.2556  13.7492  -0.48143E+01  -0.10272E+01  -0.90824E+00   0.40000E+01   0.50360E-02
  392    28.5099  13.7506  -0.48477E+01  -0.10365E+01  -0.91751E+00   0.40000E+01   0.47396E-02
  393    28.7665  13.7521  -0.48814E+01  -0.10458E+01  -0.92685E+00   0.40000E+01   0.44675E-02
  394    29.0253  13.7535  -0.49149E+01  -0.10551E+01  -0.93615E+00   0.40000E+01   0.42163E-02
  395    29.2863  13.7549  -0.49489E+01  -0.10646E+01  -0.94558E+00   0.40000E+01   0.39636E-02
  396    29.5496  13.7563  -0.49829E+01  -0.10740E+01  -0.95506E+00   0.40000E+01   0.37289E-02
  397    29.8152  13.7577  -0.50172E+01  -0.10836E+01  -0.96460E+00   0.40000E+01   0.35076E-02
  398    30.0831  13.7590  -0.50515E+01  -0.10931E+01  -0.97415E+00   0.40000E+01   0.32998E-02
  399    30.3534  13.7604  -0.50860E+01  -0.11028E+01  -0.98379E+00   0.40000E+01   0.31008E-02
  400    30.6259  13.7617  -0.51207E+01  -0.11125E+01  -0.99346E+00   0.40000E+01   0.29246E-02
