    1     0.0001   0.0014  -0.15259E-04  -0.75069E-06   0.11655E+00   0.14074E+02   0.22801E+00
    2     0.0088   0.1221  -0.10064E-02   0.13719E-04   0.11656E+00   0.13986E+02   0.17722E+00
    3     0.0176   0.2423  -0.21076E-02   0.89565E-05   0.11656E+00   0.13898E+02   0.18794E+00
    4     0.0264   0.3621  -0.32494E-02   0.22262E-05   0.11655E+00   0.13812E+02   0.19487E+00
    5     0.0353   0.4814  -0.44464E-02  -0.10355E-04   0.11654E+00   0.13725E+02   0.20202E+00
    6     0.0443   0.6003  -0.56777E-02  -0.23660E-04   0.11652E+00   0.13640E+02   0.20819E+00
    7     0.0534   0.7188  -0.69433E-02  -0.38028E-04   0.11651E+00   0.13554E+02   0.21387E+00
    8     0.0626   0.8368  -0.82406E-02  -0.52370E-04   0.11649E+00   0.13469E+02   0.21933E+00
    9     0.0718   0.9543  -0.95694E-02  -0.67128E-04   0.11648E+00   0.13384E+02   0.22471E+00
   10     0.0811   1.0713  -0.10929E-01  -0.81937E-04   0.11646E+00   0.13300E+02   0.22991E+00
   11     0.0905   1.1879  -0.12319E-01  -0.96488E-04   0.11645E+00   0.13216E+02   0.23510E+00
   12     0.1000   1.3039  -0.13738E-01  -0.11101E-03   0.11644E+00   0.13132E+02   0.24015E+00
   13     0.1096   1.4195  -0.15185E-01  -0.12523E-03   0.11642E+00   0.13049E+02   0.24523E+00
   14     0.1192   1.5346  -0.16660E-01  -0.13911E-03   0.11641E+00   0.12966E+02   0.25034E+00
   15     0.1290   1.6491  -0.18172E-01  -0.15462E-03   0.11639E+00   0.12883E+02   0.25548E+00
   16     0.1388   1.7632  -0.19699E-01  -0.16707E-03   0.11638E+00   0.12801E+02   0.26058E+00
   17     0.1487   1.8767  -0.21252E-01  -0.17893E-03   0.11637E+00   0.12719E+02   0.26560E+00
   18     0.1587   1.9897  -0.22832E-01  -0.19030E-03   0.11636E+00   0.12637E+02   0.27074E+00
   19     0.1687   2.1021  -0.24438E-01  -0.20118E-03   0.11635E+00   0.12556E+02   0.27590E+00
   20     0.1789   2.2140  -0.26070E-01  -0.21162E-03   0.11633E+00   0.12475E+02   0.28104E+00
   21     0.1891   2.3254  -0.27729E-01  -0.22198E-03   0.11632E+00   0.12394E+02   0.28629E+00
   22     0.1995   2.4362  -0.29417E-01  -0.23278E-03   0.11631E+00   0.12313E+02   0.29152E+00
   23     0.2099   2.5465  -0.31133E-01  -0.24355E-03   0.11630E+00   0.12233E+02   0.29682E+00
   24     0.2204   2.6562  -0.32879E-01  -0.25547E-03   0.11629E+00   0.12153E+02   0.30216E+00
   25     0.2310   2.7653  -0.34655E-01  -0.26818E-03   0.11628E+00   0.12074E+02   0.30755E+00
   26     0.2417   2.8738  -0.36463E-01  -0.28227E-03   0.11626E+00   0.11995E+02   0.31302E+00
   27     0.2525   2.9818  -0.38301E-01  -0.29719E-03   0.11625E+00   0.11916E+02   0.31847E+00
   28     0.2634   3.0892  -0.40170E-01  -0.31313E-03   0.11623E+00   0.11838E+02   0.32402E+00
   29     0.2744   3.1959  -0.42069E-01  -0.32989E-03   0.11622E+00   0.11760E+02   0.32962E+00
   30     0.2855   3.3021  -0.43997E-01  -0.34800E-03   0.11620E+00   0.11682E+02   0.33527E+00
   31     0.2967   3.4077  -0.45956E-01  -0.36730E-03   0.11618E+00   0.11605E+02   0.34095E+00
   32     0.3079   3.5127  -0.47944E-01  -0.38792E-03   0.11616E+00   0.11528E+02   0.34671E+00
   33     0.3193   3.6170  -0.49952E-01  -0.40686E-03   0.11614E+00   0.11451E+02   0.35255E+00
   34     0.3308   3.7207  -0.52000E-01  -0.42992E-03   0.11612E+00   0.11375E+02   0.35843E+00
   35     0.3423   3.8238  -0.54079E-01  -0.45477E-03   0.11609E+00   0.11299E+02   0.36430E+00
   36     0.3540   3.9263  -0.56189E-01  -0.48112E-03   0.11607E+00   0.11224E+02   0.37033E+00
   37     0.3658   4.0281  -0.58330E-01  -0.50916E-03   0.11604E+00   0.11149E+02   0.37639E+00
   38     0.3777   4.1293  -0.60503E-01  -0.53941E-03   0.11601E+00   0.11074E+02   0.38251E+00
   39     0.3896   4.2299  -0.62708E-01  -0.57189E-03   0.11597E+00   0.11000E+02   0.38869E+00
   40     0.4017   4.3298  -0.64944E-01  -0.60639E-03   0.11594E+00   0.10926E+02   0.39493E+00
   41     0.4139   4.4291  -0.67212E-01  -0.64310E-03   0.11590E+00   0.10853E+02   0.40123E+00
   42     0.4262   4.5276  -0.69513E-01  -0.68232E-03   0.11586E+00   0.10779E+02   0.40760E+00
   43     0.4386   4.6256  -0.71846E-01  -0.72386E-03   0.11582E+00   0.10707E+02   0.41396E+00
   44     0.4511   4.7229  -0.74212E-01  -0.76833E-03   0.11578E+00   0.10634E+02   0.42039E+00
   45     0.4637   4.8195  -0.76612E-01  -0.81545E-03   0.11573E+00   0.10562E+02   0.42691E+00
   46     0.4764   4.9154  -0.79045E-01  -0.86553E-03   0.11568E+00   0.10491E+02   0.43350E+00
   47     0.4893   5.0106  -0.81512E-01  -0.91777E-03   0.11563E+00   0.10420E+02   0.44016E+00
   48     0.5022   5.1052  -0.84013E-01  -0.97319E-03   0.11557E+00   0.10349E+02   0.44689E+00
   49     0.5153   5.1991  -0.86547E-01  -0.10317E-02   0.11551E+00   0.10279E+02   0.45368E+00
   50     0.5285   5.2923  -0.89117E-01  -0.10937E-02   0.11545E+00   0.10209E+02   0.46063E+00
   51     0.5417   5.3849  -0.91721E-01  -0.11589E-02   0.11539E+00   0.10139E+02   0.46755E+00
   52     0.5552   5.4767  -0.94359E-01  -0.12277E-02   0.11532E+00   0.10070E+02   0.47457E+00
   53     0.5687   5.5679  -0.97032E-01  -0.13001E-02   0.11525E+00   0.10002E+02   0.48168E+00
   54     0.5823   5.6583  -0.99741E-01  -0.13762E-02   0.11517E+00   0.99334E+01   0.48874E+00
   55     0.5961   5.7481  -0.10249E+00  -0.14564E-02   0.11509E+00   0.98655E+01   0.49591E+00
   56     0.6099   5.8371  -0.10527E+00  -0.15405E-02   0.11501E+00   0.97981E+01   0.50315E+00
   57     0.6239   5.9255  -0.10808E+00  -0.16287E-02   0.11492E+00   0.97311E+01   0.51042E+00
   58     0.6381   6.0132  -0.11093E+00  -0.17207E-02   0.11483E+00   0.96645E+01   0.51776E+00
   59     0.6523   6.1001  -0.11382E+00  -0.18166E-02   0.11473E+00   0.95983E+01   0.52518E+00
   60     0.6667   6.1864  -0.11675E+00  -0.19167E-02   0.11463E+00   0.95326E+01   0.53264E+00
   61     0.6812   6.2719  -0.11970E+00  -0.20208E-02   0.11453E+00   0.94672E+01   0.54018E+00
   62     0.6958   6.3568  -0.12270E+00  -0.21284E-02   0.11442E+00   0.94024E+01   0.54776E+00
   63     0.7105   6.4409  -0.12574E+00  -0.22408E-02   0.11431E+00   0.93380E+01   0.55546E+00
   64     0.7254   6.5244  -0.12881E+00  -0.23584E-02   0.11419E+00   0.92741E+01   0.56311E+00
   65     0.7404   6.6071  -0.13192E+00  -0.24812E-02   0.11407E+00   0.92106E+01   0.57089E+00
   66     0.7555   6.6891  -0.13507E+00  -0.26084E-02   0.11394E+00   0.91475E+01   0.57870E+00
   67     0.7708   6.7704  -0.13826E+00  -0.27403E-02   0.11381E+00   0.90848E+01   0.58656E+00
   68     0.7862   6.8511  -0.14148E+00  -0.28763E-02   0.11367E+00   0.90226E+01   0.59449E+00
   69     0.8017   6.9310  -0.14474E+00  -0.30172E-02   0.11353E+00   0.89607E+01   0.60246E+00
   70     0.8174   7.0102  -0.14804E+00  -0.31639E-02   0.11338E+00   0.88993E+01   0.61048E+00
   71     0.8332   7.0886  -0.15138E+00  -0.33160E-02   0.11323E+00   0.88384E+01   0.61858E+00
   72     0.8491   7.1664  -0.15476E+00  -0.34746E-02   0.11307E+00   0.87778E+01   0.62668E+00
   73     0.8652   7.2435  -0.15818E+00  -0.36391E-02   0.11291E+00   0.87178E+01   0.63487E+00
   74     0.8814   7.3199  -0.16164E+00  -0.38095E-02   0.11274E+00   0.86582E+01   0.64308E+00
   75     0.8977   7.3956  -0.16515E+00  -0.39859E-02   0.11256E+00   0.85990E+01   0.65133E+00
   76     0.9142   7.4705  -0.16869E+00  -0.41680E-02   0.11238E+00   0.85403E+01   0.65964E+00
   77     0.9309   7.5448  -0.17227E+00  -0.43552E-02   0.11219E+00   0.84819E+01   0.66798E+00
   78     0.9477   7.6184  -0.17589E+00  -0.45473E-02   0.11200E+00   0.84240E+01   0.67638E+00
   79     0.9646   7.6913  -0.17955E+00  -0.47441E-02   0.11180E+00   0.83666E+01   0.68482E+00
   80     0.9817   7.7635  -0.18325E+00  -0.49474E-02   0.11160E+00   0.83097E+01   0.69329E+00
   81     0.9989   7.8350  -0.18699E+00  -0.51576E-02   0.11139E+00   0.82532E+01   0.70184E+00
   82     1.0163   7.9058  -0.19078E+00  -0.53749E-02   0.11117E+00   0.81972E+01   0.71036E+00
   83     1.0338   7.9759  -0.19461E+00  -0.55994E-02   0.11095E+00   0.81415E+01   0.71890E+00
   84     1.0515   8.0453  -0.19848E+00  -0.58302E-02   0.11072E+00   0.80863E+01   0.72748E+00
   85     1.0693   8.1141  -0.20239E+00  -0.60679E-02   0.11048E+00   0.80315E+01   0.73616E+00
   86     1.0873   8.1821  -0.20635E+00  -0.63121E-02   0.11023E+00   0.79771E+01   0.74481E+00
   87     1.1055   8.2495  -0.21034E+00  -0.65626E-02   0.10998E+00   0.79232E+01   0.75351E+00
   88     1.1238   8.3162  -0.21438E+00  -0.68201E-02   0.10973E+00   0.78697E+01   0.76219E+00
   89     1.1423   8.3823  -0.21846E+00  -0.70848E-02   0.10946E+00   0.78167E+01   0.77092E+00
   90     1.1609   8.4477  -0.22259E+00  -0.73566E-02   0.10919E+00   0.77641E+01   0.77972E+00
   91     1.1797   8.5124  -0.22676E+00  -0.76359E-02   0.10891E+00   0.77119E+01   0.78849E+00
   92     1.1986   8.5764  -0.23097E+00  -0.79230E-02   0.10862E+00   0.76602E+01   0.79726E+00
   93     1.2177   8.6398  -0.23523E+00  -0.82181E-02   0.10833E+00   0.76089E+01   0.80601E+00
   94     1.2370   8.7025  -0.23954E+00  -0.85201E-02   0.10803E+00   0.75581E+01   0.81487E+00
   95     1.2565   8.7646  -0.24388E+00  -0.88294E-02   0.10772E+00   0.75077E+01   0.82377E+00
   96     1.2761   8.8260  -0.24827E+00  -0.91464E-02   0.10740E+00   0.74577E+01   0.83259E+00
   97     1.2959   8.8868  -0.25271E+00  -0.94713E-02   0.10707E+00   0.74082E+01   0.84143E+00
   98     1.3158   8.9469  -0.25719E+00  -0.98041E-02   0.10674E+00   0.73590E+01   0.85022E+00
   99     1.3360   9.0065  -0.26171E+00  -0.10145E-01   0.10640E+00   0.73102E+01   0.85902E+00
  100     1.3563   9.0653  -0.26628E+00  -0.10495E-01   0.10605E+00   0.72619E+01   0.86780E+00
  101     1.3767   9.1236  -0.27089E+00  -0.10852E-01   0.10569E+00   0.72139E+01   0.87663E+00
  102     1.3974   9.1812  -0.27555E+00  -0.11217E-01   0.10533E+00   0.71664E+01   0.88544E+00
  103     1.4183   9.2382  -0.28025E+00  -0.11590E-01   0.10496E+00   0.71193E+01   0.89428E+00
  104     1.4393   9.2945  -0.28500E+00  -0.11972E-01   0.10457E+00   0.70727E+01   0.90309E+00
  105     1.4605   9.3503  -0.28981E+00  -0.12365E-01   0.10418E+00   0.70265E+01   0.91186E+00
  106     1.4819   9.4054  -0.29466E+00  -0.12768E-01   0.10378E+00   0.69807E+01   0.92059E+00
  107     1.5035   9.4600  -0.29956E+00  -0.13179E-01   0.10337E+00   0.69354E+01   0.92928E+00
  108     1.5252   9.5139  -0.30450E+00  -0.13597E-01   0.10295E+00   0.68904E+01   0.93796E+00
  109     1.5472   9.5673  -0.30948E+00  -0.14024E-01   0.10252E+00   0.68458E+01   0.94663E+00
  110     1.5693   9.6200  -0.31452E+00  -0.14462E-01   0.10208E+00   0.68017E+01   0.95531E+00
  111     1.5917   9.6722  -0.31961E+00  -0.14909E-01   0.10164E+00   0.67580E+01   0.96397E+00
  112     1.6142   9.7238  -0.32474E+00  -0.15365E-01   0.10118E+00   0.67146E+01   0.97259E+00
  113     1.6369   9.7748  -0.32992E+00  -0.15829E-01   0.10072E+00   0.66717E+01   0.98121E+00
  114     1.6598   9.8252  -0.33514E+00  -0.16302E-01   0.10024E+00   0.66292E+01   0.98977E+00
  115     1.6830   9.8751  -0.34041E+00  -0.16786E-01   0.99760E-01   0.65870E+01   0.99829E+00
  116     1.7063   9.9244  -0.34574E+00  -0.17280E-01   0.99266E-01   0.65453E+01   0.10068E+01
  117     1.7298   9.9731  -0.35111E+00  -0.17785E-01   0.98761E-01   0.65041E+01   0.10151E+01
  118     1.7536  10.0213  -0.35654E+00  -0.18301E-01   0.98245E-01   0.64631E+01   0.10233E+01
  119     1.7775  10.0689  -0.36202E+00  -0.18827E-01   0.97720E-01   0.64226E+01   0.10315E+01
  120     1.8016  10.1160  -0.36754E+00  -0.19362E-01   0.97184E-01   0.63825E+01   0.10397E+01
  121     1.8260  10.1626  -0.37311E+00  -0.19907E-01   0.96639E-01   0.63427E+01   0.10479E+01
  122     1.8506  10.2086  -0.37873E+00  -0.20463E-01   0.96084E-01   0.63034E+01   0.10560E+01
  123     1.8753  10.2541  -0.38441E+00  -0.21030E-01   0.95516E-01   0.62645E+01   0.10640E+01
  124     1.9003  10.2990  -0.39014E+00  -0.21609E-01   0.94938E-01   0.62261E+01   0.10719E+01
  125     1.9256  10.3434  -0.39593E+00  -0.22197E-01   0.94350E-01   0.61881E+01   0.10799E+01
  126     1.9510  10.3873  -0.40176E+00  -0.22796E-01   0.93751E-01   0.61505E+01   0.10877E+01
  127     1.9766  10.4307  -0.40764E+00  -0.23407E-01   0.93139E-01   0.61132E+01   0.10954E+01
  128     2.0025  10.4736  -0.41358E+00  -0.24030E-01   0.92517E-01   0.60762E+01   0.11029E+01
  129     2.0286  10.5160  -0.41956E+00  -0.24664E-01   0.91883E-01   0.60396E+01   0.11104E+01
  130     2.0550  10.5579  -0.42560E+00  -0.25308E-01   0.91239E-01   0.60034E+01   0.11179E+01
  131     2.0815  10.5993  -0.43168E+00  -0.25963E-01   0.90583E-01   0.59675E+01   0.11253E+01
  132     2.1083  10.6402  -0.43782E+00  -0.26631E-01   0.89915E-01   0.59321E+01   0.11325E+01
  133     2.1353  10.6806  -0.44402E+00  -0.27311E-01   0.89235E-01   0.58971E+01   0.11397E+01
  134     2.1626  10.7205  -0.45027E+00  -0.28003E-01   0.88543E-01   0.58624E+01   0.11466E+01
  135     2.1901  10.7600  -0.45658E+00  -0.28706E-01   0.87841E-01   0.58282E+01   0.11535E+01
  136     2.2178  10.7990  -0.46294E+00  -0.29422E-01   0.87124E-01   0.57944E+01   0.11603E+01
  137     2.2458  10.8375  -0.46936E+00  -0.30151E-01   0.86395E-01   0.57609E+01   0.11669E+01
  138     2.2740  10.8756  -0.47582E+00  -0.30890E-01   0.85656E-01   0.57278E+01   0.11735E+01
  139     2.3025  10.9132  -0.48233E+00  -0.31640E-01   0.84906E-01   0.56950E+01   0.11799E+01
  140     2.3312  10.9504  -0.48891E+00  -0.32406E-01   0.84140E-01   0.56626E+01   0.11863E+01
  141     2.3602  10.9871  -0.49555E+00  -0.33185E-01   0.83361E-01   0.56306E+01   0.11924E+01
  142     2.3894  11.0234  -0.50223E+00  -0.33976E-01   0.82570E-01   0.55990E+01   0.11985E+01
  143     2.4188  11.0592  -0.50897E+00  -0.34777E-01   0.81769E-01   0.55679E+01   0.12044E+01
  144     2.4486  11.0946  -0.51577E+00  -0.35591E-01   0.80955E-01   0.55370E+01   0.12101E+01
  145     2.4785  11.1296  -0.52262E+00  -0.36419E-01   0.80127E-01   0.55066E+01   0.12158E+01
  146     2.5088  11.1641  -0.52953E+00  -0.37261E-01   0.79285E-01   0.54766E+01   0.12212E+01
  147     2.5393  11.1982  -0.53650E+00  -0.38116E-01   0.78430E-01   0.54469E+01   0.12266E+01
  148     2.5701  11.2320  -0.54353E+00  -0.38984E-01   0.77562E-01   0.54175E+01   0.12319E+01
  149     2.6011  11.2653  -0.55061E+00  -0.39866E-01   0.76680E-01   0.53885E+01   0.12369E+01
  150     2.6324  11.2982  -0.55774E+00  -0.40760E-01   0.75786E-01   0.53600E+01   0.12420E+01
  151     2.6640  11.3306  -0.56494E+00  -0.41668E-01   0.74878E-01   0.53317E+01   0.12467E+01
  152     2.6958  11.3627  -0.57219E+00  -0.42591E-01   0.73955E-01   0.53039E+01   0.12513E+01
  153     2.7280  11.3944  -0.57951E+00  -0.43528E-01   0.73018E-01   0.52764E+01   0.12557E+01
  154     2.7604  11.4258  -0.58688E+00  -0.44479E-01   0.72068E-01   0.52493E+01   0.12599E+01
  155     2.7931  11.4567  -0.59431E+00  -0.45443E-01   0.71103E-01   0.52226E+01   0.12640E+01
  156     2.8260  11.4872  -0.60180E+00  -0.46422E-01   0.70124E-01   0.51962E+01   0.12679E+01
  157     2.8593  11.5174  -0.60935E+00  -0.47416E-01   0.69131E-01   0.51703E+01   0.12716E+01
  158     2.8929  11.5472  -0.61697E+00  -0.48424E-01   0.68122E-01   0.51447E+01   0.12752E+01
  159     2.9267  11.5766  -0.62465E+00  -0.49450E-01   0.67096E-01   0.51195E+01   0.12787E+01
  160     2.9608  11.6057  -0.63240E+00  -0.50492E-01   0.66054E-01   0.50947E+01   0.12818E+01
  161     2.9953  11.6344  -0.64018E+00  -0.51543E-01   0.65004E-01   0.50702E+01   0.12848E+01
  162     3.0300  11.6628  -0.64803E+00  -0.52608E-01   0.63939E-01   0.50460E+01   0.12877E+01
  163     3.0651  11.6908  -0.65595E+00  -0.53690E-01   0.62856E-01   0.50222E+01   0.12903E+01
  164     3.1004  11.7184  -0.66393E+00  -0.54789E-01   0.61758E-01   0.49988E+01   0.12927E+01
  165     3.1360  11.7458  -0.67196E+00  -0.55900E-01   0.60646E-01   0.49758E+01   0.12950E+01
  166     3.1720  11.7727  -0.68006E+00  -0.57026E-01   0.59520E-01   0.49532E+01   0.12971E+01
  167     3.2083  11.7994  -0.68823E+00  -0.58173E-01   0.58374E-01   0.49309E+01   0.12987E+01
  168     3.2449  11.8257  -0.69647E+00  -0.59334E-01   0.57212E-01   0.49090E+01   0.13002E+01
  169     3.2818  11.8517  -0.70475E+00  -0.60509E-01   0.56037E-01   0.48874E+01   0.13017E+01
  170     3.3190  11.8773  -0.71311E+00  -0.61701E-01   0.54845E-01   0.48661E+01   0.13030E+01
  171     3.3565  11.9026  -0.72153E+00  -0.62909E-01   0.53637E-01   0.48452E+01   0.13041E+01
  172     3.3944  11.9277  -0.73001E+00  -0.64131E-01   0.52415E-01   0.48248E+01   0.13050E+01
  173     3.4326  11.9524  -0.73855E+00  -0.65371E-01   0.51175E-01   0.48047E+01   0.13056E+01
  174     3.4712  11.9768  -0.74717E+00  -0.66630E-01   0.49916E-01   0.47850E+01   0.13059E+01
  175     3.5100  12.0009  -0.75585E+00  -0.67903E-01   0.48643E-01   0.47656E+01   0.13060E+01
  176     3.5492  12.0246  -0.76459E+00  -0.69192E-01   0.47354E-01   0.47465E+01   0.13062E+01
  177     3.5888  12.0481  -0.77339E+00  -0.70498E-01   0.46048E-01   0.47277E+01   0.13060E+01
  178     3.6287  12.0713  -0.78226E+00  -0.71821E-01   0.44725E-01   0.47094E+01   0.13055E+01
  179     3.6689  12.0942  -0.79122E+00  -0.73165E-01   0.43381E-01   0.46914E+01   0.13051E+01
  180     3.7095  12.1169  -0.80023E+00  -0.74524E-01   0.42022E-01   0.46737E+01   0.13041E+01
  181     3.7505  12.1392  -0.80930E+00  -0.75899E-01   0.40647E-01   0.46564E+01   0.13028E+01
  182     3.7918  12.1612  -0.81844E+00  -0.77292E-01   0.39254E-01   0.46395E+01   0.13016E+01
  183     3.8334  12.1830  -0.82765E+00  -0.78704E-01   0.37842E-01   0.46228E+01   0.13001E+01
  184     3.8754  12.2045  -0.83694E+00  -0.80138E-01   0.36409E-01   0.46066E+01   0.12985E+01
  185     3.9178  12.2257  -0.84628E+00  -0.81583E-01   0.34963E-01   0.45906E+01   0.12966E+01
  186     3.9606  12.2467  -0.85570E+00  -0.83051E-01   0.33495E-01   0.45750E+01   0.12944E+01
  187     4.0037  12.2674  -0.86520E+00  -0.84540E-01   0.32007E-01   0.45597E+01   0.12920E+01
  188     4.0472  12.2878  -0.87474E+00  -0.86039E-01   0.30507E-01   0.45447E+01   0.12894E+01
  189     4.0911  12.3080  -0.88435E+00  -0.87557E-01   0.28989E-01   0.45301E+01   0.12867E+01
  190     4.1353  12.3279  -0.89405E+00  -0.89100E-01   0.27446E-01   0.45158E+01   0.12837E+01
  191     4.1800  12.3476  -0.90381E+00  -0.90660E-01   0.25886E-01   0.45018E+01   0.12804E+01
  192     4.2250  12.3670  -0.91365E+00  -0.92240E-01   0.24306E-01   0.44881E+01   0.12770E+01
  193     4.2705  12.3862  -0.92357E+00  -0.93841E-01   0.22705E-01   0.44747E+01   0.12733E+01
  194     4.3163  12.4051  -0.93354E+00  -0.95459E-01   0.21087E-01   0.44617E+01   0.12695E+01
  195     4.3625  12.4238  -0.94359E+00  -0.97098E-01   0.19449E-01   0.44489E+01   0.12656E+01
  196     4.4091  12.4423  -0.95371E+00  -0.98755E-01   0.17791E-01   0.44365E+01   0.12614E+01
  197     4.4561  12.4605  -0.96391E+00  -0.10043E+00   0.16111E-01   0.44244E+01   0.12569E+01
  198     4.5036  12.4785  -0.97418E+00  -0.10213E+00   0.14413E-01   0.44125E+01   0.12521E+01
  199     4.5514  12.4962  -0.98453E+00  -0.10386E+00   0.12691E-01   0.44009E+01   0.12472E+01
  200     4.5997  12.5138  -0.99495E+00  -0.10560E+00   0.10950E-01   0.43896E+01   0.12420E+01
  201     4.6484  12.5311  -0.10054E+01  -0.10736E+00   0.91881E-02   0.43786E+01   0.12367E+01
  202     4.6975  12.5482  -0.10160E+01  -0.10914E+00   0.74044E-02   0.43679E+01   0.12312E+01
  203     4.7470  12.5650  -0.10266E+01  -0.11095E+00   0.55993E-02   0.43574E+01   0.12254E+01
  204     4.7970  12.5817  -0.10374E+01  -0.11277E+00   0.37740E-02   0.43472E+01   0.12195E+01
  205     4.8474  12.5981  -0.10482E+01  -0.11462E+00   0.19271E-02   0.43373E+01   0.12135E+01
  206     4.8982  12.6144  -0.10590E+01  -0.11649E+00   0.58435E-04   0.43276E+01   0.12072E+01
  207     4.9495  12.6304  -0.10700E+01  -0.11838E+00  -0.18310E-02   0.43181E+01   0.12007E+01
  208     5.0012  12.6462  -0.10810E+01  -0.12029E+00  -0.37466E-02   0.43090E+01   0.11938E+01
  209     5.0534  12.6619  -0.10921E+01  -0.12223E+00  -0.56800E-02   0.43000E+01   0.11871E+01
  210     5.1060  12.6773  -0.11032E+01  -0.12418E+00  -0.76362E-02   0.42914E+01   0.11803E+01
  211     5.1591  12.6925  -0.11145E+01  -0.12617E+00  -0.96201E-02   0.42829E+01   0.11729E+01
  212     5.2126  12.7076  -0.11258E+01  -0.12817E+00  -0.11627E-01   0.42747E+01   0.11655E+01
  213     5.2667  12.7224  -0.11372E+01  -0.13020E+00  -0.13654E-01   0.42667E+01   0.11580E+01
  214     5.3211  12.7371  -0.11487E+01  -0.13225E+00  -0.15702E-01   0.42590E+01   0.11502E+01
  215     5.3761  12.7515  -0.11603E+01  -0.13432E+00  -0.17779E-01   0.42514E+01   0.11425E+01
  216     5.4315  12.7658  -0.11720E+01  -0.13643E+00  -0.19882E-01   0.42441E+01   0.11341E+01
  217     5.4874  12.7799  -0.11837E+01  -0.13855E+00  -0.22004E-01   0.42369E+01   0.11258E+01
  218     5.5438  12.7938  -0.11955E+01  -0.14070E+00  -0.24151E-01   0.42299E+01   0.11176E+01
  219     5.6007  12.8076  -0.12074E+01  -0.14287E+00  -0.26323E-01   0.42231E+01   0.11091E+01
  220     5.6581  12.8211  -0.12193E+01  -0.14506E+00  -0.28516E-01   0.42167E+01   0.11003E+01
  221     5.7160  12.8345  -0.12314E+01  -0.14729E+00  -0.30740E-01   0.42104E+01   0.10912E+01
  222     5.7744  12.8477  -0.12435E+01  -0.14953E+00  -0.32979E-01   0.42042E+01   0.10822E+01
  223     5.8333  12.8608  -0.12557E+01  -0.15180E+00  -0.35252E-01   0.41982E+01   0.10732E+01
  224     5.8927  12.8737  -0.12681E+01  -0.15410E+00  -0.37552E-01   0.41924E+01   0.10640E+01
  225     5.9526  12.8864  -0.12804E+01  -0.15642E+00  -0.39873E-01   0.41867E+01   0.10546E+01
  226     6.0131  12.8990  -0.12929E+01  -0.15877E+00  -0.42219E-01   0.41812E+01   0.10450E+01
  227     6.0740  12.9114  -0.13054E+01  -0.16113E+00  -0.44588E-01   0.41759E+01   0.10356E+01
  228     6.1355  12.9236  -0.13181E+01  -0.16354E+00  -0.46989E-01   0.41708E+01   0.10256E+01
  229     6.1976  12.9357  -0.13308E+01  -0.16597E+00  -0.49420E-01   0.41658E+01   0.10155E+01
  230     6.2602  12.9476  -0.13436E+01  -0.16842E+00  -0.51875E-01   0.41609E+01   0.10056E+01
  231     6.3233  12.9594  -0.13565E+01  -0.17090E+00  -0.54354E-01   0.41562E+01   0.99549E+00
  232     6.3869  12.9710  -0.13695E+01  -0.17341E+00  -0.56862E-01   0.41516E+01   0.98549E+00
  233     6.4512  12.9825  -0.13826E+01  -0.17594E+00  -0.59396E-01   0.41472E+01   0.97491E+00
  234     6.5159  12.9938  -0.13957E+01  -0.17850E+00  -0.61954E-01   0.41429E+01   0.96440E+00
  235     6.5813  13.0050  -0.14090E+01  -0.18109E+00  -0.64544E-01   0.41387E+01   0.95404E+00
  236     6.6472  13.0160  -0.14223E+01  -0.18370E+00  -0.67157E-01   0.41347E+01   0.94311E+00
  237     6.7137  13.0269  -0.14357E+01  -0.18635E+00  -0.69805E-01   0.41307E+01   0.93266E+00
  238     6.7807  13.0377  -0.14492E+01  -0.18902E+00  -0.72473E-01   0.41269E+01   0.92206E+00
  239     6.8484  13.0483  -0.14628E+01  -0.19172E+00  -0.75170E-01   0.41233E+01   0.91105E+00
  240     6.9166  13.0588  -0.14765E+01  -0.19445E+00  -0.77903E-01   0.41197E+01   0.90027E+00
  241     6.9854  13.0691  -0.14902E+01  -0.19720E+00  -0.80653E-01   0.41162E+01   0.88948E+00
  242     7.0549  13.0794  -0.15041E+01  -0.19999E+00  -0.83442E-01   0.41129E+01   0.87853E+00
  243     7.1249  13.0894  -0.15181E+01  -0.20281E+00  -0.86268E-01   0.41097E+01   0.86730E+00
  244     7.1955  13.0994  -0.15321E+01  -0.20565E+00  -0.89103E-01   0.41065E+01   0.85639E+00
  245     7.2668  13.1092  -0.15463E+01  -0.20853E+00  -0.91980E-01   0.41034E+01   0.84511E+00
  246     7.3387  13.1189  -0.15605E+01  -0.21144E+00  -0.94890E-01   0.41005E+01   0.83402E+00
  247     7.4112  13.1285  -0.15749E+01  -0.21438E+00  -0.97832E-01   0.40976E+01   0.82231E+00
  248     7.4843  13.1380  -0.15893E+01  -0.21733E+00  -0.10078E+00   0.40948E+01   0.81128E+00
  249     7.5580  13.1473  -0.16038E+01  -0.22033E+00  -0.10378E+00   0.40921E+01   0.79997E+00
  250     7.6324  13.1565  -0.16184E+01  -0.22335E+00  -0.10681E+00   0.40895E+01   0.78862E+00
  251     7.7075  13.1656  -0.16331E+01  -0.22641E+00  -0.10986E+00   0.40870E+01   0.77716E+00
  252     7.7832  13.1746  -0.16479E+01  -0.22948E+00  -0.11294E+00   0.40845E+01   0.76609E+00
  253     7.8596  13.1834  -0.16628E+01  -0.23260E+00  -0.11606E+00   0.40822E+01   0.75468E+00
  254     7.9366  13.1922  -0.16778E+01  -0.23575E+00  -0.11921E+00   0.40798E+01   0.74329E+00
  255     8.0143  13.2008  -0.16929E+01  -0.23893E+00  -0.12239E+00   0.40776E+01   0.73198E+00
  256     8.0926  13.2093  -0.17081E+01  -0.24214E+00  -0.12560E+00   0.40755E+01   0.72098E+00
  257     8.1717  13.2178  -0.17233E+01  -0.24539E+00  -0.12884E+00   0.40733E+01   0.70930E+00
  258     8.2514  13.2261  -0.17387E+01  -0.24866E+00  -0.13211E+00   0.40713E+01   0.69751E+00
  259     8.3319  13.2343  -0.17542E+01  -0.25196E+00  -0.13542E+00   0.40693E+01   0.68666E+00
  260     8.4130  13.2424  -0.17698E+01  -0.25531E+00  -0.13877E+00   0.40674E+01   0.67541E+00
  261     8.4948  13.2503  -0.17855E+01  -0.25868E+00  -0.14213E+00   0.40656E+01   0.66406E+00
  262     8.5774  13.2582  -0.18012E+01  -0.26205E+00  -0.14551E+00   0.40638E+01   0.65300E+00
  263     8.6606  13.2660  -0.18171E+01  -0.26550E+00  -0.14896E+00   0.40620E+01   0.64183E+00
  264     8.7446  13.2737  -0.18331E+01  -0.26898E+00  -0.15243E+00   0.40603E+01   0.63055E+00
  265     8.8293  13.2813  -0.18492E+01  -0.27248E+00  -0.15594E+00   0.40587E+01   0.61943E+00
  266     8.9148  13.2888  -0.18653E+01  -0.27601E+00  -0.15947E+00   0.40571E+01   0.60877E+00
  267     9.0010  13.2962  -0.18816E+01  -0.27958E+00  -0.16304E+00   0.40556E+01   0.59753E+00
  268     9.0879  13.3035  -0.18981E+01  -0.28320E+00  -0.16665E+00   0.40541E+01   0.58648E+00
  269     9.1756  13.3107  -0.19145E+01  -0.28683E+00  -0.17028E+00   0.40526E+01   0.57559E+00
  270     9.2641  13.3178  -0.19311E+01  -0.29049E+00  -0.17394E+00   0.40512E+01   0.56490E+00
  271     9.3534  13.3248  -0.19478E+01  -0.29420E+00  -0.17765E+00   0.40499E+01   0.55395E+00
  272     9.4434  13.3317  -0.19646E+01  -0.29794E+00  -0.18139E+00   0.40485E+01   0.54322E+00
  273     9.5342  13.3386  -0.19815E+01  -0.30171E+00  -0.18517E+00   0.40473E+01   0.53268E+00
  274     9.6257  13.3453  -0.19985E+01  -0.30552E+00  -0.18898E+00   0.40460E+01   0.52237E+00
  275     9.7181  13.3520  -0.20156E+01  -0.30936E+00  -0.19282E+00   0.40448E+01   0.51163E+00
  276     9.8113  13.3586  -0.20329E+01  -0.31324E+00  -0.19670E+00   0.40436E+01   0.50135E+00
  277     9.9053  13.3651  -0.20502E+01  -0.31716E+00  -0.20061E+00   0.40425E+01   0.49123E+00
  278    10.0001  13.3715  -0.20677E+01  -0.32112E+00  -0.20457E+00   0.40414E+01   0.48084E+00
  279    10.0957  13.3778  -0.20852E+01  -0.32509E+00  -0.20854E+00   0.40403E+01   0.47071E+00
  280    10.1922  13.3841  -0.21029E+01  -0.32912E+00  -0.21257E+00   0.40393E+01   0.46087E+00
  281    10.2895  13.3902  -0.21207E+01  -0.33319E+00  -0.21664E+00   0.40383E+01   0.45076E+00
  282    10.3877  13.3963  -0.21386E+01  -0.33727E+00  -0.22073E+00   0.40373E+01   0.44103E+00
  283    10.4867  13.4023  -0.21565E+01  -0.34140E+00  -0.22485E+00   0.40364E+01   0.43128E+00
  284    10.5865  13.4083  -0.21747E+01  -0.34558E+00  -0.22903E+00   0.40354E+01   0.42149E+00
  285    10.6873  13.4141  -0.21929E+01  -0.34978E+00  -0.23323E+00   0.40346E+01   0.41206E+00
  286    10.7889  13.4199  -0.22112E+01  -0.35401E+00  -0.23747E+00   0.40337E+01   0.40278E+00
  287    10.8914  13.4256  -0.22296E+01  -0.35830E+00  -0.24175E+00   0.40328E+01   0.39336E+00
  288    10.9947  13.4312  -0.22482E+01  -0.36261E+00  -0.24606E+00   0.40320E+01   0.38419E+00
  289    11.0990  13.4368  -0.22669E+01  -0.36697E+00  -0.25042E+00   0.40312E+01   0.37532E+00
  290    11.2042  13.4423  -0.22857E+01  -0.37137E+00  -0.25482E+00   0.40305E+01   0.36608E+00
  291    11.3103  13.4477  -0.23046E+01  -0.37579E+00  -0.25925E+00   0.40297E+01   0.35725E+00
  292    11.4173  13.4530  -0.23236E+01  -0.38026E+00  -0.26371E+00   0.40290E+01   0.34862E+00
  293    11.5253  13.4583  -0.23427E+01  -0.38478E+00  -0.26823E+00   0.40283E+01   0.33990E+00
  294    11.6342  13.4635  -0.23619E+01  -0.38930E+00  -0.27276E+00   0.40276E+01   0.33145E+00
  295    11.7440  13.4687  -0.23813E+01  -0.39390E+00  -0.27735E+00   0.40269E+01   0.32344E+00
  296    11.8548  13.4738  -0.24008E+01  -0.39853E+00  -0.28198E+00   0.40263E+01   0.31501E+00
  297    11.9666  13.4788  -0.24204E+01  -0.40318E+00  -0.28664E+00   0.40256E+01   0.30683E+00
  298    12.0793  13.4837  -0.24401E+01  -0.40789E+00  -0.29134E+00   0.40250E+01   0.29882E+00
  299    12.1930  13.4886  -0.24600E+01  -0.41264E+00  -0.29609E+00   0.40244E+01   0.29095E+00
  300    12.3077  13.4934  -0.24800E+01  -0.41743E+00  -0.30088E+00   0.40239E+01   0.28313E+00
  301    12.4234  13.4982  -0.25000E+01  -0.42224E+00  -0.30569E+00   0.40233E+01   0.27558E+00
  302    12.5401  13.5029  -0.25202E+01  -0.42709E+00  -0.31055E+00   0.40228E+01   0.26808E+00
  303    12.6578  13.5075  -0.25406E+01  -0.43200E+00  -0.31545E+00   0.40222E+01   0.26090E+00
  304    12.7766  13.5121  -0.25610E+01  -0.43694E+00  -0.32040E+00   0.40217E+01   0.25345E+00
  305    12.8963  13.5166  -0.25816E+01  -0.44192E+00  -0.32538E+00   0.40212E+01   0.24644E+00
  306    13.0172  13.5211  -0.26024E+01  -0.44701E+00  -0.33047E+00   0.40207E+01   0.23947E+00
  307    13.1390  13.5255  -0.26231E+01  -0.45202E+00  -0.33548E+00   0.40202E+01   0.23260E+00
  308    13.2619  13.5298  -0.26440E+01  -0.45713E+00  -0.34059E+00   0.40198E+01   0.22593E+00
  309    13.3859  13.5341  -0.26651E+01  -0.46228E+00  -0.34573E+00   0.40193E+01   0.21904E+00
  310    13.5110  13.5383  -0.26864E+01  -0.46750E+00  -0.35095E+00   0.40189E+01   0.21287E+00
  311    13.6372  13.5425  -0.27077E+01  -0.47271E+00  -0.35617E+00   0.40185E+01   0.20653E+00
  312    13.7644  13.5466  -0.27291E+01  -0.47798E+00  -0.36143E+00   0.40181E+01   0.20036E+00
  313    13.8928  13.5507  -0.27507E+01  -0.48330E+00  -0.36676E+00   0.40177E+01   0.19425E+00
  314    14.0223  13.5547  -0.27724E+01  -0.48867E+00  -0.37212E+00   0.40173E+01   0.18858E+00
  315    14.1529  13.5587  -0.27942E+01  -0.49407E+00  -0.37753E+00   0.40169E+01   0.18250E+00
  316    14.2846  13.5626  -0.28162E+01  -0.49953E+00  -0.38299E+00   0.40165E+01   0.17686E+00
  317    14.4175  13.5665  -0.28385E+01  -0.50508E+00  -0.38853E+00   0.40162E+01   0.17113E+00
  318    14.5515  13.5703  -0.28605E+01  -0.51055E+00  -0.39400E+00   0.40158E+01   0.16578E+00
  319    14.6867  13.5741  -0.28829E+01  -0.51614E+00  -0.39959E+00   0.40155E+01   0.16051E+00
  320    14.8231  13.5778  -0.29054E+01  -0.52175E+00  -0.40520E+00   0.40151E+01   0.15516E+00
  321    14.9607  13.5815  -0.29280E+01  -0.52742E+00  -0.41088E+00   0.40148E+01   0.15020E+00
  322    15.0994  13.5851  -0.29508E+01  -0.53313E+00  -0.41659E+00   0.40145E+01   0.14526E+00
  323    15.2394  13.5887  -0.29737E+01  -0.53891E+00  -0.42237E+00   0.40142E+01   0.14042E+00
  324    15.3806  13.5922  -0.29967E+01  -0.54470E+00  -0.42815E+00   0.40139E+01   0.13575E+00
  325    15.5230  13.5957  -0.30199E+01  -0.55055E+00  -0.43400E+00   0.40136E+01   0.13105E+00
  326    15.6666  13.5991  -0.30432E+01  -0.55644E+00  -0.43989E+00   0.40133E+01   0.12652E+00
  327    15.8115  13.6025  -0.30666E+01  -0.56237E+00  -0.44583E+00   0.40130E+01   0.12223E+00
  328    15.9577  13.6059  -0.30902E+01  -0.56835E+00  -0.45181E+00   0.40128E+01   0.11800E+00
  329    16.1051  13.6092  -0.31139E+01  -0.57438E+00  -0.45784E+00   0.40125E+01   0.11387E+00
  330    16.2538  13.6124  -0.31378E+01  -0.58047E+00  -0.46392E+00   0.40122E+01   0.10979E+00
  331    16.4038  13.6157  -0.31618E+01  -0.58659E+00  -0.47004E+00   0.40120E+01   0.10588E+00
  332    16.5551  13.6188  -0.31860E+01  -0.59277E+00  -0.47622E+00   0.40117E+01   0.10207E+00
  333    16.7078  13.6220  -0.32102E+01  -0.59897E+00  -0.48243E+00   0.40115E+01   0.98296E-01
  334    16.8617  13.6251  -0.32346E+01  -0.60524E+00  -0.48869E+00   0.40113E+01   0.94681E-01
  335    17.0170  13.6281  -0.32592E+01  -0.61155E+00  -0.49500E+00   0.40110E+01   0.91213E-01
  336    17.1736  13.6312  -0.32839E+01  -0.61791E+00  -0.50136E+00   0.40108E+01   0.87784E-01
  337    17.3316  13.6342  -0.33087E+01  -0.62431E+00  -0.50777E+00   0.40106E+01   0.84454E-01
  338    17.4910  13.6371  -0.33338E+01  -0.63078E+00  -0.51423E+00   0.40104E+01   0.81260E-01
  339    17.6518  13.6400  -0.33589E+01  -0.63728E+00  -0.52073E+00   0.40102E+01   0.78148E-01
  340    17.8139  13.6429  -0.33842E+01  -0.64383E+00  -0.52728E+00   0.40100E+01   0.75144E-01
  341    17.9775  13.6457  -0.34096E+01  -0.65042E+00  -0.53388E+00   0.40098E+01   0.72194E-01
  342    18.1425  13.6485  -0.34352E+01  -0.65706E+00  -0.54052E+00   0.40096E+01   0.69377E-01
  343    18.3089  13.6513  -0.34609E+01  -0.66378E+00  -0.54723E+00   0.40094E+01   0.66595E-01
  344    18.4768  13.6540  -0.34868E+01  -0.67051E+00  -0.55397E+00   0.40093E+01   0.63921E-01
  345    18.6461  13.6567  -0.35128E+01  -0.67733E+00  -0.56078E+00   0.40091E+01   0.61286E-01
  346    18.8169  13.6593  -0.35390E+01  -0.68416E+00  -0.56762E+00   0.40089E+01   0.58853E-01
  347    18.9892  13.6619  -0.35653E+01  -0.69106E+00  -0.57452E+00   0.40087E+01   0.56450E-01
  348    19.1630  13.6645  -0.35918E+01  -0.69801E+00  -0.58146E+00   0.40086E+01   0.54086E-01
  349    19.3383  13.6671  -0.36184E+01  -0.70499E+00  -0.58844E+00   0.40084E+01   0.51843E-01
  350    19.5151  13.6696  -0.36452E+01  -0.71206E+00  -0.59551E+00   0.40083E+01   0.49667E-01
  351    19.6934  13.6721  -0.36721E+01  -0.71914E+00  -0.60260E+00   0.40081E+01   0.47558E-01
  352    19.8734  13.6745  -0.36992E+01  -0.72630E+00  -0.60975E+00   0.40080E+01   0.45498E-01
  353    20.0548  13.6770  -0.37264E+01  -0.73350E+00  -0.61696E+00   0.40078E+01   0.43563E-01
  354    20.2379  13.6794  -0.37538E+01  -0.74075E+00  -0.62420E+00   0.40077E+01   0.41675E-01
  355    20.4225  13.6817  -0.37813E+01  -0.74805E+00  -0.63151E+00   0.40076E+01   0.39826E-01
  356    20.6088  13.6840  -0.38090E+01  -0.75549E+00  -0.63894E+00   0.40000E+01   0.38070E-01
  357    20.7966  13.6863  -0.38369E+01  -0.76291E+00  -0.64636E+00   0.40000E+01   0.36383E-01
  358    20.9861  13.6886  -0.38649E+01  -0.77036E+00  -0.65381E+00   0.40000E+01   0.34753E-01
  359    21.1773  13.6909  -0.38931E+01  -0.77788E+00  -0.66134E+00   0.40000E+01   0.33167E-01
  360    21.3701  13.6931  -0.39214E+01  -0.78543E+00  -0.66889E+00   0.40000E+01   0.31667E-01
  361    21.5646  13.6953  -0.39499E+01  -0.79305E+00  -0.67650E+00   0.40000E+01   0.30198E-01
  362    21.7607  13.6974  -0.39784E+01  -0.80068E+00  -0.68414E+00   0.40000E+01   0.28813E-01
  363    21.9586  13.6995  -0.40073E+01  -0.80843E+00  -0.69188E+00   0.40000E+01   0.27474E-01
  364    22.1582  13.7016  -0.40363E+01  -0.81622E+00  -0.69967E+00   0.40000E+01   0.26197E-01
  365    22.3596  13.7037  -0.40655E+01  -0.82405E+00  -0.70750E+00   0.40000E+01   0.24948E-01
  366    22.5626  13.7058  -0.40948E+01  -0.83194E+00  -0.71539E+00   0.40000E+01   0.23749E-01
  367    22.7675  13.7078  -0.41242E+01  -0.83988E+00  -0.72334E+00   0.40000E+01   0.22596E-01
  368    22.9741  13.7098  -0.41539E+01  -0.84787E+00  -0.73133E+00   0.40000E+01   0.21511E-01
  369    23.1825  13.7117  -0.41837E+01  -0.85593E+00  -0.73938E+00   0.40000E+01   0.20468E-01
  370    23.3928  13.7137  -0.42136E+01  -0.86403E+00  -0.74749E+00   0.40000E+01   0.19450E-01
  371    23.6049  13.7156  -0.42438E+01  -0.87223E+00  -0.75568E+00   0.40000E+01   0.18474E-01
  372    23.8188  13.7175  -0.42740E+01  -0.88041E+00  -0.76386E+00   0.40000E+01   0.17578E-01
  373    24.0345  13.7194  -0.43044E+01  -0.88867E+00  -0.77213E+00   0.40000E+01   0.16665E-01
  374    24.2522  13.7212  -0.43351E+01  -0.89701E+00  -0.78047E+00   0.40000E+01   0.15838E-01
  375    24.4717  13.7230  -0.43659E+01  -0.90540E+00  -0.78885E+00   0.40000E+01   0.15031E-01
  376    24.6932  13.7248  -0.43969E+01  -0.91385E+00  -0.79731E+00   0.40000E+01   0.14251E-01
  377    24.9166  13.7266  -0.44280E+01  -0.92235E+00  -0.80581E+00   0.40000E+01   0.13523E-01
  378    25.1419  13.7284  -0.44593E+01  -0.93090E+00  -0.81436E+00   0.40000E+01   0.12819E-01
  379    25.3691  13.7301  -0.44908E+01  -0.93952E+00  -0.82298E+00   0.40000E+01   0.12137E-01
  380    25.5984  13.7318  -0.45227E+01  -0.94827E+00  -0.83173E+00   0.40000E+01   0.11487E-01
  381    25.8296  13.7335  -0.45543E+01  -0.95691E+00  -0.84037E+00   0.40000E+01   0.10873E-01
  382    26.0629  13.7351  -0.45863E+01  -0.96570E+00  -0.84915E+00   0.40000E+01   0.10274E-01
  383    26.2982  13.7368  -0.46185E+01  -0.97455E+00  -0.85800E+00   0.40000E+01   0.97303E-02
  384    26.5355  13.7384  -0.46508E+01  -0.98344E+00  -0.86689E+00   0.40000E+01   0.91937E-02
  385    26.7749  13.7400  -0.46833E+01  -0.99240E+00  -0.87585E+00   0.40000E+01   0.86900E-02
  386    27.0164  13.7416  -0.47158E+01  -0.10014E+01  -0.88483E+00   0.40000E+01   0.82194E-02
  387    27.2599  13.7431  -0.47487E+01  -0.10105E+01  -0.89391E+00   0.40000E+01   0.77637E-02
  388    27.5056  13.7447  -0.47819E+01  -0.10196E+01  -0.90308E+00   0.40000E+01   0.73242E-02
  389    27.7534  13.7462  -0.48151E+01  -0.10288E+01  -0.91227E+00   0.40000E+01   0.69092E-02
  390    28.0034  13.7477  -0.48484E+01  -0.10381E+01  -0.92151E+00   0.40000E+01   0.65157E-02
  391    28.2556  13.7492  -0.48820E+01  -0.10474E+01  -0.93082E+00   0.40000E+01   0.61406E-02
  392    28.5099  13.7506  -0.49159E+01  -0.10568E+01  -0.94024E+00   0.40000E+01   0.57852E-02
  393    28.7665  13.7521  -0.49497E+01  -0.10662E+01  -0.94961E+00   0.40000E+01   0.54390E-02
  394    29.0253  13.7535  -0.49837E+01  -0.10756E+01  -0.95908E+00   0.40000E+01   0.51274E-02
  395    29.2863  13.7549  -0.50177E+01  -0.10851E+01  -0.96852E+00   0.40000E+01   0.48273E-02
  396    29.5496  13.7563  -0.50524E+01  -0.10948E+01  -0.97822E+00   0.40000E+01   0.45322E-02
  397    29.8152  13.7577  -0.50869E+01  -0.11044E+01  -0.98785E+00   0.40000E+01   0.42623E-02
  398    30.0831  13.7590  -0.51216E+01  -0.11141E+01  -0.99754E+00   0.40000E+01   0.40089E-02
  399    30.3534  13.7604  -0.51566E+01  -0.11238E+01  -0.10073E+01   0.40000E+01   0.37633E-02
  400    30.6259  13.7617  -0.51916E+01  -0.11337E+01  -0.10171E+01   0.40000E+01   0.35329E-02
