    1     0.0001   0.0014  -0.15259E-04  -0.75069E-06   0.11736E+00   0.14179E+02   0.20269E+00
    2     0.0088   0.1221  -0.99900E-03   0.13875E-04   0.11738E+00   0.14089E+02   0.15661E+00
    3     0.0176   0.2423  -0.20918E-02   0.95777E-05   0.11737E+00   0.14001E+02   0.16608E+00
    4     0.0264   0.3621  -0.32250E-02   0.34687E-05   0.11737E+00   0.13914E+02   0.17223E+00
    5     0.0353   0.4814  -0.44114E-02  -0.81283E-05   0.11736E+00   0.13827E+02   0.17854E+00
    6     0.0443   0.6003  -0.56326E-02  -0.20476E-04   0.11734E+00   0.13740E+02   0.18404E+00
    7     0.0534   0.7188  -0.68864E-02  -0.33368E-04   0.11733E+00   0.13654E+02   0.18906E+00
    8     0.0626   0.8368  -0.81707E-02  -0.46416E-04   0.11732E+00   0.13568E+02   0.19389E+00
    9     0.0718   0.9543  -0.94857E-02  -0.58972E-04   0.11731E+00   0.13483E+02   0.19865E+00
   10     0.0811   1.0713  -0.10830E-01  -0.71762E-04   0.11729E+00   0.13398E+02   0.20327E+00
   11     0.0905   1.1879  -0.12203E-01  -0.84060E-04   0.11728E+00   0.13313E+02   0.20786E+00
   12     0.1000   1.3039  -0.13604E-01  -0.96073E-04   0.11727E+00   0.13228E+02   0.21235E+00
   13     0.1096   1.4195  -0.15034E-01  -0.10778E-03   0.11726E+00   0.13144E+02   0.21687E+00
   14     0.1192   1.5346  -0.16491E-01  -0.11901E-03   0.11725E+00   0.13060E+02   0.22138E+00
   15     0.1290   1.6491  -0.17985E-01  -0.13214E-03   0.11723E+00   0.12977E+02   0.22593E+00
   16     0.1388   1.7632  -0.19496E-01  -0.14234E-03   0.11722E+00   0.12894E+02   0.23044E+00
   17     0.1487   1.8767  -0.21035E-01  -0.15273E-03   0.11721E+00   0.12811E+02   0.23488E+00
   18     0.1587   1.9897  -0.22602E-01  -0.16291E-03   0.11720E+00   0.12729E+02   0.23943E+00
   19     0.1687   2.1021  -0.24198E-01  -0.17298E-03   0.11719E+00   0.12646E+02   0.24398E+00
   20     0.1789   2.2140  -0.25821E-01  -0.18321E-03   0.11718E+00   0.12565E+02   0.24850E+00
   21     0.1891   2.3254  -0.27473E-01  -0.19383E-03   0.11717E+00   0.12483E+02   0.25314E+00
   22     0.1995   2.4362  -0.29153E-01  -0.20431E-03   0.11716E+00   0.12402E+02   0.25776E+00
   23     0.2099   2.5465  -0.30861E-01  -0.21478E-03   0.11715E+00   0.12321E+02   0.26243E+00
   24     0.2204   2.6562  -0.32598E-01  -0.22565E-03   0.11714E+00   0.12241E+02   0.26715E+00
   25     0.2310   2.7653  -0.34364E-01  -0.23710E-03   0.11713E+00   0.12161E+02   0.27193E+00
   26     0.2417   2.8738  -0.36159E-01  -0.24951E-03   0.11712E+00   0.12081E+02   0.27679E+00
   27     0.2525   2.9818  -0.37983E-01  -0.26233E-03   0.11710E+00   0.12002E+02   0.28164E+00
   28     0.2634   3.0892  -0.39835E-01  -0.27593E-03   0.11709E+00   0.11923E+02   0.28657E+00
   29     0.2744   3.1959  -0.41717E-01  -0.29069E-03   0.11707E+00   0.11844E+02   0.29157E+00
   30     0.2855   3.3021  -0.43629E-01  -0.30618E-03   0.11706E+00   0.11766E+02   0.29660E+00
   31     0.2967   3.4077  -0.45570E-01  -0.32289E-03   0.11704E+00   0.11688E+02   0.30166E+00
   32     0.3079   3.5127  -0.47541E-01  -0.34116E-03   0.11702E+00   0.11610E+02   0.30678E+00
   33     0.3193   3.6170  -0.49532E-01  -0.35797E-03   0.11701E+00   0.11533E+02   0.31197E+00
   34     0.3308   3.7207  -0.51564E-01  -0.37890E-03   0.11699E+00   0.11456E+02   0.31718E+00
   35     0.3423   3.8238  -0.53627E-01  -0.40170E-03   0.11696E+00   0.11379E+02   0.32237E+00
   36     0.3540   3.9263  -0.55721E-01  -0.42634E-03   0.11694E+00   0.11303E+02   0.32771E+00
   37     0.3658   4.0281  -0.57846E-01  -0.45285E-03   0.11691E+00   0.11228E+02   0.33306E+00
   38     0.3777   4.1293  -0.60002E-01  -0.48094E-03   0.11688E+00   0.11152E+02   0.33847E+00
   39     0.3896   4.2299  -0.62189E-01  -0.51132E-03   0.11685E+00   0.11077E+02   0.34395E+00
   40     0.4017   4.3298  -0.64407E-01  -0.54332E-03   0.11682E+00   0.11003E+02   0.34948E+00
   41     0.4139   4.4291  -0.66656E-01  -0.57767E-03   0.11679E+00   0.10928E+02   0.35508E+00
   42     0.4262   4.5276  -0.68937E-01  -0.61411E-03   0.11675E+00   0.10854E+02   0.36075E+00
   43     0.4386   4.6256  -0.71250E-01  -0.65204E-03   0.11671E+00   0.10781E+02   0.36643E+00
   44     0.4511   4.7229  -0.73596E-01  -0.69228E-03   0.11667E+00   0.10708E+02   0.37219E+00
   45     0.4637   4.8195  -0.75977E-01  -0.73584E-03   0.11663E+00   0.10636E+02   0.37802E+00
   46     0.4764   4.9154  -0.78391E-01  -0.78246E-03   0.11658E+00   0.10564E+02   0.38390E+00
   47     0.4893   5.0106  -0.80839E-01  -0.83187E-03   0.11653E+00   0.10492E+02   0.38984E+00
   48     0.5022   5.1052  -0.83321E-01  -0.88447E-03   0.11648E+00   0.10420E+02   0.39582E+00
   49     0.5153   5.1991  -0.85835E-01  -0.93980E-03   0.11642E+00   0.10350E+02   0.40183E+00
   50     0.5285   5.2923  -0.88381E-01  -0.99799E-03   0.11637E+00   0.10279E+02   0.40797E+00
   51     0.5417   5.3849  -0.90960E-01  -0.10591E-02   0.11631E+00   0.10209E+02   0.41408E+00
   52     0.5552   5.4767  -0.93572E-01  -0.11234E-02   0.11624E+00   0.10139E+02   0.42028E+00
   53     0.5687   5.5679  -0.96220E-01  -0.11913E-02   0.11617E+00   0.10070E+02   0.42660E+00
   54     0.5823   5.6583  -0.98903E-01  -0.12627E-02   0.11610E+00   0.10001E+02   0.43287E+00
   55     0.5961   5.7481  -0.10162E+00  -0.13383E-02   0.11603E+00   0.99323E+01   0.43925E+00
   56     0.6099   5.8371  -0.10438E+00  -0.14180E-02   0.11595E+00   0.98643E+01   0.44571E+00
   57     0.6239   5.9255  -0.10717E+00  -0.15021E-02   0.11586E+00   0.97967E+01   0.45219E+00
   58     0.6381   6.0132  -0.11001E+00  -0.15905E-02   0.11577E+00   0.97295E+01   0.45875E+00
   59     0.6523   6.1001  -0.11287E+00  -0.16832E-02   0.11568E+00   0.96628E+01   0.46535E+00
   60     0.6667   6.1864  -0.11578E+00  -0.17803E-02   0.11558E+00   0.95965E+01   0.47199E+00
   61     0.6812   6.2719  -0.11872E+00  -0.18814E-02   0.11548E+00   0.95306E+01   0.47870E+00
   62     0.6958   6.3568  -0.12169E+00  -0.19863E-02   0.11538E+00   0.94651E+01   0.48544E+00
   63     0.7105   6.4409  -0.12470E+00  -0.20949E-02   0.11527E+00   0.94001E+01   0.49229E+00
   64     0.7254   6.5244  -0.12775E+00  -0.22063E-02   0.11516E+00   0.93356E+01   0.49912E+00
   65     0.7404   6.6071  -0.13083E+00  -0.23226E-02   0.11504E+00   0.92715E+01   0.50605E+00
   66     0.7555   6.6891  -0.13395E+00  -0.24439E-02   0.11492E+00   0.92079E+01   0.51301E+00
   67     0.7708   6.7704  -0.13711E+00  -0.25708E-02   0.11479E+00   0.91446E+01   0.52002E+00
   68     0.7862   6.8511  -0.14031E+00  -0.27034E-02   0.11466E+00   0.90819E+01   0.52707E+00
   69     0.8017   6.9310  -0.14355E+00  -0.28410E-02   0.11452E+00   0.90195E+01   0.53416E+00
   70     0.8174   7.0102  -0.14683E+00  -0.29839E-02   0.11438E+00   0.89576E+01   0.54131E+00
   71     0.8332   7.0886  -0.15015E+00  -0.31319E-02   0.11423E+00   0.88961E+01   0.54854E+00
   72     0.8491   7.1664  -0.15350E+00  -0.32851E-02   0.11408E+00   0.88350E+01   0.55578E+00
   73     0.8652   7.2435  -0.15689E+00  -0.34434E-02   0.11392E+00   0.87744E+01   0.56308E+00
   74     0.8814   7.3199  -0.16033E+00  -0.36074E-02   0.11376E+00   0.87143E+01   0.57041E+00
   75     0.8977   7.3956  -0.16380E+00  -0.37770E-02   0.11359E+00   0.86545E+01   0.57775E+00
   76     0.9142   7.4705  -0.16731E+00  -0.39523E-02   0.11341E+00   0.85953E+01   0.58517E+00
   77     0.9309   7.5448  -0.17086E+00  -0.41329E-02   0.11323E+00   0.85364E+01   0.59262E+00
   78     0.9477   7.6184  -0.17446E+00  -0.43196E-02   0.11305E+00   0.84781E+01   0.60012E+00
   79     0.9646   7.6913  -0.17809E+00  -0.45127E-02   0.11285E+00   0.84201E+01   0.60763E+00
   80     0.9817   7.7635  -0.18177E+00  -0.47122E-02   0.11265E+00   0.83627E+01   0.61517E+00
   81     0.9989   7.8350  -0.18548E+00  -0.49175E-02   0.11245E+00   0.83057E+01   0.62280E+00
   82     1.0163   7.9058  -0.18924E+00  -0.51293E-02   0.11224E+00   0.82491E+01   0.63044E+00
   83     1.0338   7.9759  -0.19304E+00  -0.53472E-02   0.11202E+00   0.81930E+01   0.63810E+00
   84     1.0515   8.0453  -0.19689E+00  -0.55718E-02   0.11179E+00   0.81373E+01   0.64579E+00
   85     1.0693   8.1141  -0.20077E+00  -0.58027E-02   0.11156E+00   0.80820E+01   0.65353E+00
   86     1.0873   8.1821  -0.20469E+00  -0.60400E-02   0.11132E+00   0.80272E+01   0.66123E+00
   87     1.1055   8.2495  -0.20865E+00  -0.62842E-02   0.11108E+00   0.79727E+01   0.66900E+00
   88     1.1238   8.3162  -0.21266E+00  -0.65352E-02   0.11083E+00   0.79188E+01   0.67675E+00
   89     1.1423   8.3823  -0.21671E+00  -0.67933E-02   0.11057E+00   0.78652E+01   0.68453E+00
   90     1.1609   8.4477  -0.22081E+00  -0.70587E-02   0.11031E+00   0.78121E+01   0.69238E+00
   91     1.1797   8.5124  -0.22494E+00  -0.73306E-02   0.11003E+00   0.77594E+01   0.70023E+00
   92     1.1986   8.5764  -0.22912E+00  -0.76089E-02   0.10976E+00   0.77072E+01   0.70811E+00
   93     1.2177   8.6398  -0.23333E+00  -0.78945E-02   0.10947E+00   0.76554E+01   0.71597E+00
   94     1.2370   8.7025  -0.23760E+00  -0.81894E-02   0.10918E+00   0.76040E+01   0.72389E+00
   95     1.2565   8.7646  -0.24192E+00  -0.84934E-02   0.10887E+00   0.75531E+01   0.73181E+00
   96     1.2761   8.8260  -0.24628E+00  -0.88053E-02   0.10856E+00   0.75027E+01   0.73965E+00
   97     1.2959   8.8868  -0.25069E+00  -0.91238E-02   0.10824E+00   0.74526E+01   0.74755E+00
   98     1.3158   8.9469  -0.25513E+00  -0.94487E-02   0.10792E+00   0.74030E+01   0.75543E+00
   99     1.3360   9.0065  -0.25962E+00  -0.97815E-02   0.10758E+00   0.73538E+01   0.76334E+00
  100     1.3563   9.0653  -0.26416E+00  -0.10124E-01   0.10724E+00   0.73050E+01   0.77125E+00
  101     1.3767   9.1236  -0.26874E+00  -0.10475E-01   0.10689E+00   0.72567E+01   0.77920E+00
  102     1.3974   9.1812  -0.27337E+00  -0.10833E-01   0.10653E+00   0.72088E+01   0.78713E+00
  103     1.4183   9.2382  -0.27803E+00  -0.11198E-01   0.10617E+00   0.71613E+01   0.79507E+00
  104     1.4393   9.2945  -0.28275E+00  -0.11572E-01   0.10579E+00   0.71141E+01   0.80299E+00
  105     1.4605   9.3503  -0.28751E+00  -0.11955E-01   0.10541E+00   0.70675E+01   0.81092E+00
  106     1.4819   9.4054  -0.29231E+00  -0.12346E-01   0.10502E+00   0.70212E+01   0.81886E+00
  107     1.5035   9.4600  -0.29717E+00  -0.12748E-01   0.10462E+00   0.69754E+01   0.82674E+00
  108     1.5252   9.5139  -0.30208E+00  -0.13158E-01   0.10421E+00   0.69300E+01   0.83452E+00
  109     1.5472   9.5673  -0.30703E+00  -0.13578E-01   0.10379E+00   0.68850E+01   0.84226E+00
  110     1.5693   9.6200  -0.31203E+00  -0.14007E-01   0.10336E+00   0.68405E+01   0.85002E+00
  111     1.5917   9.6722  -0.31707E+00  -0.14444E-01   0.10292E+00   0.67963E+01   0.85780E+00
  112     1.6142   9.7238  -0.32216E+00  -0.14891E-01   0.10247E+00   0.67525E+01   0.86556E+00
  113     1.6369   9.7748  -0.32730E+00  -0.15347E-01   0.10202E+00   0.67091E+01   0.87329E+00
  114     1.6598   9.8252  -0.33249E+00  -0.15814E-01   0.10155E+00   0.66662E+01   0.88093E+00
  115     1.6830   9.8751  -0.33774E+00  -0.16290E-01   0.10107E+00   0.66237E+01   0.88856E+00
  116     1.7063   9.9244  -0.34303E+00  -0.16776E-01   0.10059E+00   0.65817E+01   0.89623E+00
  117     1.7298   9.9731  -0.34837E+00  -0.17271E-01   0.10009E+00   0.65401E+01   0.90386E+00
  118     1.7536  10.0213  -0.35375E+00  -0.17776E-01   0.99589E-01   0.64990E+01   0.91133E+00
  119     1.7775  10.0689  -0.35919E+00  -0.18291E-01   0.99074E-01   0.64582E+01   0.91875E+00
  120     1.8016  10.1160  -0.36468E+00  -0.18817E-01   0.98547E-01   0.64176E+01   0.92611E+00
  121     1.8260  10.1626  -0.37021E+00  -0.19355E-01   0.98010E-01   0.63774E+01   0.93349E+00
  122     1.8506  10.2086  -0.37579E+00  -0.19902E-01   0.97462E-01   0.63376E+01   0.94082E+00
  123     1.8753  10.2541  -0.38142E+00  -0.20459E-01   0.96906E-01   0.62983E+01   0.94813E+00
  124     1.9003  10.2990  -0.38711E+00  -0.21027E-01   0.96338E-01   0.62594E+01   0.95529E+00
  125     1.9256  10.3434  -0.39285E+00  -0.21607E-01   0.95758E-01   0.62208E+01   0.96236E+00
  126     1.9510  10.3873  -0.39864E+00  -0.22196E-01   0.95168E-01   0.61828E+01   0.96933E+00
  127     1.9766  10.4307  -0.40447E+00  -0.22797E-01   0.94568E-01   0.61450E+01   0.97633E+00
  128     2.0025  10.4736  -0.41037E+00  -0.23409E-01   0.93956E-01   0.61077E+01   0.98321E+00
  129     2.0286  10.5160  -0.41632E+00  -0.24034E-01   0.93331E-01   0.60708E+01   0.98994E+00
  130     2.0550  10.5579  -0.42231E+00  -0.24669E-01   0.92696E-01   0.60343E+01   0.99669E+00
  131     2.0815  10.5993  -0.42835E+00  -0.25312E-01   0.92052E-01   0.59981E+01   0.10033E+01
  132     2.1083  10.6402  -0.43445E+00  -0.25968E-01   0.91396E-01   0.59623E+01   0.10099E+01
  133     2.1353  10.6806  -0.44061E+00  -0.26639E-01   0.90726E-01   0.59269E+01   0.10164E+01
  134     2.1626  10.7205  -0.44682E+00  -0.27321E-01   0.90044E-01   0.58919E+01   0.10227E+01
  135     2.1901  10.7600  -0.45308E+00  -0.28014E-01   0.89351E-01   0.58572E+01   0.10290E+01
  136     2.2178  10.7990  -0.45939E+00  -0.28717E-01   0.88647E-01   0.58230E+01   0.10352E+01
  137     2.2458  10.8375  -0.46575E+00  -0.29432E-01   0.87933E-01   0.57892E+01   0.10413E+01
  138     2.2740  10.8756  -0.47217E+00  -0.30161E-01   0.87204E-01   0.57557E+01   0.10472E+01
  139     2.3025  10.9132  -0.47865E+00  -0.30902E-01   0.86463E-01   0.57227E+01   0.10530E+01
  140     2.3312  10.9504  -0.48517E+00  -0.31654E-01   0.85710E-01   0.56900E+01   0.10589E+01
  141     2.3602  10.9871  -0.49176E+00  -0.32420E-01   0.84945E-01   0.56577E+01   0.10646E+01
  142     2.3894  11.0234  -0.49840E+00  -0.33199E-01   0.84166E-01   0.56257E+01   0.10701E+01
  143     2.4188  11.0592  -0.50509E+00  -0.33989E-01   0.83375E-01   0.55941E+01   0.10756E+01
  144     2.4486  11.0946  -0.51184E+00  -0.34791E-01   0.82573E-01   0.55629E+01   0.10810E+01
  145     2.4785  11.1296  -0.51864E+00  -0.35608E-01   0.81757E-01   0.55321E+01   0.10861E+01
  146     2.5088  11.1641  -0.52551E+00  -0.36438E-01   0.80927E-01   0.55017E+01   0.10912E+01
  147     2.5393  11.1982  -0.53243E+00  -0.37281E-01   0.80084E-01   0.54716E+01   0.10961E+01
  148     2.5701  11.2320  -0.53940E+00  -0.38137E-01   0.79228E-01   0.54419E+01   0.11009E+01
  149     2.6011  11.2653  -0.54643E+00  -0.39006E-01   0.78358E-01   0.54126E+01   0.11056E+01
  150     2.6324  11.2982  -0.55353E+00  -0.39890E-01   0.77475E-01   0.53837E+01   0.11100E+01
  151     2.6640  11.3306  -0.56068E+00  -0.40786E-01   0.76578E-01   0.53552E+01   0.11144E+01
  152     2.6958  11.3627  -0.56788E+00  -0.41697E-01   0.75667E-01   0.53270E+01   0.11188E+01
  153     2.7280  11.3944  -0.57516E+00  -0.42625E-01   0.74739E-01   0.52993E+01   0.11229E+01
  154     2.7604  11.4258  -0.58250E+00  -0.43567E-01   0.73798E-01   0.52719E+01   0.11268E+01
  155     2.7931  11.4567  -0.58988E+00  -0.44518E-01   0.72847E-01   0.52448E+01   0.11306E+01
  156     2.8260  11.4872  -0.59731E+00  -0.45482E-01   0.71883E-01   0.52181E+01   0.11343E+01
  157     2.8593  11.5174  -0.60481E+00  -0.46463E-01   0.70902E-01   0.51917E+01   0.11378E+01
  158     2.8929  11.5472  -0.61237E+00  -0.47459E-01   0.69906E-01   0.51658E+01   0.11410E+01
  159     2.9267  11.5766  -0.61999E+00  -0.48468E-01   0.68896E-01   0.51402E+01   0.11443E+01
  160     2.9608  11.6057  -0.62767E+00  -0.49490E-01   0.67874E-01   0.51150E+01   0.11473E+01
  161     2.9953  11.6344  -0.63541E+00  -0.50531E-01   0.66834E-01   0.50902E+01   0.11500E+01
  162     3.0300  11.6628  -0.64322E+00  -0.51586E-01   0.65778E-01   0.50658E+01   0.11525E+01
  163     3.0651  11.6908  -0.65109E+00  -0.52656E-01   0.64709E-01   0.50417E+01   0.11551E+01
  164     3.1004  11.7184  -0.65901E+00  -0.53740E-01   0.63625E-01   0.50179E+01   0.11574E+01
  165     3.1360  11.7458  -0.66700E+00  -0.54839E-01   0.62525E-01   0.49946E+01   0.11596E+01
  166     3.1720  11.7727  -0.67505E+00  -0.55954E-01   0.61411E-01   0.49715E+01   0.11617E+01
  167     3.2083  11.7994  -0.68315E+00  -0.57082E-01   0.60283E-01   0.49490E+01   0.11635E+01
  168     3.2449  11.8257  -0.69133E+00  -0.58229E-01   0.59136E-01   0.49267E+01   0.11652E+01
  169     3.2818  11.8517  -0.69958E+00  -0.59392E-01   0.57973E-01   0.49049E+01   0.11665E+01
  170     3.3190  11.8773  -0.70787E+00  -0.60568E-01   0.56796E-01   0.48833E+01   0.11677E+01
  171     3.3565  11.9026  -0.71623E+00  -0.61761E-01   0.55604E-01   0.48622E+01   0.11690E+01
  172     3.3944  11.9277  -0.72466E+00  -0.62969E-01   0.54396E-01   0.48413E+01   0.11699E+01
  173     3.4326  11.9524  -0.73315E+00  -0.64194E-01   0.53170E-01   0.48209E+01   0.11706E+01
  174     3.4712  11.9768  -0.74171E+00  -0.65439E-01   0.51926E-01   0.48008E+01   0.11713E+01
  175     3.5100  12.0009  -0.75034E+00  -0.66698E-01   0.50667E-01   0.47811E+01   0.11716E+01
  176     3.5492  12.0246  -0.75902E+00  -0.67972E-01   0.49393E-01   0.47618E+01   0.11716E+01
  177     3.5888  12.0481  -0.76777E+00  -0.69263E-01   0.48101E-01   0.47428E+01   0.11715E+01
  178     3.6287  12.0713  -0.77659E+00  -0.70571E-01   0.46793E-01   0.47241E+01   0.11714E+01
  179     3.6689  12.0942  -0.78549E+00  -0.71902E-01   0.45463E-01   0.47058E+01   0.11710E+01
  180     3.7095  12.1169  -0.79443E+00  -0.73244E-01   0.44120E-01   0.46879E+01   0.11705E+01
  181     3.7505  12.1392  -0.80345E+00  -0.74604E-01   0.42760E-01   0.46702E+01   0.11696E+01
  182     3.7918  12.1612  -0.81255E+00  -0.75988E-01   0.41377E-01   0.46530E+01   0.11686E+01
  183     3.8334  12.1830  -0.82170E+00  -0.77382E-01   0.39982E-01   0.46361E+01   0.11674E+01
  184     3.8754  12.2045  -0.83090E+00  -0.78792E-01   0.38573E-01   0.46194E+01   0.11662E+01
  185     3.9178  12.2257  -0.84019E+00  -0.80224E-01   0.37141E-01   0.46032E+01   0.11646E+01
  186     3.9606  12.2467  -0.84955E+00  -0.81675E-01   0.35689E-01   0.45873E+01   0.11628E+01
  187     4.0037  12.2674  -0.85898E+00  -0.83143E-01   0.34221E-01   0.45717E+01   0.11609E+01
  188     4.0472  12.2878  -0.86848E+00  -0.84632E-01   0.32732E-01   0.45565E+01   0.11587E+01
  189     4.0911  12.3080  -0.87805E+00  -0.86138E-01   0.31226E-01   0.45416E+01   0.11563E+01
  190     4.1353  12.3279  -0.88768E+00  -0.87663E-01   0.29702E-01   0.45270E+01   0.11540E+01
  191     4.1800  12.3476  -0.89738E+00  -0.89206E-01   0.28159E-01   0.45127E+01   0.11514E+01
  192     4.2250  12.3670  -0.90716E+00  -0.90768E-01   0.26597E-01   0.44988E+01   0.11484E+01
  193     4.2705  12.3862  -0.91701E+00  -0.92351E-01   0.25013E-01   0.44852E+01   0.11454E+01
  194     4.3163  12.4051  -0.92693E+00  -0.93952E-01   0.23412E-01   0.44719E+01   0.11420E+01
  195     4.3625  12.4238  -0.93693E+00  -0.95576E-01   0.21788E-01   0.44589E+01   0.11385E+01
  196     4.4091  12.4423  -0.94699E+00  -0.97218E-01   0.20147E-01   0.44462E+01   0.11348E+01
  197     4.4561  12.4605  -0.95712E+00  -0.98879E-01   0.18485E-01   0.44338E+01   0.11310E+01
  198     4.5036  12.4785  -0.96734E+00  -0.10056E+00   0.16802E-01   0.44217E+01   0.11269E+01
  199     4.5514  12.4962  -0.97762E+00  -0.10227E+00   0.15099E-01   0.44099E+01   0.11226E+01
  200     4.5997  12.5138  -0.98797E+00  -0.10399E+00   0.13376E-01   0.43984E+01   0.11182E+01
  201     4.6484  12.5311  -0.99840E+00  -0.10573E+00   0.11632E-01   0.43871E+01   0.11136E+01
  202     4.6975  12.5482  -0.10089E+01  -0.10750E+00   0.98677E-02   0.43760E+01   0.11089E+01
  203     4.7470  12.5650  -0.10195E+01  -0.10928E+00   0.80839E-02   0.43653E+01   0.11039E+01
  204     4.7970  12.5817  -0.10301E+01  -0.11109E+00   0.62744E-02   0.43549E+01   0.10986E+01
  205     4.8474  12.5981  -0.10409E+01  -0.11292E+00   0.44478E-02   0.43448E+01   0.10934E+01
  206     4.8982  12.6144  -0.10517E+01  -0.11476E+00   0.26002E-02   0.43350E+01   0.10880E+01
  207     4.9495  12.6304  -0.10625E+01  -0.11664E+00   0.72590E-03   0.43254E+01   0.10823E+01
  208     5.0012  12.6462  -0.10735E+01  -0.11854E+00  -0.11716E-02   0.43160E+01   0.10764E+01
  209     5.0534  12.6619  -0.10845E+01  -0.12045E+00  -0.30890E-02   0.43069E+01   0.10705E+01
  210     5.1060  12.6773  -0.10956E+01  -0.12239E+00  -0.50252E-02   0.42980E+01   0.10643E+01
  211     5.1591  12.6925  -0.11068E+01  -0.12435E+00  -0.69876E-02   0.42893E+01   0.10580E+01
  212     5.2126  12.7076  -0.11181E+01  -0.12634E+00  -0.89777E-02   0.42810E+01   0.10514E+01
  213     5.2667  12.7224  -0.11295E+01  -0.12835E+00  -0.10987E-01   0.42728E+01   0.10446E+01
  214     5.3211  12.7371  -0.11409E+01  -0.13038E+00  -0.13018E-01   0.42648E+01   0.10379E+01
  215     5.3761  12.7515  -0.11524E+01  -0.13244E+00  -0.15074E-01   0.42570E+01   0.10310E+01
  216     5.4315  12.7658  -0.11640E+01  -0.13452E+00  -0.17150E-01   0.42495E+01   0.10239E+01
  217     5.4874  12.7799  -0.11756E+01  -0.13662E+00  -0.19255E-01   0.42423E+01   0.10165E+01
  218     5.5438  12.7938  -0.11874E+01  -0.13874E+00  -0.21379E-01   0.42352E+01   0.10089E+01
  219     5.6007  12.8076  -0.11992E+01  -0.14089E+00  -0.23526E-01   0.42283E+01   0.10015E+01
  220     5.6581  12.8211  -0.12111E+01  -0.14307E+00  -0.25707E-01   0.42216E+01   0.99383E+00
  221     5.7160  12.8345  -0.12231E+01  -0.14527E+00  -0.27909E-01   0.42150E+01   0.98612E+00
  222     5.7744  12.8477  -0.12351E+01  -0.14750E+00  -0.30133E-01   0.42087E+01   0.97808E+00
  223     5.8333  12.8608  -0.12473E+01  -0.14974E+00  -0.32379E-01   0.42026E+01   0.97007E+00
  224     5.8927  12.8737  -0.12595E+01  -0.15202E+00  -0.34652E-01   0.41967E+01   0.96197E+00
  225     5.9526  12.8864  -0.12718E+01  -0.15432E+00  -0.36955E-01   0.41909E+01   0.95344E+00
  226     6.0131  12.8990  -0.12842E+01  -0.15665E+00  -0.39287E-01   0.41853E+01   0.94497E+00
  227     6.0740  12.9114  -0.12967E+01  -0.15900E+00  -0.41640E-01   0.41798E+01   0.93634E+00
  228     6.1355  12.9236  -0.13093E+01  -0.16138E+00  -0.44018E-01   0.41746E+01   0.92778E+00
  229     6.1976  12.9357  -0.13220E+01  -0.16379E+00  -0.46425E-01   0.41694E+01   0.91892E+00
  230     6.2602  12.9476  -0.13347E+01  -0.16622E+00  -0.48855E-01   0.41645E+01   0.90991E+00
  231     6.3233  12.9594  -0.13475E+01  -0.16868E+00  -0.51311E-01   0.41596E+01   0.90080E+00
  232     6.3869  12.9710  -0.13604E+01  -0.17116E+00  -0.53797E-01   0.41550E+01   0.89190E+00
  233     6.4512  12.9825  -0.13734E+01  -0.17367E+00  -0.56305E-01   0.41504E+01   0.88240E+00
  234     6.5159  12.9938  -0.13865E+01  -0.17621E+00  -0.58848E-01   0.41460E+01   0.87332E+00
  235     6.5813  13.0050  -0.13997E+01  -0.17877E+00  -0.61410E-01   0.41417E+01   0.86419E+00
  236     6.6472  13.0160  -0.14129E+01  -0.18137E+00  -0.64001E-01   0.41376E+01   0.85448E+00
  237     6.7137  13.0269  -0.14263E+01  -0.18399E+00  -0.66627E-01   0.41336E+01   0.84513E+00
  238     6.7807  13.0377  -0.14397E+01  -0.18663E+00  -0.69269E-01   0.41297E+01   0.83564E+00
  239     6.8484  13.0483  -0.14532E+01  -0.18931E+00  -0.71948E-01   0.41259E+01   0.82611E+00
  240     6.9166  13.0588  -0.14669E+01  -0.19203E+00  -0.74667E-01   0.41223E+01   0.81620E+00
  241     6.9854  13.0691  -0.14806E+01  -0.19476E+00  -0.77391E-01   0.41187E+01   0.80650E+00
  242     7.0549  13.0794  -0.14944E+01  -0.19752E+00  -0.80158E-01   0.41153E+01   0.79661E+00
  243     7.1249  13.0894  -0.15083E+01  -0.20032E+00  -0.82955E-01   0.41120E+01   0.78693E+00
  244     7.1955  13.0994  -0.15223E+01  -0.20315E+00  -0.85787E-01   0.41087E+01   0.77656E+00
  245     7.2668  13.1092  -0.15363E+01  -0.20599E+00  -0.88626E-01   0.41056E+01   0.76665E+00
  246     7.3387  13.1189  -0.15505E+01  -0.20887E+00  -0.91508E-01   0.41026E+01   0.75666E+00
  247     7.4112  13.1285  -0.15647E+01  -0.21179E+00  -0.94422E-01   0.40996E+01   0.74667E+00
  248     7.4843  13.1380  -0.15791E+01  -0.21473E+00  -0.97361E-01   0.40968E+01   0.73632E+00
  249     7.5580  13.1473  -0.15935E+01  -0.21769E+00  -0.10032E+00   0.40940E+01   0.72636E+00
  250     7.6324  13.1565  -0.16080E+01  -0.22069E+00  -0.10332E+00   0.40914E+01   0.71633E+00
  251     7.7075  13.1656  -0.16227E+01  -0.22372E+00  -0.10636E+00   0.40888E+01   0.70608E+00
  252     7.7832  13.1746  -0.16374E+01  -0.22679E+00  -0.10942E+00   0.40863E+01   0.69590E+00
  253     7.8596  13.1834  -0.16522E+01  -0.22988E+00  -0.11251E+00   0.40838E+01   0.68604E+00
  254     7.9366  13.1922  -0.16671E+01  -0.23300E+00  -0.11564E+00   0.40815E+01   0.67576E+00
  255     8.0143  13.2008  -0.16821E+01  -0.23616E+00  -0.11879E+00   0.40792E+01   0.66506E+00
  256     8.0926  13.2093  -0.16973E+01  -0.23934E+00  -0.12198E+00   0.40769E+01   0.65513E+00
  257     8.1717  13.2178  -0.17125E+01  -0.24256E+00  -0.12520E+00   0.40748E+01   0.64493E+00
  258     8.2514  13.2261  -0.17278E+01  -0.24582E+00  -0.12846E+00   0.40727E+01   0.63479E+00
  259     8.3319  13.2343  -0.17432E+01  -0.24909E+00  -0.13173E+00   0.40707E+01   0.62467E+00
  260     8.4130  13.2424  -0.17586E+01  -0.25238E+00  -0.13501E+00   0.40687E+01   0.61465E+00
  261     8.4948  13.2503  -0.17743E+01  -0.25575E+00  -0.13838E+00   0.40668E+01   0.60456E+00
  262     8.5774  13.2582  -0.17900E+01  -0.25913E+00  -0.14176E+00   0.40650E+01   0.59424E+00
  263     8.6606  13.2660  -0.18058E+01  -0.26254E+00  -0.14517E+00   0.40632E+01   0.58432E+00
  264     8.7446  13.2737  -0.18217E+01  -0.26598E+00  -0.14862E+00   0.40615E+01   0.57453E+00
  265     8.8293  13.2813  -0.18377E+01  -0.26946E+00  -0.15210E+00   0.40598E+01   0.56423E+00
  266     8.9148  13.2888  -0.18538E+01  -0.27298E+00  -0.15561E+00   0.40582E+01   0.55426E+00
  267     9.0010  13.2962  -0.18700E+01  -0.27652E+00  -0.15915E+00   0.40566E+01   0.54439E+00
  268     9.0879  13.3035  -0.18863E+01  -0.28008E+00  -0.16272E+00   0.40551E+01   0.53454E+00
  269     9.1756  13.3107  -0.19027E+01  -0.28370E+00  -0.16634E+00   0.40536E+01   0.52459E+00
  270     9.2641  13.3178  -0.19192E+01  -0.28735E+00  -0.16998E+00   0.40522E+01   0.51487E+00
  271     9.3534  13.3248  -0.19359E+01  -0.29103E+00  -0.17366E+00   0.40508E+01   0.50518E+00
  272     9.4434  13.3317  -0.19526E+01  -0.29474E+00  -0.17738E+00   0.40494E+01   0.49564E+00
  273     9.5342  13.3386  -0.19694E+01  -0.29849E+00  -0.18112E+00   0.40481E+01   0.48595E+00
  274     9.6257  13.3453  -0.19864E+01  -0.30227E+00  -0.18490E+00   0.40468E+01   0.47649E+00
  275     9.7181  13.3520  -0.20034E+01  -0.30609E+00  -0.18873E+00   0.40456E+01   0.46708E+00
  276     9.8113  13.3586  -0.20206E+01  -0.30995E+00  -0.19259E+00   0.40444E+01   0.45764E+00
  277     9.9053  13.3651  -0.20378E+01  -0.31383E+00  -0.19646E+00   0.40433E+01   0.44831E+00
  278    10.0001  13.3715  -0.20552E+01  -0.31776E+00  -0.20040E+00   0.40421E+01   0.43911E+00
  279    10.0957  13.3778  -0.20727E+01  -0.32173E+00  -0.20436E+00   0.40410E+01   0.42991E+00
  280    10.1922  13.3841  -0.20903E+01  -0.32572E+00  -0.20835E+00   0.40400E+01   0.42096E+00
  281    10.2895  13.3902  -0.21079E+01  -0.32974E+00  -0.21238E+00   0.40390E+01   0.41187E+00
  282    10.3877  13.3963  -0.21258E+01  -0.33382E+00  -0.21646E+00   0.40380E+01   0.40286E+00
  283    10.4867  13.4023  -0.21437E+01  -0.33792E+00  -0.22056E+00   0.40370E+01   0.39414E+00
  284    10.5865  13.4083  -0.21617E+01  -0.34206E+00  -0.22469E+00   0.40360E+01   0.38556E+00
  285    10.6873  13.4141  -0.21798E+01  -0.34624E+00  -0.22887E+00   0.40351E+01   0.37684E+00
  286    10.7889  13.4199  -0.21981E+01  -0.35045E+00  -0.23308E+00   0.40343E+01   0.36828E+00
  287    10.8914  13.4256  -0.22164E+01  -0.35470E+00  -0.23734E+00   0.40334E+01   0.36001E+00
  288    10.9947  13.4312  -0.22349E+01  -0.35900E+00  -0.24164E+00   0.40326E+01   0.35144E+00
  289    11.0990  13.4368  -0.22535E+01  -0.36333E+00  -0.24596E+00   0.40317E+01   0.34324E+00
  290    11.2042  13.4423  -0.22722E+01  -0.36769E+00  -0.25032E+00   0.40310E+01   0.33519E+00
  291    11.3103  13.4477  -0.22911E+01  -0.37211E+00  -0.25474E+00   0.40302E+01   0.32704E+00
  292    11.4173  13.4530  -0.23099E+01  -0.37652E+00  -0.25916E+00   0.40294E+01   0.31919E+00
  293    11.5253  13.4583  -0.23290E+01  -0.38101E+00  -0.26365E+00   0.40287E+01   0.31169E+00
  294    11.6342  13.4635  -0.23482E+01  -0.38554E+00  -0.26817E+00   0.40280E+01   0.30367E+00
  295    11.7440  13.4687  -0.23674E+01  -0.39009E+00  -0.27272E+00   0.40273E+01   0.29611E+00
  296    11.8548  13.4738  -0.23868E+01  -0.39468E+00  -0.27732E+00   0.40267E+01   0.28866E+00
  297    11.9666  13.4788  -0.24064E+01  -0.39935E+00  -0.28198E+00   0.40261E+01   0.28117E+00
  298    12.0793  13.4837  -0.24261E+01  -0.40403E+00  -0.28666E+00   0.40254E+01   0.27393E+00
  299    12.1930  13.4886  -0.24458E+01  -0.40872E+00  -0.29135E+00   0.40248E+01   0.26686E+00
  300    12.3077  13.4934  -0.24657E+01  -0.41347E+00  -0.29610E+00   0.40242E+01   0.25949E+00
  301    12.4234  13.4982  -0.24857E+01  -0.41827E+00  -0.30090E+00   0.40237E+01   0.25294E+00
  302    12.5401  13.5029  -0.25058E+01  -0.42310E+00  -0.30574E+00   0.40231E+01   0.24597E+00
  303    12.6578  13.5075  -0.25260E+01  -0.42798E+00  -0.31061E+00   0.40226E+01   0.23931E+00
  304    12.7766  13.5121  -0.25465E+01  -0.43293E+00  -0.31556E+00   0.40220E+01   0.23262E+00
  305    12.8963  13.5166  -0.25670E+01  -0.43787E+00  -0.32051E+00   0.40215E+01   0.22630E+00
  306    13.0172  13.5211  -0.25875E+01  -0.44285E+00  -0.32548E+00   0.40210E+01   0.21995E+00
  307    13.1390  13.5255  -0.26082E+01  -0.44789E+00  -0.33052E+00   0.40205E+01   0.21340E+00
  308    13.2619  13.5298  -0.26292E+01  -0.45300E+00  -0.33564E+00   0.40201E+01   0.20740E+00
  309    13.3859  13.5341  -0.26501E+01  -0.45809E+00  -0.34072E+00   0.40196E+01   0.20154E+00
  310    13.5110  13.5383  -0.26712E+01  -0.46325E+00  -0.34588E+00   0.40192E+01   0.19567E+00
  311    13.6372  13.5425  -0.26925E+01  -0.46846E+00  -0.35110E+00   0.40187E+01   0.18974E+00
  312    13.7644  13.5466  -0.27138E+01  -0.47371E+00  -0.35634E+00   0.40183E+01   0.18437E+00
  313    13.8928  13.5507  -0.27353E+01  -0.47901E+00  -0.36164E+00   0.40179E+01   0.17871E+00
  314    14.0223  13.5547  -0.27569E+01  -0.48434E+00  -0.36697E+00   0.40175E+01   0.17323E+00
  315    14.1529  13.5587  -0.27787E+01  -0.48972E+00  -0.37235E+00   0.40171E+01   0.16788E+00
  316    14.2846  13.5626  -0.28006E+01  -0.49516E+00  -0.37779E+00   0.40167E+01   0.16276E+00
  317    14.4175  13.5665  -0.28226E+01  -0.50060E+00  -0.38323E+00   0.40164E+01   0.15754E+00
  318    14.5515  13.5703  -0.28447E+01  -0.50610E+00  -0.38874E+00   0.40160E+01   0.15257E+00
  319    14.6867  13.5741  -0.28670E+01  -0.51166E+00  -0.39429E+00   0.40157E+01   0.14786E+00
  320    14.8231  13.5778  -0.28894E+01  -0.51723E+00  -0.39987E+00   0.40153E+01   0.14307E+00
  321    14.9607  13.5815  -0.29120E+01  -0.52290E+00  -0.40553E+00   0.40150E+01   0.13840E+00
  322    15.0994  13.5851  -0.29347E+01  -0.52858E+00  -0.41122E+00   0.40147E+01   0.13381E+00
  323    15.2394  13.5887  -0.29575E+01  -0.53430E+00  -0.41694E+00   0.40144E+01   0.12944E+00
  324    15.3806  13.5922  -0.29804E+01  -0.54007E+00  -0.42271E+00   0.40141E+01   0.12504E+00
  325    15.5230  13.5957  -0.30035E+01  -0.54589E+00  -0.42853E+00   0.40138E+01   0.12084E+00
  326    15.6666  13.5991  -0.30267E+01  -0.55175E+00  -0.43439E+00   0.40135E+01   0.11676E+00
  327    15.8115  13.6025  -0.30500E+01  -0.55766E+00  -0.44030E+00   0.40132E+01   0.11276E+00
  328    15.9577  13.6059  -0.30735E+01  -0.56361E+00  -0.44624E+00   0.40129E+01   0.10890E+00
  329    16.1051  13.6092  -0.30972E+01  -0.56963E+00  -0.45227E+00   0.40126E+01   0.10506E+00
  330    16.2538  13.6124  -0.31210E+01  -0.57567E+00  -0.45831E+00   0.40124E+01   0.10136E+00
  331    16.4038  13.6157  -0.31449E+01  -0.58177E+00  -0.46441E+00   0.40121E+01   0.97728E-01
  332    16.5551  13.6188  -0.31689E+01  -0.58790E+00  -0.47054E+00   0.40119E+01   0.94213E-01
  333    16.7078  13.6220  -0.31931E+01  -0.59410E+00  -0.47673E+00   0.40116E+01   0.90770E-01
  334    16.8617  13.6251  -0.32174E+01  -0.60031E+00  -0.48295E+00   0.40114E+01   0.87499E-01
  335    17.0170  13.6281  -0.32419E+01  -0.60659E+00  -0.48923E+00   0.40112E+01   0.84290E-01
  336    17.1736  13.6312  -0.32665E+01  -0.61293E+00  -0.49557E+00   0.40110E+01   0.81130E-01
  337    17.3316  13.6342  -0.32913E+01  -0.61931E+00  -0.50195E+00   0.40107E+01   0.78075E-01
  338    17.4910  13.6371  -0.33162E+01  -0.62573E+00  -0.50836E+00   0.40105E+01   0.75133E-01
  339    17.6518  13.6400  -0.33412E+01  -0.63221E+00  -0.51484E+00   0.40103E+01   0.72267E-01
  340    17.8139  13.6429  -0.33664E+01  -0.63872E+00  -0.52136E+00   0.40101E+01   0.69477E-01
  341    17.9775  13.6457  -0.33918E+01  -0.64529E+00  -0.52793E+00   0.40099E+01   0.66825E-01
  342    18.1425  13.6485  -0.34173E+01  -0.65192E+00  -0.53455E+00   0.40097E+01   0.64187E-01
  343    18.3089  13.6513  -0.34429E+01  -0.65858E+00  -0.54121E+00   0.40095E+01   0.61654E-01
  344    18.4768  13.6540  -0.34687E+01  -0.66531E+00  -0.54795E+00   0.40094E+01   0.59157E-01
  345    18.6461  13.6567  -0.34946E+01  -0.67206E+00  -0.55470E+00   0.40092E+01   0.56793E-01
  346    18.8169  13.6593  -0.35207E+01  -0.67888E+00  -0.56152E+00   0.40090E+01   0.54524E-01
  347    18.9892  13.6619  -0.35469E+01  -0.68575E+00  -0.56839E+00   0.40088E+01   0.52279E-01
  348    19.1630  13.6645  -0.35733E+01  -0.69265E+00  -0.57528E+00   0.40087E+01   0.50134E-01
  349    19.3383  13.6671  -0.35998E+01  -0.69962E+00  -0.58226E+00   0.40085E+01   0.48055E-01
  350    19.5151  13.6696  -0.36265E+01  -0.70664E+00  -0.58927E+00   0.40084E+01   0.46059E-01
  351    19.6934  13.6721  -0.36534E+01  -0.71372E+00  -0.59635E+00   0.40082E+01   0.44083E-01
  352    19.8734  13.6745  -0.36803E+01  -0.72083E+00  -0.60347E+00   0.40081E+01   0.42218E-01
  353    20.0548  13.6770  -0.37075E+01  -0.72800E+00  -0.61063E+00   0.40079E+01   0.40422E-01
  354    20.2379  13.6794  -0.37348E+01  -0.73522E+00  -0.61785E+00   0.40078E+01   0.38646E-01
  355    20.4225  13.6817  -0.37622E+01  -0.74249E+00  -0.62512E+00   0.40076E+01   0.36972E-01
  356    20.6088  13.6840  -0.37898E+01  -0.74991E+00  -0.63254E+00   0.40000E+01   0.35360E-01
  357    20.7966  13.6863  -0.38176E+01  -0.75727E+00  -0.63991E+00   0.40000E+01   0.33790E-01
  358    20.9861  13.6886  -0.38455E+01  -0.76471E+00  -0.64735E+00   0.40000E+01   0.32267E-01
  359    21.1773  13.6909  -0.38736E+01  -0.77218E+00  -0.65481E+00   0.40000E+01   0.30824E-01
  360    21.3701  13.6931  -0.39018E+01  -0.77971E+00  -0.66235E+00   0.40000E+01   0.29412E-01
  361    21.5646  13.6953  -0.39301E+01  -0.78726E+00  -0.66989E+00   0.40000E+01   0.28087E-01
  362    21.7607  13.6974  -0.39587E+01  -0.79492E+00  -0.67756E+00   0.40000E+01   0.26785E-01
  363    21.9586  13.6995  -0.39875E+01  -0.80262E+00  -0.68526E+00   0.40000E+01   0.25567E-01
  364    22.1582  13.7016  -0.40163E+01  -0.81037E+00  -0.69300E+00   0.40000E+01   0.24357E-01
  365    22.3596  13.7037  -0.40454E+01  -0.81817E+00  -0.70080E+00   0.40000E+01   0.23198E-01
  366    22.5626  13.7058  -0.40746E+01  -0.82603E+00  -0.70866E+00   0.40000E+01   0.22094E-01
  367    22.7675  13.7078  -0.41039E+01  -0.83393E+00  -0.71657E+00   0.40000E+01   0.21037E-01
  368    22.9741  13.7098  -0.41335E+01  -0.84190E+00  -0.72453E+00   0.40000E+01   0.20038E-01
  369    23.1825  13.7117  -0.41632E+01  -0.84991E+00  -0.73255E+00   0.40000E+01   0.19056E-01
  370    23.3928  13.7137  -0.41931E+01  -0.85802E+00  -0.74066E+00   0.40000E+01   0.18097E-01
  371    23.6049  13.7156  -0.42230E+01  -0.86611E+00  -0.74875E+00   0.40000E+01   0.17238E-01
  372    23.8188  13.7175  -0.42532E+01  -0.87429E+00  -0.75693E+00   0.40000E+01   0.16361E-01
  373    24.0345  13.7194  -0.42836E+01  -0.88253E+00  -0.76517E+00   0.40000E+01   0.15552E-01
  374    24.2522  13.7212  -0.43141E+01  -0.89084E+00  -0.77348E+00   0.40000E+01   0.14765E-01
  375    24.4717  13.7230  -0.43449E+01  -0.89920E+00  -0.78184E+00   0.40000E+01   0.14018E-01
  376    24.6932  13.7248  -0.43757E+01  -0.90761E+00  -0.79024E+00   0.40000E+01   0.13299E-01
  377    24.9166  13.7266  -0.44067E+01  -0.91607E+00  -0.79871E+00   0.40000E+01   0.12625E-01
  378    25.1419  13.7284  -0.44379E+01  -0.92459E+00  -0.80723E+00   0.40000E+01   0.11953E-01
  379    25.3691  13.7301  -0.44696E+01  -0.93325E+00  -0.81589E+00   0.40000E+01   0.11326E-01
  380    25.5984  13.7318  -0.45009E+01  -0.94181E+00  -0.82445E+00   0.40000E+01   0.10729E-01
  381    25.8296  13.7335  -0.45326E+01  -0.95049E+00  -0.83313E+00   0.40000E+01   0.10138E-01
  382    26.0629  13.7351  -0.45645E+01  -0.95927E+00  -0.84190E+00   0.40000E+01   0.96119E-02
  383    26.2982  13.7368  -0.45965E+01  -0.96806E+00  -0.85070E+00   0.40000E+01   0.90856E-02
  384    26.5355  13.7384  -0.46288E+01  -0.97694E+00  -0.85958E+00   0.40000E+01   0.85897E-02
  385    26.7749  13.7400  -0.46611E+01  -0.98582E+00  -0.86846E+00   0.40000E+01   0.81293E-02
  386    27.0164  13.7416  -0.46936E+01  -0.99479E+00  -0.87742E+00   0.40000E+01   0.76820E-02
  387    27.2599  13.7431  -0.47265E+01  -0.10039E+01  -0.88649E+00   0.40000E+01   0.72633E-02
  388    27.5056  13.7447  -0.47595E+01  -0.10130E+01  -0.89561E+00   0.40000E+01   0.68528E-02
  389    27.7534  13.7462  -0.47925E+01  -0.10221E+01  -0.90475E+00   0.40000E+01   0.64703E-02
  390    28.0034  13.7477  -0.48258E+01  -0.10313E+01  -0.91397E+00   0.40000E+01   0.60936E-02
  391    28.2556  13.7492  -0.48594E+01  -0.10406E+01  -0.92327E+00   0.40000E+01   0.57463E-02
  392    28.5099  13.7506  -0.48929E+01  -0.10499E+01  -0.93256E+00   0.40000E+01   0.54012E-02
  393    28.7665  13.7521  -0.49266E+01  -0.10593E+01  -0.94193E+00   0.40000E+01   0.50952E-02
  394    29.0253  13.7535  -0.49603E+01  -0.10686E+01  -0.95127E+00   0.40000E+01   0.48066E-02
  395    29.2863  13.7549  -0.49947E+01  -0.10782E+01  -0.96088E+00   0.40000E+01   0.45185E-02
  396    29.5496  13.7563  -0.50290E+01  -0.10878E+01  -0.97043E+00   0.40000E+01   0.42598E-02
  397    29.8152  13.7577  -0.50635E+01  -0.10974E+01  -0.98002E+00   0.40000E+01   0.39955E-02
  398    30.0831  13.7590  -0.50981E+01  -0.11070E+01  -0.98968E+00   0.40000E+01   0.37580E-02
  399    30.3534  13.7604  -0.51329E+01  -0.11168E+01  -0.99940E+00   0.40000E+01   0.35299E-02
  400    30.6259  13.7617  -0.51678E+01  -0.11265E+01  -0.10092E+01   0.40000E+01   0.33125E-02
